/*--------------------------------*- C++ -*----------------------------------*\
| =========                 |                                                 |
| \\      /  F ield         | OpenFOAM: The Open Source CFD Toolbox           |
|  \\    /   O peration     | Version:  2506                                  |
|   \\  /    A nd           | Website:  www.openfoam.com                      |
|    \\/     M anipulation  |                                                 |
\*---------------------------------------------------------------------------*/
FoamFile
{
    version     2.0;
    format      ascii;
    arch        "LSB;label=32;scalar=64";
    class       volScalarField;
    location    "168";
    object      p;
}
// * * * * * * * * * * * * * * * * * * * * * * * * * * * * * * * * * * * * * //

dimensions      [0 2 -2 0 0 0 0];

internalField   nonuniform List<scalar> 
3072
(
-0.000123967123
-9.41514963e-05
-9.04856743e-05
-8.44511841e-05
-7.46945433e-05
-6.29698217e-05
-5.10207739e-05
-3.99856203e-05
-2.77742635e-05
-1.40153894e-05
-7.56289066e-06
-7.76020133e-06
-7.62206031e-06
-6.3104833e-06
-4.47206161e-06
-2.49542604e-06
-5.35747976e-07
1.32377057e-06
3.02535202e-06
4.52416968e-06
5.80684901e-06
7.01602065e-06
8.04228106e-06
8.74648489e-06
9.27237037e-06
9.6643374e-06
9.94256035e-06
1.01314686e-05
1.02633758e-05
1.03857557e-05
1.05658901e-05
1.08151503e-05
-0.000264310247
-0.000186451943
-0.000160138499
-0.000141512566
-0.000123474691
-0.000104850561
-8.64209619e-05
-6.86356814e-05
-5.08429489e-05
-3.39335766e-05
-2.18125158e-05
-1.44699765e-05
-8.57003139e-06
-3.2999227e-06
1.3303846e-06
5.32475728e-06
8.7433298e-06
1.16448596e-05
1.40880553e-05
1.61498025e-05
1.77775307e-05
1.92002931e-05
2.04184473e-05
2.12384416e-05
2.1851396e-05
2.23315512e-05
2.2711592e-05
2.30231447e-05
2.33042774e-05
2.3602121e-05
2.39473438e-05
2.42410434e-05
-0.000326423514
-0.000221780904
-0.000176574011
-0.000146112654
-0.000121669216
-0.000100771527
-8.23234152e-05
-6.56794524e-05
-5.03711639e-05
-3.65144766e-05
-2.47566616e-05
-1.50288735e-05
-6.70540184e-06
5.33406668e-07
6.82431304e-06
1.22634643e-05
1.69345997e-05
2.09093012e-05
2.42732167e-05
2.72005684e-05
2.95866433e-05
3.14880726e-05
3.30811432e-05
3.43168966e-05
3.52851656e-05
3.60471767e-05
3.66468909e-05
3.71229978e-05
3.75126087e-05
3.78540995e-05
3.8178012e-05
3.84491786e-05
-0.000386213066
-0.000266915297
-0.000210788446
-0.000168760908
-0.000135762963
-0.000109664125
-8.78521455e-05
-6.89315384e-05
-5.21829071e-05
-3.72966938e-05
-2.4197071e-05
-1.27466817e-05
-2.72753528e-06
6.04070307e-06
1.36900893e-05
2.03248351e-05
2.60363756e-05
3.09109805e-05
3.50378573e-05
3.85008766e-05
4.1402238e-05
4.37573078e-05
4.56285311e-05
4.71510057e-05
4.83629432e-05
4.93169896e-05
5.00673561e-05
5.06622596e-05
5.11447724e-05
5.15568839e-05
5.19302105e-05
5.22252896e-05
-0.000442025863
-0.000315681369
-0.000246466522
-0.000194679111
-0.00015429143
-0.000122039735
-9.54369333e-05
-7.2913745e-05
-5.34570246e-05
-3.64587876e-05
-2.1555628e-05
-8.48069644e-06
2.9893208e-06
1.30324026e-05
2.17902511e-05
2.93829705e-05
3.59217845e-05
4.15133026e-05
4.62353498e-05
5.0070709e-05
5.32996322e-05
5.6063458e-05
5.82579192e-05
6.0010725e-05
6.14106179e-05
6.25242278e-05
6.34104056e-05
6.41220151e-05
6.47073889e-05
6.52150121e-05
6.56820943e-05
6.60573006e-05
-0.000490655786
-0.000359350547
-0.000280091809
-0.000220370922
-0.000173455665
-0.000135075076
-0.000103461966
-7.69820133e-05
-5.44131568e-05
-3.49376824e-05
-1.80140425e-05
-3.25741212e-06
9.62024145e-06
2.08406112e-05
3.05810218e-05
3.89915412e-05
4.62062152e-05
5.23486567e-05
5.7529208e-05
6.18422134e-05
6.54205135e-05
6.83735388e-05
7.07719707e-05
7.27055506e-05
7.42586104e-05
7.55057418e-05
7.65131936e-05
7.73397172e-05
7.80398496e-05
7.86708372e-05
7.9276426e-05
7.97776249e-05
-0.000531925641
-0.000396359893
-0.000311284563
-0.000245353058
-0.000191929082
-0.000147979103
-0.000111621348
-8.11856807e-05
-5.53783058e-05
-3.32742049e-05
-1.42176845e-05
2.27287945e-06
1.65599801e-05
2.89245564e-05
3.95926461e-05
4.87540421e-05
5.65745079e-05
6.32033316e-05
6.87775748e-05
7.34250676e-05
7.72689107e-05
8.04237187e-05
8.29929195e-05
8.50733772e-05
8.67547715e-05
8.81187374e-05
8.92382547e-05
9.01778902e-05
9.09984752e-05
9.17666165e-05
9.2532756e-05
9.31833763e-05
-0.000566133084
-0.000427474353
-0.000338406839
-0.000267796739
-0.000209055457
-0.000160191495
-0.00011950076
-8.53394476e-05
-5.63984885e-05
-3.17026207e-05
-1.0525287e-05
7.68767711e-06
2.33649988e-05
3.68456155e-05
4.84055415e-05
5.82766946e-05
6.6660041e-05
7.37341053e-05
7.96606526e-05
8.45882099e-05
8.86543193e-05
9.19859048e-05
9.46995194e-05
9.69022281e-05
9.86919436e-05
0.000100157351
0.000101377526
0.000102422329
0.000103358418
0.000104261245
0.000105187295
0.000105987488
-0.000594147655
-0.000453436145
-0.00036122486
-0.000286858335
-0.000223988738
-0.000171080087
-0.000126662658
-8.91949777e-05
-5.7401397e-05
-3.02977625e-05
-7.12090835e-06
1.27310484e-05
2.97374329e-05
4.42859749e-05
5.66971918e-05
6.7242252e-05
7.61559e-05
8.36453342e-05
8.98963283e-05
9.50772572e-05
9.93417436e-05
0.000102830105
0.000105670373
0.000107979177
0.000109862336
0.000111415154
0.000112722227
0.000113858106
0.000114894463
0.000115914282
0.00011697905
0.000117908771
-0.000616490766
-0.000474437612
-0.000379940444
-0.000302669385
-0.000236575262
-0.000180405892
-0.000132889509
-9.25998155e-05
-5.83168388e-05
-2.90717254e-05
-4.0882333e-06
1.726343e-05
3.54977821e-05
5.10401935e-05
6.42476068e-05
7.54248473e-05
8.48364871e-05
9.27156606e-05
9.92701654e-05
0.000104686873
0.000109134675
0.00011276658
0.000115721158
0.000118123725
0.000120087243
0.000121712909
0.000123090139
0.000124297466
0.00012541061
0.000126518275
0.000127685717
0.000128710556
-0.000633726686
-0.000490848588
-0.000394799397
-0.000315366636
-0.000246804181
-0.000188073472
-0.000138060395
-9.54450187e-05
-5.90692252e-05
-2.79913007e-05
-1.43709481e-06
2.12363153e-05
4.05659802e-05
5.70041589e-05
7.09357896e-05
8.26926261e-05
9.25639905e-05
0.000100804962
0.00010764236
0.000113279192
0.000117897863
0.000121662579
0.000124721134
0.000127206383
0.000129237423
0.000130920427
0.000132348814
0.000133604348
0.00013476576
0.00013592548
0.000137151279
0.000138229018
-0.000646482958
-0.000503164182
-0.000406150369
-0.000325165925
-0.000254771463
-0.000194091007
-0.000142131511
-9.76639565e-05
-5.959037e-05
-2.70000419e-05
8.70180093e-07
2.46665016e-05
4.49387581e-05
6.21570729e-05
7.67265743e-05
8.89993436e-05
9.92840478e-05
0.000107853294
0.00011494937
0.000120788546
0.00012556443
0.000129450512
0.000132602214
0.000135158566
0.000137243638
0.000138967561
0.000140426901
0.000141705904
0.000142885322
0.000144059355
0.000145297132
0.000146383834
-0.000655395549
-0.000511913886
-0.000414398769
-0.000332350264
-0.000260648039
-0.000198537869
-0.000145115301
-9.9226007e-05
-5.98247915e-05
-2.60323272e-05
2.89957107e-06
2.76145078e-05
4.86680685e-05
6.65412619e-05
8.16527711e-05
9.43691653e-05
0.000105013328
0.000113871094
0.000121196572
0.000127216302
0.000132132587
0.000136126147
0.000139358301
0.000141972822
0.000144097532
0.000145845506
0.000147315609
0.000148593878
0.000149762192
0.000150914791
0.000152121177
0.000153176073
-0.00066107948
-0.000517623642
-0.000419969926
-0.000337237114
-0.000264648564
-0.000201539471
-0.000147065377
-0.000100130125
-5.97332619e-05
-2.5024274e-05
4.72924531e-06
3.0165196e-05
5.18402345e-05
7.02411436e-05
8.57949294e-05
9.88777893e-05
0.000109822368
0.000118923846
0.000126444778
0.000132619122
0.000137655461
0.000141739734
0.000145037476
0.000147695807
0.000149845143
0.000151600541
0.0001530624
0.000154317935
0.000155449415
0.000156549702
0.000157687905
0.000158676761
-0.00066411174
-0.00052079479
-0.000423285368
-0.00034015568
-0.000267011356
-0.000203251081
-0.000148065416
-0.000100401589
-5.9295866e-05
-2.39225317e-05
6.43620922e-06
3.24111222e-05
5.455725e-05
7.33635143e-05
8.92614416e-05
0.00010263297
0.000113816921
0.00012311451
0.000130793847
0.000137093773
0.000142227015
0.000146382906
0.000149729687
0.000152416571
0.000154575532
0.000156322772
0.000157759568
0.000158973806
0.000160047568
0.000161071294
0.000162113152
0.000163010146
-0.00066502164
-0.000521896356
-0.000424752648
-0.000341432664
-0.000267983215
-0.000203844771
-0.000148220277
-0.0001000877
-5.85124203e-05
-2.26891148e-05
8.08735456e-06
3.44404994e-05
5.69223386e-05
7.60216224e-05
9.21717051e-05
0.000105757392
0.000117120898
0.000126566842
0.000134366541
0.000140761629
0.000145967179
0.000150174391
0.000153552941
0.000156253071
0.000158407464
0.000160132772
0.000161530625
0.000162689178
0.00016368992
0.000164620193
0.000165546875
0.000166335153
-0.000664284283
-0.000521353629
-0.000424746614
-0.000341376464
-0.000267806126
-0.000203497684
-0.000147646802
-9.92514404e-05
-5.73997322e-05
-2.13024244e-05
9.73515579e-06
3.63299829e-05
5.90304543e-05
7.83238715e-05
9.46435949e-05
0.000108375315
0.000119862568
0.000129411425
0.000137294578
0.000143754842
0.00014900822
0.000153246578
0.000156640009
0.000159338965
0.000161476161
0.000163168179
0.000164516597
0.000165609547
0.000166527661
0.00016735484
0.000168156494
0.00016882772
-0.000662312541
-0.000519541795
-0.000423608237
-0.000340272658
-0.000266709404
-0.000202383927
-0.000146466436
-9.79659996e-05
-5.59883142e-05
-1.97563942e-05
1.14162013e-05
3.8140972e-05
6.09626785e-05
8.03665907e-05
9.67849847e-05
0.000110603132
0.000122164447
0.000131775068
0.000139707738
0.000146205276
0.000151483565
0.000155734251
0.000159127101
0.000161812166
0.000163921712
0.000165571874
0.000166863897
0.000167885687
0.000168716884
0.000169437868
0.000170112543
0.00017066577
-0.000659463238
-0.000516783542
-0.00042164047
-0.000338378591
-0.000264903846
-0.000200668616
-0.000144799726
-9.6310124e-05
-5.43189411e-05
-1.80584798e-05
1.31516538e-05
3.99185227e-05
6.27836676e-05
8.22301778e-05
9.86887804e-05
0.000112543485
0.000124136679
0.000133773611
0.000141726207
0.000148236474
0.000153519474
0.000157766021
0.000161145055
0.000163805821
0.000165879814
0.000167482484
0.00016871456
0.000169663593
0.00017040819
0.000171025339
0.000171577498
0.000172017684
-0.000656031754
-0.00051334601
-0.000419107597
-0.000335922247
-0.000262578488
-0.000198503287
-0.000142761407
-9.43632968e-05
-5.24385199e-05
-1.6226298e-05
1.49495866e-05
4.16927069e-05
6.45417565e-05
8.39781458e-05
0.000100431095
0.000114282698
0.000125873718
0.000135507976
0.000143456066
0.000149958693
0.00015522967
0.00015945861
0.000162813328
0.000165442022
0.000167475239
0.000169027608
0.000170199245
0.000171077274
0.000171739295
0.000172259175
0.000172698051
0.000173034465
-0.000652250181
-0.000509469502
-0.00041622368
-0.000333098213
-0.000259900648
-0.000196023902
-0.000140456443
-9.22011679e-05
-5.03955017e-05
-1.42831901e-05
1.68095597e-05
4.34830633e-05
6.62708639e-05
8.56567237e-05
0.000102070877
0.000115890388
0.000127453554
0.000137062841
0.000144987441
0.000151466565
0.000156712567
0.000160913694
0.000164236497
0.000166828024
0.000168817801
0.000170319586
0.000171432847
0.00017224425
0.000172830453
0.000173262563
0.000173600565
0.000173845261
-0.000648310718
-0.000505544603
-0.000413024486
-0.000330016903
-0.000257005785
-0.000193346097
-0.000137975038
-8.98906768e-05
-4.82347635e-05
-1.22525285e-05
1.87296525e-05
4.53076635e-05
6.79945016e-05
8.72924115e-05
0.000103648704
0.00011741859
0.000128936848
0.000138505741
0.000146393493
0.0001528379
0.000158049876
0.000162216305
0.000165502477
0.000168054296
0.000170000277
0.000171453324
0.000172512261
0.0001732633
0.000173782253
0.000174137854
0.000174389118
0.00017455562
-0.000644359411
-0.000501786276
-0.000409595333
-0.000326788632
-0.000254004186
-0.000190565386
-0.000135395497
-8.74939447e-05
-4.60041202e-05
-1.01717143e-05
2.06747996e-05
4.71285707e-05
6.9722204e-05
8.89471879e-05
0.000105225775
0.000118923288
0.000130379665
0.000139895198
0.000147735684
0.000154137076
0.000159308727
0.0001634361
0.000166683194
0.000169194777
0.000171098386
0.000172506088
0.000173516085
0.000174214154
0.00017467537
0.00017496647
0.000175145607
0.000175247897
-0.000640496576
-0.000498120588
-0.000406182731
-0.000323535546
-0.000250977356
-0.000187754206
-0.000132779888
-8.50592143e-05
-4.3737467e-05
-8.06493668e-06
2.26379259e-05
4.8965827e-05
7.14747405e-05
9.06221731e-05
0.000106805987
0.00012042235
0.000131810576
0.000141267176
0.000149055598
0.000155410187
0.000160538875
0.000164625816
0.000167833857
0.000170306721
0.000172170913
0.000173537879
0.000174505275
0.000175158369
0.000175571649
0.00017581027
0.00017593143
0.000175982543
-0.000636799137
-0.000494584903
-0.000402826964
-0.000320371284
-0.000247994626
-0.000184959539
-0.000130166742
-8.26134066e-05
-4.14417558e-05
-5.94945256e-06
2.46298379e-05
5.08464621e-05
7.32414917e-05
9.2281346e-05
0.000108380342
0.000121923977
0.000133247274
0.000142645899
0.000150382602
0.000156690723
0.000161777107
0.000165824915
0.000168996234
0.000171433864
0.000173261125
0.000174591725
0.000175523783
0.000176140244
0.000176515218
0.000176712937
0.000176789654
0.000176800645
-0.000633315617
-0.000491226553
-0.000399595468
-0.000317332418
-0.00024511093
-0.000182230683
-0.000127597243
-8.02024791e-05
-3.91864075e-05
-3.79724177e-06
2.66452984e-05
5.27494312e-05
7.50337605e-05
9.39656152e-05
0.000109982223
0.00012345475
0.00013471427
0.00014405604
0.000151742245
0.000158005309
0.000163051113
0.000167061871
0.000170198656
0.000172603593
0.000174401786
0.000175703503
0.000176605463
0.000177192234
0.000177537432
0.00017770426
0.000177748678
0.000177731958
-0.000630068125
-0.000488069855
-0.000396542771
-0.000314419543
-0.000242330603
-0.000179586262
-0.00012509137
-7.78331578e-05
-3.69480239e-05
-1.67721804e-06
2.86565352e-05
5.46615235e-05
7.68373525e-05
9.56691464e-05
0.000111611736
0.000125019528
0.000136220255
0.000145509328
0.000153148698
0.00015937011
0.000164378703
0.00016835598
0.000171462334
0.000173839311
0.000175611626
0.000176888965
0.000177767655
0.000178332086
0.000178655527
0.000178800537
0.000178822801
0.000178787443
-0.000627059848
-0.000485122155
-0.000393675023
-0.000311654956
-0.000239674324
-0.000177043944
-0.000122665533
-7.55226004e-05
-3.47488174e-05
4.17470796e-07
3.06590599e-05
5.65749576e-05
7.86533258e-05
9.73992005e-05
0.00011327637
0.000126625794
0.000137773241
0.000147014488
0.000154611378
0.00016079516
0.000165770408
0.000169718084
0.000172798077
0.000175151461
0.000176902526
0.000178160603
0.000179021721
0.000179570018
0.000179878507
0.000180009356
0.000180018038
0.000179971703
-0.000624280811
-0.000482378879
-0.000390988422
-0.000309043559
-0.000237147922
-0.000174609274
-0.00012032597
-7.32785821e-05
-3.25988105e-05
2.47640807e-06
3.26332489e-05
5.84774917e-05
8.04889621e-05
9.91672856e-05
0.000114983389
0.000128278238
0.000139377187
0.000148575456
0.0001561344
0.000162284808
0.000167230799
0.000171152893
0.000174210561
0.000176544501
0.000178278664
0.000179522085
0.000180370544
0.00018090797
0.000181207191
0.000181330159
0.000181332205
0.000181281049
-0.000621711824
-0.000479826106
-0.000388472293
-0.000306579244
-0.000234747438
-0.000172279857
-0.000118071653
-7.11012099e-05
-3.04988739e-05
4.49852134e-06
3.45778605e-05
6.035524e-05
8.23330667e-05
0.000100976985
0.000116735213
0.000129977129
0.000141031573
0.000150191596
0.000157717195
0.000163838583
0.000168759467
0.000172659978
0.000175699234
0.000178017617
0.000179738806
0.000180971597
0.000181811566
0.000182342467
0.000182636993
0.00018275702
0.00018275779
0.000182706518
-0.000619328219
-0.000477443883
-0.00038611048
-0.000304249516
-0.000232462799
-0.000170047245
-0.000115894846
-6.89820741e-05
-2.84371806e-05
6.50471896e-06
3.65269668e-05
6.22289028e-05
8.41641876e-05
0.000102790969
0.000118507057
0.000131707201
0.000142725759
0.000151854733
0.000159353146
0.000165450855
0.00017035135
0.000174234536
0.000177259303
0.000179565828
0.0001812776
0.000182503248
0.000183338192
0.000183866051
0.00018415943
0.000184280234
0.000184283657
0.00018423566
-0.000617103043
-0.00047520935
-0.00038388397
-0.000302038903
-0.000230281677
-0.000167901951
-0.000113788613
-6.691656e-05
-2.64116626e-05
8.49334348e-06
3.84763271e-05
6.41158055e-05
8.59984856e-05
0.000104600322
0.000120288989
0.000133460955
0.000144453304
0.000153558686
0.000161036135
0.000167115486
0.000172000199
0.000175870107
0.000178884009
0.000181181977
0.000182887393
0.000184108784
0.000184941464
0.00018546895
0.000185763799
0.000185888018
0.000185896787
0.00018585433
-0.000615009048
-0.000473098679
-0.000381772578
-0.000299930498
-0.000228190703
-0.000165834234
-0.000111747129
-6.49035197e-05
-2.44281995e-05
1.0446912e-05
4.03985628e-05
6.60078009e-05
8.78586579e-05
0.000106428403
0.000122091284
0.000135241347
0.000146213621
0.000155300691
0.000162761855
0.000168827052
0.000173699739
0.000177559722
0.000180565758
0.000182857869
0.000184559381
0.000185778756
0.000186611237
0.000187140268
0.000187438386
0.000187567744
0.000187583526
0.000187547959
-0.000613019765
-0.000471088206
-0.000379755847
-0.000297906438
-0.000226174988
-0.000163832052
-0.000109760899
-6.29356753e-05
-2.24810166e-05
1.23711493e-05
4.22996829e-05
6.79002292e-05
8.97385305e-05
0.00010827335
0.000123907317
0.000137041703
0.000148000429
0.0001570744
0.000164523622
0.000170578441
0.000175442409
0.000179295355
0.000182296047
0.000184584507
0.000186284045
0.000187503095
0.000188336858
0.000188868726
0.00018917124
0.000189306721
0.000189330374
0.000189302326
-0.000611110483
-0.000469155504
-0.000377814215
-0.000295949152
-0.000224219654
-0.000161883069
-0.000107819857
-6.10049542e-05
-2.05632928e-05
1.42731015e-05
4.4185953e-05
6.97848051e-05
9.16200766e-05
0.000110129423
0.000125739602
0.000138862453
0.000149811296
0.000158875636
0.000166316105
0.000172363409
0.000177221191
0.000181069319
0.000184066595
0.000186353058
0.000188052023
0.000189271915
0.000190107913
0.000190643373
0.000190950851
0.000191092851
0.000191124595
0.000191104135
-0.000609258966
-0.000467280139
-0.000375929789
-0.000294042095
-0.000222310549
-0.000159975312
-0.000105913839
-5.91026262e-05
-1.86668865e-05
1.61618393e-05
4.60663807e-05
7.16584512e-05
9.34857893e-05
0.000111986335
0.00012758835
0.000140702158
0.000151642553
0.000160699458
0.000168133531
0.000174175487
0.000179029008
0.000182873999
0.000185869295
0.000188154956
0.000189854311
0.000191075787
0.000191914548
0.000192453925
0.000192766501
0.000192914957
0.000192954528
0.000192941296
-0.000607445975
-0.000465444206
-0.000374086965
-0.000292170365
-0.000220435127
-0.000158098359
-0.00010403434
-5.72221157e-05
-1.67874173e-05
1.80388137e-05
4.79399508e-05
7.35276701e-05
9.53482799e-05
0.000113844778
0.000129444465
0.000142552674
0.000153487387
0.000162539389
0.000169969318
0.000176007869
0.000180858776
0.000184702008
0.000187696445
0.000189982181
0.00019168257
0.000192906047
0.000193747774
0.00019429107
0.000194608549
0.000194763055
0.000194809822
0.000194803132
-0.000605655507
-0.000463632606
-0.000372272722
-0.000290320849
-0.000218582601
-0.000156243196
-0.000102173903
-5.53575515e-05
-1.49206707e-05
1.990639e-05
4.98074447e-05
7.53937309e-05
9.72096216e-05
0.000115704141
0.000131304284
0.000144409731
0.000155341298
0.000164390541
0.000171818146
0.000177854831
0.000182704408
0.000186546919
0.000189541303
0.000191827696
0.00019352948
0.00019475511
0.000195599751
0.000196146718
0.000196468659
0.000196628563
0.000196681636
0.000196680567
-0.000603874823
-0.000461833187
-0.000370476792
-0.00028848222
-0.000216744296
-0.000154402415
-0.00010032633
-5.35040744e-05
-1.30631233e-05
2.17667448e-05
5.16696739e-05
7.72564318e-05
9.90699537e-05
0.000117564474
0.000133166469
0.000146270904
0.000157201074
0.000166249097
0.000173675699
0.00017971164
0.000184560811
0.000188403327
0.000191398185
0.000193685564
0.000195388878
0.000196616603
0.000197463912
0.00019801412
0.00019833991
0.000198504393
0.000198562716
0.000198566188
-0.000602094296
-0.00046003692
-0.000368691227
-0.000286644946
-0.000214913833
-0.000152570051
-9.84865709e-05
-5.1657731e-05
-1.12118357e-05
2.36218872e-05
5.35278046e-05
7.91162534e-05
0.000100929185
0.000119425006
0.00013502957
0.000148134154
0.000159064133
0.000168112007
0.000175538531
0.000181574507
0.000186423897
0.000190266884
0.000193262515
0.00019555101
0.000197255813
0.000198485419
0.000199335011
0.000199887909
0.00020021683
0.000200384976
0.000200447403
0.000200454252
-0.000600307011
-0.000458237914
-0.00036690596
-0.000284805336
-0.000213087113
-0.000150741153
-9.66506191e-05
-4.98154574e-05
-9.36450883e-06
2.54734341e-05
5.53828431e-05
8.09736887e-05
0.000102787251
0.000121285056
0.000136892445
0.000149997979
0.00016092858
0.000169977021
0.00017740408
0.000183440599
0.000188290599
0.000192134318
0.000195130846
0.000197420436
0.000199126559
0.000200357725
0.000201209129
0.000201764097
0.000202095373
0.000202266205
0.000202331521
0.000202340674
-0.00059850802
-0.000456431677
-0.000365098183
-0.000282979087
-0.000211262121
-0.000148912236
-9.48158159e-05
-4.79751406e-05
-7.5194794e-06
2.73225899e-05
5.72355695e-05
8.2829153e-05
0.000104644133
0.000123144167
0.000138754358
0.000151861403
0.000162793175
0.000171842644
0.000179270626
0.000185307997
0.000190158824
0.000194003387
0.00019700081
0.000199291372
0.00020099856
0.000202230903
0.0002030836
0.000203639994
0.000203972838
0.000204145316
0.000204212088
0.000204223359
-0.000596696391
-0.000454616896
-0.000363280301
-0.000281153733
-0.000209434687
-0.000147081025
-9.29801381e-05
-4.61350873e-05
-5.67542287e-06
2.91703154e-05
5.90866224e-05
8.46830116e-05
0.00010649988
0.00012500217
0.000140615042
0.000153724012
0.000164657327
0.00017370812
0.000181137259
0.000187175656
0.00019202741
0.000195872831
0.000198871065
0.00020116241
0.000202870367
0.00020410347
0.000204956929
0.000205514091
0.000205847717
0.000206020949
0.000206088269
0.000206100488
-0.00059487253
-0.000452793177
-0.000361454928
-0.000279328192
-0.000207604404
-0.000145247173
-9.1143027e-05
-4.42947216e-05
-3.83183193e-06
3.10169957e-05
6.0936207e-05
8.65351712e-05
0.000108354183
0.000126859132
0.000142474906
0.000155586041
0.000166521075
0.000175573358
0.000183003796
0.000189043313
0.000193896029
0.00019774227
0.000200741196
0.000203033112
0.000204741526
0.00020597498
0.000206828683
0.000207385983
0.000207719641
0.000207892816
0.000207960079
0.000207971967
-0.000593038248
-0.000450962332
-0.000359621635
-0.000277503572
-0.000205772203
-0.000143411485
-8.93052016e-05
-4.24545986e-05
-1.9891305e-06
3.28622868e-05
6.27839131e-05
8.83846982e-05
0.000110205274
0.000128714965
0.000144335802
0.000157448888
0.000168385303
0.000177439005
0.000184870775
0.000190911447
0.000195765126
0.000199612136
0.000202611632
0.00020490392
0.000206612506
0.000207845929
0.000208699402
0.000209256266
0.000209589275
0.000209761645
0.000209828191
0.000209838672
-0.000591196417
-0.000449127149
-0.000357773107
-0.000275689136
-0.000203941475
-0.000141576035
-8.74683774e-05
-4.06159465e-05
-1.4801709e-07
3.47061134e-05
6.46305146e-05
9.02331547e-05
0.000112052983
0.000130568111
0.000146197257
0.000159312735
0.000170250455
0.000179305666
0.000186738942
0.000192780925
0.000197635665
0.000201483472
0.000204483492
0.000206776019
0.000208484554
0.000209717635
0.000210570473
0.000211126409
0.000211458184
0.000211629032
0.000211693944
0.000211702604
-0.000589352341
-0.000447292221
-0.000355922822
-0.000273877785
-0.000202115028
-0.000139743765
-8.56347005e-05
-3.87802815e-05
1.69063253e-06
3.65483817e-05
6.64770099e-05
9.20831373e-05
0.000113900734
0.000132418459
0.000148056377
0.000161176086
0.000172116316
0.000181173819
0.000188609194
0.00019465294
0.000199509066
0.000203357876
0.000206358511
0.000208651261
0.000210359627
0.000211592148
0.000212444041
0.000212998653
0.000213328707
0.000213497391
0.000213559794
0.000213566404
-0.000587512582
-0.000445462963
-0.000354082579
-0.000272068755
-0.000200295893
-0.000137918538
-8.38072675e-05
-3.69500728e-05
3.52476388e-06
3.83872018e-05
6.83211665e-05
9.39320345e-05
0.000115749583
0.000134269819
0.000149915519
0.000163040674
0.000173984643
0.000183045348
0.000190483529
0.000196529608
0.000201387562
0.000205237693
0.000208239143
0.000210532205
0.000212240383
0.000213472225
0.00021432296
0.000214875947
0.000215203898
0.000215369935
0.000215429223
0.000215433185
-0.000585684578
-0.000443645964
-0.000352258599
-0.000270268561
-0.000198488423
-0.000136104615
-8.19896869e-05
-3.51282167e-05
5.35204463e-06
4.02206122e-05
7.01610622e-05
9.57777358e-05
0.000117598439
0.000136124114
0.000151778158
0.000164909369
0.000175857956
0.000184922734
0.0001923645
0.000198413584
0.000203273924
0.000207125813
0.000210128398
0.000212421976
0.000214130063
0.000215361219
0.000216210696
0.000216761871
0.000217087451
0.000217250488
0.000217306207
0.000217307031
-0.000583876705
-0.000441849012
-0.000350457157
-0.000268484661
-0.000196697898
-0.000134306568
-8.01857773e-05
-3.33176705e-05
7.17038237e-06
4.20474284e-05
7.19966144e-05
9.76212855e-05
0.000119447641
0.000137981013
0.000153644902
0.000166783494
0.000177738055
0.000186808161
0.00019425461
0.000200307639
0.000205171149
0.000209025434
0.000212029649
0.000214324108
0.000216032346
0.000217262951
0.000218111203
0.000218660513
0.00021898359
0.000219143417
0.000219195265
0.000219192607
-0.000582098145
-0.000440080692
-0.000348685381
-0.000266724681
-0.000194930295
-0.000132529399
-7.83996931e-05
-3.15216937e-05
8.97740037e-06
4.38661327e-05
7.38271691e-05
9.94628679e-05
0.00012129792
0.000139841423
0.000155516844
0.000168664565
0.000179626925
0.000188704014
0.000196156586
0.000202214792
0.000207082513
0.000210940054
0.000213946596
0.000216242481
0.000217951283
0.000219181628
0.000220028844
0.000220576387
0.000220896981
0.000221053546
0.000221101393
0.000221095072
-0.000580358714
-0.000438350129
-0.000346951043
-0.000264996406
-0.000193192012
-0.000130778437
-7.66358299e-05
-2.97437457e-05
1.07705631e-05
4.56750712e-05
7.56519284e-05
0.000101302587
0.000123150293
0.000141706534
0.000157395001
0.000170553952
0.000181526518
0.000190612736
0.00019807326
0.000204138206
0.000209011464
0.000212873372
0.000215883154
0.000218181211
0.000219891172
0.000221121728
0.000221968268
0.000222514315
0.000222832622
0.000222986057
0.000223029973
0.000223019989
-0.000578668646
-0.000436666751
-0.000345262291
-0.000263307651
-0.000191489621
-0.000129059156
-7.48986873e-05
-2.79873491e-05
1.25473309e-05
4.74727126e-05
7.74705169e-05
0.000103141666
0.000125007702
0.000143577601
0.000159278497
0.000172451756
0.000183438208
0.000192536529
0.000200007382
0.000206081045
0.000210961501
0.000214829163
0.000217843341
0.000220144527
0.000221856444
0.000223087871
0.000223934289
0.000224479303
0.000224795719
0.000224946372
0.000224986661
0.000224973231
-0.000577038301
-0.000435040012
-0.000343627354
-0.000261666067
-0.000189829632
-0.000127377029
-7.31928146e-05
-2.62561783e-05
1.43048682e-05
4.92570039e-05
7.92816153e-05
0.000104979681
0.000126871219
0.000145456422
0.0001611689
0.000174359928
0.000185364463
0.000194478296
0.000201962175
0.000208046784
0.000212936315
0.000216811317
0.000219831231
0.000222136686
0.000223851534
0.000225084681
0.000225931723
0.000226476377
0.000226791521
0.000226939987
0.00022697723
0.000226960821
-0.000575477779
-0.000433479019
-0.000342054175
-0.000260078845
-0.000188218204
-0.000125737284
-7.15226722e-05
-2.45540719e-05
1.60397458e-05
5.10245163e-05
8.10808928e-05
0.000106810528
0.000128736699
0.000147348476
0.000163075418
0.000176283868
0.000187309441
0.000196441961
0.000203941487
0.000210039232
0.000214939731
0.000218823718
0.000221850803
0.000224161786
0.000225880689
0.000227116572
0.000227965179
0.000228510359
0.000228825091
0.000228972239
0.000229007332
0.000228988697
-0.000573996444
-0.000431992073
-0.000340549953
-0.000258552275
-0.000186660632
-0.000124144314
-6.98918349e-05
-2.28838825e-05
1.77497283e-05
5.2773513e-05
8.28669143e-05
0.000108632578
0.000130601872
0.000149253314
0.000165000371
0.000178226585
0.000189276364
0.000198430627
0.000205948386
0.000212061495
0.000216974918
0.000220869622
0.000223905422
0.000226223328
0.000227947566
0.000229187386
0.000230038705
0.000230585532
0.000230900975
0.000231047974
0.000231082155
0.000231062362
-0.000572602434
-0.000430586193
-0.000339120708
-0.000257091289
-0.000185160936
-0.000122601279
-6.8302622e-05
-2.12470959e-05
1.94341879e-05
5.45045111e-05
8.46420665e-05
0.000110449419
0.000132462583
0.000151159465
0.000166940829
0.000180193502
0.000191270003
0.000200447682
0.000207985669
0.000214116173
0.000219044407
0.000222951555
0.000225997668
0.000228323993
0.000230054987
0.000231300118
0.000232155508
0.000232705342
0.000233022891
0.000233171225
0.000233206091
0.000233186527
-0.000571302182
-0.000429266623
-0.000337770898
-0.000255699031
-0.000183721523
-0.000121109941
-6.67561165e-05
-1.9644135e-05
2.10933495e-05
5.62184739e-05
8.64083683e-05
0.000112264425
0.000134322085
0.000153065803
0.000168893775
0.000182183763
0.000193290011
0.000202493147
0.000210053668
0.000216203848
0.000221148982
0.000225070484
0.000228128681
0.0002304651
0.000232204465
0.000233456498
0.000234317551
0.00023487202
0.000235193363
0.000235344846
0.000235382362
0.000235364746
-0.000570099887
-0.000428036225
-0.000336503054
-0.000254376327
-0.000182342831
-0.000119670438
-6.52520572e-05
-1.80743702e-05
2.27281261e-05
5.79164087e-05
8.81667244e-05
0.000114079407
0.000136188302
0.000154980014
0.000170856837
0.000184190797
0.000195331691
0.000204564177
0.000212150503
0.000218323171
0.000223287659
0.000227225703
0.000230297991
0.000232646395
0.000234395964
0.00023565672
0.000236525285
0.000237086291
0.000237413428
0.000237570225
0.000237612745
0.000237599136
-0.000568996841
-0.000426894701
-0.000335317982
-0.000253120724
-0.000181022807
-0.000118281159
-6.37887062e-05
-1.65359015e-05
2.43403846e-05
5.95997701e-05
8.9917761e-05
0.000115893858
0.000138060347
0.00015690345
0.000172832416
0.000186214932
0.000197394043
0.000206659371
0.000214274575
0.00022047239
0.000225458588
0.000229415326
0.000232503726
0.000234866068
0.000236627783
0.000237899255
0.000238777387
0.000239347084
0.000239682314
0.000239846953
0.000239897248
0.000239890065
-0.000567990677
-0.000425838197
-0.000334216902
-0.000251921979
-0.000179754005
-0.000116937335
-6.23614313e-05
-1.5024418e-05
2.59318864e-05
6.12706594e-05
9.16631918e-05
0.000117708444
0.00013993769
0.00015883594
0.000174821164
0.000188255895
0.000199475311
0.000208776171
0.00021642284
0.000222648098
0.00022765809
0.000231635489
0.000234741934
0.000237120224
0.000238896209
0.000240180438
0.000241070445
0.000241651347
0.000241997317
0.000242172693
0.000242233922
0.000242235915
-0.0005670745
-0.000424860146
-0.000333197655
-0.000250757125
-0.000178519673
-0.000115625547
-6.09573457e-05
-1.35306654e-05
2.74935599e-05
6.29252549e-05
9.34011559e-05
0.000119522455
0.000141820478
0.000160775616
0.000176819016
0.000190309706
0.000201571469
0.000210910218
0.000218590513
0.00022484515
0.000229880758
0.000233880622
0.00023700703
0.000239403606
0.000241196627
0.000242492767
0.000243396466
0.000243991925
0.000244351884
0.000244541351
0.000244616986
0.00024463108
-0.000566234222
-0.000423947534
-0.000332189327
-0.000249682566
-0.000177347362
-0.000114348078
-5.95817362e-05
-1.20568771e-05
2.90811578e-05
6.4593317e-05
9.51495505e-05
0.000121348464
0.000143718985
0.00016272632
0.00017882137
0.000192370354
0.000203677567
0.000213055685
0.000220770601
0.000227055586
0.00023211782
0.000236141237
0.000239288688
0.000241704076
0.000243514251
0.000244830663
0.000245751621
0.00024636288
0.000246739269
0.000246946168
0.000247040796
0.000247072483
-0.000565449128
-0.000423078566
-0.000331186944
-0.000248646694
-0.00017618815
-0.000113071699
-5.82026951e-05
-1.05795669e-05
3.06553864e-05
6.62568094e-05
9.68968975e-05
0.000123175122
0.000145621836
0.000164684122
0.000180829209
0.000194435354
0.000205788081
0.000215205086
0.000222954227
0.000229269476
0.000234358594
0.000238406173
0.000241575699
0.000244011637
0.000245841404
0.000247177159
0.000248117317
0.000248748024
0.000249144547
0.000249372963
0.000249491275
0.000249544759
-0.000564692946
-0.000422224972
-0.000330205446
-0.000247589487
-0.000175014344
-0.000111784434
-5.68111923e-05
-9.0890911e-06
3.22398863e-05
6.79286622e-05
9.86470457e-05
0.000124995716
0.000147522639
0.000166664428
0.000182858264
0.00019650164
0.000207895215
0.000217348653
0.000225129806
0.00023147358
0.000236588479
0.000240659731
0.000243851446
0.000246308691
0.000248159438
0.000249516312
0.000250478149
0.000251131392
0.000251551696
0.000251806038
0.000251952969
0.000252031641
-0.000563927417
-0.000421348106
-0.000329201249
-0.000246487746
-0.000173798775
-0.00011045889
-5.53830688e-05
-7.56426041e-06
3.38558336e-05
6.96298773e-05
0.000100427284
0.000126845751
0.000149431543
0.00016863061
0.000184866088
0.000198541065
0.000209974934
0.000219464637
0.00022727664
0.000233647435
0.000238786811
0.000242880869
0.000246094457
0.00024857331
0.000250445991
0.00025182563
0.000252811456
0.00025349021
0.000253937973
0.000254222746
0.000254403562
0.000254512114
-0.000563101971
-0.000420402897
-0.000328124183
-0.000245305815
-0.000172506693
-0.000109062733
-5.38912902e-05
-5.98421958e-06
3.55175229e-05
7.13675822e-05
0.000102236822
0.000128717646
0.000151330871
0.000170563121
0.000186849506
0.00020055869
0.00021202435
0.000221542263
0.000229378974
0.000235771967
0.000240932051
0.000245046167
0.000248279882
0.00025077957
0.000252674349
0.000254077818
0.000255089562
0.000255796578
0.00025627537
0.000256595042
0.000256815101
0.000256958709
-0.000562152611
-0.000419361312
-0.00032690348
-0.000243993179
-0.000171097246
-0.000107559562
-5.23054399e-05
-4.32629437e-06
3.72383922e-05
7.31427195e-05
0.000104057703
0.000130577311
0.000153222131
0.000172497593
0.000188825148
0.000202553589
0.000214033168
0.000223565129
0.0002314159
0.000237822885
0.00024299734
0.000247126786
0.000250377347
0.000252895901
0.000254812015
0.00025623967
0.000257278726
0.000258016366
0.000258529483
0.000258888363
0.000259152971
0.000259336734
-0.000561015664
-0.000418291805
-0.000325368828
-0.000242461886
-0.000169515835
-0.000105902854
-5.05851441e-05
-2.55666761e-06
3.90468855e-05
7.49812734e-05
0.00010591811
0.000132455026
0.000155125554
0.00017441707
0.000190745717
0.000204479007
0.000215962319
0.000225497772
0.000233352683
0.000239765103
0.000244946872
0.000249086067
0.000252349316
0.000254883939
0.000256819882
0.000258271423
0.00025933862
0.00026010876
0.00026065908
0.000261061109
0.000261375252
0.000261603973
-0.000559603167
-0.000416989968
-0.000323543852
-0.000240666102
-0.000167701876
-0.00010404018
-4.86874604e-05
-6.40990167e-07
4.09691759e-05
7.69022536e-05
0.000107832153
0.000134359377
0.000157019456
0.000176290784
0.00019259702
0.000206315883
0.000217786406
0.000227310309
0.00023515605
0.000241562556
0.000246742248
0.000250883664
0.000254153819
0.000256700352
0.00025865346
0.0002601276
0.000261222905
0.000262026653
0.000262616355
0.000263064813
0.000263432845
0.000263710773
-0.000557823224
-0.000415296997
-0.000321382301
-0.000238543038
-0.000165586101
-0.000101912024
-4.65647896e-05
1.45718788e-06
4.30307676e-05
7.89198376e-05
0.000109801416
0.00013627857
0.000158888543
0.000178109971
0.000194369032
0.000208045598
0.00021947858
0.000228970054
0.000236789044
0.000243174921
0.000248340416
0.000252474289
0.000255743714
0.000258296433
0.000260262696
0.000261756961
0.000262879269
0.000263716741
0.000264347052
0.000264844263
0.000265269557
0.000265600087
-0.000555571717
-0.000413107498
-0.000318786774
-0.000236006582
-0.00016309234
-9.9454029e-05
-4.41651176e-05
3.77785894e-06
4.52601454e-05
8.10516028e-05
0.000111833401
0.000138211839
0.000160726639
0.000179858228
0.000196034365
0.000209636103
0.000221002988
0.000230437481
0.000238208829
0.000244556504
0.00024969323
0.000253807691
0.000257066928
0.000259618509
0.000261592484
0.000263103076
0.00026425003
0.00026512012
0.000265791041
0.000266338049
0.000266822605
0.000267207929
-0.00055272892
-0.000410310641
-0.000315651123
-0.000232961721
-0.000160139045
-9.6597917e-05
-4.14335299e-05
6.36271764e-06
4.76862743e-05
8.33145495e-05
0.000113934146
0.000140155536
0.000162521581
0.000181514963
0.000197565007
0.000211053757
0.000222321242
0.000231670048
0.000239369302
0.000245658183
0.000250749018
0.000254830015
0.000258067706
0.000260609133
0.00026258382
0.000264105466
0.00026527326
0.000266173405
0.00026688343
0.000267479647
0.000268023661
0.000268464329
-0.000549162631
-0.000406784237
-0.00031186144
-0.000229307462
-0.000156639734
-9.3271872e-05
-3.8312929e-05
9.25442766e-06
5.03380591e-05
8.57247759e-05
0.000116108085
0.00014210366
0.00016425816
0.00018305684
0.000198930613
0.000212262314
0.000223392144
0.000232622408
0.000240221643
0.000246428236
0.000251453598
0.000255484966
0.000258687886
0.000261208435
0.000263175213
0.000264701038
0.000265884226
0.00026681015
0.000267555982
0.000268198888
0.00026880011
0.000269293381
-0.000544730529
-0.00040239718
-0.000307296774
-0.00022493767
-0.000152504163
-8.94017518e-05
-3.47452067e-05
1.24955802e-05
5.32434793e-05
8.82968276e-05
0.00011835766
0.000144047953
0.00016591879
0.00018445825
0.000200098767
0.000213223667
0.000224172873
0.000233247857
0.000240715949
0.000246814103
0.000251752176
0.000255715818
0.000258869014
0.000261356347
0.000263305015
0.000264826533
0.000266017979
0.000266963596
0.000267739997
0.000268424995
0.000269078438
0.000269615487
-0.000539282182
-0.000397011531
-0.00030183106
-0.000219742751
-0.000147640032
-8.49126979e-05
-3.06726554e-05
1.61275119e-05
5.64286821e-05
9.10430944e-05
0.000120683067
0.000145978001
0.000167483988
0.000185692073
0.000201036008
0.000213899164
0.000224620567
0.000233500131
0.000240803202
0.000246764502
0.00025159156
0.000255467695
0.000258554639
0.000260994849
0.00026291356
0.000264420489
0.000265611062
0.000266567938
0.000267366435
0.000268084582
0.000268784866
0.00026937658
-0.000532661416
-0.000390484734
-0.000295335468
-0.000213611788
-0.00014195503
-7.97309863e-05
-2.60395753e-05
2.01890085e-05
5.99170404e-05
9.39732653e-05
0.000123082123
0.000147881543
0.0001689331
0.000186730793
0.000201709309
0.000214251421
0.000224694438
0.000233335801
0.000240437911
0.000246232306
0.000250923262
0.000254690902
0.000257693909
0.000260071897
0.000261947497
0.000263428079
0.00026460695
0.000265564878
0.000266375671
0.000267116649
0.000267849663
0.000268479161
-0.000524709066
-0.000382672198
-0.000287681074
-0.000206435037
-0.000135359158
-7.3786134e-05
-2.07940704e-05
2.47148822e-05
6.3728167e-05
9.70938175e-05
0.000125550258
0.000149744954
0.000170245268
0.000187547919
0.000202087907
0.000214246513
0.000224358279
0.000232717037
0.000239581091
0.000245177665
0.000249706706
0.00025334415
0.000256244724
0.000258544388
0.000260362458
0.000261803327
0.000262957656
0.000263903932
0.000264714287
0.000265465027
0.000266215114
0.000266856469
-0.000515266092
-0.00037343021
-0.000278741869
-0.000198106756
-0.000127767377
-6.70132715e-05
-1.48900755e-05
2.97343806e-05
6.78768258e-05
0.000100407483
0.000128080558
0.000151553869
0.000171400608
0.000188119679
0.000202145458
0.000213856551
0.000223583408
0.000231614876
0.000238203801
0.000243571786
0.000247913233
0.000251398772
0.000254178172
0.000256382852
0.000258128031
0.000259514471
0.000260629639
0.000261549254
0.000262343145
0.000263085775
0.000263834282
0.000264477253
-0.000504177018
-0.000362619132
-0.000268398114
-0.000188528424
-0.000119102579
-5.93558084e-05
-8.28965468e-06
3.52693424e-05
7.2371642e-05
0.000103912574
0.000130663738
0.000153293804
0.000172381449
0.000188426824
0.000201862363
0.000213062453
0.000222351821
0.000230012695
0.000236290882
0.000241400892
0.000245530229
0.000248842999
0.000251482937
0.000253575987
0.000255232467
0.00025654879
0.000257608665
0.000258484596
0.000259243594
0.000259957432
0.000260681144
0.000261305238
-0.000491293587
-0.000350106749
-0.000256539972
-0.000177612295
-0.000109298857
-5.07683419e-05
-9.65606973e-07
4.13320057e-05
7.72134622e-05
0.000107602006
0.000133287871
0.000154950593
0.00017317345
0.000188456376
0.000201228062
0.000211856723
0.000220659383
0.00022790974
0.000233844778
0.000238670277
0.00024256538
0.00024568638
0.000248169874
0.000250135336
0.000251687313
0.000252917154
0.00025390426
0.000254717532
0.00025542067
0.000256081797
0.000256753353
0.000257333702
-0.000476478321
-0.000335771419
-0.00024307123
-0.000165285469
-9.83054628e-05
-4.12202304e-05
7.0951893e-06
4.79220752e-05
8.23930301e-05
0.000111461695
0.000135937577
0.000156510359
0.000173766307
0.000188202994
0.000200242976
0.00021024586
0.000218518611
0.000225324203
0.000230888801
0.000235407683
0.000239050082
0.000241963172
0.000244275268
0.000246098435
0.000247530663
0.000248657501
0.000249553364
0.000250283439
0.00025090763
0.000251489375
0.000252077981
0.000252586427
-0.000459607396
-0.00031950488
-0.000227914785
-0.00015149819
-8.60934363e-05
-3.06998822e-05
1.58865854e-05
5.50217453e-05
8.7887021e-05
0.000115467687
0.000138592171
0.000157958636
0.000174153756
0.000187669747
0.000198919948
0.000208252393
0.000215961247
0.000222296309
0.000227470787
0.000231667621
0.000235044602
0.000237738511
0.000239868446
0.000241538482
0.00024283903
0.000243847465
0.000244632367
0.000245257363
0.000245776495
0.000246248576
0.000246719742
0.000247125094
-0.000440569718
-0.000301213338
-0.000211024803
-0.000136245746
-7.26523338e-05
-1.91962131e-05
2.53842519e-05
6.25913669e-05
9.36537284e-05
0.000119582636
0.00014122297
0.000159278532
0.000174332562
0.000186867803
0.000197284465
0.000205915451
0.000213038981
0.000218888951
0.00022366329
0.000227530621
0.000230635481
0.000233102433
0.000235039898
0.000236544351
0.000237698973
0.000238557105
0.000239215588
0.000239731943
0.000240124861
0.000240457888
0.000240775436
0.000241043786
-0.000419249154
-0.000280799536
-0.00019237521
-0.000119564198
-5.79341947e-05
-6.63794612e-06
3.55465966e-05
7.05676835e-05
9.9630264e-05
0.000123752406
0.000143790303
0.000160448475
0.000174300908
0.000185815358
0.000195374017
0.000203290414
0.000209823396
0.000215188044
0.000219564594
0.000223105435
0.000225939963
0.000228178599
0.000229916257
0.000231247876
0.000232298632
0.000233073185
0.000233547235
0.000233848361
0.000234077461
0.000234248358
0.000234380196
0.000234477641
-0.000395504339
-0.000258114728
-0.000171839905
-0.000101297075
-4.21238455e-05
6.5477249e-06
4.61251058e-05
7.87966072e-05
0.00010569364
0.000127877568
0.000146227284
0.000161433292
0.00017405317
0.000184534741
0.000193237165
0.000200449612
0.000206409189
0.000211309447
0.000215310736
0.000218547998
0.000221136348
0.000223175662
0.000224753216
0.000225930098
0.00022671215
0.000227240973
0.000227653768
0.000227893796
0.00022795444
0.000227909711
0.000227807349
0.000227700421
-0.000369314198
-0.00023313783
-0.000149571438
-8.15342602e-05
-2.55647907e-05
2.00938695e-05
5.70916366e-05
8.71116068e-05
0.000111700018
0.000131813439
0.000148442744
0.000162184907
0.000173577995
0.000183047549
0.000190924652
0.000197470744
0.000202895262
0.000207367739
0.000211027146
0.00021398905
0.000216351145
0.000218197025
0.000219599037
0.000220618295
0.000221308907
0.000221740201
0.000221939071
0.000221939281
0.000221796486
0.000221531257
0.000221170593
0.000220824907
-0.000340649494
-0.000205809765
-0.000125742156
-6.04229634e-05
-8.09064407e-06
3.38437554e-05
6.7972285e-05
9.53073663e-05
0.000117442631
0.000135512617
0.000150370897
0.000162656561
0.000172866201
0.000181382464
0.000188499739
0.000194446593
0.000199402718
0.000203511331
0.000206888329
0.000209629112
0.000211813706
0.000213510049
0.000214777228
0.000215667204
0.000216227199
0.000216502475
0.000216535767
0.000216359865
0.000216006147
0.000215489969
0.000214834777
0.000214218282
-0.000309513439
-0.000176410398
-0.000100546348
-3.87046948e-05
9.95076392e-06
4.81533936e-05
7.86917772e-05
0.000103073484
0.000122709515
0.000138698447
0.000151850243
0.00016276455
0.000171888148
0.00017955537
0.000186017977
0.000191467498
0.00019605163
0.000199886117
0.000203063301
0.000205658304
0.000207733555
0.000209342236
0.000210530209
0.000211338037
0.00021180305
0.000211960065
0.000211842827
0.000211483528
0.000210907677
0.00021012076
0.000209142298
0.000208225998
-0.000275799351
-0.000145528832
-7.37001654e-05
-1.64999768e-05
2.77457709e-05
6.19528751e-05
8.87836822e-05
0.000110067248
0.000127187846
0.000141164941
0.000152733897
0.000162423139
0.000170614089
0.000177584132
0.000183537101
0.000188624837
0.000192962309
0.000196638164
0.000199722063
0.000202269827
0.000204327101
0.000205932019
0.00020711719
0.000207911462
0.000208340475
0.000208428712
0.000208201147
0.000207683918
0.000206896096
0.000205831356
0.000204503566
0.000203256669
-0.000239286272
-0.00011320888
-4.55483668e-05
5.78580433e-06
4.4719666e-05
7.44643902e-05
9.75074564e-05
0.000115736711
0.000130476965
0.000142638617
0.000152848369
0.000161539949
0.000169016013
0.000175490477
0.000181117133
0.000186008754
0.000190249772
0.000193904647
0.000197023377
0.000199645172
0.000201801014
0.000203515555
0.000204808496
0.0002056955
0.000206189014
0.000206299653
0.000206038842
0.0002054206
0.00020445184
0.000203109348
0.000201406367
0.000199787269
-0.000199685609
-7.91734905e-05
-1.7290484e-05
2.71746782e-05
6.01266294e-05
8.49729826e-05
0.000104202101
0.00011956973
0.000132222814
0.000142898679
0.00015207756
0.000160077468
0.000167112938
0.000173332646
0.000178843038
0.000183722828
0.000188031962
0.000191817055
0.000195114521
0.000197952286
0.00020035097
0.000202325141
0.00020388405
0.000205030777
0.000205762001
0.000206067246
0.000205930477
0.000205342651
0.000204286019
0.000202700026
0.000200574152
0.000198500318
-0.000156253419
-4.3445958e-05
1.01048492e-05
4.62730849e-05
7.25355344e-05
9.24170096e-05
0.000108133687
0.000121103104
0.000132172736
0.000141844421
0.000150423716
0.000158103655
0.000165010746
0.000171234238
0.000176842348
0.000181889637
0.000186421299
0.000190475473
0.000194083667
0.000197269679
0.000200049236
0.00020243399
0.000204433757
0.000206044326
0.000207253865
0.000208037154
0.000208321238
0.000208040098
0.000207127613
0.000205445656
0.000202878143
0.000200261641
-0.000107439853
-6.95995085e-06
3.45267111e-05
6.10013524e-05
8.03940777e-05
9.58110181e-05
0.000108788894
0.000120162705
0.000130369945
0.000139643915
0.000148116387
0.000155869375
0.000162954074
0.000169415242
0.000175300868
0.000180657634
0.000185531031
0.000189966482
0.000194008517
0.000197693971
0.000201043718
0.000204089317
0.000206880119
0.000209400722
0.0002116247
0.00021356864
0.000215047088
0.000215787458
0.000215620236
0.000214323279
0.000211483458
0.000208438288
-4.24570186e-05
2.91301919e-05
5.17417345e-05
6.76968214e-05
8.12777763e-05
9.37777509e-05
0.000105534079
0.000116609591
0.000126994204
0.000136678625
0.000145664679
0.000153945947
0.000161524483
0.000168436649
0.000174736944
0.000180479486
0.000185721302
0.000190528876
0.000194983739
0.000199157744
0.000203037733
0.000206573814
0.000209879732
0.000213282256
0.000217065797
0.00022084962
0.000223678245
0.000225483581
0.000227042617
0.00022818975
0.000227837097
0.000225776423
6.46116193e-05
6.48622806e-05
6.23754148e-05
6.80875729e-05
7.77928232e-05
8.91338936e-05
0.000100943086
0.000112571906
0.000123662704
0.000134101857
0.000143879622
0.000152904544
0.000161079756
0.000168463669
0.000175160995
0.000181237052
0.000186754319
0.000191794172
0.000196498507
0.00020102405
0.000205401368
0.00020957306
0.000213608227
0.000217814445
0.000222895953
0.000229750364
0.000238626111
0.000250126833
0.000265205794
0.000285366079
0.000314261442
0.000349257269
)
;

boundaryField
{
    inner_wall
    {
        type            zeroGradient;
    }
    outer_wall
    {
        type            zeroGradient;
    }
    top
    {
        type            zeroGradient;
    }
    bottom
    {
        type            fixedValue;
        value           uniform 0;
    }
    front
    {
        type            wedge;
    }
    back
    {
        type            wedge;
    }
}


// ************************************************************************* //
