/*--------------------------------*- C++ -*----------------------------------*\
| =========                 |                                                 |
| \\      /  F ield         | OpenFOAM: The Open Source CFD Toolbox           |
|  \\    /   O peration     | Version:  2506                                  |
|   \\  /    A nd           | Website:  www.openfoam.com                      |
|    \\/     M anipulation  |                                                 |
\*---------------------------------------------------------------------------*/
FoamFile
{
    version     2.0;
    format      ascii;
    arch        "LSB;label=32;scalar=64";
    class       volScalarField;
    location    "31";
    object      C;
}
// * * * * * * * * * * * * * * * * * * * * * * * * * * * * * * * * * * * * * //

dimensions      [0 0 0 0 0 0 0];

internalField   nonuniform List<scalar> 
3072
(
9.02178705e-08
-8.51643409e-06
5.7745663e-05
0.000549750513
-0.000521926501
-0.00705888136
-0.0123186563
0.00523587123
0.0577076481
0.118769531
0.12625948
0.0790963042
0.0137449766
-0.0388748464
-0.0202594126
0.1369972
0.431266909
0.74693496
0.959990501
1.03565224
1.02859441
1.0065063
0.997457508
0.997971923
1.00024575
1.00296872
1.0075925
1.01141023
1.00892298
0.987346292
0.846879948
0.358747287
-2.03880285e-07
2.60997858e-05
0.000136100725
-0.00180070037
-0.00529298484
0.00939075334
0.0677234098
0.157418232
0.228232255
0.243922943
0.211146436
0.138692152
0.0450298631
-0.0323905558
-0.0278725953
0.133947734
0.441839937
0.764953126
0.972262316
1.0376513
1.02564414
1.00431605
0.99713234
0.998293695
1.00051221
1.00323016
1.00795822
1.01176679
1.00905922
0.98699943
0.846861431
0.358061359
6.67576969e-08
6.03811234e-05
-0.000715793252
-0.00464582693
0.00659303213
0.0773961664
0.209171946
0.334693102
0.397297263
0.390324403
0.315570646
0.200193267
0.0769227378
-0.0240220134
-0.0339586015
0.128841022
0.445198513
0.7733707
0.977901041
1.03803526
1.02392261
1.00332554
0.99708841
0.998473297
1.00063515
1.00335884
1.00813234
1.01194023
1.00919279
0.987281728
0.849264391
0.364410103
1.95364645e-07
6.13510895e-05
-0.0014836052
-0.00589363415
0.0229119255
0.143485133
0.328963947
0.4857299
0.561246428
0.534687406
0.405479524
0.249123767
0.100645238
-0.0181891656
-0.0355133847
0.134214706
0.460713315
0.790628524
0.986842839
1.03831048
1.02145816
1.0020419
0.997052962
0.998700967
1.00079022
1.0035239
1.0083509
1.01215304
1.00935041
0.987535433
0.85153973
0.371073408
-1.63190087e-07
7.35276542e-05
-0.00158570309
-0.00625113936
0.0259805184
0.160385546
0.366124704
0.538359197
0.648652329
0.583576331
0.424480877
0.250718195
0.0949384513
-0.0231402428
-0.0267431804
0.163983063
0.502248577
0.823149371
0.999685415
1.03755984
1.01792701
1.0005925
0.997129702
0.998982787
1.00096822
1.00373143
1.00861759
1.01237175
1.00945537
0.987629702
0.853472686
0.378548042
-1.60293812e-06
0.000103359272
-0.0013544685
-0.00670590589
0.0170785291
0.128067956
0.305702341
0.459468706
0.531698555
0.479002958
0.344360465
0.193691493
0.0563163039
-0.0375142383
0.000298209757
0.232697395
0.58055835
0.874703289
1.01592346
1.03466253
1.01290615
0.998981234
0.997378129
0.99935073
1.00120115
1.00403461
1.00899699
1.01262106
1.00944579
0.987271261
0.854062089
0.384876358
-4.36050624e-06
0.000137409926
-0.000917328988
-0.00661030418
0.0045408841
0.074062209
0.192790585
0.299627158
0.339485138
0.297227531
0.204964592
0.100120464
-0.000314244903
-0.0431310629
0.0678599762
0.35407171
0.695775974
0.938303092
1.03006461
1.02810792
1.00683925
0.997661887
0.997883872
0.999785797
1.00150302
1.00447623
1.00952824
1.01289644
1.00925554
0.986257436
0.8527783
0.389183839
-1.06024518e-05
0.000157252988
-0.000402603014
-0.00550966687
-0.00422965242
0.0274002439
0.08680882
0.141094282
0.155790253
0.12904239
0.0782967755
0.0125442262
-0.0418918918
-0.00163968974
0.205610403
0.531983759
0.831570294
0.996674853
1.03460641
1.0177753
1.00116709
0.997195677
0.99862008
1.00023462
1.00189673
1.00509994
1.01023354
1.01317302
1.00881348
0.984402541
0.849190681
0.390747195
-1.10052931e-05
0.000160891152
6.40489144e-05
-0.00364794959
-0.00693562354
0.00124498447
0.0209680538
0.0383129685
0.0403493164
0.0278795645
-0.00219643978
-0.0397439122
-0.020483851
0.137424142
0.430052264
0.743176991
0.953541271
1.02991829
1.02619801
1.0064371
0.997728789
0.9977717
0.999393235
1.00065824
1.00242686
1.00594315
1.0111074
1.01339518
1.00803558
0.981535274
0.843026938
0.389229704
-5.06157917e-05
9.83017396e-05
0.000323177086
-0.00174436415
-0.00535097981
-0.00654962547
-0.00446580892
-0.00290954183
-0.00342965037
-0.0167248973
-0.0383523449
-0.0133385156
0.132210772
0.403604008
0.707639629
0.928981262
1.0236168
1.03017003
1.01054491
0.99874024
0.99731786
0.998870471
0.999966953
1.00110378
1.00315598
1.00702629
1.01211083
1.0134761
1.00682304
0.977478312
0.834103088
0.384545362
0.000105680393
0.000213191854
0.000569758796
-0.000192953813
-0.0022789869
-0.00463132873
-0.00638664048
-0.0068924654
-0.0185703507
-0.0287107265
0.0203039489
0.185553933
0.454815877
0.738824513
0.940336081
1.02587795
1.03106762
1.01142208
0.998936109
0.997072106
0.998675986
0.999660611
1.00033509
1.00170821
1.00412799
1.00834107
1.01316701
1.01330225
1.00506511
0.972042709
0.822310431
0.37681595
-0.000793282465
-0.000735459842
-0.000407701225
-0.000259552575
-0.000778497502
-0.00121630642
-0.00292817404
-0.0149092138
0.00134503157
0.104360648
0.315583995
0.587784317
0.832904713
0.984298098
1.03579107
1.02836951
1.00813862
0.997678443
0.996954067
0.998838735
0.999670018
0.999898262
1.0007911
1.00258108
1.00533355
1.00984956
1.01416058
1.01274556
1.00264664
0.965032691
0.807618117
0.36632272
0.00442209773
0.00440681504
0.00446856844
0.00321924627
0.00226943442
-0.0031063904
0.0129877307
0.109341442
0.302620876
0.554442874
0.793753628
0.959501377
1.03310362
1.03900124
1.01842284
1.00121887
0.995862376
0.99737594
0.999417171
0.999859697
0.999669662
1.00013863
1.00159936
1.00368968
1.00672668
1.01148942
1.01494111
1.01168438
0.999458249
0.956264718
0.790100023
0.35347771
-0.0311242085
-0.0313711203
-0.0298075009
-0.007047393
0.0714782096
0.228290217
0.448025537
0.681153534
0.875619673
0.998572024
1.0472051
1.04419509
1.02127673
1.00211528
0.994827993
0.995894899
0.998868629
1.00023647
0.999993743
0.999485178
0.999692779
1.0008595
1.00269998
1.00491455
1.00827163
1.01316728
1.0153372
1.01003256
0.995407776
0.945603984
0.769976539
0.338801302
0.38092847
0.454852582
0.579225516
0.732711318
0.872927871
0.980341843
1.04480989
1.06676077
1.05707911
1.03261331
1.00912754
0.995533272
0.992469338
0.995332486
0.998966691
1.00072043
1.000617
0.99981922
0.999282477
0.999418847
1.00032855
1.00192033
1.00388094
1.00618394
1.00994272
1.01474527
1.01519302
1.00776901
0.990433709
0.933020988
0.747660809
0.322899675
1.02273717
1.04099653
1.04894851
1.04589873
1.03470181
1.01931249
1.00421331
0.993292836
0.988543415
0.989450862
0.993566841
0.997972344
1.00073063
1.00147342
1.0009483
1.00010443
0.999480805
0.999204455
0.999316157
0.999959939
1.0012554
1.00305735
1.00503256
1.00747857
1.011681
1.01605622
1.01442439
1.00495382
0.984525696
0.918663772
0.72379211
0.306435273
0.997320269
0.994294546
0.992187527
0.991575289
0.992449642
0.994524583
0.997237274
0.999843144
1.00166018
1.00234641
1.00203185
1.00120031
1.00038485
0.999878833
0.999653872
0.999516946
0.999361399
0.999312506
0.99966488
1.00066269
1.00227771
1.00417395
1.00609895
1.00876894
1.01338167
1.01695801
1.01306786
1.00172134
0.977758908
0.902926783
0.699235199
0.290087155
1.00040351
1.00096997
1.00142829
1.00165333
1.00161489
1.00132389
1.00084294
1.00029171
0.999821121
0.999557687
0.999543905
0.99971084
0.999905882
0.999968285
0.999818362
0.999519516
0.999283351
0.999404523
1.00013174
1.00151564
1.00332326
1.0051643
1.00702806
1.01000855
1.01491806
1.01739744
1.01129233
0.998256307
0.970338659
0.886481063
0.675027579
0.274502476
0.999932395
0.999817137
0.999717795
0.99966019
0.999651244
0.999690342
0.999770344
0.999878181
0.999996747
1.00010631
1.00018298
1.00019524
1.00010622
0.999892278
0.999581277
0.999293327
0.999246178
0.999689234
1.00077003
1.00240097
1.00424403
1.00595519
1.00780311
1.0111284
1.01617753
1.0174476
1.00936254
0.994768896
0.962630425
0.870227937
0.652270666
0.260245169
1.00001199
1.00003676
1.00005914
1.00007384
1.00007731
1.00006652
1.00004371
1.00002016
1.00001301
1.00003253
1.00006487
1.00006383
0.999966914
0.99974033
0.999436267
0.999224904
0.999360883
1.00007263
1.00141606
1.00318361
1.00497622
1.00654286
1.00841003
1.01203842
1.01710147
1.01728861
1.0075719
0.991477835
0.955137924
0.855163252
0.631982472
0.24775113
0.999997799
0.999992304
0.999987665
0.999985032
0.999982621
0.99997833
0.999975043
0.999982916
1.00001325
1.0000638
1.00010403
1.00007598
0.999922628
0.999640252
0.999329067
0.999201751
0.999519066
1.0004605
1.00199033
1.00381357
1.00551322
1.00694281
1.00882554
1.01266126
1.01769429
1.01713264
1.00617919
0.988594568
0.948411713
0.842184998
0.614948864
0.23729958
1.00000041
1.00000171
1.00000323
1.00000469
1.00000346
0.999997291
0.999990404
0.999995332
1.00002438
1.00007213
1.00010095
1.0000473
0.999858963
0.999552977
0.999261074
0.999220407
0.99968714
1.00079664
1.00244374
1.00427627
1.0058767
1.00718015
1.00903485
1.01295733
1.01799264
1.0171384
1.00536873
0.986299307
0.942917192
0.831913661
0.60161632
0.229006511
0.999999918
0.999999665
0.999999804
1.00000031
0.99999842
0.999992044
0.999986264
0.999994634
1.00002881
1.00007945
1.00010265
1.00003119
0.99981806
0.999497263
0.999223539
0.999249212
0.999822993
1.00104579
1.00276378
1.0045881
1.00610182
1.00728481
1.00904536
1.01292959
1.01802846
1.01736021
1.00522976
0.984716553
0.93892372
0.824593574
0.592057252
0.222840243
1.00000001
1.00000012
1.00000061
1.00000135
0.999999432
0.999992782
0.999986964
0.999996218
1.00003205
1.00008307
1.00010202
1.00001972
0.999792532
0.999464591
0.999204075
0.999271635
0.999910715
1.00120123
1.00296027
1.00477572
1.00622394
1.00729092
1.00889013
1.01261574
1.01781454
1.01774709
1.00574871
0.983903796
0.936465605
0.820104361
0.586012686
0.21865032
0.999999991
1.00000001
1.00000044
1.00000115
0.999999185
0.999992448
0.999986632
0.999996265
1.00003291
1.00008447
1.00010224
1.00001595
0.999782916
0.999451388
0.999195501
0.999280286
0.999948169
1.00127101
1.00305274
1.00486683
1.0062741
1.00723375
1.00861905
1.01207577
1.01735454
1.01818164
1.00681677
0.983851153
0.935385122
0.818066802
0.582997779
0.216197777
0.999999994
1.00000003
1.00000047
1.00000124
0.999999356
0.999992628
0.999986591
0.999995802
1.00003218
1.00008409
1.00010306
1.00001828
0.99978587
0.999452973
0.999193754
0.999275061
0.999942527
1.00127086
1.00306353
1.00488623
1.0062775
1.00714543
1.00828494
1.01137661
1.01665867
1.0185374
1.00825161
0.984469113
0.935427717
0.818010292
0.582446577
0.215130332
0.999999994
1.00000002
1.00000045
1.00000126
0.999999535
0.999992924
0.999986544
0.99999474
1.00003002
1.00008226
1.00010443
1.00002554
0.999798706
0.999465953
0.999197017
0.999258838
0.999903804
1.00121803
1.00301435
1.00485624
1.00625641
1.00705398
1.00792883
1.0105647
1.01574871
1.01873779
1.00985248
0.985614859
0.936337586
0.819429382
0.583712327
0.215067956
0.999999994
1.00000002
1.00000042
1.00000129
0.999999771
0.999993349
0.999986585
0.999993427
1.00002705
1.00007938
1.00010576
1.00003547
0.999817732
0.999486795
0.999204767
0.999237046
0.99984465
1.00113068
1.00292431
1.00479156
1.00621945
1.00697287
1.00759755
1.00972818
1.01466057
1.01867902
1.01150208
0.987190104
0.93780803
0.821750429
0.586174102
0.215733192
0.999999995
1.00000001
1.0000004
1.0000013
1.00000001
0.999993835
0.999986706
0.999992056
1.00002368
1.0000758
1.00010667
1.00004632
0.999839828
0.999512389
0.999216451
0.999214315
0.999775989
1.00102446
1.00280981
1.00470462
1.00617273
1.00690711
1.00731417
1.00892853
1.01345855
1.01832033
1.01306184
0.989089328
0.939609878
0.824524439
0.589308631
0.216871376
0.999999996
1
1.00000037
1.00000131
1.00000025
0.999994339
0.999986903
0.999990773
1.00002026
1.00007188
1.00010699
1.00005679
0.999862524
0.999540053
0.999231158
0.999193719
0.999706029
1.00091177
1.0026843
1.00460592
1.00612068
1.00685606
1.00708553
1.0082065
1.01221292
1.01766583
1.01441794
0.99121284
0.941577875
0.827412281
0.592701422
0.218274743
0.999999996
1
1.00000034
1.00000131
1.00000046
0.999994829
0.999987154
0.999989652
1.00001702
1.00006789
1.00010673
1.00006617
0.999884145
0.999567673
0.999247701
0.999176737
0.999640095
1.00080146
1.0025581
1.00450407
1.00606713
1.00681687
1.00690694
1.00757964
1.01098685
1.01675621
1.0154848
0.993463241
0.943605387
0.83018433
0.596044784
0.219780193
0.999999997
0.999999998
1.00000032
1.0000013
1.00000064
0.999995282
0.999987434
0.999988716
1.00001408
1.00006406
1.00010602
1.0000742
0.999903837
0.999593877
0.99926491
0.999163626
0.999580998
1.0006991
1.0024384
1.00440566
1.00601541
1.00678668
1.0067687
1.00704777
1.0098261
1.01565275
1.01621225
0.995746298
0.945628321
0.832701694
0.599125945
0.221266679
0.999999997
0.999999995
1.0000003
1.0000013
1.0000008
0.999995686
0.999987718
0.999987958
1.00001152
1.00006053
1.00010502
1.00008087
0.999921157
0.99961775
0.999281727
0.999153977
0.999529884
1.00060787
1.0023299
1.00431546
1.00596831
1.0067634
1.00666038
1.00659997
1.0087567
1.01442213
1.01658435
0.997974345
0.947611228
0.834894499
0.601809192
0.222648357
0.999999998
0.999999993
1.00000029
1.00000129
1.00000093
0.999996032
0.999987984
0.999987359
1.00000935
1.00005742
1.0001039
1.00008623
0.999935878
0.999638662
0.999297258
0.999147081
0.999486899
1.00052927
1.00223539
1.00423667
1.00592797
1.00674574
1.006573
1.00622085
1.00778754
1.01312515
1.01661384
1.00007132
0.949538203
0.836742104
0.604018229
0.223867183
0.999999998
0.999999992
1.00000028
1.00000129
1.00000104
0.999996321
0.999988217
0.999986889
1.00000757
1.00005478
1.00010281
1.00009048
0.999948049
0.999656357
0.999310881
0.999142149
0.999451537
1.00046356
1.00215608
1.00417109
1.00589581
1.00673295
1.00649975
1.00589477
1.00691524
1.0118103
1.01633371
1.00197718
0.951408844
0.838258656
0.605722181
0.224887109
0.999999998
0.999999991
1.00000027
1.00000129
1.00000113
0.999996554
0.999988408
0.99998652
1.00000614
1.00005263
1.00010185
1.00009381
0.999957852
0.999670815
0.999322225
0.999138469
0.999422986
1.00041024
1.00209209
1.0041194
1.00587253
1.00672452
1.00643581
1.00560819
1.00612944
1.01051169
1.01578828
1.00364983
0.953236247
0.839482976
0.606924457
0.225689044
0.999999998
0.99999999
1.00000026
1.00000129
1.00000121
0.999996737
0.999988554
0.999986229
1.00000501
1.00005094
1.00010108
1.00009641
0.999965569
0.999682223
0.999331166
0.99913547
0.999400282
1.00036822
1.00204259
1.0040813
1.00585817
1.00672006
1.00637796
1.00535044
1.00541699
1.00925013
1.01502535
1.0050645
0.955044792
0.840472433
0.607655512
0.226267723
0.999999998
0.999999988
1.00000026
1.0000013
1.00000127
0.999996876
0.999988657
0.999985993
1.00000415
1.00004966
1.00010053
1.00009845
0.99997152
0.999690927
0.99933781
0.999132747
0.999382408
1.00033605
1.00200612
1.0040557
1.00585221
1.00671915
1.00632425
1.00511385
1.00476486
1.00803582
1.01409046
1.00621103
0.956865779
0.841298468
0.607967622
0.226629315
0.999999997
0.999999984
1.00000025
1.00000131
1.00000132
0.99999698
0.99998872
0.999985797
1.0000035
1.00004873
1.00010019
1.00010008
0.999976033
0.999697346
0.999342408
0.99913005
0.999368386
1.00031209
1.00198075
1.00404096
1.0058537
1.00672142
1.00627363
1.0048933
1.00416178
1.0068716
1.01302333
1.00709022
0.958730914
0.842042169
0.607930518
0.226789131
0.999999997
0.999999979
1.00000025
1.00000132
1.00000137
0.999997054
0.999988751
0.999985629
1.00000301
1.00004808
1.00010003
1.0001014
0.999979422
0.999701927
0.999345302
0.999127251
0.999357317
1.00029464
1.00196432
1.00403509
1.00586138
1.00672649
1.00622576
1.00468577
1.00359902
1.00575605
1.01185643
1.00771011
0.960665379
0.842789697
0.607627801
0.226769809
0.999999996
0.999999973
1.00000025
1.00000133
1.00000141
0.999997109
0.999988758
0.99998548
1.00000264
1.00004764
1.00010002
1.00010251
0.999981985
0.999705136
0.999346889
0.999124309
0.999348376
1.00028199
1.00195457
1.00403594
1.00587386
1.00673401
1.00618081
1.00448988
1.00307044
1.00468583
1.01061501
1.008083
0.962682501
0.843627748
0.607153646
0.226600049
0.999999995
0.999999965
1.00000025
1.00000135
1.00000145
0.999997149
0.999988748
0.999985343
1.00000234
1.00004733
1.0001001
1.00010349
0.999984004
0.999707428
0.999347591
0.999121241
0.999340809
1.0002725
1.00194925
1.00404126
1.00588969
1.00674371
1.00613936
1.00430544
1.00257228
1.00365746
1.00931809
1.00822325
0.964781473
0.84463969
0.606609371
0.226313652
0.999999994
0.999999957
1.00000024
1.00000136
1.00000148
0.999997184
0.999988731
0.999985212
1.00000209
1.0000471
1.00010024
1.0001044
0.999985742
0.999709245
0.99934783
0.999118098
0.999333929
1.00026459
1.00194612
1.00404884
1.00590742
1.0067554
1.00610227
1.00413318
1.00210281
1.00266835
1.00797989
1.00814585
0.966948389
0.845903108
0.60609869
0.225944319
0.999999993
0.999999949
1.00000024
1.00000138
1.00000152
0.999997218
0.999988714
0.999985083
1.00000184
1.00004688
1.00010037
1.00010529
0.999987435
0.999710996
0.999348013
0.999114948
0.999327115
1.00025679
1.00194311
1.00405657
1.00592567
1.00676897
1.00607059
1.00397443
1.00166186
1.00171733
1.00661144
1.00786556
0.969159721
0.847489173
0.60572724
0.225531744
0.999999992
0.999999941
1.00000023
1.00000139
1.00000155
0.999997258
0.999988705
0.999984953
1.00000157
1.0000466
1.00010047
1.00010621
0.999989297
0.999713057
0.99934852
0.999111874
0.999319818
1.00024777
1.00193828
1.00406247
1.00594315
1.00678433
1.00604549
1.00383089
1.00125046
1.00080488
1.00522194
1.0073965
0.971387026
0.84946401
0.605598797
0.225115514
0.99999999
0.999999932
1.00000023
1.0000014
1.00000159
0.99999731
0.999988712
0.999984818
1.00000124
1.00004622
1.00010047
1.00010719
0.999991514
0.999715763
0.999349699
0.999108965
0.999311562
1.00023632
1.00192985
1.00406471
1.00595866
1.00680146
1.00602814
1.00370447
1.00087047
0.999933029
1.00381994
1.00675204
0.973601217
0.851891134
0.605817547
0.224737807
0.999999988
0.999999925
1.00000022
1.00000141
1.00000163
0.999997378
0.999988741
0.999984678
1.00000083
1.00004568
1.00010035
1.00010827
0.999994255
0.999719422
0.999351881
0.999106328
0.999301943
1.00022138
1.00191622
1.00406162
1.0059711
1.00682031
1.00601968
1.0035971
1.00052419
0.999105148
1.00241419
1.0059447
0.97577481
0.854831373
0.606487844
0.22444148
0.999999987
0.999999916
1.00000021
1.00000141
1.00000168
0.999997466
0.999988799
0.999984532
1.00000032
1.00004495
1.00010005
1.00010946
0.99999766
0.999724313
0.999355376
0.999104087
0.999290651
1.00020205
1.00189603
1.00405172
1.00597943
1.00684081
1.0060211
1.00351055
1.00021408
0.998325614
1.00101435
1.00498637
0.977881985
0.85833938
0.607714242
0.224270707
0.999999985
0.999999908
1.00000019
1.00000141
1.00000173
0.999997577
0.999988891
0.999984381
0.999999706
1.00004399
1.00009954
1.00011076
1.00000182
0.999730632
0.999360433
0.999102386
0.999277508
1.00017768
1.00186817
1.00403379
1.00598275
1.0068628
1.00603318
1.00344629
0.999942377
0.997599397
0.999631355
1.00388871
0.979897292
0.862457387
0.609600376
0.224271856
0.999999983
0.9999999
1.00000018
1.00000141
1.00000178
0.999997715
0.999989022
0.999984229
0.999998971
1.00004277
1.00009878
1.00011216
1.00000676
0.999738495
0.999367237
0.999101383
0.999262489
1.00014791
1.00183193
1.00400688
1.00598027
1.00688604
1.00605636
1.00340533
0.999710814
0.996931532
0.998277534
1.00266385
0.981794091
0.867207721
0.612245239
0.22449124
0.999999981
0.999999891
1.00000016
1.0000014
1.00000183
0.999997879
0.999989194
0.999984081
0.999998121
1.0000413
1.00009776
1.00011361
1.00001247
0.999747954
0.999375918
0.999101253
0.999245709
1.00011267
1.00178695
1.00397041
1.00597137
1.00691016
1.00609073
1.00338807
0.999520339
0.996326535
0.996966372
1.00132537
0.983543508
0.872586292
0.615739445
0.224975649
0.99999998
0.999999883
1.00000014
1.00000138
1.00000189
0.999998068
0.999989411
0.999983944
0.999997165
1.00003956
1.00009645
1.00011507
1.0000189
0.999758974
0.999386531
0.999102175
0.999227433
1.00007218
1.00173328
1.00392416
1.00595562
1.00693468
1.00613596
1.00339427
0.999370878
0.99578781
0.995712016
0.999889186
0.985114383
0.878558732
0.620160253
0.225771414
0.999999978
0.999999875
1.00000011
1.00000136
1.00000194
0.999998281
0.999989672
0.999983825
0.99999612
1.00003759
1.00009484
1.00011648
1.00002592
0.999771434
0.999399045
0.999104306
0.999208056
1.00002702
1.00167146
1.00386841
1.00593287
1.00695905
1.00619124
1.00342287
0.999261138
0.995317051
0.99452849
0.99837451
0.986474394
0.88506007
0.625567015
0.226922829
0.999999976
0.999999867
1.00000008
1.00000133
1.000002
0.999998513
0.999989974
0.999983732
0.999995012
1.00003541
1.00009295
1.00011778
1.00003337
0.999785117
0.999413312
0.999107759
0.999188097
0.999978089
1.00160258
1.00380402
1.00590335
1.0069827
1.00625526
1.00347191
0.999188447
0.99491371
0.993428649
0.996804374
0.987592238
0.891997528
0.631997841
0.228469834
0.999999974
0.99999986
1.00000005
1.00000129
1.00000205
0.999998758
0.999990311
0.999983671
0.999993874
1.00003307
1.0000908
1.0001189
1.00004104
0.999799672
0.999429021
0.999112545
0.999168172
0.999926711
1.00152839
1.00373262
1.00586788
1.00700513
1.0063262
1.00353846
0.999148633
0.994574571
0.992422918
0.995205722
0.988440685
0.899255354
0.639467874
0.230445766
0.999999973
0.999999855
1.00000003
1.00000125
1.0000021
0.999999011
0.999990674
0.999983646
0.999992744
1.00003067
1.00008847
1.0001198
1.00004865
0.999814594
0.999445645
0.999118515
0.999148955
0.999874588
1.00145138
1.00365672
1.00582799
1.00702609
1.00640177
1.0036185
0.999135982
0.994293523
0.991517922
0.993608721
0.989000242
0.906700845
0.647969041
0.232876574
0.999999972
0.99999985
0.999999995
1.00000121
1.00000215
0.99999926
0.999991049
0.999983656
0.999991663
1.00002828
1.00008606
1.00012045
1.00005591
0.999829273
0.999462461
0.999125327
0.999131085
0.999823729
1.00137473
1.00357975
1.00578602
1.00704565
1.0064793
1.00370696
0.999143292
0.994061609
0.990715245
0.992045185
0.98926292
0.914190934
0.657470381
0.235782426
0.999999972
0.999999846
0.999999966
1.00000117
1.00000218
0.999999499
0.999991418
0.999983695
0.999990672
1.00002602
1.0000837
1.00012088
1.00006253
0.999843015
0.99947855
0.999132404
0.999115107
0.999776355
1.00130223
1.00350608
1.00574529
1.00706441
1.00655586
1.00379777
0.999161939
0.993867337
0.990010596
0.990546224
0.98923535
0.921578563
0.667917158
0.239180605
0.999999971
0.999999843
0.999999938
1.00000113
1.00000221
0.999999714
0.999991758
0.999983749
0.999989808
1.000024
1.00008154
1.00012115
1.00006824
0.999855075
0.999492842
0.999138951
0.999101405
0.999734798
1.00123818
1.00344094
1.00571
1.00708353
1.00662837
1.00388388
0.999181916
0.99369713
0.98939359
0.989139441
0.988940681
0.928718731
0.679228489
0.243088661
0.999999972
0.99999984
0.999999912
1.00000109
1.00000224
0.999999897
0.999992045
0.999983799
0.999989107
1.00002237
1.0000798
1.00012134
1.00007278
0.999864641
0.999504111
0.999143959
0.999090232
0.999701528
1.00118745
1.00339051
1.0056854
1.00710481
1.00669359
1.00395716
0.999191685
0.993535709
0.988848184
0.98784616
0.988418765
0.935473813
0.691293087
0.247526766
0.999999975
0.999999837
0.99999989
1.00000106
1.00000226
1.00000003
0.999992247
0.99998382
0.999988607
1.00002127
1.0000787
1.0001216
1.00007586
0.99987077
0.999510907
0.999146208
0.999081802
0.99967933
1.00115566
1.003362
1.00567778
1.00713063
1.00674799
1.0040082
0.999177853
0.993366235
0.988353624
0.986678927
0.987724314
0.941719361
0.703965155
0.252520843
0.999999979
0.999999834
0.999999873
1.00000105
1.00000229
1.00000011
0.999992331
0.999983782
0.99998835
1.00002087
1.0000785
1.00012205
1.00007714
0.999872396
0.999511604
0.999144343
0.99907641
0.999671443
1.00114929
1.00336382
1.0056945
1.00716387
1.00678755
1.00402599
0.999124763
0.993170184
0.987885663
0.985638633
0.986921455
0.947354799
0.717065143
0.258107529
0.999999985
0.999999829
0.999999861
1.00000105
1.00000231
1.00000012
0.999992265
0.999983665
0.99998838
1.00002134
1.00007943
1.00012278
1.00007624
0.999868427
0.999504574
0.999137068
0.999074537
0.999681546
1.00117563
1.00340541
1.00574393
1.00720787
1.00680772
1.00399779
0.99901409
0.992926979
0.987417603
0.984707598
0.986067674
0.952332512
0.730399976
0.264337963
0.999999991
0.999999824
0.999999854
1.00000107
1.00000234
1.00000006
0.999992038
0.999983456
0.999988737
1.00002281
1.00008169
1.00012382
1.00007265
0.999857589
0.999488097
0.999123296
0.999077357
0.999714453
1.00124325
1.00349731
1.00583501
1.00726584
1.00680298
1.00390886
0.998824367
0.992612658
0.98691933
0.983822111
0.985160598
0.956744585
0.743789878
0.271154032
0.999999997
0.999999818
0.999999852
1.00000111
1.00000237
0.9999999
0.999991603
0.999983151
0.999989561
1.00002561
1.0000856
1.000125
1.0000652
0.999837639
0.999459735
0.999102283
0.999088024
0.999778442
1.00136458
1.00365256
1.00597637
1.00733742
1.00676189
1.00373818
0.998529286
0.992200618
0.986366483
0.982962548
0.984202974
0.960611199
0.75709383
0.278501961
1
0.999999812
0.999999856
1.00000117
1.00000239
0.999999614
0.999990917
0.999982775
0.999991067
1.00003013
1.0000914
1.00012581
1.00005208
0.999805677
0.999416989
0.999074466
0.999112337
0.999885375
1.00155533
1.00388574
1.00617537
1.00741817
1.00666713
1.00345831
0.998096801
0.991659872
0.985731203
0.982106765
0.983213048
0.963941805
0.770133103
0.286336386
1
0.999999804
0.999999868
1.00000126
1.00000241
0.999999155
0.999989933
0.999982412
0.999993597
1.00003687
1.00009921
1.00012515
1.00003049
0.999758009
0.999357705
0.999042652
0.999160647
1.00005274
1.00183567
1.00421238
1.00643562
1.00749573
1.00649135
1.00303236
0.997487828
0.990955498
0.98498479
0.981231677
0.982200181
0.966762268
0.782750486
0.29458446
1.00000001
0.999999796
0.999999892
1.00000139
1.0000024
0.999998464
0.999988616
0.99998224
0.999997676
1.00004643
1.0001088
1.00012083
0.999996064
0.999689827
0.999280671
0.999013933
0.999250691
1.0003062
1.00223115
1.00464735
1.00675293
1.00754457
1.00619229
1.00241049
0.996654514
0.990048256
0.984097768
0.980314512
0.98117104
0.969105599
0.794804299
0.303151731
1.00000001
0.999999786
0.999999929
1.00000155
1.00000232
0.999997463
0.999986968
0.999982595
1.00000406
1.00005939
1.00011921
1.00010898
0.999942354
0.999595729
0.999187825
0.999003376
0.999411469
1.00068176
1.0027715
1.00519992
1.0071078
1.00751788
1.00570617
1.00152598
0.995539091
0.988895273
0.983041272
0.979334317
0.980129621
0.971011248
0.80617373
0.31192311
1.00000001
0.999999776
0.999999984
1.00000175
1.00000214
0.999996063
0.999985065
0.999984056
1.00001376
1.00007606
1.00012798
1.00008311
0.99986086
0.999471739
0.999088627
0.999039687
0.999687831
1.00122648
1.00348577
1.00586386
1.00745295
1.00733603
1.00493967
1.00029165
0.994073761
0.987451805
0.981789108
0.978273812
0.979078962
0.97252286
0.816760111
0.320766231
1.00000001
0.999999766
1.00000006
1.00000197
1.00000177
0.999994176
0.99998313
0.999987532
1.00002794
1.00009588
1.00013012
1.00003328
0.99974175
0.999319019
0.999006857
0.999172866
1.00014483
1.00199562
1.00439098
1.0065999
1.00769459
1.00687152
1.00376123
0.998597392
0.99218242
0.98567456
0.980320766
0.977121559
0.978022732
0.97368602
0.826483816
0.329531475
1.00000001
0.999999757
1.00000017
1.00000221
1.00000114
0.99999175
0.999981627
0.999994325
1.00004761
1.00011639
1.00011662
0.999945782
0.999577074
0.999151964
0.99899181
0.99948312
1.00086763
1.00303941
1.00546712
1.00730552
1.00766544
1.00593139
1.00199448
0.996311982
0.989786533
0.983527881
0.978625902
0.975874587
0.976966995
0.974546697
0.835280981
0.338053075
1.00000001
0.999999751
1.0000003
1.00000243
1.00000012
0.99998882
0.999981373
1.00000607
1.00007288
1.0001316
1.00007314
0.999804998
0.999368878
0.999012434
0.999132854
1.00008574
1.00194792
1.00436921
1.00661062
1.00776908
1.00709159
1.00424239
0.999419568
0.99329368
0.986817753
0.980993822
0.976710477
0.974541383
0.975921909
0.975150124
0.843099569
0.346150033
1.00000001
0.99999975
1.00000046
1.00000259
0.999998605
0.999985591
0.999983624
1.00002443
1.00010167
1.00013
0.999979989
0.999600022
0.999144943
0.998989975
0.999571264
1.00111919
1.00344038
1.00588903
1.00755993
1.0076111
1.00556304
1.00145102
0.995792557
0.989415931
0.98324011
0.978086798
0.974604364
0.973144983
0.974903202
0.975539878
0.849894425
0.353623807
1.00000001
0.999999754
1.00000064
1.00000263
0.999996516
0.99998252
0.999990061
1.00005035
1.00012771
1.00009305
0.999816173
0.99933976
0.998983528
0.999242049
1.0004928
1.00269207
1.00526595
1.00728024
1.00779778
1.00623181
1.0025331
0.997161005
0.990898122
0.984615556
0.979083822
0.9748724
0.972369529
0.971725567
0.973933162
0.975757206
0.855624899
0.360266163
1
0.999999765
1.00000084
1.0000025
0.999993834
0.999980393
1.00000256
1.00008276
1.00013845
0.999996151
0.99957118
0.999079017
0.99904161
0.999994262
1.00206761
1.00475393
1.00704314
1.00784952
1.0064678
1.00281669
0.99739517
0.99104212
0.984652455
0.978968049
0.97448934
0.971487719
0.970106863
0.970341642
0.973040848
0.975840883
0.860272134
0.366003191
1
0.999999784
1.00000105
1.00000213
0.999990656
0.999980324
1.00002266
1.00011686
1.00011392
0.999815418
0.999267844
0.998951664
0.999565559
1.00147976
1.00429062
1.00686491
1.0078687
1.00641203
1.00240724
0.996498408
0.989707286
0.983045381
0.977264267
0.972784252
0.969753086
0.968156837
0.96795835
0.969068637
0.972261602
0.975814208
0.863649466
0.370306485
0.999999999
0.999999811
1.00000124
1.00000148
0.999987224
0.999983634
1.00005067
1.00014254
1.00002883
0.99954329
0.998994379
0.999191945
1.00084054
1.00376238
1.00669404
1.00790676
1.00617771
1.00139733
0.994481397
0.98680756
0.979624842
0.973728438
0.969430016
0.966700972
0.96535537
0.965191293
0.966100422
0.967993318
0.971633327
0.975708151
0.865740605
0.373025818
0.999999996
0.999999843
1.00000141
1.00000054
0.99998393
0.999991565
1.00008465
1.00014409
0.999860215
0.999212726
0.998931344
1.00010401
1.00302215
1.00641759
1.00800506
1.00594572
0.999993859
0.99148905
0.982430428
0.974481727
0.968499704
0.964599754
0.962475536
0.961705707
0.961938596
0.962961725
0.964723788
0.967203265
0.971192811
0.975540266
0.866506538
0.374084803
0.999999994
0.99999988
1.00000153
0.999999325
0.999981265
1.00000487
1.00011974
1.00010262
0.999601183
0.998921137
0.999342672
1.00193077
1.0058327
1.00817555
1.00604226
0.998691462
0.988007995
0.97704789
0.968207839
0.962402779
0.95934159
0.958220595
0.958275934
0.959011782
0.960203646
0.96183174
0.964007139
0.966785619
0.97098827
0.97530606
0.865651744
0.372995435
0.999999993
0.999999919
1.00000159
0.999997917
0.99997972
1.00002338
1.0001484
1.00000193
0.999276553
0.9988339
1.00049384
1.00461347
1.00824428
1.00687146
0.998378821
0.98503446
0.971615286
0.961938906
0.957044096
0.955804774
0.956450224
0.957643017
0.958762901
0.959734017
0.960763882
0.962134255
0.964119332
0.966818567
0.971056468
0.974975268
0.862890925
0.369413777
0.999999992
0.999999957
1.0000016
0.999996421
0.999979654
1.0000458
1.00016209
0.999836638
0.998950169
0.99914283
1.00249061
1.00755402
1.00848811
1.00022049
0.984143002
0.96741447
0.956772417
0.95393761
0.956310172
0.960272222
0.963384531
0.964893452
0.965026494
0.964414588
0.96383217
0.963917824
0.965063836
0.967309582
0.971419418
0.974472202
0.857772016
0.362903203
0.999999992
0.999999993
1.00000156
0.999994954
0.999981166
1.00006982
1.00015435
0.999618976
0.998710948
0.99997179
1.00511152
1.00964722
1.00481143
0.987581925
0.966191167
0.952917974
0.95258764
0.96065369
0.970118059
0.976737532
0.979412013
0.97872962
0.975768408
0.971987936
0.968704234
0.966800175
0.966672066
0.96820818
0.972076991
0.973643752
0.84963103
0.352972168
0.999999992
1.00000002
1.00000147
0.999993626
0.999984026
1.00009273
1.00012415
0.99937911
0.998632665
1.00126398
1.00779052
1.00984666
0.996971614
0.971664284
0.951044149
0.949527675
0.963864411
0.980599061
0.991742301
0.996649638
0.996693086
0.992818978
0.986571649
0.979718848
0.973857734
0.970032869
0.968627171
0.969420037
0.973067047
0.972172553
0.837302082
0.338899085
0.999999993
1.00000005
1.00000136
0.999992509
0.999987698
1.00011216
1.00007803
0.999156943
0.998722147
1.00272611
1.00986821
1.00813115
0.987468071
0.957971326
0.944137942
0.957319266
0.982248279
0.998981531
1.00510721
1.00618825
1.00419906
0.999845533
0.993033611
0.98501892
0.977796646
0.972803258
0.970568487
0.970829273
0.974195568
0.969440307
0.818859292
0.31934989
0.999999993
1.00000007
1.00000125
0.999991641
0.999991421
1.00012668
1.00002987
0.998989683
0.998890578
1.00388982
1.01098066
1.0060657
0.98097204
0.951293843
0.943714318
0.964258327
0.990547379
1.00267566
1.00462497
1.00513245
1.00449554
1.00051814
0.994037724
0.986333716
0.979370698
0.974513832
0.972166769
0.972426501
0.976310131
0.963716289
0.790263831
0.294802575
0.999999994
1.00000009
1.00000115
0.999991047
0.999994254
1.0001355
0.999998492
0.998905943
0.998982454
1.00425833
1.0111611
1.00599503
0.981788304
0.953151701
0.943402593
0.958113845
0.981197351
0.995941369
1.00065635
1.00152019
1.00025443
0.996615502
0.991203745
0.985000647
0.979326417
0.975163386
0.973495141
0.976013282
0.980558211
0.948635794
0.743082773
0.26393619
0.999999994
1.0000001
1.0000011
0.99999076
0.999995191
1.00013752
1.00000465
0.998937228
0.998864209
1.00340527
1.01036117
1.00911293
0.991487013
0.964035883
0.944229636
0.943710847
0.958458494
0.975389095
0.984906295
0.986229551
0.984017746
0.981864902
0.978370915
0.975011677
0.972757658
0.97316492
0.977700013
0.985154295
0.980350322
0.908747419
0.667327804
0.224511461
0.999999994
1.0000001
1.0000011
0.999990974
0.999992864
1.0001272
1.00007519
0.999160387
0.998503987
1.00128453
1.00790556
1.01227769
1.00608807
0.987126966
0.962234187
0.942165393
0.934286156
0.939424205
0.953528656
0.970871738
0.986291878
0.99659687
1.0025197
1.00480637
1.0083206
1.01127162
1.01041297
0.995420338
0.942111787
0.80728868
0.545472546
0.173138302
0.999999994
1.00000009
1.00000117
0.999992524
0.999984118
1.00009507
1.00017854
0.99958234
0.998474887
0.998919691
1.00298433
1.00965864
1.01452491
1.01264652
1.00163368
0.982422853
0.957972168
0.931507788
0.905489932
0.881421705
0.860091521
0.841855864
0.826648378
0.813006385
0.796156212
0.774568152
0.743698308
0.695697698
0.618009232
0.494860365
0.315820114
0.0985282167
0.999999994
1.00000004
1.00000129
0.999995951
0.999976752
1.00003792
1.00020853
1.00007111
0.999187881
0.998087501
0.998285876
1.00112874
1.00674434
1.01401073
1.0212652
1.02701915
1.03026507
1.03040812
1.02703044
1.01964415
1.00748418
0.98933146
0.963346786
0.926915459
0.876548205
0.808004929
0.717036379
0.600842387
0.460822217
0.306383176
0.157746983
0.0385641978
0.999999996
0.999999967
1.00000107
1.00000034
0.9999799
0.99997941
1.00010708
1.0002858
1.000154
0.999408919
0.998161098
0.996908059
0.99624649
0.99662516
0.998274765
1.00126925
1.00562297
1.01136314
1.01855914
1.02730705
1.03766094
1.04948132
1.06214206
1.07400254
1.08152789
1.07797872
1.05180526
0.985500415
0.856965578
0.647523427
0.363143444
0.073124944
0.999999999
0.999999935
1.00000042
1.00000288
0.999994213
0.999964299
0.999970543
1.00009468
1.00031889
1.00050755
1.00050153
1.00020479
0.999604296
0.998745085
0.997699391
0.996550882
0.995397809
0.994372844
0.993678643
0.993640944
0.994780054
0.997890334
1.00408365
1.01467748
1.0306623
1.05125733
1.07083652
1.07358807
1.0268044
0.878258451
0.574207432
0.137702957
1
0.99999997
0.999999827
1.00000164
1.00000487
0.9999941
0.99995944
0.999923781
0.999927471
0.999996444
1.0001306
1.00031127
1.00051228
1.00070601
1.00086395
1.00095386
1.00093573
1.00075858
1.00036176
0.999688553
0.998728412
0.99761786
0.996841681
0.997560042
1.00197976
1.01334502
1.03440945
1.06204026
1.07485898
1.01392697
0.770896605
0.251166669
1
1.00000001
0.999999869
0.999999544
1.00000167
1.00000758
1.00001096
1.00000301
0.999980429
0.999946323
0.999906985
0.999869111
0.999838833
0.99982193
0.999824354
0.99985249
0.999912536
1.00000794
1.00013295
1.00025962
1.00031594
1.0001618
0.999597073
0.998501892
0.99730107
0.997929569
1.00498549
1.02495014
1.05749595
1.06910476
0.942766127
0.446253498
1
0.999999999
1.00000005
0.999999982
0.999999166
0.999998161
0.999998797
1.00000225
1.00000822
1.00001555
1.0000229
1.00002907
1.00003301
1.00003367
1.00002995
1.00002074
1.00000522
0.999983859
0.999960597
0.99994675
0.999965301
1.00004761
1.00020117
1.00032165
1.0000889
0.999125583
0.998029116
1.00054201
1.01466996
1.04431029
1.0458243
0.770400665
)
;

boundaryField
{
    inner_wall
    {
        type            zeroGradient;
    }
    outer_wall
    {
        type            fixedValue;
        value           uniform 0;
    }
    top
    {
        type            fixedValue;
        value           uniform 1;
    }
    bottom
    {
        type            inletOutlet;
        inletValue      uniform 0;
        value           nonuniform List<scalar> 
32
(
0
0
0
0
0
0
0
0
0
0
0.12625948
0.0790963042
0.0137449766
-0.0388748464
-0.0202594126
0.1369972
0.431266909
0.74693496
0.959990501
1.03565224
1.02859441
1.0065063
0.997457508
0.997971923
1.00024575
1.00296872
1.0075925
1.01141023
1.00892298
0.987346292
0.846879948
0.358747287
)
;
    }
    front
    {
        type            wedge;
    }
    back
    {
        type            wedge;
    }
}


// ************************************************************************* //
