/*--------------------------------*- C++ -*----------------------------------*\
| =========                 |                                                 |
| \\      /  F ield         | OpenFOAM: The Open Source CFD Toolbox           |
|  \\    /   O peration     | Version:  2506                                  |
|   \\  /    A nd           | Website:  www.openfoam.com                      |
|    \\/     M anipulation  |                                                 |
\*---------------------------------------------------------------------------*/
// * * * * * * * * * * * * * * * * * * * * * * * * * * * * * * * * * * * * * //
FoamFile
{
    version         2;
    format          ascii;
    arch            "LSB;label=32;scalar=64";
    class           volVectorField;
    location        "24";
    object          U;
}

dimensions      [ 0 1 -1 0 0 0 0 ];

internalField   nonuniform List<vector> 
3072
(
(0.00369633 0.839512 0.220058)
(-0.000939098 0.0731801 0.223305)
(0.00131049 0.00409349 0.230586)
(-0.0037728 0.000116031 0.228262)
(-0.00695447 -2.20489e-05 0.225601)
(-0.0100479 9.33231e-06 0.221635)
(-0.0135492 8.62888e-05 0.216251)
(-0.0176054 0.000172464 0.209236)
(-0.0226677 -0.000207639 0.20028)
(-0.0294281 -0.002211 0.189211)
(-0.0382548 -0.00655542 0.176207)
(-0.0477781 -0.00988007 0.16175)
(-0.0553183 -0.000563103 0.146429)
(-0.058636 0.0420577 0.129381)
(-0.0497646 0.144709 0.107576)
(-0.0242856 0.337118 0.0716216)
(0.0101459 0.646404 0.00482958)
(0.0493641 0.966746 -0.0876509)
(0.0791897 1.13086 -0.174759)
(0.09933 1.19347 -0.249536)
(0.111989 1.19815 -0.310082)
(0.118837 1.17019 -0.356116)
(0.120998 1.12257 -0.387648)
(0.119051 1.06176 -0.404724)
(0.113424 0.991246 -0.407759)
(0.104044 0.912387 -0.397735)
(0.0917292 0.823343 -0.376411)
(0.0762452 0.718471 -0.345528)
(0.0581078 0.59095 -0.305592)
(0.0382604 0.43853 -0.254027)
(0.0191216 0.267475 -0.182862)
(0.00355678 0.0893632 -0.0777493)
(0.059774 1.96074 0.304971)
(-0.0243639 0.350274 0.316633)
(0.00979686 0.0442909 0.346306)
(-0.0199082 0.0050708 0.338375)
(-0.0288991 0.000535046 0.333798)
(-0.0419792 2.62387e-05 0.3273)
(-0.0567124 -0.000758697 0.319132)
(-0.0742601 -0.00284777 0.309869)
(-0.095908 -0.00327684 0.300338)
(-0.12115 0.0112127 0.289985)
(-0.145301 0.06572 0.274513)
(-0.160941 0.186194 0.245044)
(-0.160536 0.382113 0.198791)
(-0.140489 0.636864 0.133319)
(-0.102267 0.907059 0.0474869)
(-0.0539613 1.1261 -0.0464302)
(-0.0119814 1.2417 -0.12786)
(0.0185261 1.28168 -0.199244)
(0.0380831 1.27301 -0.259228)
(0.0506072 1.23976 -0.308669)
(0.0587185 1.19369 -0.34807)
(0.0636617 1.13758 -0.376644)
(0.0659851 1.07101 -0.392915)
(0.0657268 0.994343 -0.395608)
(0.0632929 0.909891 -0.384328)
(0.0582827 0.820485 -0.360112)
(0.050971 0.726502 -0.324868)
(0.041493 0.62411 -0.281141)
(0.0302319 0.507347 -0.231074)
(0.0181455 0.373434 -0.175291)
(0.00735279 0.226586 -0.112504)
(-4.87562e-05 0.0754392 -0.0406499)
(0.13317 2.62304 0.242608)
(-0.0711415 0.665181 0.25141)
(0.0167632 0.114546 0.307194)
(-0.0393498 0.0159867 0.296892)
(-0.0470918 0.00163365 0.296491)
(-0.0669484 -0.00112515 0.295227)
(-0.0892864 -0.00259591 0.295656)
(-0.115274 0.00453379 0.298078)
(-0.142976 0.0442862 0.29873)
(-0.166639 0.15141 0.288411)
(-0.177469 0.348669 0.256026)
(-0.168761 0.621547 0.196174)
(-0.140725 0.912455 0.115199)
(-0.101707 1.1459 0.0277064)
(-0.0651877 1.27138 -0.0498402)
(-0.0402104 1.31435 -0.112249)
(-0.0218669 1.31268 -0.168676)
(-0.00749644 1.29196 -0.222376)
(0.00398986 1.26354 -0.272849)
(0.013337 1.22906 -0.318119)
(0.020853 1.18562 -0.355527)
(0.0265326 1.12971 -0.382389)
(0.0302811 1.05942 -0.396565)
(0.0321963 0.975621 -0.396801)
(0.0322822 0.882069 -0.382902)
(0.0307181 0.783796 -0.355894)
(0.0275966 0.683886 -0.318025)
(0.0230229 0.580814 -0.272188)
(0.0172419 0.469472 -0.220967)
(0.0108217 0.345828 -0.165582)
(0.00485135 0.210963 -0.105385)
(0.000726158 0.0705349 -0.0383951)
(0.190377 2.98609 0.225821)
(-0.113376 0.92413 0.247322)
(0.0226803 0.188046 0.310407)
(-0.0544699 0.0295202 0.304017)
(-0.0573987 0.00244631 0.310025)
(-0.0806722 -0.00178134 0.316435)
(-0.105698 0.00742975 0.325588)
(-0.132055 0.0558582 0.333377)
(-0.15402 0.183014 0.328501)
(-0.163039 0.410839 0.297367)
(-0.152899 0.712622 0.233914)
(-0.126336 1.01189 0.147284)
(-0.0955771 1.22434 0.0576734)
(-0.0730655 1.31996 -0.0187004)
(-0.0591127 1.34379 -0.0822475)
(-0.04797 1.33698 -0.139613)
(-0.0377934 1.31965 -0.194201)
(-0.0281708 1.29871 -0.246636)
(-0.0192359 1.27402 -0.295466)
(-0.0112335 1.24228 -0.338237)
(-0.0043876 1.19939 -0.372283)
(0.00114062 1.14187 -0.395208)
(0.0053019 1.0677 -0.4052)
(0.00816816 0.977324 -0.401247)
(0.00989779 0.874305 -0.38326)
(0.0106553 0.764859 -0.352247)
(0.0105117 0.654972 -0.310377)
(0.00942149 0.546547 -0.260718)
(0.00737392 0.436382 -0.206462)
(0.0046305 0.319724 -0.149917)
(0.00190152 0.195027 -0.0919416)
(4.33875e-05 0.065293 -0.0320294)
(0.234808 3.19738 0.238651)
(-0.139313 1.12524 0.285341)
(0.0306937 0.256763 0.346293)
(-0.0634899 0.0435513 0.345899)
(-0.06099 0.0037931 0.356997)
(-0.0869492 0.00505605 0.368394)
(-0.111827 0.0457757 0.379869)
(-0.134106 0.164951 0.380698)
(-0.146094 0.391181 0.355134)
(-0.140781 0.701159 0.293691)
(-0.119827 1.01346 0.203977)
(-0.0949966 1.2363 0.108308)
(-0.077785 1.33849 0.0259986)
(-0.0678671 1.36297 -0.040962)
(-0.0600189 1.35875 -0.100031)
(-0.0528171 1.3451 -0.155873)
(-0.0457059 1.32924 -0.210075)
(-0.0386341 1.31192 -0.262152)
(-0.0317405 1.29058 -0.310289)
(-0.0252386 1.26134 -0.351952)
(-0.0193443 1.22037 -0.384473)
(-0.0142366 1.1645 -0.405551)
(-0.0100254 1.09143 -0.413583)
(-0.00670998 1.00019 -0.407805)
(-0.00415412 0.892443 -0.388281)
(-0.00214172 0.773639 -0.355934)
(-0.000517456 0.651698 -0.312678)
(0.000657595 0.532797 -0.261396)
(0.00122401 0.417666 -0.205433)
(0.00113578 0.302523 -0.147628)
(0.000599521 0.183767 -0.0894777)
(5.30499e-05 0.061493 -0.030808)
(0.262972 3.3347 0.243326)
(-0.15225 1.28894 0.320678)
(0.038906 0.321773 0.378573)
(-0.0681146 0.0581362 0.383755)
(-0.0603204 0.00863773 0.399042)
(-0.08785 0.0269914 0.412817)
(-0.110059 0.117873 0.420653)
(-0.125748 0.315912 0.406284)
(-0.127473 0.615023 0.355258)
(-0.11345 0.942865 0.269169)
(-0.0927345 1.19881 0.169221)
(-0.0772249 1.33216 0.0795873)
(-0.0689695 1.37353 0.00749313)
(-0.0632234 1.37616 -0.0540366)
(-0.0580913 1.36608 -0.111439)
(-0.0529865 1.35298 -0.167299)
(-0.0476966 1.33959 -0.222034)
(-0.0422119 1.32473 -0.2746)
(-0.0366281 1.30522 -0.322916)
(-0.0310851 1.27746 -0.364326)
(-0.0257433 1.23846 -0.396118)
(-0.020783 1.18597 -0.416023)
(-0.0163883 1.1179 -0.42259)
(-0.0126922 1.03204 -0.415332)
(-0.00969471 0.927189 -0.394615)
(-0.00722426 0.805591 -0.361473)
(-0.00504116 0.674314 -0.317586)
(-0.00305161 0.542627 -0.265426)
(-0.00140427 0.416581 -0.208115)
(-0.000325456 0.29612 -0.148731)
(0.000126176 0.177707 -0.0893072)
(6.31549e-05 0.0591316 -0.0302222)
(0.278755 3.42859 0.239054)
(-0.159381 1.4249 0.346656)
(0.0455834 0.384115 0.403791)
(-0.0692997 0.0746472 0.41414)
(-0.0554573 0.0201633 0.432566)
(-0.0827768 0.0659047 0.446004)
(-0.0999163 0.213278 0.445495)
(-0.108375 0.475453 0.412787)
(-0.10238 0.805662 0.34009)
(-0.0864432 1.10428 0.241526)
(-0.0717777 1.29144 0.144154)
(-0.0641059 1.36854 0.0639336)
(-0.060044 1.38653 -0.0021266)
(-0.0566633 1.38253 -0.0617669)
(-0.0532599 1.37155 -0.119023)
(-0.0496105 1.35943 -0.175413)
(-0.0456575 1.34714 -0.230902)
(-0.0414004 1.33277 -0.284243)
(-0.0368623 1.31304 -0.333242)
(-0.032081 1.28484 -0.375139)
(-0.0271364 1.24614 -0.407077)
(-0.0221837 1.19599 -0.426646)
(-0.0174614 1.13348 -0.432344)
(-0.01325 1.05642 -0.423832)
(-0.00977016 0.961389 -0.401832)
(-0.00705002 0.846243 -0.367749)
(-0.00488738 0.713824 -0.323334)
(-0.00302779 0.572958 -0.270691)
(-0.00142564 0.434016 -0.212449)
(-0.000263492 0.302721 -0.151502)
(0.000258576 0.178604 -0.0902611)
(9.83387e-05 0.0588319 -0.029877)
(0.28743 3.49514 0.234427)
(-0.163216 1.54049 0.368607)
(0.0511615 0.445493 0.427456)
(-0.0675498 0.0949795 0.442206)
(-0.0466056 0.0394154 0.462355)
(-0.0725084 0.116581 0.47226)
(-0.0840425 0.313753 0.460494)
(-0.0863921 0.614978 0.410433)
(-0.0770771 0.942701 0.323308)
(-0.0641312 1.19653 0.221879)
(-0.0561755 1.333 0.130873)
(-0.0530539 1.38312 0.0567051)
(-0.0511359 1.39253 -0.00710915)
(-0.0492472 1.38632 -0.0664216)
(-0.0471063 1.37522 -0.124064)
(-0.0446547 1.36328 -0.181128)
(-0.0418813 1.35071 -0.237451)
(-0.0387517 1.33529 -0.291763)
(-0.0352067 1.31374 -0.341852)
(-0.0311901 1.28323 -0.38486)
(-0.0266998 1.24246 -0.41773)
(-0.0218373 1.19176 -0.437776)
(-0.0168377 1.13186 -0.443244)
(-0.0120635 1.06205 -0.433697)
(-0.00793368 0.978822 -0.410064)
(-0.00476056 0.876882 -0.374239)
(-0.00257673 0.753331 -0.328442)
(-0.00110827 0.612295 -0.274819)
(-4.77219e-05 0.464561 -0.215574)
(0.000547114 0.321067 -0.153239)
(0.000580415 0.186808 -0.0903536)
(7.80459e-05 0.060885 -0.0290177)
(0.29189 3.54543 0.231534)
(-0.164218 1.64332 0.387795)
(0.0562545 0.508506 0.449863)
(-0.0637907 0.120615 0.467998)
(-0.0350562 0.0649892 0.488348)
(-0.0596731 0.170917 0.492232)
(-0.066336 0.404334 0.46864)
(-0.0648152 0.721709 0.404791)
(-0.0558041 1.02992 0.310105)
(-0.0474367 1.24399 0.210571)
(-0.0441679 1.35066 0.124947)
(-0.043326 1.38895 0.0537413)
(-0.0427164 1.39513 -0.0093833)
(-0.0419709 1.38823 -0.0688352)
(-0.0409709 1.37695 -0.126918)
(-0.0396873 1.36453 -0.184581)
(-0.0381221 1.35088 -0.241688)
(-0.0361899 1.33362 -0.297052)
(-0.033757 1.30944 -0.348502)
(-0.0306877 1.27559 -0.393102)
(-0.0268997 1.23116 -0.427577)
(-0.0224154 1.17729 -0.448917)
(-0.0174147 1.11604 -0.454986)
(-0.0122594 1.04862 -0.44501)
(-0.00746569 0.973378 -0.419831)
(-0.00357377 0.884866 -0.381682)
(-0.000925643 0.776147 -0.333437)
(0.000557425 0.644707 -0.277783)
(0.0011718 0.496975 -0.216983)
(0.00117107 0.345419 -0.153275)
(0.000777064 0.200348 -0.0891746)
(4.1644e-05 0.0649462 -0.0276628)
(0.294323 3.58674 0.228809)
(-0.163329 1.73935 0.40259)
(0.061038 0.575975 0.468474)
(-0.0588283 0.152439 0.489929)
(-0.0222195 0.0943669 0.50903)
(-0.046506 0.221972 0.505785)
(-0.049112 0.477225 0.471797)
(-0.0461234 0.79528 0.398604)
(-0.0391258 1.07988 0.301324)
(-0.0347461 1.26558 0.205181)
(-0.0341782 1.35662 0.123184)
(-0.034682 1.39007 0.0533789)
(-0.0351876 1.39535 -0.00954299)
(-0.0355677 1.38839 -0.0691814)
(-0.0357595 1.37687 -0.127553)
(-0.0357616 1.36369 -0.185621)
(-0.0355559 1.34869 -0.243372)
(-0.0350068 1.32946 -0.299772)
(-0.0339167 1.3026 -0.352727)
(-0.0320775 1.26545 -0.399241)
(-0.0293173 1.21736 -0.435854)
(-0.025561 1.15959 -0.459242)
(-0.0209007 1.09451 -0.466827)
(-0.0156539 1.02454 -0.457334)
(-0.0103357 0.950599 -0.431253)
(-0.00560126 0.869794 -0.390872)
(-0.00203422 0.77479 -0.339608)
(9.96312e-05 0.65806 -0.280957)
(0.000972571 0.51915 -0.217773)
(0.000991416 0.367243 -0.152374)
(0.000585178 0.214946 -0.0873443)
(-2.8354e-05 0.0698546 -0.0262491)
(0.296504 3.62354 0.225099)
(-0.162004 1.83144 0.41242)
(0.0657248 0.647366 0.482536)
(-0.0527516 0.189773 0.507301)
(-0.00994662 0.125286 0.524249)
(-0.0348195 0.265848 0.513977)
(-0.0337589 0.530827 0.472139)
(-0.0307755 0.841106 0.393579)
(-0.0261258 1.10449 0.296632)
(-0.0245793 1.27211 0.203855)
(-0.0256139 1.35568 0.124191)
(-0.0271917 1.38779 0.0551377)
(-0.02881 1.39347 -0.00766083)
(-0.0303916 1.38689 -0.067302)
(-0.0318955 1.37519 -0.125686)
(-0.033354 1.36129 -0.183869)
(-0.0347097 1.34505 -0.242041)
(-0.035782 1.32411 -0.299366)
(-0.0363156 1.2952 -0.353857)
(-0.0360232 1.25601 -0.402508)
(-0.0346256 1.20603 -0.441727)
(-0.0319335 1.14591 -0.467898)
(-0.0279173 1.0769 -0.477976)
(-0.0228558 1.00133 -0.470093)
(-0.0171707 0.922307 -0.444195)
(-0.0115662 0.840918 -0.402355)
(-0.00675974 0.752859 -0.348286)
(-0.00329927 0.649295 -0.286257)
(-0.00128126 0.523747 -0.220004)
(-0.000372032 0.378976 -0.15245)
(-9.96286e-05 0.225666 -0.0864065)
(-0.000121652 0.0740072 -0.0256007)
(0.298211 3.65595 0.220805)
(-0.161188 1.91921 0.418049)
(0.0700349 0.722315 0.492828)
(-0.0463032 0.232079 0.520253)
(0.000962946 0.156371 0.534783)
(-0.0251055 0.301353 0.518216)
(-0.0204732 0.567011 0.471359)
(-0.018498 0.865808 0.390406)
(-0.0158996 1.11227 0.29523)
(-0.0162198 1.26914 0.205364)
(-0.0183354 1.34987 0.12732)
(-0.0208753 1.38267 0.0588434)
(-0.0235743 1.38961 -0.00368972)
(-0.0263852 1.38376 -0.0630046)
(-0.0292908 1.37212 -0.12102)
(-0.0323101 1.35773 -0.17895)
(-0.0353568 1.34062 -0.237235)
(-0.0382122 1.31865 -0.29528)
(-0.0405702 1.28907 -0.351247)
(-0.0420576 1.25031 -0.402182)
(-0.0422827 1.2019 -0.444432)
(-0.040936 1.14296 -0.474128)
(-0.0378161 1.07221 -0.487735)
(-0.0332195 0.990394 -0.482761)
(-0.0273359 0.901785 -0.458483)
(-0.0208838 0.811721 -0.416504)
(-0.0146425 0.721223 -0.360555)
(-0.00936571 0.624018 -0.295481)
(-0.00548435 0.510676 -0.225959)
(-0.00292904 0.377221 -0.155775)
(-0.00133895 0.229071 -0.0881405)
(-0.000283903 0.0760525 -0.0264895)
(0.299288 3.68559 0.216317)
(-0.159862 2.00276 0.420126)
(0.0730294 0.800186 0.499842)
(-0.0404395 0.278748 0.529709)
(0.00998227 0.187028 0.541286)
(-0.0171241 0.328836 0.519857)
(-0.00886647 0.589056 0.470506)
(-0.00883816 0.875288 0.388825)
(-0.00778402 1.10881 0.296178)
(-0.00928496 1.25966 0.208832)
(-0.0121958 1.34023 0.132136)
(-0.0155664 1.37501 0.0643336)
(-0.01921 1.38384 0.00238363)
(-0.0231403 1.37912 -0.0562387)
(-0.0273761 1.36787 -0.113484)
(-0.0318739 1.35338 -0.170765)
(-0.0365224 1.336 -0.228815)
(-0.0410846 1.31408 -0.287309)
(-0.0452206 1.28589 -0.344598)
(-0.0484845 1.25095 -0.397853)
(-0.0503883 1.20864 -0.443444)
(-0.0505237 1.15576 -0.477307)
(-0.0485026 1.08748 -0.495439)
(-0.0446611 1.00156 -0.494752)
(-0.0388888 0.901827 -0.473786)
(-0.0317908 0.796974 -0.433435)
(-0.0241641 0.694358 -0.377107)
(-0.0169047 0.593555 -0.309923)
(-0.0107549 0.486204 -0.237372)
(-0.00603983 0.363574 -0.16415)
(-0.00272274 0.224452 -0.0938875)
(-0.000417878 0.0754279 -0.0293451)
(0.299945 3.71386 0.211857)
(-0.158499 2.08256 0.419367)
(0.0747181 0.880363 0.503708)
(-0.0354895 0.329081 0.535788)
(0.0166905 0.217303 0.544299)
(-0.010228 0.349785 0.520794)
(0.0011101 0.600391 0.469364)
(-0.00168882 0.873829 0.388559)
(-0.00105556 1.09754 0.298709)
(-0.00345399 1.24529 0.213745)
(-0.00689125 1.32737 0.138292)
(-0.0108559 1.365 0.0713516)
(-0.0152438 1.37627 0.010269)
(-0.0200694 1.37311 -0.0473485)
(-0.025319 1.36266 -0.103476)
(-0.0309308 1.34858 -0.15977)
(-0.0367762 1.33169 -0.217274)
(-0.042624 1.31113 -0.275933)
(-0.0481306 1.28656 -0.334314)
(-0.0528136 1.25876 -0.389768)
(-0.0561211 1.2268 -0.438761)
(-0.0576069 1.1851 -0.477137)
(-0.0569312 1.12504 -0.500555)
(-0.0538453 1.04044 -0.505333)
(-0.0486373 0.932574 -0.489318)
(-0.0414101 0.811013 -0.452564)
(-0.0328792 0.688612 -0.397771)
(-0.0239793 0.573028 -0.329878)
(-0.0157221 0.461428 -0.254865)
(-0.00887338 0.344132 -0.178243)
(-0.00384377 0.214049 -0.104016)
(-0.00050322 0.072544 -0.0340954)
(0.30055 3.74218 0.207661)
(-0.15742 2.15995 0.416488)
(0.075343 0.962303 0.504602)
(-0.0312636 0.3831 0.538634)
(0.0215973 0.247622 0.544617)
(-0.00421314 0.3657 0.521505)
(0.00801419 0.603744 0.467809)
(0.00441317 0.864678 0.38926)
(0.00456273 1.08065 0.302194)
(0.00157239 1.22717 0.219505)
(-0.00227614 1.31179 0.145488)
(-0.00643682 1.35291 0.0794287)
(-0.0112235 1.36709 0.0193609)
(-0.0165362 1.36591 -0.0370487)
(-0.0223126 1.35672 -0.091879)
(-0.0284527 1.3436 -0.147026)
(-0.0348251 1.32791 -0.203814)
(-0.0412355 1.3098 -0.262428)
(-0.0473709 1.2904 -0.321654)
(-0.0527556 1.27163 -0.379063)
(-0.0568297 1.25238 -0.431269)
(-0.0591252 1.22544 -0.474098)
(-0.0594249 1.17936 -0.502988)
(-0.0572107 1.10405 -0.513772)
(-0.0528682 0.996381 -0.503734)
(-0.0462799 0.863032 -0.472196)
(-0.0378553 0.718814 -0.420895)
(-0.0283497 0.57921 -0.354013)
(-0.0188768 0.450888 -0.277434)
(-0.0105902 0.328691 -0.197178)
(-0.00437967 0.202783 -0.117629)
(-0.000534149 0.0687526 -0.0400642)
(0.301356 3.77203 0.203852)
(-0.156392 2.23738 0.412185)
(0.0753499 1.04622 0.502958)
(-0.0278919 0.440624 0.539169)
(0.0254565 0.278749 0.543111)
(0.00126436 0.378506 0.520702)
(0.0122584 0.601679 0.466425)
(0.00949081 0.850324 0.39046)
(0.00915303 1.05991 0.30617)
(0.00621239 1.20626 0.225522)
(0.00206879 1.29407 0.152968)
(-0.002337 1.33903 0.0880171)
(-0.00698474 1.35647 0.0289432)
(-0.0122967 1.35767 -0.0262857)
(-0.018036 1.35017 -0.0798883)
(-0.0240412 1.33846 -0.133973)
(-0.0301907 1.32448 -0.190077)
(-0.0363514 1.30932 -0.248574)
(-0.0422648 1.29531 -0.308467)
(-0.0474873 1.28529 -0.367588)
(-0.0514847 1.27826 -0.42274)
(-0.053802 1.26646 -0.469708)
(-0.0541612 1.23725 -0.503631)
(-0.0525191 1.17824 -0.519982)
(-0.0490178 1.0819 -0.515733)
(-0.043663 0.948882 -0.489833)
(-0.0365559 0.790155 -0.443231)
(-0.028029 0.624507 -0.378972)
(-0.018933 0.469037 -0.302058)
(-0.0105543 0.328941 -0.218395)
(-0.00416418 0.197436 -0.132694)
(-0.000447564 0.0661135 -0.0461858)
(0.302416 3.80467 0.200032)
(-0.154566 2.31827 0.406937)
(0.075247 1.13385 0.49934)
(-0.0250935 0.502424 0.53788)
(0.0277925 0.31145 0.540616)
(0.00625043 0.389633 0.518462)
(0.0152556 0.596312 0.465124)
(0.0135289 0.832831 0.391791)
(0.0128196 1.0367 0.310293)
(0.0100952 1.18325 0.231601)
(0.00616993 1.27448 0.160233)
(0.00178243 1.32357 0.0963733)
(-0.00276151 1.34453 0.0382701)
(-0.00760478 1.34843 -0.0160091)
(-0.0128184 1.34298 -0.0686777)
(-0.0181545 1.33299 -0.121993)
(-0.0234939 1.32088 -0.177625)
(-0.0287684 1.30849 -0.236083)
(-0.0337778 1.29903 -0.2966)
(-0.038104 1.29589 -0.357321)
(-0.0412113 1.29832 -0.415264)
(-0.0426636 1.29848 -0.466082)
(-0.0423179 1.28389 -0.504403)
(-0.040356 1.24238 -0.525176)
(-0.0371556 1.1649 -0.525188)
(-0.0330286 1.04645 -0.503536)
(-0.0279899 0.889274 -0.461103)
(-0.0219506 0.707206 -0.400079)
(-0.0151148 0.52276 -0.324056)
(-0.00840072 0.354151 -0.237934)
(-0.00312864 0.204726 -0.146383)
(-0.000242648 0.0668992 -0.0512281)
(0.303502 3.83958 0.195294)
(-0.151327 2.40429 0.400995)
(0.0750141 1.22652 0.494523)
(-0.0224301 0.568889 0.534994)
(0.0289326 0.346537 0.537708)
(0.0103644 0.400462 0.515667)
(0.0174647 0.589372 0.463845)
(0.0165611 0.813809 0.393062)
(0.0156406 1.0122 0.314237)
(0.0131246 1.15892 0.237429)
(0.00955046 1.25344 0.167192)
(0.00547666 1.30666 0.10409)
(0.00122365 1.33135 0.0467481)
(-0.00310565 1.3382 -0.00687971)
(-0.00754402 1.33504 -0.0590199)
(-0.0119661 1.32689 -0.111967)
(-0.0162507 1.31655 -0.167443)
(-0.0203685 1.30647 -0.226071)
(-0.0241441 1.30045 -0.287354)
(-0.0271345 1.30225 -0.34982)
(-0.0287642 1.31089 -0.410684)
(-0.0286507 1.31794 -0.465276)
(-0.0268747 1.31116 -0.50744)
(-0.0239214 1.28068 -0.531334)
(-0.0203414 1.22027 -0.533423)
(-0.0168652 1.12384 -0.513224)
(-0.0137453 0.985166 -0.47241)
(-0.010808 0.8059 -0.413344)
(-0.00758633 0.603541 -0.338543)
(-0.00412805 0.404922 -0.251295)
(-0.00127186 0.227957 -0.155524)
(3.99854e-05 0.072672 -0.0539627)
(0.304242 3.87353 0.188711)
(-0.146952 2.49276 0.394476)
(0.0745605 1.32321 0.489497)
(-0.0199127 0.63974 0.531162)
(0.029401 0.384611 0.53467)
(0.013291 0.412303 0.512768)
(0.0188405 0.582482 0.462606)
(0.018515 0.794733 0.394219)
(0.0175205 0.987561 0.317856)
(0.0152087 1.1341 0.242808)
(0.0119412 1.23151 0.173639)
(0.00821505 1.28865 0.111156)
(0.00430515 1.31708 0.0542623)
(0.000419423 1.32701 0.000970117)
(-0.00335268 1.32624 -0.0510521)
(-0.00696174 1.31991 -0.104017)
(-0.010349 1.31118 -0.159666)
(-0.0134699 1.30307 -0.218768)
(-0.0160961 1.30004 -0.281194)
(-0.0176762 1.30594 -0.345905)
(-0.0175784 1.3185 -0.410174)
(-0.0155784 1.32731 -0.468679)
(-0.0120882 1.31984 -0.51419)
(-0.00786409 1.28961 -0.539995)
(-0.00359349 1.23623 -0.542162)
(-0.000132628 1.15776 -0.520518)
(0.00189122 1.04506 -0.477798)
(0.00239394 0.887291 -0.417605)
(0.00200083 0.687425 -0.342692)
(0.00151167 0.46971 -0.255116)
(0.00105586 0.263999 -0.157548)
(0.000276942 0.0832286 -0.0534343)
(0.304343 3.90105 0.180238)
(-0.143204 2.57566 0.387444)
(0.0739617 1.41905 0.485001)
(-0.0181621 0.713183 0.527049)
(0.0293622 0.425705 0.531716)
(0.0148721 0.426246 0.509937)
(0.0193277 0.577061 0.461418)
(0.0193636 0.776916 0.395255)
(0.0183561 0.963847 0.32115)
(0.0162136 1.10962 0.247757)
(0.0131646 1.20934 0.179601)
(0.0096574 1.26998 0.117679)
(0.00597218 1.30197 0.0610427)
(0.00227679 1.31499 0.00782823)
(-0.00121618 1.31658 -0.0442754)
(-0.00443113 1.31199 -0.0974872)
(-0.00743448 1.3048 -0.153559)
(-0.0100947 1.29886 -0.213502)
(-0.0120152 1.29947 -0.277697)
(-0.0124517 1.30986 -0.345521)
(-0.0107784 1.32473 -0.413937)
(-0.00710172 1.33026 -0.476506)
(-0.00223611 1.31411 -0.524805)
(0.00302054 1.27429 -0.551466)
(0.00796688 1.21675 -0.552336)
(0.0117856 1.14529 -0.527342)
(0.013654 1.05352 -0.47993)
(0.013054 0.924779 -0.415238)
(0.0102581 0.746355 -0.33754)
(0.00648128 0.52872 -0.249081)
(0.00303323 0.303492 -0.151705)
(0.000306234 0.0962774 -0.0494043)
(0.303943 3.91793 0.1717)
(-0.142984 2.64253 0.380111)
(0.0733711 1.50601 0.480844)
(-0.0179472 0.785644 0.522914)
(0.028846 0.469008 0.528943)
(0.0150185 0.442928 0.507239)
(0.0189294 0.57417 0.460282)
(0.0191707 0.761391 0.396184)
(0.0181582 0.941938 0.324188)
(0.0161165 1.08623 0.252415)
(0.0131617 1.18754 0.185306)
(0.00967618 1.25118 0.123993)
(0.0059464 1.28644 0.0676508)
(0.00211784 1.30236 0.0144899)
(-0.00157396 1.30623 -0.0376931)
(-0.00506553 1.30334 -0.0911426)
(-0.00842426 1.29792 -0.147723)
(-0.0113869 1.29514 -0.208889)
(-0.0132806 1.30101 -0.275687)
(-0.0131597 1.31651 -0.347689)
(-0.0105958 1.33103 -0.420935)
(-0.00615669 1.3275 -0.487477)
(-0.000811535 1.29643 -0.53798)
(0.00486664 1.24161 -0.564892)
(0.010275 1.17325 -0.564025)
(0.0146573 1.09886 -0.53508)
(0.0171365 1.01692 -0.481763)
(0.0169517 0.91229 -0.410457)
(0.0138694 0.763142 -0.327433)
(0.008857 0.563027 -0.23654)
(0.00389372 0.334145 -0.140117)
(0.000135201 0.107995 -0.0430266)
(0.304235 3.9296 0.165193)
(-0.145722 2.69281 0.372727)
(0.0729041 1.57974 0.475966)
(-0.0191638 0.85371 0.51877)
(0.0280075 0.513122 0.526224)
(0.0138521 0.46235 0.504627)
(0.0177856 0.574366 0.459173)
(0.0181155 0.748774 0.397026)
(0.0170902 0.922396 0.327065)
(0.0150865 1.06446 0.256967)
(0.0121085 1.16664 0.191051)
(0.00846658 1.23273 0.130541)
(0.00441812 1.2709 0.0747276)
(0.000100298 1.28951 0.0218516)
(-0.00425634 1.29552 -0.0301032)
(-0.00865681 1.29442 -0.083491)
(-0.0131225 1.29153 -0.140462)
(-0.0171611 1.29368 -0.203186)
(-0.019778 1.30663 -0.273414)
(-0.0200034 1.32627 -0.350391)
(-0.0178463 1.33556 -0.428615)
(-0.0141673 1.3175 -0.498763)
(-0.00962274 1.26937 -0.551295)
(-0.00430333 1.20003 -0.578867)
(0.00127691 1.11985 -0.577034)
(0.00652485 1.03673 -0.544896)
(0.0104215 0.953579 -0.486035)
(0.012061 0.86142 -0.407736)
(0.0108367 0.737715 -0.318181)
(0.0071725 0.563644 -0.223511)
(0.00294154 0.34652 -0.127764)
(-0.000146476 0.11468 -0.0369092)
(0.306146 3.94645 0.159134)
(-0.145378 2.73977 0.365614)
(0.0722377 1.64461 0.470501)
(-0.0206538 0.916403 0.51484)
(0.0269962 0.556796 0.523607)
(0.0117292 0.484034 0.502072)
(0.0161831 0.577665 0.458066)
(0.0164893 0.73922 0.39779)
(0.0154595 0.905411 0.329854)
(0.0134793 1.04454 0.261553)
(0.0104313 1.14693 0.197058)
(0.00655994 1.21497 0.137647)
(0.00198388 1.25573 0.0827215)
(-0.0029833 1.27679 0.0306885)
(-0.00822067 1.28488 -0.0204983)
(-0.0139837 1.28593 -0.0732765)
(-0.0200283 1.28689 -0.130339)
(-0.0256209 1.29603 -0.19479)
(-0.0295779 1.31643 -0.268826)
(-0.0312508 1.3365 -0.350685)
(-0.0311166 1.3351 -0.433237)
(-0.0298349 1.30112 -0.506667)
(-0.027345 1.24019 -0.561943)
(-0.0231181 1.16229 -0.591794)
(-0.0177423 1.07346 -0.591096)
(-0.0114594 0.978927 -0.557978)
(-0.005421 0.885133 -0.495457)
(-0.000730611 0.791747 -0.411348)
(0.00168244 0.682439 -0.315533)
(0.00163342 0.533443 -0.216518)
(0.000340333 0.337878 -0.120454)
(-0.000461339 0.114405 -0.0339655)
(0.308003 3.9605 0.150195)
(-0.142013 2.78435 0.360276)
(0.0709549 1.70223 0.466943)
(-0.0223317 0.973011 0.511657)
(0.0256933 0.598892 0.521408)
(0.00877373 0.507321 0.499554)
(0.0143722 0.583757 0.456912)
(0.014581 0.732537 0.398422)
(0.0136264 0.890845 0.332534)
(0.0117443 1.02642 0.266183)
(0.00868188 1.12845 0.203365)
(0.00462502 1.19804 0.145397)
(-0.000253632 1.24109 0.0918044)
(-0.00576993 1.26446 0.0412099)
(-0.0119555 1.27467 -0.00856161)
(-0.0189666 1.27854 -0.0600866)
(-0.0264699 1.28484 -0.116834)
(-0.0335259 1.30195 -0.182814)
(-0.0390848 1.32756 -0.260115)
(-0.0430708 1.34307 -0.345633)
(-0.0461365 1.32912 -0.431332)
(-0.0482558 1.28445 -0.508021)
(-0.0486374 1.22022 -0.56745)
(-0.0464242 1.14267 -0.602087)
(-0.0416514 1.05061 -0.60568)
(-0.034661 0.94491 -0.575059)
(-0.0261969 0.833866 -0.512191)
(-0.0177576 0.725997 -0.424823)
(-0.0106852 0.616229 -0.324064)
(-0.00581848 0.483902 -0.220607)
(-0.00295761 0.312333 -0.122511)
(-0.000728727 0.107698 -0.0359717)
(0.306636 3.95077 0.140732)
(-0.145952 2.80417 0.358412)
(0.0695498 1.74247 0.465666)
(-0.0265388 1.02046 0.509572)
(0.0235628 0.638003 0.51927)
(0.00472701 0.531488 0.4967)
(0.0125277 0.592167 0.455424)
(0.0126144 0.72829 0.398659)
(0.011943 0.878284 0.334892)
(0.0103566 1.00976 0.27065)
(0.00748142 1.11099 0.209732)
(0.00348532 1.1818 0.153497)
(-0.00139471 1.22694 0.101632)
(-0.00703818 1.25253 0.052857)
(-0.0136307 1.26507 0.00506843)
(-0.0212366 1.27244 -0.0447228)
(-0.0294155 1.2848 -0.100746)
(-0.0372237 1.30866 -0.167556)
(-0.044079 1.33551 -0.246642)
(-0.0504292 1.34379 -0.333881)
(-0.0567241 1.3208 -0.421437)
(-0.0622413 1.27418 -0.501331)
(-0.0657708 1.21633 -0.566093)
(-0.0664138 1.14805 -0.607945)
(-0.0629477 1.06075 -0.619411)
(-0.05611 0.949155 -0.595641)
(-0.045879 0.82004 -0.536856)
(-0.0340159 0.688415 -0.449774)
(-0.0223575 0.562524 -0.345968)
(-0.0126014 0.432474 -0.237888)
(-0.00566206 0.279257 -0.135126)
(-0.00082429 0.0972142 -0.0426685)
(0.292393 3.91354 0.139707)
(-0.154992 2.77459 0.35822)
(0.0645001 1.75223 0.463518)
(-0.0346472 1.05345 0.507487)
(0.0198876 0.672526 0.515654)
(-0.000129741 0.555732 0.492845)
(0.0109865 0.602212 0.452983)
(0.0108752 0.725749 0.398026)
(0.0107961 0.867009 0.336552)
(0.00972967 0.993949 0.274569)
(0.00728544 1.09404 0.215676)
(0.00370989 1.16586 0.161293)
(-0.000739021 1.21298 0.111304)
(-0.00594834 1.24078 0.0644972)
(-0.0121081 1.25583 0.0188358)
(-0.0192707 1.26694 -0.0290887)
(-0.0269312 1.28448 -0.0840539)
(-0.0344003 1.31202 -0.150628)
(-0.0416623 1.33691 -0.229609)
(-0.0494731 1.33904 -0.316573)
(-0.0579512 1.31275 -0.404592)
(-0.0660575 1.27053 -0.486966)
(-0.0725017 1.22457 -0.557131)
(-0.0760305 1.17266 -0.607524)
(-0.0747947 1.1005 -0.629756)
(-0.0693126 0.994733 -0.617074)
(-0.0588603 0.855688 -0.567212)
(-0.0451316 0.699373 -0.484589)
(-0.0303483 0.5455 -0.379988)
(-0.0169785 0.400188 -0.266853)
(-0.0070315 0.251548 -0.156173)
(-0.000807741 0.0869942 -0.0522274)
(0.267977 3.86252 0.156293)
(-0.16638 2.68954 0.357726)
(0.0514333 1.72362 0.457657)
(-0.0431753 1.06867 0.502484)
(0.0147415 0.701307 0.508517)
(-0.00449977 0.579251 0.487154)
(0.0100744 0.612905 0.448727)
(0.00986558 0.72381 0.396053)
(0.0106296 0.85601 0.337171)
(0.0101769 0.97817 0.277563)
(0.00831927 1.077 0.220694)
(0.00545068 1.14975 0.168074)
(0.00175899 1.19879 0.11978)
(-0.00252768 1.22878 0.0747567)
(-0.00748483 1.24633 0.0308569)
(-0.0132521 1.26057 -0.0154491)
(-0.0193682 1.28106 -0.0691377)
(-0.0255121 1.3089 -0.134423)
(-0.0321328 1.33056 -0.211623)
(-0.0401022 1.3293 -0.296604)
(-0.0493728 1.30366 -0.383492)
(-0.0589309 1.26765 -0.466824)
(-0.0674379 1.23457 -0.541265)
(-0.0732833 1.20301 -0.600066)
(-0.0748549 1.15523 -0.634407)
(-0.0709318 1.06928 -0.635498)
(-0.0619792 0.93543 -0.59819)
(-0.0486568 0.764094 -0.523821)
(-0.0332599 0.579929 -0.42099)
(-0.018507 0.404789 -0.302855)
(-0.00721163 0.242207 -0.181672)
(-0.000726445 0.08146 -0.0625455)
(0.255261 3.84387 0.193609)
(-0.183915 2.60719 0.35791)
(0.0383093 1.67738 0.446117)
(-0.0499519 1.07376 0.489796)
(0.0103334 0.726811 0.496139)
(-0.00603835 0.601925 0.478767)
(0.0104249 0.623013 0.4422)
(0.0105576 0.721074 0.392688)
(0.0119266 0.844147 0.33674)
(0.0118751 0.961645 0.279543)
(0.0105202 1.05935 0.224548)
(0.00835496 1.13309 0.173405)
(0.00559309 1.18401 0.126373)
(0.00236025 1.21612 0.0825932)
(-0.00121127 1.23583 0.0398937)
(-0.00512801 1.25201 -0.00528846)
(-0.00932701 1.27288 -0.0576767)
(-0.0137648 1.29839 -0.12096)
(-0.0191487 1.31652 -0.195232)
(-0.0263659 1.3139 -0.276929)
(-0.0353817 1.29048 -0.361201)
(-0.0452782 1.26046 -0.443853)
(-0.0546033 1.2397 -0.521072)
(-0.0615256 1.22959 -0.587269)
(-0.06465 1.2104 -0.633383)
(-0.0620996 1.15283 -0.648512)
(-0.0551476 1.03751 -0.624657)
(-0.0440726 0.866057 -0.560327)
(-0.0306821 0.660231 -0.461413)
(-0.0172076 0.45072 -0.339491)
(-0.00648482 0.258496 -0.20731)
(-0.000548569 0.0837688 -0.0720315)
(0.288006 3.94213 0.240602)
(-0.190973 2.68907 0.36455)
(0.0414439 1.71508 0.423766)
(-0.0488759 1.10781 0.472325)
(0.0134507 0.761474 0.477848)
(-0.00152871 0.626269 0.467885)
(0.0133806 0.632023 0.434595)
(0.0139876 0.716511 0.38887)
(0.0150279 0.830712 0.33594)
(0.0148001 0.94408 0.280967)
(0.0135815 1.04105 0.227512)
(0.0118205 1.11587 0.177425)
(0.00971943 1.16853 0.131164)
(0.00739954 1.20251 0.0879859)
(0.00493967 1.22391 0.0458367)
(0.00240134 1.24079 0.00123755)
(-0.000336891 1.26008 -0.049961)
(-0.00351505 1.28157 -0.11084)
(-0.00788763 1.29578 -0.181524)
(-0.0143054 1.29232 -0.25914)
(-0.0227718 1.27175 -0.339906)
(-0.0323426 1.24882 -0.421064)
(-0.0413001 1.24217 -0.500464)
(-0.0476051 1.25469 -0.573442)
(-0.0498182 1.26336 -0.630147)
(-0.0475697 1.23314 -0.657476)
(-0.0416079 1.13935 -0.644962)
(-0.0331064 0.977608 -0.589228)
(-0.0231759 0.762919 -0.494446)
(-0.0131464 0.525343 -0.370343)
(-0.00484759 0.297382 -0.228963)
(-0.000324437 0.0941357 -0.0794198)
(0.320644 4.1517 0.246097)
(-0.116915 3.04863 0.385969)
(0.062832 1.9865 0.409538)
(-0.0174603 1.24448 0.460778)
(0.0227986 0.833293 0.462589)
(0.0126909 0.660288 0.457966)
(0.0203266 0.641885 0.429048)
(0.0200289 0.710758 0.38668)
(0.0195868 0.816365 0.336191)
(0.0184889 0.92629 0.282833)
(0.0169084 1.02288 0.230342)
(0.015099 1.09867 0.1808)
(0.0131666 1.15271 0.134847)
(0.0111747 1.18809 0.0918173)
(0.00914443 1.21059 0.0497529)
(0.00705344 1.22732 0.00551692)
(0.0047924 1.24401 -0.0444639)
(0.00190579 1.26069 -0.102755)
(-0.00240192 1.27047 -0.169584)
(-0.00877987 1.26582 -0.242833)
(-0.0171433 1.24915 -0.320062)
(-0.0262841 1.23747 -0.400323)
(-0.0339621 1.25119 -0.483074)
(-0.0379878 1.28977 -0.563674)
(-0.0375492 1.32269 -0.630298)
(-0.0334043 1.31062 -0.667227)
(-0.0267925 1.22998 -0.662006)
(-0.0195655 1.07706 -0.610516)
(-0.0127619 0.861893 -0.51707)
(-0.00692111 0.607404 -0.390942)
(-0.00225995 0.347667 -0.243028)
(-3.13911e-07 0.109769 -0.0834499)
(0.310735 4.2788 0.169188)
(-0.0141144 3.45214 0.376654)
(0.0895913 2.42748 0.431385)
(0.0382998 1.51606 0.469368)
(0.0383213 0.964725 0.465265)
(0.0304777 0.71416 0.457335)
(0.0298531 0.657303 0.429804)
(0.0266587 0.707069 0.388586)
(0.024109 0.803873 0.338994)
(0.0218026 0.910535 0.28614)
(0.0195751 1.00646 0.233858)
(0.0173823 1.08256 0.184388)
(0.0151688 1.13721 0.138459)
(0.0129069 1.17332 0.0954377)
(0.0105499 1.19629 0.0534735)
(0.00800475 1.21234 0.0097675)
(0.00507919 1.22621 -0.0387275)
(0.0012312 1.23813 -0.0942269)
(-0.00418122 1.24334 -0.157051)
(-0.0115887 1.2377 -0.226071)
(-0.0206492 1.22792 -0.300715)
(-0.0294538 1.2354 -0.382322)
(-0.0351713 1.27872 -0.471456)
(-0.0358564 1.34594 -0.561892)
(-0.0317427 1.39532 -0.638477)
(-0.02452 1.38728 -0.682672)
(-0.0160079 1.30581 -0.680578)
(-0.00824719 1.15339 -0.628029)
(-0.00289087 0.939262 -0.530883)
(-0.000164596 0.677963 -0.400366)
(0.000767968 0.396474 -0.247686)
(0.000289644 0.126582 -0.0832324)
(0.283561 4.17578 0.0533915)
(0.0001085 3.56165 0.329998)
(0.101571 2.70169 0.468182)
(0.0649875 1.77381 0.495873)
(0.0470883 1.11644 0.486154)
(0.0399362 0.781945 0.469321)
(0.0342707 0.68073 0.437861)
(0.0293657 0.709656 0.394824)
(0.0258683 0.797105 0.344262)
(0.0230588 0.89961 0.290808)
(0.0205579 0.993501 0.238191)
(0.0180784 1.06845 0.188624)
(0.0154545 1.12255 0.142791)
(0.0125991 1.15858 0.100031)
(0.00940865 1.18147 0.0585918)
(0.00572707 1.19658 0.0159764)
(0.0012798 1.20781 -0.0304608)
(-0.00443971 1.21554 -0.0826438)
(-0.0119616 1.21698 -0.141236)
(-0.0214818 1.21258 -0.206552)
(-0.0319218 1.21637 -0.280605)
(-0.0404858 1.25361 -0.367207)
(-0.0441037 1.33302 -0.466662)
(-0.0417155 1.42362 -0.569207)
(-0.0346598 1.47503 -0.655761)
(-0.024843 1.45572 -0.705698)
(-0.0140352 1.36143 -0.704227)
(-0.00427508 1.20115 -0.646863)
(0.00208829 0.985736 -0.541117)
(0.00393392 0.724511 -0.402223)
(0.00263269 0.433529 -0.2444)
(0.000206754 0.140819 -0.0791119)
(0.253024 3.93733 -0.0121599)
(-0.0827415 3.34752 0.299808)
(0.0918254 2.67541 0.480187)
(0.0387862 1.86369 0.511491)
(0.036816 1.20327 0.508585)
(0.0328186 0.835102 0.483828)
(0.0282701 0.706868 0.447418)
(0.0254692 0.71979 0.401529)
(0.023319 0.798066 0.349356)
(0.0215122 0.894661 0.295173)
(0.0196171 0.984295 0.242434)
(0.0173219 1.05626 0.193181)
(0.0145074 1.10863 0.147971)
(0.0111011 1.14392 0.106109)
(0.00697665 1.16639 0.0659771)
(0.001917 1.18052 0.0253669)
(-0.00438843 1.18949 -0.0180554)
(-0.0124146 1.19392 -0.0661109)
(-0.0226023 1.19358 -0.120188)
(-0.0346929 1.19565 -0.182703)
(-0.0467193 1.22262 -0.258866)
(-0.0552668 1.29743 -0.354197)
(-0.0578212 1.4087 -0.466659)
(-0.0546509 1.50624 -0.581964)
(-0.0474369 1.54283 -0.678309)
(-0.0370456 1.50321 -0.734387)
(-0.0245103 1.39257 -0.734319)
(-0.011696 1.22111 -0.671909)
(-0.00176062 1.00109 -0.555166)
(0.00275301 0.742404 -0.404009)
(0.00243241 0.45251 -0.23858)
(-8.43958e-05 0.149624 -0.0736065)
(0.19085 3.69821 0.0207317)
(-0.157787 2.89999 0.280452)
(0.0434048 2.39419 0.448439)
(-0.015211 1.75969 0.509101)
(0.0151916 1.18982 0.514124)
(0.0119022 0.853907 0.487657)
(0.0153529 0.728274 0.450293)
(0.0170942 0.734754 0.403227)
(0.0181367 0.804844 0.35081)
(0.0185309 0.893708 0.297108)
(0.0179202 0.977046 0.245324)
(0.0162648 1.0447 0.197329)
(0.0136135 1.09473 0.153587)
(0.00995943 1.12907 0.113468)
(0.00517787 1.15111 0.0755795)
(-0.000977868 1.16441 0.0380257)
(-0.00885175 1.1716 -0.00128371)
(-0.0189006 1.17397 -0.0443361)
(-0.0314179 1.17513 -0.0936716)
(-0.0456337 1.19052 -0.154475)
(-0.0589493 1.24762 -0.234934)
(-0.0681271 1.35677 -0.340466)
(-0.0720144 1.48222 -0.465267)
(-0.0718461 1.56664 -0.591838)
(-0.068245 1.5805 -0.698385)
(-0.06006 1.52535 -0.763933)
(-0.0472261 1.40632 -0.770277)
(-0.031154 1.22658 -0.707199)
(-0.0155342 0.998203 -0.580892)
(-0.00478745 0.738085 -0.415184)
(-0.00045875 0.453683 -0.23845)
(-0.00042786 0.152047 -0.0709824)
(0.160536 3.55445 0.119985)
(-0.223083 2.44703 0.262611)
(-0.0271188 1.97769 0.40413)
(-0.0602703 1.53462 0.485716)
(-0.0157919 1.11028 0.495965)
(-0.00876688 0.845374 0.476159)
(0.00380846 0.742631 0.441979)
(0.00978411 0.749751 0.397113)
(0.0143609 0.812354 0.347019)
(0.0169034 0.892464 0.295679)
(0.01756 0.968771 0.246245)
(0.0166678 1.03205 0.200527)
(0.0144419 1.08003 0.159048)
(0.0109432 1.11374 0.121406)
(0.0060511 1.13558 0.0865331)
(-0.000464018 1.14831 0.0528782)
(-0.00896526 1.15433 0.0185047)
(-0.0199003 1.15616 -0.0189998)
(-0.0333758 1.16228 -0.0636723)
(-0.0483795 1.195 -0.12341)
(-0.0622937 1.27936 -0.208111)
(-0.0729558 1.40665 -0.321419)
(-0.0807676 1.52451 -0.454375)
(-0.0868745 1.5854 -0.589401)
(-0.0899888 1.58383 -0.707339)
(-0.0871712 1.53045 -0.787921)
(-0.076195 1.42013 -0.809229)
(-0.0583247 1.24152 -0.754603)
(-0.0365272 1.0027 -0.624816)
(-0.0172584 0.731168 -0.444883)
(-0.00558684 0.446301 -0.252229)
(-0.000971213 0.150112 -0.0749163)
(0.247912 3.77767 0.247281)
(-0.238902 2.45253 0.279463)
(-0.0473257 1.73036 0.357429)
(-0.0826751 1.3319 0.435422)
(-0.0309366 1.02407 0.458276)
(-0.0166145 0.829997 0.450632)
(0.000807937 0.752229 0.42363)
(0.00951508 0.760325 0.384645)
(0.0158192 0.815254 0.339229)
(0.0192297 0.886938 0.291785)
(0.0204488 0.957205 0.245637)
(0.0200412 1.0173 0.20273)
(0.0183 1.06417 0.163856)
(0.0153091 1.09777 0.128969)
(0.0109584 1.11968 0.09737)
(0.00505008 1.13214 0.0678144)
(-0.00270308 1.13762 0.0384523)
(-0.0127335 1.14029 0.00638082)
(-0.0251507 1.15264 -0.0339733)
(-0.0389714 1.19949 -0.0921479)
(-0.0523861 1.2979 -0.178213)
(-0.0646434 1.42344 -0.293791)
(-0.0771579 1.521 -0.42894)
(-0.0903383 1.56144 -0.568774)
(-0.101422 1.55867 -0.698223)
(-0.106431 1.52602 -0.798499)
(-0.100803 1.44506 -0.844268)
(-0.0846362 1.2848 -0.810809)
(-0.0590981 1.0411 -0.688892)
(-0.0316133 0.748374 -0.49884)
(-0.0113842 0.447277 -0.285219)
(-0.00135215 0.1488 -0.0869828)
(0.330783 4.2135 0.260475)
(-0.060842 3.13713 0.372428)
(0.0221644 2.12549 0.366494)
(-0.0340963 1.42377 0.401031)
(-0.00923914 1.0393 0.418584)
(-0.000898392 0.842664 0.420599)
(0.0130072 0.764788 0.402949)
(0.0199618 0.765705 0.37133)
(0.024499 0.811558 0.331278)
(0.0267257 0.876129 0.287896)
(0.0273491 0.942372 0.244846)
(0.0268518 1.00088 0.204405)
(0.0254407 1.04744 0.167759)
(0.0231482 1.08116 0.135233)
(0.0198794 1.10318 0.10643)
(0.0154933 1.11562 0.0803186)
(0.00975534 1.12117 0.0550921)
(0.00226408 1.12514 0.0275072)
(-0.00702198 1.14145 -0.00881745)
(-0.0176767 1.19303 -0.064081)
(-0.0291808 1.28942 -0.147168)
(-0.0418323 1.40039 -0.25898)
(-0.0573471 1.47724 -0.390396)
(-0.0756945 1.50516 -0.53015)
(-0.093823 1.50889 -0.667675)
(-0.10745 1.50604 -0.787661)
(-0.111287 1.47157 -0.864299)
(-0.100644 1.35337 -0.865003)
(-0.0767947 1.12294 -0.76647)
(-0.0446034 0.808906 -0.575973)
(-0.0169266 0.473804 -0.33846)
(-0.00160838 0.154143 -0.106841)
(0.300582 4.29669 0.101807)
(0.105757 3.7002 0.353698)
(0.125067 2.8609 0.434771)
(0.0780143 1.93348 0.442725)
(0.0470641 1.28135 0.42214)
(0.0376174 0.938012 0.410539)
(0.0391475 0.798493 0.393629)
(0.0389334 0.772516 0.365358)
(0.0385149 0.80518 0.328264)
(0.0378533 0.863387 0.287046)
(0.036952 0.926995 0.245511)
(0.0358812 0.984515 0.206252)
(0.0346082 1.03056 0.170759)
(0.0330655 1.06392 0.13956)
(0.0311829 1.08579 0.112393)
(0.0288784 1.09833 0.088334)
(0.0259765 1.10432 0.0656253)
(0.0221555 1.10916 0.040923)
(0.016912 1.1254 0.00791533)
(0.0105529 1.17178 -0.0428652)
(0.00233204 1.25439 -0.119533)
(-0.00907026 1.34674 -0.222793)
(-0.0245964 1.40881 -0.345626)
(-0.0446753 1.43016 -0.479678)
(-0.0669263 1.43799 -0.618364)
(-0.0876594 1.45965 -0.751953)
(-0.101598 1.47725 -0.858675)
(-0.100456 1.42291 -0.901624)
(-0.0840305 1.23309 -0.842116)
(-0.053156 0.911885 -0.666404)
(-0.0215972 0.533282 -0.408358)
(-0.00192807 0.169993 -0.133247)
(0.229122 3.94253 -0.0721285)
(0.0736581 3.64911 0.247047)
(0.156709 3.23005 0.475419)
(0.140273 2.44063 0.511565)
(0.0904028 1.65 0.470079)
(0.0708787 1.11803 0.433564)
(0.062483 0.864797 0.404154)
(0.0554311 0.789681 0.371324)
(0.0508124 0.803541 0.332558)
(0.0478103 0.854603 0.290375)
(0.0457328 0.914967 0.248145)
(0.044273 0.970147 0.208465)
(0.043216 1.01408 0.172809)
(0.0424791 1.04589 0.14163)
(0.04206 1.0671 0.114625)
(0.0419337 1.07979 0.090932)
(0.0419383 1.08639 0.0689286)
(0.0416988 1.09146 0.0454882)
(0.0407059 1.10481 0.0148965)
(0.0384423 1.14041 -0.0308294)
(0.0338792 1.20363 -0.0991393)
(0.025564 1.27713 -0.191196)
(0.0120514 1.33039 -0.302471)
(-0.00689349 1.35015 -0.426504)
(-0.0298953 1.35739 -0.559223)
(-0.0543428 1.38933 -0.696724)
(-0.0751223 1.44902 -0.825011)
(-0.085331 1.46719 -0.909154)
(-0.0783134 1.3434 -0.898555)
(-0.0552093 1.03871 -0.754242)
(-0.0244776 0.619766 -0.48678)
(-0.00256207 0.196009 -0.164448)
(0.163437 3.55758 -0.114649)
(-0.0822274 3.1885 0.189496)
(0.119252 3.15014 0.456237)
(0.107938 2.6159 0.528569)
(0.0841763 1.86527 0.509102)
(0.0751368 1.25814 0.465838)
(0.066428 0.929696 0.424261)
(0.0592621 0.813951 0.383633)
(0.0548411 0.810486 0.340369)
(0.0520551 0.853504 0.295344)
(0.0502434 0.908162 0.251247)
(0.0490927 0.958045 0.210289)
(0.0485266 0.997478 0.173586)
(0.0486645 1.02635 0.141325)
(0.0496492 1.0464 0.113142)
(0.0515076 1.05932 0.0883112)
(0.0540727 1.06676 0.0654853)
(0.0569176 1.07193 0.0420031)
(0.0593577 1.08169 0.0131018)
(0.0605399 1.10593 -0.0279106)
(0.0592821 1.15009 -0.0872554)
(0.0540224 1.2054 -0.167318)
(0.0433322 1.25155 -0.265676)
(0.0268524 1.27382 -0.37764)
(0.00531066 1.2812 -0.500139)
(-0.0194806 1.31232 -0.633316)
(-0.0435695 1.39555 -0.771874)
(-0.0612371 1.47761 -0.887953)
(-0.0627071 1.4322 -0.926105)
(-0.0511514 1.16746 -0.824972)
(-0.0248505 0.72062 -0.563441)
(-0.00330221 0.22899 -0.197973)
(0.0990153 3.28976 -0.0339221)
(-0.199736 2.57055 0.13657)
(0.000409743 2.66415 0.36837)
(0.0134416 2.3761 0.492301)
(0.0383404 1.7868 0.509218)
(0.04783 1.25912 0.476517)
(0.0500836 0.950981 0.434302)
(0.0505258 0.832809 0.390385)
(0.0504874 0.822549 0.344464)
(0.0501394 0.857815 0.297854)
(0.0495273 0.903943 0.252798)
(0.0488973 0.945599 0.210946)
(0.0487322 0.978605 0.172963)
(0.0495549 1.00365 0.138867)
(0.0516985 1.02234 0.108437)
(0.0552175 1.03567 0.0812845)
(0.0598927 1.04435 0.0564981)
(0.0652248 1.0502 0.0320163)
(0.0703181 1.05754 0.00405743)
(0.0741663 1.0731 -0.0326597)
(0.0756067 1.10201 -0.083521)
(0.0729867 1.14144 -0.151628)
(0.0649777 1.17949 -0.23648)
(0.0510415 1.20324 -0.335211)
(0.0315053 1.2143 -0.446013)
(0.00783374 1.24417 -0.571085)
(-0.0166606 1.33718 -0.711745)
(-0.0363234 1.4651 -0.848165)
(-0.045294 1.49403 -0.926512)
(-0.0426315 1.28418 -0.8722)
(-0.0235523 0.824797 -0.630307)
(-0.0038131 0.265462 -0.231197)
(0.157243 3.4558 0.138948)
(-0.265509 2.32226 0.116129)
(-0.105118 2.03125 0.264688)
(-0.0756857 1.85574 0.411002)
(-0.0182159 1.50073 0.460392)
(0.0113455 1.14895 0.452261)
(0.0294391 0.929358 0.422608)
(0.0391972 0.840198 0.383983)
(0.0440747 0.832195 0.340997)
(0.0456882 0.860053 0.296597)
(0.045215 0.896066 0.252964)
(0.0439288 0.928333 0.211271)
(0.0431331 0.954446 0.171944)
(0.0438574 0.975524 0.135214)
(0.0466406 0.992782 0.101407)
(0.0515141 1.00659 0.0707943)
(0.0580937 1.01696 0.0431154)
(0.0656613 1.02452 0.0170362)
(0.0732601 1.03155 -0.0102696)
(0.0796447 1.04231 -0.043041)
(0.0833765 1.06111 -0.08601)
(0.0830061 1.08838 -0.142637)
(0.0772547 1.11804 -0.213853)
(0.0654189 1.14028 -0.298533)
(0.0475085 1.15434 -0.3967)
(0.0250639 1.18801 -0.513206)
(0.00175518 1.28839 -0.652821)
(-0.0177432 1.44634 -0.801185)
(-0.0311758 1.53552 -0.908942)
(-0.0320246 1.3852 -0.897739)
(-0.0225957 0.926705 -0.684433)
(-0.00415732 0.302981 -0.262743)
(0.298303 4.1021 0.219161)
(-0.047506 3.15226 0.236994)
(-0.0118311 2.28542 0.249949)
(-0.0470187 1.66049 0.337372)
(-0.022717 1.26604 0.387679)
(0.00148251 1.01425 0.400128)
(0.0235513 0.879371 0.390136)
(0.0377306 0.830992 0.365815)
(0.0447552 0.833032 0.332624)
(0.0457596 0.856471 0.29476)
(0.0427628 0.883842 0.254786)
(0.0381772 0.908081 0.213826)
(0.0343235 0.928185 0.172494)
(0.0329749 0.94509 0.131665)
(0.0350947 0.959676 0.0926601)
(0.0407874 0.972354 0.0568533)
(0.0494213 0.983198 0.0251001)
(0.0596767 0.992086 -0.00307526)
(0.070232 1.0002 -0.0298789)
(0.0795905 1.00985 -0.0588097)
(0.0859957 1.02378 -0.0939956)
(0.0878774 1.04338 -0.139145)
(0.0840019 1.06591 -0.196279)
(0.0735844 1.08474 -0.265997)
(0.0566475 1.1003 -0.350892)
(0.0352428 1.14084 -0.459231)
(0.0136074 1.25279 -0.59792)
(-0.00496004 1.43126 -0.753548)
(-0.0201392 1.56549 -0.881249)
(-0.0235169 1.47345 -0.905959)
(-0.0229592 1.02703 -0.727259)
(-0.00494519 0.341127 -0.293843)
(0.303403 4.23944 0.0299797)
(0.122838 3.69412 0.190324)
(0.145689 3.05709 0.312017)
(0.120428 2.25597 0.380723)
(0.0791439 1.56364 0.39128)
(0.0610968 1.11084 0.378011)
(0.0613621 0.885207 0.361917)
(0.0657911 0.812526 0.344742)
(0.0684824 0.817251 0.323404)
(0.0668879 0.849511 0.296187)
(0.0606419 0.884583 0.262664)
(0.0513501 0.913895 0.22294)
(0.0417862 0.936031 0.178055)
(0.0348048 0.95145 0.130258)
(0.0325806 0.960768 0.0827684)
(0.0362692 0.965149 0.0388975)
(0.0449815 0.966494 0.000604003)
(0.0572047 0.967944 -0.0316022)
(0.0707906 0.971508 -0.0584131)
(0.0831664 0.978 -0.0826691)
(0.0919896 0.988261 -0.108663)
(0.0954386 1.0027 -0.140762)
(0.092299 1.01946 -0.182213)
(0.0819834 1.03436 -0.235723)
(0.0651275 1.05143 -0.307355)
(0.0447508 1.10185 -0.408883)
(0.0250252 1.22888 -0.547428)
(0.00744135 1.42291 -0.706984)
(-0.00875242 1.589 -0.846097)
(-0.0171641 1.55282 -0.899079)
(-0.0230549 1.13113 -0.760484)
(-0.00704722 0.383054 -0.327866)
(0.237078 3.76747 -0.105609)
(-0.0502723 3.22146 0.110057)
(0.139169 3.09501 0.318096)
(0.205264 2.7516 0.418095)
(0.206471 2.22529 0.442322)
(0.196578 1.68502 0.422167)
(0.185725 1.26031 0.386485)
(0.174534 0.999301 0.352607)
(0.164605 0.88363 0.325464)
(0.155334 0.866194 0.301394)
(0.145241 0.901919 0.274163)
(0.133649 0.960083 0.238764)
(0.121196 1.0221 0.193083)
(0.109393 1.07437 0.138387)
(0.100111 1.105 0.0789983)
(0.0950059 1.10763 0.0212964)
(0.0956606 1.08762 -0.0285533)
(0.101203 1.05465 -0.0670603)
(0.109125 1.01873 -0.0938211)
(0.116507 0.990403 -0.111641)
(0.120862 0.97531 -0.125783)
(0.120145 0.973045 -0.142252)
(0.113175 0.979061 -0.166351)
(0.0997865 0.98864 -0.203717)
(0.0815847 1.00917 -0.264353)
(0.0622444 1.07373 -0.362033)
(0.0446154 1.21755 -0.500798)
(0.0277795 1.42396 -0.660807)
(0.00925124 1.60939 -0.803026)
(-0.00691532 1.62442 -0.875107)
(-0.0186119 1.24339 -0.779882)
(-0.0106607 0.434753 -0.366233)
(0.144029 3.42227 -0.0480807)
(-0.196516 2.66076 0.0770279)
(-0.00139323 2.69926 0.172493)
(0.100334 2.73333 0.290779)
(0.209852 2.59002 0.372609)
(0.292507 2.30528 0.407497)
(0.345273 1.96092 0.406924)
(0.371073 1.63314 0.387879)
(0.377173 1.3729 0.362478)
(0.372474 1.20329 0.335382)
(0.36235 1.12455 0.305561)
(0.34983 1.12216 0.269963)
(0.336077 1.17482 0.225462)
(0.321281 1.25829 0.171019)
(0.305336 1.3455 0.108859)
(0.288146 1.40617 0.0442268)
(0.268724 1.40929 -0.01565)
(0.249581 1.34597 -0.0627169)
(0.231388 1.23815 -0.0933237)
(0.213922 1.12364 -0.109377)
(0.19676 1.03357 -0.116623)
(0.17906 0.979587 -0.122398)
(0.159644 0.956611 -0.134407)
(0.138382 0.955758 -0.162195)
(0.117265 0.983373 -0.219217)
(0.0987174 1.06781 -0.317959)
(0.0821362 1.2289 -0.456096)
(0.0636732 1.441 -0.610709)
(0.0408636 1.63453 -0.748126)
(0.0150744 1.68704 -0.827749)
(-0.00602742 1.36098 -0.772133)
(-0.0144343 0.50127 -0.402626)
(0.0691436 3.2979 0.104949)
(-0.261585 2.67705 0.0761943)
(-0.139453 2.76766 0.0422036)
(-0.053742 2.79164 0.0648083)
(0.092267 2.72951 0.133152)
(0.248241 2.63311 0.203651)
(0.386509 2.49256 0.260636)
(0.494975 2.31267 0.300262)
(0.569303 2.11401 0.322086)
(0.613875 1.92462 0.327131)
(0.635955 1.77044 0.317277)
(0.641762 1.66871 0.294243)
(0.635979 1.62504 0.259317)
(0.620524 1.63291 0.214139)
(0.596069 1.67371 0.161911)
(0.562768 1.71698 0.107688)
(0.521292 1.7247 0.0573902)
(0.473012 1.66488 0.0161773)
(0.420908 1.53121 -0.0133224)
(0.369191 1.35369 -0.0317526)
(0.320955 1.18195 -0.0428599)
(0.278058 1.05516 -0.0527587)
(0.241423 0.985808 -0.069615)
(0.21105 0.969168 -0.104987)
(0.187334 1.0084 -0.171708)
(0.168539 1.1159 -0.275616)
(0.149545 1.28809 -0.407899)
(0.124761 1.49147 -0.547425)
(0.0919078 1.67325 -0.668981)
(0.0539067 1.7452 -0.744891)
(0.0176806 1.47448 -0.717174)
(-0.0144803 0.582753 -0.417575)
(0.152506 3.5233 0.272642)
(-0.138309 3.18309 0.0863214)
(0.114465 3.46178 -0.0809594)
(0.18857 3.47121 -0.139482)
(0.283127 3.34419 -0.128508)
(0.387826 3.16673 -0.0748397)
(0.489733 2.98789 0.0020859)
(0.584458 2.82148 0.0843544)
(0.668074 2.66738 0.156563)
(0.734376 2.52197 0.210608)
(0.781753 2.38577 0.244349)
(0.810364 2.26507 0.258328)
(0.8209 2.16779 0.255033)
(0.814128 2.09821 0.238296)
(0.791002 2.05282 0.212853)
(0.753301 2.01779 0.18381)
(0.703534 1.97 0.155654)
(0.645115 1.88437 0.130755)
(0.582299 1.74799 0.10915)
(0.519784 1.57228 0.0891059)
(0.461795 1.39055 0.0677448)
(0.41125 1.24053 0.0410653)
(0.369623 1.14693 0.00333487)
(0.337013 1.12147 -0.0519769)
(0.312449 1.1698 -0.129017)
(0.289407 1.28161 -0.227522)
(0.260698 1.43448 -0.339664)
(0.221785 1.59782 -0.45143)
(0.171832 1.73899 -0.546159)
(0.114242 1.80291 -0.605757)
(0.0542041 1.57471 -0.594373)
(-0.00516597 0.670711 -0.37853)
(0.259036 4.10613 0.22571)
(0.171209 3.90211 0.042146)
(0.283738 3.7517 -0.18397)
(0.411839 3.47461 -0.272307)
(0.5075 3.19331 -0.265493)
(0.59064 2.98286 -0.211706)
(0.671267 2.85379 -0.137897)
(0.746223 2.78873 -0.0600753)
(0.813214 2.76173 0.013272)
(0.870993 2.74132 0.0794986)
(0.917468 2.7102 0.136585)
(0.951237 2.66478 0.182408)
(0.971093 2.60753 0.216081)
(0.976199 2.54318 0.23822)
(0.966383 2.47572 0.250558)
(0.942455 2.40593 0.255329)
(0.906607 2.32979 0.254343)
(0.861942 2.23948 0.248329)
(0.811918 2.12811 0.236678)
(0.759731 1.99644 0.218032)
(0.708196 1.85655 0.190796)
(0.659248 1.72841 0.153341)
(0.613587 1.63227 0.104077)
(0.570399 1.58104 0.0414403)
(0.525402 1.57573 -0.0350041)
(0.476133 1.6148 -0.121153)
(0.419462 1.68453 -0.210115)
(0.35284 1.76489 -0.292538)
(0.275566 1.83595 -0.357721)
(0.1905 1.86299 -0.394882)
(0.101023 1.6489 -0.38717)
(0.00993508 0.738669 -0.260348)
(0.303013 4.45826 -0.0268648)
(0.119083 3.93916 -0.28089)
(0.246831 3.3109 -0.411933)
(0.37409 2.76521 -0.440065)
(0.44232 2.40088 -0.404415)
(0.492386 2.19819 -0.333364)
(0.542716 2.10138 -0.248229)
(0.593753 2.06554 -0.162005)
(0.643119 2.06011 -0.0807458)
(0.693804 2.08554 -0.00742018)
(0.74518 2.13703 0.0573671)
(0.793888 2.20069 0.114029)
(0.837125 2.26234 0.163225)
(0.872143 2.31245 0.205354)
(0.897226 2.34625 0.240653)
(0.911459 2.36228 0.269131)
(0.915038 2.36047 0.290314)
(0.90903 2.34073 0.303275)
(0.894477 2.30277 0.306717)
(0.872524 2.24763 0.299371)
(0.844404 2.17969 0.280285)
(0.810538 2.10719 0.249301)
(0.770967 2.0404 0.207112)
(0.72497 1.98823 0.15538)
(0.671645 1.95532 0.096716)
(0.608658 1.93937 0.0351619)
(0.533791 1.93493 -0.0238302)
(0.446705 1.93573 -0.0737774)
(0.348618 1.93591 -0.108029)
(0.242808 1.9136 -0.120798)
(0.132066 1.67838 -0.109982)
(0.0182214 0.757508 -0.0726269)
(0.283469 4.32596 -0.152042)
(0.0496574 3.40413 -0.421776)
(0.211507 2.6466 -0.533293)
(0.33087 2.19639 -0.543564)
(0.380993 1.99651 -0.489983)
(0.412452 1.93535 -0.404993)
(0.441845 1.93016 -0.313853)
(0.46909 1.93929 -0.229114)
(0.494495 1.94746 -0.154609)
(0.519696 1.9515 -0.0900506)
(0.546061 1.95229 -0.0333574)
(0.574569 1.95497 0.0185711)
(0.605127 1.96934 0.0678682)
(0.63667 1.9969 0.115186)
(0.667641 2.03393 0.160257)
(0.696251 2.07451 0.20204)
(0.720694 2.11274 0.238988)
(0.739452 2.14374 0.26923)
(0.751012 2.16393 0.290986)
(0.754596 2.17108 0.302804)
(0.749192 2.16478 0.304033)
(0.73385 2.14672 0.295008)
(0.708021 2.12037 0.277113)
(0.671008 2.08994 0.252776)
(0.622405 2.05908 0.225322)
(0.561819 2.02971 0.19854)
(0.489239 2.00245 0.17655)
(0.405439 1.97745 0.163354)
(0.31214 1.9547 0.162111)
(0.213235 1.90796 0.173827)
(0.111042 1.63014 0.184733)
(0.0119138 0.702079 0.126075)
(0.280971 4.14125 -0.267084)
(0.0570008 2.96786 -0.585008)
(0.204841 2.24988 -0.671544)
(0.290882 1.97173 -0.639884)
(0.312963 1.93223 -0.551652)
(0.325309 1.96984 -0.448295)
(0.339712 2.01078 -0.351703)
(0.354983 2.0356 -0.267368)
(0.371094 2.0453 -0.193885)
(0.388198 2.04489 -0.129004)
(0.40552 2.03858 -0.0712952)
(0.421967 2.02831 -0.0200821)
(0.436799 2.01228 0.0254469)
(0.451108 1.99517 0.0673087)
(0.465857 1.98256 0.107293)
(0.481379 1.97806 0.146284)
(0.497219 1.9823 0.184091)
(0.512224 1.99338 0.219719)
(0.524781 2.00786 0.251725)
(0.533139 2.0219 0.278711)
(0.53535 2.0321 0.299896)
(0.529871 2.03624 0.315155)
(0.515292 2.03346 0.325285)
(0.490682 2.0242 0.331907)
(0.455555 2.00973 0.337295)
(0.40993 1.99171 0.344006)
(0.354302 1.97183 0.354631)
(0.289643 1.95204 0.371405)
(0.217773 1.93169 0.395682)
(0.142061 1.86604 0.423969)
(0.0667431 1.52894 0.422694)
(-0.000408533 0.609009 0.266146)
(0.280093 3.89276 -0.401227)
(0.0418008 2.56919 -0.724245)
(0.178089 2.00721 -0.752519)
(0.219404 1.92479 -0.677767)
(0.219421 1.99377 -0.567792)
(0.220821 2.06164 -0.460295)
(0.225511 2.09576 -0.367762)
(0.232147 2.10391 -0.289075)
(0.24085 2.09853 -0.220389)
(0.251423 2.08776 -0.15887)
(0.263143 2.07552 -0.10278)
(0.275129 2.06329 -0.0509625)
(0.286554 2.05091 -0.00274639)
(0.29651 2.03631 0.0420489)
(0.304715 2.01914 0.0837618)
(0.311507 2.00112 0.123101)
(0.317358 1.98476 0.16084)
(0.322442 1.97214 0.19746)
(0.326453 1.96404 0.232996)
(0.328631 1.95989 0.267157)
(0.327865 1.95813 0.299618)
(0.322954 1.95686 0.330291)
(0.312769 1.95436 0.359524)
(0.296395 1.94954 0.388147)
(0.273237 1.94208 0.417421)
(0.243049 1.93249 0.448857)
(0.205932 1.92205 0.483931)
(0.162405 1.9122 0.523654)
(0.11401 1.89418 0.566988)
(0.0647575 1.79437 0.601604)
(0.0184954 1.38467 0.572545)
(-0.0112983 0.501015 0.323796)
(0.266907 3.62785 -0.52543)
(0.00704281 2.27139 -0.813558)
(0.139247 1.91862 -0.788369)
(0.131909 1.97358 -0.685517)
(0.124756 2.0725 -0.567232)
(0.119853 2.1256 -0.461739)
(0.116078 2.13749 -0.373458)
(0.114822 2.12718 -0.299004)
(0.116408 2.10881 -0.234068)
(0.120391 2.08974 -0.175413)
(0.126028 2.07265 -0.121116)
(0.132616 2.05779 -0.0700973)
(0.139532 2.0446 -0.0217432)
(0.146468 2.0331 0.024444)
(0.152738 2.02182 0.0686722)
(0.157729 2.00933 0.111016)
(0.161175 1.99531 0.151722)
(0.163038 1.98042 0.191219)
(0.163337 1.96574 0.229972)
(0.162006 1.95216 0.268371)
(0.158817 1.94001 0.306726)
(0.153395 1.92906 0.345372)
(0.145275 1.91879 0.384778)
(0.133964 1.90872 0.425665)
(0.119013 1.89887 0.469007)
(0.100091 1.88999 0.515836)
(0.0770824 1.88346 0.566812)
(0.0502755 1.87782 0.62135)
(0.0201088 1.84831 0.674507)
(-0.00398046 1.68833 0.702739)
(-0.0233765 1.20282 0.624118)
(-0.0135446 0.402303 0.304935)
(0.234242 3.37446 -0.6236)
(-0.0383555 2.07065 -0.849117)
(0.0890021 1.90958 -0.79117)
(0.0395327 2.02566 -0.672446)
(0.0341771 2.12139 -0.552721)
(0.0216135 2.16248 -0.449211)
(0.0104724 2.16279 -0.364169)
(0.00246298 2.14233 -0.294108)
(-0.00220065 2.11611 -0.233717)
(-0.00386434 2.09179 -0.178913)
(-0.00320902 2.0716 -0.127455)
(-0.00100421 2.05501 -0.0783712)
(0.00219033 2.04074 -0.0312457)
(0.00596621 2.02788 0.0143844)
(0.00999497 2.01615 0.0590873)
(0.0137809 2.00497 0.103035)
(0.0168885 1.99349 0.146272)
(0.0189616 1.98109 0.188885)
(0.0197796 1.96752 0.231074)
(0.0192425 1.95285 0.273142)
(0.0173085 1.93727 0.315488)
(0.0139254 1.92101 0.358641)
(0.00897324 1.90437 0.403322)
(0.00223459 1.8881 0.450487)
(-0.00660531 1.87384 0.50124)
(-0.0179264 1.86441 0.55663)
(-0.031748 1.8613 0.616962)
(-0.0464838 1.85175 0.679373)
(-0.0593143 1.77874 0.729368)
(-0.0604834 1.52482 0.723713)
(-0.0477142 1.00057 0.580925)
(-0.0123491 0.318187 0.24074)
(0.190708 3.15484 -0.679752)
(-0.0810855 1.94938 -0.835039)
(0.0208833 1.91723 -0.769807)
(-0.0470624 2.05074 -0.644149)
(-0.0576713 2.14847 -0.525886)
(-0.0776886 2.19059 -0.424277)
(-0.0949825 2.1886 -0.342855)
(-0.109459 2.16339 -0.27754)
(-0.120328 2.13147 -0.222201)
(-0.127573 2.10174 -0.172091)
(-0.131571 2.07717 -0.124529)
(-0.13294 2.05744 -0.0784008)
(-0.13236 2.04093 -0.0333215)
(-0.130478 2.02607 0.0109357)
(-0.127735 2.01221 0.0547742)
(-0.124352 1.99945 0.0985577)
(-0.120713 1.98725 0.142443)
(-0.117171 1.97476 0.186443)
(-0.114046 1.96111 0.230546)
(-0.111599 1.9456 0.274821)
(-0.110056 1.92796 0.319533)
(-0.109658 1.90857 0.365255)
(-0.110709 1.8889 0.412973)
(-0.113557 1.87179 0.464093)
(-0.118452 1.86093 0.520206)
(-0.125127 1.85745 0.582134)
(-0.131922 1.85054 0.647262)
(-0.134394 1.80246 0.703929)
(-0.124435 1.64276 0.723461)
(-0.098345 1.30303 0.658432)
(-0.0551564 0.796387 0.465112)
(-0.00833089 0.247847 0.161058)
(0.147143 2.97725 -0.681326)
(-0.119661 1.87426 -0.783534)
(-0.0685378 1.90239 -0.718689)
(-0.132761 2.0467 -0.598894)
(-0.159511 2.15402 -0.485273)
(-0.185436 2.20699 -0.387642)
(-0.208107 2.21341 -0.31011)
(-0.228148 2.19159 -0.2493)
(-0.244786 2.15808 -0.199299)
(-0.257562 2.12327 -0.154969)
(-0.266364 2.09198 -0.113033)
(-0.271432 2.06546 -0.0718578)
(-0.27326 2.04313 -0.0308121)
(-0.272477 2.02382 0.0103256)
(-0.269721 2.00646 0.0517226)
(-0.265417 1.99039 0.0935868)
(-0.259987 1.97508 0.136061)
(-0.253866 1.95984 0.179194)
(-0.247532 1.94404 0.223037)
(-0.241518 1.92739 0.267786)
(-0.236406 1.91032 0.31395)
(-0.232773 1.89423 0.362495)
(-0.231053 1.88134 0.414775)
(-0.231212 1.87327 0.472053)
(-0.232295 1.86763 0.534218)
(-0.231739 1.85218 0.597393)
(-0.22443 1.79896 0.650572)
(-0.203831 1.66545 0.673081)
(-0.164789 1.41256 0.635515)
(-0.109237 1.03913 0.512706)
(-0.0490539 0.604027 0.310029)
(-0.00429614 0.188552 0.0873275)
(0.107944 2.83256 -0.619781)
(-0.16507 1.80537 -0.692225)
(-0.165133 1.87061 -0.629662)
(-0.238168 2.00787 -0.529578)
(-0.27856 2.12117 -0.428674)
(-0.311938 2.19211 -0.33957)
(-0.338934 2.21991 -0.267441)
(-0.362394 2.21545 -0.211047)
(-0.382611 2.19189 -0.165986)
(-0.399285 2.15977 -0.127615)
(-0.411944 2.12575 -0.0923865)
(-0.420374 2.0934 -0.0580923)
(-0.424678 2.06424 -0.0235603)
(-0.425278 2.03861 0.011757)
(-0.422793 2.01588 0.0481731)
(-0.417757 1.99524 0.0858958)
(-0.410761 1.9765 0.125175)
(-0.402449 1.9594 0.166304)
(-0.393506 1.94381 0.20968)
(-0.384608 1.92975 0.255848)
(-0.376279 1.91732 0.30547)
(-0.36868 1.90612 0.35909)
(-0.361298 1.89399 0.416519)
(-0.352553 1.87497 0.475738)
(-0.339436 1.83689 0.531428)
(-0.317243 1.76032 0.573587)
(-0.281637 1.62176 0.587153)
(-0.229818 1.4037 0.554696)
(-0.163389 1.1094 0.463842)
(-0.0924228 0.771844 0.320126)
(-0.0336413 0.439791 0.158237)
(-0.00284861 0.140088 0.0320408)
(0.0759276 2.72044 -0.490218)
(-0.221986 1.74874 -0.542973)
(-0.271383 1.81398 -0.498381)
(-0.365029 1.92124 -0.42671)
(-0.424101 2.02386 -0.349749)
(-0.468574 2.1056 -0.277696)
(-0.501016 2.15878 -0.21629)
(-0.526361 2.18442 -0.166602)
(-0.54695 2.18813 -0.126804)
(-0.563887 2.17668 -0.0939044)
(-0.577284 2.15612 -0.0649454)
(-0.586936 2.13108 -0.0375695)
(-0.59269 2.1047 -0.0101514)
(-0.594498 2.07874 0.0184091)
(-0.592373 2.05347 0.0487434)
(-0.586667 2.02953 0.0813855)
(-0.577729 2.00687 0.116815)
(-0.565932 1.98517 0.155446)
(-0.551588 1.9637 0.197589)
(-0.534827 1.94113 0.243306)
(-0.51542 1.91511 0.292114)
(-0.492652 1.88168 0.342552)
(-0.465182 1.83457 0.391525)
(-0.430981 1.7647 0.433615)
(-0.387699 1.6609 0.460814)
(-0.333341 1.51245 0.463152)
(-0.268045 1.31438 0.431064)
(-0.194714 1.07346 0.359833)
(-0.121089 0.810697 0.256266)
(-0.0583008 0.553849 0.142242)
(-0.0165702 0.320062 0.0492524)
(-0.00169542 0.104596 0.00037204)
(0.050656 2.63689 -0.295691)
(-0.284208 1.70285 -0.333124)
(-0.379563 1.74198 -0.317296)
(-0.502106 1.79282 -0.281962)
(-0.586922 1.85074 -0.238633)
(-0.650168 1.90799 -0.193819)
(-0.694481 1.95807 -0.152069)
(-0.725501 1.99728 -0.115476)
(-0.747042 2.02422 -0.0843247)
(-0.761786 2.03912 -0.0577843)
(-0.77125 2.04303 -0.0345515)
(-0.776161 2.03733 -0.0132265)
(-0.776588 2.02345 0.00749165)
(-0.772211 2.00354 0.028626)
(-0.762649 1.98085 0.0509883)
(-0.747858 1.95512 0.0752802)
(-0.727549 1.92614 0.101932)
(-0.701455 1.89321 0.131135)
(-0.669265 1.85505 0.16276)
(-0.630635 1.80964 0.196152)
(-0.585191 1.75406 0.229863)
(-0.532594 1.68443 0.261383)
(-0.472728 1.59603 0.28691)
(-0.405982 1.48399 0.301359)
(-0.333591 1.34471 0.29899)
(-0.257962 1.17814 0.274868)
(-0.183177 0.990011 0.227479)
(-0.114861 0.79216 0.161695)
(-0.0597331 0.598656 0.0901738)
(-0.0233129 0.417938 0.0297708)
(-0.00475271 0.24801 -0.00616622)
(0.000275403 0.0822178 -0.0123208)
(0.0328579 2.59703 -0.0544264)
(-0.329179 1.68555 -0.079007)
(-0.455315 1.69662 -0.0931842)
(-0.602809 1.68818 -0.0958072)
(-0.712069 1.67883 -0.0898771)
(-0.796814 1.66944 -0.07854)
(-0.858437 1.65991 -0.0646056)
(-0.901499 1.64992 -0.0501704)
(-0.929531 1.63898 -0.0364581)
(-0.945438 1.62676 -0.0240249)
(-0.951215 1.61306 -0.0129613)
(-0.948118 1.59781 -0.00304607)
(-0.936951 1.58085 0.00610422)
(-0.918319 1.56141 0.0148038)
(-0.89228 1.53841 0.0234864)
(-0.858461 1.51183 0.0325315)
(-0.816479 1.48127 0.0422144)
(-0.766028 1.44611 0.0526361)
(-0.70686 1.40554 0.0637481)
(-0.638998 1.35845 0.0752312)
(-0.562922 1.30348 0.086395)
(-0.479848 1.23912 0.0960769)
(-0.392038 1.16392 0.10264)
(-0.302962 1.07681 0.104087)
(-0.217169 0.977709 0.0984898)
(-0.139761 0.867996 0.0848357)
(-0.0755991 0.750543 0.0640638)
(-0.0286066 0.628583 0.0395364)
(-0.000833179 0.502896 0.0163242)
(0.00962733 0.369972 -0.00125465)
(0.00709284 0.226325 -0.0102307)
(0.0016496 0.0756914 -0.00751212)
(0.0464475 2.6422 0.197341)
(-0.305856 1.73895 0.188681)
(-0.421744 1.77176 0.148751)
(-0.567329 1.781 0.109657)
(-0.67811 1.77712 0.0776513)
(-0.766985 1.76556 0.0530299)
(-0.834514 1.74966 0.0347199)
(-0.884555 1.73113 0.020923)
(-0.919776 1.71109 0.010031)
(-0.942519 1.6902 0.000732538)
(-0.954498 1.6688 -0.00794367)
(-0.95672 1.6469 -0.0167166)
(-0.950243 1.6241 -0.0261069)
(-0.935668 1.59923 -0.0363017)
(-0.912808 1.57187 -0.0474744)
(-0.881585 1.54137 -0.0596373)
(-0.841565 1.50688 -0.0726237)
(-0.792278 1.46736 -0.0860901)
(-0.733427 1.42157 -0.0994504)
(-0.664872 1.36804 -0.111816)
(-0.58697 1.30523 -0.12197)
(-0.500867 1.23169 -0.128343)
(-0.408903 1.14642 -0.129166)
(-0.314822 1.04936 -0.122771)
(-0.223704 0.941988 -0.108155)
(-0.141366 0.827621 -0.085806)
(-0.0734682 0.710847 -0.0583921)
(-0.0244686 0.595277 -0.0306179)
(0.00336708 0.480024 -0.0076159)
(0.0125173 0.357504 0.00771636)
(0.00828416 0.220848 0.0143104)
(0.00215898 0.0742034 0.00946641)
(0.0688092 2.7243 0.413926)
(-0.252281 1.80732 0.42755)
(-0.328572 1.87364 0.365891)
(-0.447319 1.93827 0.296999)
(-0.534002 1.98561 0.235827)
(-0.604978 2.01951 0.184716)
(-0.660954 2.04204 0.143327)
(-0.70539 2.05559 0.109703)
(-0.740187 2.06225 0.0814864)
(-0.766848 2.06349 0.0565421)
(-0.786408 2.0602 0.0331768)
(-0.79952 2.05288 0.0100662)
(-0.806308 2.04205 -0.013795)
(-0.806927 2.02901 -0.0390451)
(-0.801869 2.0143 -0.0663174)
(-0.790929 1.9973 -0.0961173)
(-0.773927 1.97715 -0.128713)
(-0.75042 1.95249 -0.164044)
(-0.719809 1.92133 -0.201618)
(-0.681323 1.88079 -0.240239)
(-0.634123 1.82698 -0.277789)
(-0.577491 1.75497 -0.310918)
(-0.511161 1.65917 -0.334962)
(-0.435756 1.53435 -0.34417)
(-0.353229 1.37757 -0.332629)
(-0.267289 1.19078 -0.296147)
(-0.183586 0.983158 -0.235097)
(-0.109341 0.770765 -0.157245)
(-0.0521223 0.571158 -0.0781883)
(-0.0171988 0.39343 -0.0161192)
(-0.00169327 0.232357 0.0171102)
(0.000841936 0.0769768 0.0179692)
(0.0953458 2.82764 0.574702)
(-0.195902 1.87611 0.61357)
(-0.224866 1.95791 0.535024)
(-0.318167 2.06059 0.440246)
(-0.381194 2.12829 0.355205)
(-0.435065 2.16513 0.284459)
(-0.479283 2.17859 0.227563)
(-0.516205 2.17712 0.181409)
(-0.546644 2.16718 0.14257)
(-0.571206 2.15301 0.108208)
(-0.590365 2.13729 0.0762108)
(-0.604684 2.12166 0.0450542)
(-0.614691 2.10712 0.0135814)
(-0.620748 2.09406 -0.0192942)
(-0.623024 2.08195 -0.054153)
(-0.622163 2.07157 -0.0918228)
(-0.618442 2.06284 -0.133045)
(-0.61204 2.0555 -0.178462)
(-0.602889 2.0488 -0.228478)
(-0.590543 2.04104 -0.282991)
(-0.574018 2.02893 -0.340973)
(-0.551756 2.00684 -0.399934)
(-0.521658 1.96608 -0.455233)
(-0.481259 1.89489 -0.499572)
(-0.428277 1.77993 -0.523095)
(-0.361685 1.61011 -0.514627)
(-0.283102 1.38281 -0.464936)
(-0.198207 1.1102 -0.372183)
(-0.116989 0.820401 -0.248373)
(-0.0519183 0.54733 -0.122043)
(-0.012267 0.309994 -0.0284747)
(-0.000977627 0.100285 0.0108419)
(0.128184 2.95226 0.670343)
(-0.147984 1.9434 0.741414)
(-0.127947 2.01179 0.657711)
(-0.205525 2.13141 0.543154)
(-0.250357 2.19731 0.442454)
(-0.29159 2.21774 0.360037)
(-0.326816 2.20923 0.294012)
(-0.357316 2.18659 0.23978)
(-0.382976 2.15893 0.193071)
(-0.403898 2.13093 0.150863)
(-0.420255 2.10469 0.11118)
(-0.432353 2.08108 0.072758)
(-0.440596 2.06045 0.0347217)
(-0.445539 2.04288 -0.003642)
(-0.447923 2.02802 -0.0430853)
(-0.448218 2.0151 -0.0841932)
(-0.447016 2.00455 -0.127684)
(-0.444935 1.997 -0.174384)
(-0.442575 1.99339 -0.225256)
(-0.440379 1.99475 -0.281321)
(-0.438395 2.0016 -0.343395)
(-0.435963 2.01277 -0.411514)
(-0.43142 2.02358 -0.484007)
(-0.421877 2.0235 -0.556244)
(-0.403301 1.99449 -0.619441)
(-0.371073 1.91183 -0.659889)
(-0.321148 1.75008 -0.659829)
(-0.253049 1.49546 -0.601828)
(-0.172087 1.16099 -0.477965)
(-0.0912685 0.791616 -0.304198)
(-0.0295022 0.443441 -0.128934)
(-0.00233258 0.140305 -0.0136431)
(0.168684 3.09614 0.707114)
(-0.109894 2.01457 0.818717)
(-0.0401553 2.04021 0.742025)
(-0.113208 2.16248 0.613832)
(-0.141987 2.22198 0.505939)
(-0.173017 2.22785 0.417291)
(-0.200349 2.20408 0.345881)
(-0.224176 2.17006 0.286196)
(-0.24423 2.13609 0.233573)
(-0.260595 2.1062 0.185043)
(-0.273446 2.08111 0.138945)
(-0.283133 2.06014 0.0943439)
(-0.290089 2.04212 0.0506149)
(-0.294733 2.02593 0.00720029)
(-0.297475 2.0108 -0.0364494)
(-0.298691 1.9964 -0.0808662)
(-0.298752 1.98251 -0.126531)
(-0.298084 1.96921 -0.173912)
(-0.297276 1.95713 -0.223639)
(-0.297051 1.94779 -0.276711)
(-0.29811 1.94385 -0.334594)
(-0.30089 1.94869 -0.399001)
(-0.305117 1.96499 -0.471186)
(-0.309436 1.99167 -0.550698)
(-0.311167 2.01931 -0.633668)
(-0.306068 2.02505 -0.710623)
(-0.288023 1.97033 -0.76426)
(-0.250999 1.80832 -0.768742)
(-0.193195 1.50748 -0.694531)
(-0.119967 1.08522 -0.524737)
(-0.0487911 0.618795 -0.28578)
(-0.00383562 0.191934 -0.0634475)
(0.209604 3.27278 0.685251)
(-0.0715042 2.09137 0.865043)
(0.0386882 2.04769 0.791594)
(-0.0368171 2.16745 0.662615)
(-0.0458292 2.22432 0.55143)
(-0.0698519 2.22474 0.45882)
(-0.0895546 2.1952 0.383522)
(-0.106234 2.15777 0.319789)
(-0.12001 2.12344 0.262864)
(-0.131194 2.09555 0.209893)
(-0.140077 2.07362 0.15958)
(-0.147074 2.05585 0.111234)
(-0.152611 2.04046 0.064304)
(-0.157053 2.02625 0.0181671)
(-0.160675 2.01262 -0.027864)
(-0.163616 1.99959 -0.0744314)
(-0.165964 1.98699 -0.121996)
(-0.16785 1.97421 -0.17074)
(-0.169564 1.96057 -0.220762)
(-0.171603 1.94602 -0.272478)
(-0.174619 1.932 -0.327049)
(-0.179235 1.92217 -0.386542)
(-0.185742 1.92207 -0.453444)
(-0.193841 1.9374 -0.529609)
(-0.202393 1.97024 -0.614737)
(-0.209325 2.01265 -0.704681)
(-0.211164 2.03715 -0.788896)
(-0.201121 1.98777 -0.846088)
(-0.172712 1.78752 -0.839727)
(-0.124653 1.38497 -0.722413)
(-0.0623504 0.826028 -0.46864)
(-0.00679985 0.253481 -0.137715)
(0.248088 3.47999 0.616268)
(-0.0300927 2.21242 0.872929)
(0.0981 2.03688 0.814396)
(0.0460919 2.1457 0.695658)
(0.040355 2.21324 0.581362)
(0.0251036 2.21899 0.485846)
(0.0129507 2.19151 0.407349)
(0.00366472 2.15474 0.340578)
(-0.00367223 2.12092 0.280832)
(-0.00964948 2.09374 0.225367)
(-0.0144975 2.07248 0.172956)
(-0.0186845 2.05506 0.122997)
(-0.0225425 2.03958 0.0749729)
(-0.0262705 2.02504 0.028212)
(-0.0299974 2.01136 -0.0181456)
(-0.0338655 1.99893 -0.064949)
(-0.0378978 1.9878 -0.112755)
(-0.042168 1.97723 -0.161657)
(-0.0468676 1.96585 -0.211422)
(-0.0522923 1.95231 -0.261984)
(-0.0587907 1.93656 -0.314112)
(-0.0666773 1.92104 -0.369862)
(-0.0761182 1.91106 -0.432331)
(-0.086971 1.91365 -0.504515)
(-0.0987221 1.93495 -0.587533)
(-0.110463 1.97621 -0.679151)
(-0.120818 2.02723 -0.772896)
(-0.127206 2.05187 -0.856058)
(-0.122913 1.96632 -0.901311)
(-0.102669 1.64957 -0.853521)
(-0.0644948 1.05144 -0.635628)
(-0.0123612 0.325867 -0.229393)
(0.272545 3.70731 0.511947)
(0.0111872 2.39985 0.831414)
(0.143259 2.04386 0.815146)
(0.134021 2.09715 0.712915)
(0.125026 2.18116 0.597659)
(0.118355 2.20761 0.498805)
(0.113909 2.19224 0.417532)
(0.111474 2.16063 0.348486)
(0.110293 2.12778 0.287109)
(0.109654 2.09947 0.230814)
(0.109052 2.0764 0.178182)
(0.108105 2.05729 0.128428)
(0.106589 2.04071 0.0809161)
(0.104395 2.02571 0.0349409)
(0.101458 2.01208 -0.0103256)
(0.0977257 2 -0.055718)
(0.0929766 1.98935 -0.101789)
(0.0869625 1.97929 -0.148621)
(0.0794192 1.96831 -0.19596)
(0.0701783 1.95491 -0.243728)
(0.059257 1.93881 -0.292679)
(0.0468522 1.92205 -0.344878)
(0.0332509 1.9095 -0.403564)
(0.0187342 1.90805 -0.472159)
(0.0035195 1.92413 -0.552503)
(-0.0123036 1.96036 -0.643025)
(-0.0285341 2.01236 -0.737857)
(-0.0441214 2.0631 -0.827633)
(-0.0580888 2.05702 -0.896518)
(-0.0603944 1.8543 -0.90395)
(-0.053497 1.28019 -0.751657)
(-0.0173041 0.412685 -0.325071)
(0.278917 3.93619 0.386841)
(0.0407769 2.66363 0.737828)
(0.178023 2.1186 0.782194)
(0.216016 2.04803 0.709804)
(0.213612 2.11756 0.600998)
(0.214202 2.17127 0.498794)
(0.218224 2.18302 0.41398)
(0.223101 2.16791 0.343083)
(0.228343 2.14229 0.281228)
(0.233484 2.11543 0.22539)
(0.237913 2.091 0.17392)
(0.241168 2.06975 0.125784)
(0.24301 2.05129 0.0801649)
(0.243325 2.03505 0.0363044)
(0.242015 2.02069 -0.00653906)
(0.238967 2.00811 -0.0489527)
(0.23377 1.99635 -0.0912252)
(0.226056 1.98411 -0.1334)
(0.215645 1.97021 -0.17554)
(0.202674 1.95419 -0.218133)
(0.187603 1.93698 -0.262499)
(0.171077 1.92132 -0.310961)
(0.153646 1.91177 -0.366521)
(0.135487 1.91389 -0.431992)
(0.116295 1.93242 -0.508589)
(0.0953935 1.96881 -0.594647)
(0.0721383 2.01915 -0.685031)
(0.0463009 2.07258 -0.77158)
(0.017456 2.09967 -0.84331)
(-0.00547316 1.99445 -0.877549)
(-0.0254281 1.49671 -0.792075)
(-0.0194316 0.517219 -0.403728)
(0.274802 4.14234 0.259982)
(0.045884 2.99415 0.601295)
(0.198665 2.30572 0.702813)
(0.28109 2.06053 0.672702)
(0.300969 2.04558 0.583976)
(0.313743 2.09221 0.484833)
(0.328241 2.12871 0.397031)
(0.341893 2.14142 0.323621)
(0.354411 2.13646 0.261238)
(0.366038 2.1221 0.20655)
(0.37639 2.10403 0.157382)
(0.384845 2.08529 0.112311)
(0.390975 2.0672 0.0703039)
(0.394548 2.05023 0.0305278)
(0.395325 2.03418 -0.00761924)
(0.39293 2.01798 -0.0444475)
(0.387171 2.00107 -0.0802466)
(0.378114 1.98336 -0.115421)
(0.366094 1.96538 -0.150705)
(0.351678 1.94844 -0.187302)
(0.335502 1.93467 -0.226966)
(0.318052 1.92685 -0.271833)
(0.299353 1.92811 -0.32397)
(0.278843 1.94119 -0.384751)
(0.255392 1.96749 -0.454058)
(0.227526 2.00599 -0.529696)
(0.193968 2.05267 -0.607293)
(0.154129 2.10043 -0.680858)
(0.108937 2.13391 -0.743144)
(0.0619687 2.08143 -0.77998)
(0.0183029 1.68138 -0.739069)
(-0.0170149 0.637009 -0.434152)
(0.273624 4.30055 0.146714)
(0.028607 3.36594 0.436045)
(0.197646 2.63061 0.572391)
(0.316669 2.22122 0.585189)
(0.371279 2.06051 0.529117)
(0.408482 2.02715 0.447088)
(0.440547 2.03811 0.364893)
(0.466822 2.05458 0.292293)
(0.488384 2.06399 0.230198)
(0.506995 2.06495 0.176827)
(0.523192 2.05946 0.130238)
(0.536685 2.04984 0.088914)
(0.547034 2.03784 0.0517597)
(0.554082 2.02491 0.0179411)
(0.557604 2.01019 -0.0132602)
(0.557926 1.99466 -0.0426889)
(0.555472 1.98002 -0.0712282)
(0.550674 1.96798 -0.0998329)
(0.543847 1.96012 -0.129538)
(0.53508 1.95776 -0.161461)
(0.524075 1.9619 -0.196718)
(0.510155 1.97316 -0.236249)
(0.492162 1.99169 -0.280616)
(0.468502 2.01703 -0.329726)
(0.437431 2.04793 -0.382609)
(0.397385 2.08221 -0.437298)
(0.34737 2.11677 -0.490861)
(0.287306 2.14784 -0.539783)
(0.218381 2.16984 -0.580211)
(0.144361 2.14255 -0.606107)
(0.0702324 1.82365 -0.587255)
(-0.00290859 0.763928 -0.380059)
(0.273416 4.37228 0.0833291)
(-0.0229571 3.69797 0.285739)
(0.174978 3.04703 0.405148)
(0.317735 2.5707 0.43965)
(0.406678 2.28228 0.415396)
(0.478057 2.13045 0.360253)
(0.538748 2.05834 0.295819)
(0.58715 2.02634 0.23378)
(0.625026 2.01228 0.178361)
(0.655708 2.00534 0.130202)
(0.681479 2.00096 0.0885419)
(0.703401 1.99746 0.05229)
(0.722145 1.99494 0.0202474)
(0.73879 1.99527 -0.00871617)
(0.753666 2.00045 -0.0355877)
(0.766617 2.01063 -0.061094)
(0.777216 2.02506 -0.0857653)
(0.784824 2.04277 -0.110013)
(0.788578 2.06269 -0.134118)
(0.787405 2.08384 -0.158328)
(0.779889 2.10531 -0.18268)
(0.764603 2.12628 -0.207171)
(0.739981 2.14606 -0.231653)
(0.704513 2.16402 -0.255751)
(0.656892 2.17956 -0.278863)
(0.596303 2.19208 -0.300181)
(0.522503 2.20096 -0.318657)
(0.436044 2.20564 -0.333377)
(0.338573 2.20571 -0.343382)
(0.234252 2.18198 -0.34706)
(0.126459 1.92315 -0.33323)
(0.014058 0.870337 -0.226518)
(0.289678 4.46977 0.0191921)
(0.0123129 4.09658 0.136449)
(0.192116 3.66019 0.220171)
(0.348382 3.25591 0.255134)
(0.463406 2.94453 0.250846)
(0.566791 2.72765 0.222412)
(0.661133 2.5842 0.182614)
(0.741515 2.49178 0.139729)
(0.807796 2.43266 0.0981343)
(0.863203 2.39669 0.0596127)
(0.911208 2.37955 0.0245437)
(0.952965 2.37467 -0.00712095)
(0.988661 2.37673 -0.0356738)
(1.01785 2.38087 -0.0613702)
(1.04056 2.38445 -0.0843613)
(1.05675 2.38599 -0.104631)
(1.06617 2.38466 -0.122061)
(1.06838 2.38014 -0.13643)
(1.06298 2.37242 -0.147406)
(1.04922 2.36176 -0.154664)
(1.02632 2.34859 -0.157908)
(0.993592 2.33351 -0.156913)
(0.95011 2.31712 -0.151521)
(0.894912 2.29993 -0.141595)
(0.827093 2.28244 -0.127298)
(0.746435 2.26519 -0.108981)
(0.652547 2.24853 -0.087654)
(0.545285 2.23267 -0.0643039)
(0.426136 2.21805 -0.0402363)
(0.29889 2.19384 -0.0169664)
(0.167894 1.97025 0.00286284)
(0.0250338 0.932205 0.0115121)
(0.281903 4.41385 -0.0835186)
(0.00176171 4.14043 -0.049463)
(0.198326 3.93227 0.0150338)
(0.365969 3.72341 0.0275756)
(0.501674 3.53392 0.0203397)
(0.628876 3.37153 0.00713791)
(0.74417 3.2341 -0.0102803)
(0.840764 3.11709 -0.0305834)
(0.918022 3.01626 -0.0516197)
(0.978345 2.92625 -0.0716373)
(1.02346 2.8412 -0.0895781)
(1.05512 2.75994 -0.105065)
(1.07499 2.6823 -0.117889)
(1.0848 2.60833 -0.127893)
(1.08589 2.53819 -0.134964)
(1.07918 2.47206 -0.139037)
(1.06559 2.41022 -0.1398)
(1.04573 2.35304 -0.136859)
(1.02022 2.3009 -0.129901)
(0.98958 2.25435 -0.118286)
(0.953868 2.21415 -0.101204)
(0.912879 2.18134 -0.0776319)
(0.865965 2.15623 -0.0464396)
(0.811124 2.13812 -0.0068768)
(0.74677 2.12741 0.0411721)
(0.671298 2.12415 0.0973186)
(0.58418 2.12814 0.158733)
(0.485705 2.13752 0.221505)
(0.3767 2.14986 0.281074)
(0.260641 2.14814 0.331976)
(0.14164 1.93026 0.35791)
(0.0195976 0.898276 0.265297)
(0.234259 4.25181 -0.0841555)
(-0.160823 3.77835 -0.1565)
(0.112357 3.3711 -0.167201)
(0.183648 3.04079 -0.193211)
(0.275669 2.7677 -0.203137)
(0.381224 2.54703 -0.200218)
(0.475138 2.37117 -0.193317)
(0.549746 2.23132 -0.185865)
(0.60653 2.11967 -0.177965)
(0.648208 2.02994 -0.169355)
(0.676712 1.95713 -0.160229)
(0.693642 1.89747 -0.150682)
(0.700552 1.84811 -0.140711)
(0.698846 1.80693 -0.130261)
(0.689856 1.7724 -0.119096)
(0.67466 1.74339 -0.106959)
(0.654266 1.71915 -0.09348)
(0.629706 1.6992 -0.0781727)
(0.601951 1.68334 -0.0604341)
(0.571965 1.67162 -0.0392904)
(0.540914 1.66503 -0.0132818)
(0.50971 1.66521 0.0196956)
(0.479165 1.6758 0.0621472)
(0.45063 1.70339 0.116143)
(0.421636 1.75008 0.183465)
(0.388261 1.81518 0.264087)
(0.34624 1.89384 0.355238)
(0.292345 1.97668 0.450472)
(0.225857 2.05109 0.541104)
(0.150558 2.07681 0.615554)
(0.0727046 1.81929 0.636309)
(-0.00249792 0.784444 0.435457)
(0.30048 4.29659 -0.0335682)
(-0.108349 3.73005 -0.199716)
(0.104922 3.12233 -0.296553)
(0.156029 2.63188 -0.331134)
(0.226821 2.2702 -0.336295)
(0.309385 2.02256 -0.323469)
(0.380433 1.8631 -0.300274)
(0.434935 1.76489 -0.272488)
(0.475501 1.70602 -0.24373)
(0.504618 1.67099 -0.215932)
(0.523735 1.64974 -0.189846)
(0.534015 1.6361 -0.165467)
(0.536561 1.62643 -0.142415)
(0.53233 1.61866 -0.120226)
(0.522069 1.61165 -0.0984609)
(0.50641 1.60483 -0.0767407)
(0.485954 1.59792 -0.0547514)
(0.46124 1.59082 -0.0322133)
(0.433065 1.58422 -0.00884246)
(0.402257 1.57869 0.0157996)
(0.369585 1.57379 0.042655)
(0.33566 1.56885 0.0736984)
(0.301669 1.56578 0.112191)
(0.269308 1.57055 0.163726)
(0.239813 1.59422 0.235219)
(0.212598 1.64973 0.331241)
(0.184486 1.74233 0.449369)
(0.150973 1.86025 0.578443)
(0.109376 1.97207 0.70178)
(0.0622358 1.99505 0.796086)
(0.0183702 1.66477 0.795779)
(-0.0198461 0.644773 0.487595)
(0.293731 4.28204 -0.0674836)
(-0.0826585 3.60273 -0.25925)
(0.113753 2.89575 -0.394137)
(0.174651 2.34461 -0.451162)
(0.230273 1.98936 -0.458186)
(0.292709 1.79432 -0.43376)
(0.344544 1.70411 -0.393405)
(0.382158 1.67138 -0.347905)
(0.409246 1.66487 -0.302978)
(0.428546 1.66726 -0.260784)
(0.441069 1.67046 -0.221585)
(0.447315 1.67138 -0.184862)
(0.447767 1.66932 -0.149889)
(0.442859 1.66453 -0.116015)
(0.432929 1.65749 -0.08273)
(0.418273 1.64868 -0.0496743)
(0.399202 1.63845 -0.0166157)
(0.376111 1.62722 0.0165795)
(0.349038 1.61447 0.0499609)
(0.318543 1.60035 0.0836255)
(0.285449 1.58551 0.11785)
(0.250631 1.57062 0.153324)
(0.215172 1.55666 0.192015)
(0.180502 1.54691 0.238728)
(0.148303 1.55126 0.302349)
(0.11978 1.58789 0.393445)
(0.0941537 1.67262 0.515938)
(0.0683312 1.79796 0.659109)
(0.0395821 1.9162 0.798538)
(0.009066 1.90424 0.895447)
(-0.0139761 1.49129 0.855318)
(-0.0194906 0.528319 0.456994)
(0.29006 4.25154 -0.0988967)
(-0.0656232 3.43329 -0.337833)
(0.123684 2.6432 -0.495693)
(0.187961 2.09312 -0.558041)
(0.228382 1.80505 -0.552034)
(0.271138 1.69764 -0.508623)
(0.30503 1.68141 -0.451426)
(0.328232 1.69677 -0.392779)
(0.344627 1.71467 -0.337248)
(0.356363 1.7253 -0.2857)
(0.363685 1.72775 -0.237598)
(0.366552 1.72401 -0.192028)
(0.365095 1.7163 -0.148153)
(0.359528 1.70628 -0.105316)
(0.35006 1.69499 -0.0630354)
(0.336912 1.68297 -0.0209633)
(0.320167 1.67024 0.0210824)
(0.300009 1.65662 0.0630601)
(0.276748 1.64189 0.104946)
(0.250628 1.62569 0.146574)
(0.221993 1.60779 0.187778)
(0.191394 1.58843 0.228714)
(0.15958 1.5686 0.270504)
(0.127525 1.5514 0.316811)
(0.0965057 1.54616 0.376071)
(0.0679996 1.5721 0.460939)
(0.0427649 1.64899 0.579736)
(0.0197606 1.76992 0.723929)
(-0.00202448 1.87318 0.864457)
(-0.019225 1.80073 0.944955)
(-0.0301626 1.32088 0.848214)
(-0.0129389 0.443087 0.40066)
(0.288305 4.20691 -0.142293)
(-0.052816 3.23031 -0.427525)
(0.131478 2.38773 -0.592334)
(0.189148 1.89594 -0.643282)
(0.213144 1.7116 -0.616746)
(0.2392 1.69128 -0.555599)
(0.259179 1.72251 -0.487045)
(0.271913 1.75177 -0.421123)
(0.280701 1.76499 -0.359681)
(0.286729 1.76445 -0.302242)
(0.289739 1.75578 -0.247885)
(0.289544 1.74341 -0.19573)
(0.28623 1.72988 -0.145072)
(0.279953 1.71639 -0.095373)
(0.270882 1.70337 -0.0462)
(0.259152 1.69083 0.00280067)
(0.24491 1.67869 0.0518861)
(0.228242 1.66652 0.101095)
(0.209237 1.65363 0.150176)
(0.188013 1.63914 0.19871)
(0.164756 1.62223 0.246196)
(0.139789 1.6025 0.292369)
(0.113576 1.58076 0.337883)
(0.0866651 1.56053 0.385868)
(0.0597331 1.55187 0.444324)
(0.0338027 1.57441 0.526156)
(0.0101648 1.6473 0.641032)
(-0.01052 1.75982 0.781378)
(-0.0279047 1.82939 0.911587)
(-0.0336666 1.6859 0.960052)
(-0.0338766 1.16941 0.806566)
(-0.00814887 0.382801 0.346508)
(0.287033 4.14066 -0.196653)
(-0.0460584 3.00221 -0.520361)
(0.13506 2.15245 -0.676944)
(0.17756 1.76482 -0.704844)
(0.1868 1.69007 -0.655592)
(0.200946 1.72893 -0.581108)
(0.211097 1.77197 -0.50633)
(0.21658 1.78977 -0.436541)
(0.219941 1.787 -0.371283)
(0.221643 1.77403 -0.309537)
(0.221295 1.75792 -0.250459)
(0.21872 1.7419 -0.193365)
(0.213982 1.72698 -0.13771)
(0.207201 1.71327 -0.0830299)
(0.19851 1.70059 -0.028907)
(0.188037 1.68881 0.0250094)
(0.175879 1.67784 0.0789538)
(0.162091 1.66727 0.13305)
(0.146731 1.65638 0.187136)
(0.12985 1.64406 0.240708)
(0.111536 1.62906 0.293031)
(0.0919601 1.61048 0.343503)
(0.0713675 1.5889 0.392484)
(0.0499815 1.56847 0.442963)
(0.0280201 1.56046 0.50281)
(0.0060133 1.58453 0.584488)
(-0.0148892 1.65679 0.697102)
(-0.0324325 1.75393 0.830006)
(-0.0451221 1.77615 0.940298)
(-0.0429852 1.56619 0.947859)
(-0.0317604 1.03955 0.748043)
(-0.00608586 0.337519 0.299183)
(0.284303 4.05113 -0.259122)
(-0.0446611 2.76361 -0.608605)
(0.133887 1.95653 -0.743591)
(0.155251 1.69768 -0.743238)
(0.154288 1.71209 -0.67439)
(0.160605 1.77404 -0.592365)
(0.16383 1.80491 -0.514956)
(0.164311 1.80467 -0.44307)
(0.163878 1.78965 -0.375268)
(0.1625 1.77105 -0.310549)
(0.159767 1.75341 -0.248208)
(0.155554 1.73769 -0.187684)
(0.149881 1.72356 -0.128533)
(0.142812 1.71054 -0.070368)
(0.134466 1.69834 -0.0128125)
(0.124958 1.68689 0.0445118)
(0.114327 1.67622 0.1019)
(0.102668 1.66617 0.159465)
(0.0900673 1.65618 0.217034)
(0.0765844 1.6451 0.274063)
(0.062279 1.63141 0.329714)
(0.0472294 1.61393 0.383259)
(0.0315013 1.59334 0.435051)
(0.0150402 1.57465 0.488274)
(-0.00235777 1.57031 0.550829)
(-0.0206462 1.59968 0.634595)
(-0.0385053 1.67077 0.745553)
(-0.0524423 1.74358 0.867246)
(-0.0582136 1.71041 0.949617)
(-0.0508499 1.44524 0.912746)
(-0.0298198 0.926656 0.679626)
(-0.00531905 0.299744 0.256141)
(0.279664 3.93854 -0.326122)
(-0.0487238 2.52706 -0.686153)
(0.128461 1.80826 -0.790055)
(0.12503 1.68016 -0.762034)
(0.120099 1.75009 -0.679372)
(0.120599 1.80795 -0.594309)
(0.118731 1.81994 -0.515941)
(0.11573 1.80663 -0.442831)
(0.112516 1.78632 -0.373422)
(0.108804 1.76696 -0.306766)
(0.104286 1.75031 -0.242196)
(0.0988381 1.73577 -0.179244)
(0.0924467 1.72247 -0.117596)
(0.0851631 1.70988 -0.056948)
(0.0770923 1.69781 0.00302831)
(0.0682733 1.68631 0.0626735)
(0.0587715 1.67552 0.122301)
(0.0487172 1.66542 0.182052)
(0.0382237 1.65554 0.241738)
(0.0273798 1.64473 0.300781)
(0.0162518 1.63142 0.358315)
(0.00484348 1.61453 0.413679)
(-0.00694656 1.59521 0.467477)
(-0.0195238 1.57998 0.523542)
(-0.033508 1.58267 0.590154)
(-0.0488905 1.61915 0.677341)
(-0.0637508 1.68433 0.785589)
(-0.0738208 1.72245 0.890894)
(-0.0716235 1.63025 0.93854)
(-0.0576847 1.32277 0.857527)
(-0.0295048 0.824333 0.60325)
(-0.00490946 0.265538 0.214581)
(0.272763 3.80612 -0.393456)
(-0.0574885 2.30349 -0.748146)
(0.119577 1.70748 -0.816979)
(0.0896217 1.69304 -0.765783)
(0.0869025 1.78569 -0.675182)
(0.0813782 1.82762 -0.589526)
(0.075884 1.82463 -0.510849)
(0.07016 1.8047 -0.437131)
(0.0645708 1.783 -0.366848)
(0.0588738 1.76441 -0.299002)
(0.0528477 1.74896 -0.232979)
(0.0463298 1.73533 -0.168394)
(0.0392887 1.72247 -0.105067)
(0.0318128 1.71 -0.042752)
(0.0239601 1.69791 0.0188442)
(0.0157236 1.68634 0.0800083)
(0.00716275 1.67544 0.141012)
(-0.00157302 1.66514 0.201963)
(-0.0103603 1.65494 0.262644)
(-0.01909 1.64367 0.32245)
(-0.0276875 1.62993 0.380592)
(-0.0362351 1.6132 0.436725)
(-0.0450991 1.59609 0.492214)
(-0.0550425 1.58703 0.551809)
(-0.0668546 1.59954 0.623636)
(-0.0800817 1.64144 0.714071)
(-0.0916414 1.69155 0.816002)
(-0.0958205 1.68436 0.897764)
(-0.0857433 1.53367 0.905023)
(-0.0625512 1.19753 0.783298)
(-0.0298059 0.728404 0.519694)
(-0.00407383 0.23366 0.173548)
(0.263438 3.65834 -0.456933)
(-0.0686049 2.10041 -0.791324)
(0.107468 1.64719 -0.827097)
(0.0512911 1.71809 -0.758316)
(0.0553382 1.81113 -0.664557)
(0.0426195 1.83737 -0.578939)
(0.0347111 1.82559 -0.500336)
(0.0264159 1.80281 -0.426518)
(0.018578 1.78086 -0.355894)
(0.0110362 1.76298 -0.287465)
(0.00364329 1.74835 -0.220664)
(-0.00383383 1.73525 -0.155229)
(-0.011456 1.72262 -0.0909778)
(-0.0190636 1.7102 -0.0277348)
(-0.0267462 1.69814 0.0347469)
(-0.0345396 1.68659 0.0967046)
(-0.0423392 1.67559 0.158345)
(-0.0499945 1.66494 0.219674)
(-0.0573565 1.65398 0.280402)
(-0.0643082 1.64165 0.339961)
(-0.0708561 1.6271 0.397837)
(-0.0773006 1.6112 0.454386)
(-0.0843697 1.5987 0.512106)
(-0.0930693 1.59914 0.576457)
(-0.103837 1.622 0.653904)
(-0.115115 1.66236 0.74486)
(-0.122406 1.68421 0.833518)
(-0.117896 1.62255 0.883149)
(-0.0988358 1.41849 0.846328)
(-0.0660519 1.06821 0.690426)
(-0.0294902 0.636353 0.430059)
(-0.00308789 0.203523 0.133517)
(0.24987 3.49915 -0.512342)
(-0.0804187 1.92135 -0.814483)
(0.0904933 1.6158 -0.824617)
(0.0124767 1.74173 -0.741585)
(0.0239877 1.82617 -0.648508)
(0.00424293 1.84223 -0.562662)
(-0.00592889 1.82624 -0.484662)
(-0.0168025 1.80208 -0.411202)
(-0.02678 1.77981 -0.340773)
(-0.0360951 1.76208 -0.272408)
(-0.0449142 1.74775 -0.205561)
(-0.0533672 1.73492 -0.140005)
(-0.0615034 1.72251 -0.0755419)
(-0.0693286 1.71025 -0.0120479)
(-0.076911 1.69827 0.050667)
(-0.0842704 1.68666 0.112768)
(-0.0913104 1.67534 0.17435)
(-0.0979054 1.66393 0.235309)
(-0.10394 1.65177 0.295327)
(-0.109398 1.63825 0.354034)
(-0.11452 1.6238 0.411522)
(-0.119955 1.61136 0.469225)
(-0.126709 1.60732 0.53069)
(-0.135547 1.61928 0.600878)
(-0.145757 1.64755 0.682133)
(-0.153949 1.67271 0.766919)
(-0.153809 1.65094 0.83196)
(-0.138906 1.53002 0.841073)
(-0.108447 1.28312 0.760174)
(-0.067028 0.934438 0.580486)
(-0.0276902 0.547118 0.336836)
(-0.00249134 0.174796 0.0956703)
(0.230542 3.33411 -0.554821)
(-0.0930366 1.76843 -0.818521)
(0.0660555 1.5993 -0.812745)
(-0.0225249 1.75596 -0.716395)
(-0.0107146 1.83361 -0.626462)
(-0.0339135 1.84521 -0.541082)
(-0.0477454 1.82788 -0.463969)
(-0.0607855 1.80293 -0.39134)
(-0.0728124 1.77993 -0.321666)
(-0.0838361 1.76156 -0.254008)
(-0.093957 1.74688 -0.187805)
(-0.1033 1.73402 -0.122785)
(-0.111944 1.72174 -0.0587887)
(-0.119936 1.7096 0.00431494)
(-0.127366 1.69755 0.0666348)
(-0.134244 1.6856 0.128231)
(-0.1405 1.67356 0.18908)
(-0.146093 1.6611 0.249038)
(-0.151067 1.64799 0.307944)
(-0.155681 1.63478 0.365957)
(-0.160532 1.62369 0.424117)
(-0.166518 1.61915 0.484871)
(-0.174385 1.62635 0.551684)
(-0.18373 1.64595 0.626581)
(-0.191825 1.66597 0.70533)
(-0.193294 1.65689 0.772686)
(-0.181645 1.57877 0.802427)
(-0.153848 1.40194 0.765826)
(-0.111482 1.12888 0.646851)
(-0.0637621 0.798289 0.458289)
(-0.0240566 0.461486 0.244938)
(-0.00195401 0.147672 0.0618748)
(0.205447 3.16942 -0.580058)
(-0.105839 1.63924 -0.804606)
(0.034271 1.5831 -0.789357)
(-0.0519792 1.75848 -0.686325)
(-0.0520933 1.83581 -0.59749)
(-0.0741731 1.84714 -0.514142)
(-0.0914701 1.83051 -0.438392)
(-0.106903 1.80575 -0.367144)
(-0.120776 1.78189 -0.298786)
(-0.133284 1.76211 -0.232417)
(-0.14451 1.74615 -0.16747)
(-0.154574 1.73252 -0.103634)
(-0.163575 1.71986 -0.0407427)
(-0.171598 1.70745 0.0212961)
(-0.178749 1.69504 0.0825176)
(-0.185093 1.68258 0.142949)
(-0.19069 1.67001 0.202558)
(-0.195709 1.65749 0.261376)
(-0.200494 1.64583 0.319717)
(-0.20563 1.63696 0.378523)
(-0.21186 1.63395 0.439597)
(-0.21968 1.63975 0.505192)
(-0.228549 1.65368 0.576299)
(-0.235973 1.66634 0.649477)
(-0.237222 1.65656 0.713662)
(-0.226527 1.5952 0.749738)
(-0.199681 1.45765 0.735424)
(-0.157295 1.23909 0.655249)
(-0.105512 0.961546 0.512027)
(-0.0555982 0.664384 0.33289)
(-0.0189659 0.381379 0.161078)
(-0.00140302 0.122544 0.0341381)
(0.176899 3.0104 -0.584417)
(-0.117429 1.52617 -0.773316)
(-0.00655054 1.55401 -0.752168)
(-0.0828536 1.74994 -0.651717)
(-0.0958778 1.83191 -0.562068)
(-0.119388 1.84699 -0.481428)
(-0.139238 1.83387 -0.40807)
(-0.15683 1.811 -0.338964)
(-0.172299 1.78695 -0.272598)
(-0.185962 1.76552 -0.208162)
(-0.197966 1.7475 -0.145112)
(-0.20845 1.73212 -0.0831149)
(-0.217553 1.7183 -0.0219877)
(-0.225443 1.70525 0.0383643)
(-0.232347 1.69268 0.0980241)
(-0.238467 1.68061 0.157094)
(-0.244105 1.66943 0.215769)
(-0.249691 1.66008 0.274508)
(-0.255765 1.65407 0.334183)
(-0.262824 1.65321 0.396066)
(-0.270947 1.65836 0.461338)
(-0.279178 1.66704 0.529765)
(-0.28496 1.67058 0.59768)
(-0.284036 1.65278 0.656109)
(-0.271411 1.59273 0.6907)
(-0.243373 1.47263 0.684916)
(-0.199808 1.28752 0.626568)
(-0.145668 1.05102 0.515498)
(-0.0901093 0.791524 0.368547)
(-0.0435132 0.538742 0.216559)
(-0.0132719 0.308793 0.0916896)
(-0.00134276 0.0997536 0.0135199)
(0.150342 2.85898 -0.564632)
(-0.133433 1.41161 -0.724797)
(-0.0535989 1.51058 -0.699705)
(-0.121519 1.72575 -0.608173)
(-0.144031 1.81795 -0.520624)
(-0.170656 1.84176 -0.442968)
(-0.193183 1.83572 -0.372949)
(-0.21284 1.81767 -0.307073)
(-0.229715 1.79575 -0.243636)
(-0.244242 1.77415 -0.181911)
(-0.256716 1.75468 -0.121426)
(-0.267386 1.73769 -0.0618342)
(-0.276526 1.7229 -0.00287076)
(-0.284514 1.70997 0.0556975)
(-0.291683 1.69856 0.114099)
(-0.298406 1.68899 0.172654)
(-0.30511 1.68189 0.231858)
(-0.312169 1.67801 0.292379)
(-0.319717 1.67771 0.354871)
(-0.327307 1.67995 0.419448)
(-0.333532 1.68076 0.484724)
(-0.335732 1.67192 0.546605)
(-0.330144 1.64088 0.597384)
(-0.312767 1.5731 0.626141)
(-0.280854 1.45708 0.621041)
(-0.234631 1.29029 0.573671)
(-0.178346 1.08282 0.484006)
(-0.119803 0.85543 0.363686)
(-0.0680526 0.631613 0.234572)
(-0.029991 0.427436 0.121184)
(-0.00798073 0.245859 0.0408267)
(-0.000907052 0.0799097 0.000137957)
(0.128871 2.71754 -0.51532)
(-0.154626 1.28994 -0.654005)
(-0.106882 1.44041 -0.631596)
(-0.171745 1.67558 -0.553866)
(-0.200503 1.78536 -0.472347)
(-0.230158 1.82423 -0.39873)
(-0.255338 1.82979 -0.332828)
(-0.27716 1.82059 -0.271243)
(-0.295581 1.80489 -0.211797)
(-0.31108 1.78696 -0.153586)
(-0.324119 1.76932 -0.096127)
(-0.335169 1.75333 -0.0390438)
(-0.344704 1.7396 0.0179999)
(-0.353131 1.72805 0.075381)
(-0.36079 1.71867 0.133416)
(-0.367974 1.71152 0.192492)
(-0.374782 1.70635 0.252897)
(-0.380936 1.70214 0.314566)
(-0.385548 1.69644 0.376667)
(-0.386935 1.68459 0.43694)
(-0.382575 1.65936 0.491115)
(-0.369451 1.61146 0.532672)
(-0.344738 1.53147 0.55343)
(-0.306921 1.41303 0.545359)
(-0.256961 1.25629 0.503422)
(-0.198885 1.06985 0.428657)
(-0.139354 0.869331 0.330057)
(-0.0859575 0.672501 0.22345)
(-0.0447116 0.492658 0.126681)
(-0.0179102 0.33423 0.0531038)
(-0.00402997 0.193499 0.00836112)
(-0.000313849 0.0632459 -0.006983)
(0.112008 2.60729 -0.429876)
(-0.181746 1.15633 -0.555097)
(-0.163685 1.32505 -0.545849)
(-0.232713 1.5801 -0.487881)
(-0.266943 1.71619 -0.41725)
(-0.298913 1.77867 -0.349304)
(-0.326008 1.80182 -0.287794)
(-0.349761 1.80591 -0.230826)
(-0.369887 1.80071 -0.17603)
(-0.386634 1.79095 -0.121983)
(-0.400429 1.77925 -0.0679659)
(-0.411842 1.76723 -0.0135268)
(-0.42122 1.75572 0.0416679)
(-0.428631 1.74459 0.0976772)
(-0.434381 1.73386 0.154697)
(-0.438269 1.7226 0.212565)
(-0.43975 1.70901 0.270608)
(-0.437756 1.69016 0.327343)
(-0.430744 1.66168 0.380137)
(-0.416759 1.61795 0.424995)
(-0.393731 1.55276 0.456674)
(-0.360157 1.46072 0.469346)
(-0.315798 1.33926 0.457961)
(-0.262356 1.19048 0.420061)
(-0.203716 1.02196 0.357662)
(-0.145475 0.845603 0.278079)
(-0.0936631 0.674386 0.192861)
(-0.0529398 0.518204 0.114576)
(-0.025118 0.38094 0.0526563)
(-0.00897296 0.260614 0.0112544)
(-0.00164077 0.152074 -0.00930868)
(0.000156867 0.0499276 -0.00983825)
(0.104777 2.55005 -0.313924)
(-0.209655 1.0079 -0.424724)
(-0.21593 1.14096 -0.436705)
(-0.29722 1.4076 -0.405918)
(-0.339709 1.57605 -0.353763)
(-0.374308 1.67246 -0.295673)
(-0.401709 1.72209 -0.239492)
(-0.425398 1.74487 -0.186777)
(-0.445649 1.75306 -0.136475)
(-0.462356 1.75315 -0.087114)
(-0.475312 1.74824 -0.0376374)
(-0.484492 1.73966 0.0125162)
(-0.490035 1.72762 0.0634564)
(-0.49201 1.71238 0.115006)
(-0.490055 1.69312 0.166701)
(-0.483658 1.66821 0.217537)
(-0.472 1.6352 0.265827)
(-0.45404 1.59089 0.309065)
(-0.428686 1.53162 0.343919)
(-0.39507 1.45388 0.366515)
(-0.352965 1.35529 0.372983)
(-0.303218 1.23574 0.360418)
(-0.248044 1.09826 0.32808)
(-0.191029 0.949269 0.278357)
(-0.136665 0.79755 0.217019)
(-0.0893836 0.652127 0.152299)
(-0.0523676 0.519643 0.0926586)
(-0.0266373 0.40264 0.0442788)
(-0.0109957 0.299763 0.00985774)
(-0.00294756 0.207556 -0.0104222)
(-0.000297995 0.121962 -0.0171427)
(0.000507497 0.0401418 -0.010321)
(0.119815 2.58074 -0.186471)
(-0.221057 0.85689 -0.267799)
(-0.239652 0.868571 -0.300326)
(-0.340592 1.11669 -0.300498)
(-0.399422 1.309 -0.27541)
(-0.442431 1.44395 -0.235742)
(-0.471523 1.53091 -0.190331)
(-0.492658 1.58246 -0.144158)
(-0.50849 1.60978 -0.0992197)
(-0.520009 1.62122 -0.0557848)
(-0.527042 1.62209 -0.0133125)
(-0.529058 1.61507 0.0288208)
(-0.52544 1.60029 0.0708554)
(-0.515973 1.57776 0.112423)
(-0.50032 1.54678 0.152526)
(-0.478137 1.5061 0.189744)
(-0.44913 1.45408 0.22213)
(-0.413188 1.389 0.247285)
(-0.37057 1.30953 0.262619)
(-0.322112 1.21527 0.265821)
(-0.269426 1.10731 0.255445)
(-0.214966 0.988669 0.23154)
(-0.161839 0.864159 0.196165)
(-0.1134 0.739671 0.153412)
(-0.072596 0.62082 0.108656)
(-0.0412654 0.511467 0.0671826)
(-0.019707 0.4129 0.0327591)
(-0.00678161 0.32422 0.00701264)
(-0.000484859 0.243623 -0.00984939)
(0.0016066 0.168962 -0.0181745)
(0.00126783 0.0990824 -0.0180712)
(0.000132441 0.0325425 -0.00917155)
(0.150401 2.65906 -0.0773225)
(-0.187805 0.724866 -0.104169)
(-0.192295 0.519683 -0.146409)
(-0.306049 0.682811 -0.170026)
(-0.386138 0.856037 -0.173755)
(-0.449782 1.00524 -0.160354)
(-0.494244 1.12329 -0.136028)
(-0.522794 1.21054 -0.105706)
(-0.538518 1.27021 -0.0729849)
(-0.544032 1.30674 -0.0399668)
(-0.541366 1.32428 -0.00772721)
(-0.532101 1.32628 0.0230473)
(-0.516155 1.31605 0.0520881)
(-0.492479 1.29459 0.0792044)
(-0.461627 1.26215 0.103838)
(-0.423905 1.2187 0.124968)
(-0.380067 1.16413 0.14132)
(-0.331239 1.09855 0.151525)
(-0.279001 1.02259 0.154372)
(-0.225388 0.937663 0.149199)
(-0.172881 0.846049 0.136222)
(-0.124174 0.750692 0.116645)
(-0.0817177 0.65483 0.0927065)
(-0.0473014 0.561513 0.0673478)
(-0.0217425 0.472967 0.0434101)
(-0.00475933 0.390309 0.0229188)
(0.00466422 0.31385 0.00687153)
(0.0083632 0.243644 -0.00447884)
(0.00817428 0.179734 -0.0114116)
(0.00558769 0.122503 -0.013994)
(0.00286562 0.070946 -0.0121857)
(0.000364334 0.0231719 -0.0057833)
(0.0862109 2.10269 -0.00307824)
(-0.0969156 0.505908 0.0110043)
(-0.0535025 0.167275 -0.0161494)
(-0.1243 0.169582 -0.0343218)
(-0.188142 0.24167 -0.0537615)
(-0.254777 0.326582 -0.0644718)
(-0.316613 0.408271 -0.0658898)
(-0.36821 0.479907 -0.058202)
(-0.406681 0.538349 -0.0454572)
(-0.431169 0.582875 -0.0307374)
(-0.441589 0.613774 -0.0157192)
(-0.438314 0.631736 -0.00181414)
(-0.423055 0.638387 0.0101779)
(-0.398247 0.635551 0.0203229)
(-0.365096 0.623941 0.028704)
(-0.325165 0.604099 0.0350563)
(-0.280398 0.57651 0.0390223)
(-0.232987 0.541775 0.0402501)
(-0.185362 0.500751 0.0385154)
(-0.140001 0.454648 0.0339446)
(-0.0990575 0.405014 0.0277514)
(-0.0641322 0.353507 0.0213469)
(-0.0362785 0.3018 0.0150402)
(-0.0158059 0.25163 0.00912642)
(-0.00221524 0.204628 0.00418445)
(0.00557423 0.162104 0.000507571)
(0.00869369 0.124904 -0.00193605)
(0.00870596 0.0933298 -0.00339263)
(0.00692132 0.066876 -0.00428984)
(0.00423431 0.044673 -0.00440612)
(0.00162775 0.0255792 -0.00353673)
(0.000111031 0.00831648 -0.00167628)
)
;

boundaryField
{
    inner_wall
    {
        type            rotatingWallVelocity;
        origin          ( 0 0 0 );
        axis            ( 0 0 1 );
        omega           table ( ( 24 3.90348 ) ( 24.05 207.223 ) ( 26 207.223 ) );
        omegaCoeffs
        {
            values          3 ( ( 0 52.3599 ) ( 0.05 186.584 ) ( 2 186.584 ) );
        }
        value           nonuniform List<vector> 96{(0 4.73472 0)};
    }
    outer_wall
    {
        type            rotatingWallVelocity;
        origin          ( 0 0 0 );
        axis            ( 0 0 1 );
        omega           constant 0;
        value           uniform ( 0 0 0 );
    }
    top
    {
        type            fixedValue;
        value           uniform ( 0 0 -0.001462 );
    }
    bottom
    {
        type            inletOutlet;
        inletValue      uniform ( 0 0 0 );
        value           nonuniform List<vector> 
32
(
(0 0 0)
(0 0 0)
(0 0 0)
(0 0 0)
(0 0 0)
(0 0 0)
(0 0 0)
(0 0 0)
(0 0 0)
(0 0 0)
(0 0 0)
(0 0 0)
(0 0 0)
(0 0 0)
(0 0 0)
(0 0 0)
(0 0 0)
(0.0493641 0.966746 -0.0876509)
(0.0791897 1.13086 -0.174759)
(0.09933 1.19347 -0.249536)
(0.111989 1.19815 -0.310082)
(0.118837 1.17019 -0.356116)
(0.120998 1.12257 -0.387648)
(0.119051 1.06176 -0.404724)
(0.113424 0.991246 -0.407759)
(0.104044 0.912387 -0.397735)
(0.0917292 0.823343 -0.376411)
(0.0762452 0.718471 -0.345528)
(0.0581078 0.59095 -0.305592)
(0.0382604 0.43853 -0.254027)
(0.0191216 0.267475 -0.182862)
(0.00355678 0.0893632 -0.0777493)
)
;
    }
    front
    {
        type            wedge;
    }
    back
    {
        type            wedge;
    }
}


// ************************************************************************* //
