/*--------------------------------*- C++ -*----------------------------------*\
| =========                 |                                                 |
| \\      /  F ield         | OpenFOAM: The Open Source CFD Toolbox           |
|  \\    /   O peration     | Version:  2506                                  |
|   \\  /    A nd           | Website:  www.openfoam.com                      |
|    \\/     M anipulation  |                                                 |
\*---------------------------------------------------------------------------*/
FoamFile
{
    version     2.0;
    format      ascii;
    arch        "LSB;label=32;scalar=64";
    class       volScalarField;
    location    "676";
    object      p;
}
// * * * * * * * * * * * * * * * * * * * * * * * * * * * * * * * * * * * * * //

dimensions      [0 2 -2 0 0 0 0];

internalField   nonuniform List<scalar> 
3072
(
-0.000123967126
-9.41514958e-05
-9.04856767e-05
-8.44511828e-05
-7.46945447e-05
-6.29698199e-05
-5.1020774e-05
-3.99856195e-05
-2.77742638e-05
-1.4015389e-05
-7.56289028e-06
-7.76020081e-06
-7.62205979e-06
-6.31048283e-06
-4.47206102e-06
-2.49542555e-06
-5.35747381e-07
1.32377104e-06
3.02535255e-06
4.52417027e-06
5.80684984e-06
7.01602166e-06
8.04228219e-06
8.74648599e-06
9.27237149e-06
9.66433854e-06
9.94256152e-06
1.01314698e-05
1.02633769e-05
1.03857568e-05
1.05658913e-05
1.08151515e-05
-0.000264310229
-0.000186451935
-0.000160138493
-0.000141512575
-0.000123474686
-0.000104850569
-8.64209605e-05
-6.86356859e-05
-5.084295e-05
-3.39335796e-05
-2.18125185e-05
-1.44699796e-05
-8.57003493e-06
-3.29992547e-06
1.3303816e-06
5.32475536e-06
8.7433278e-06
1.16448584e-05
1.40880541e-05
1.61498023e-05
1.77775309e-05
1.92002941e-05
2.04184486e-05
2.12384433e-05
2.18513979e-05
2.23315534e-05
2.27115944e-05
2.30231472e-05
2.33042799e-05
2.36021237e-05
2.39473467e-05
2.42410465e-05
-0.000326423498
-0.000221780879
-0.000176573989
-0.000146112617
-0.000121669203
-0.000100771504
-8.23234071e-05
-6.5679439e-05
-5.03711584e-05
-3.65144693e-05
-2.47566572e-05
-1.50288687e-05
-6.70539841e-06
5.33409892e-07
6.82431577e-06
1.2263467e-05
1.69346024e-05
2.09093038e-05
2.42732194e-05
2.72005714e-05
2.9586647e-05
3.14880769e-05
3.30811479e-05
3.43169015e-05
3.52851707e-05
3.60471819e-05
3.66468964e-05
3.71230035e-05
3.75126148e-05
3.78541057e-05
3.81780184e-05
3.84491849e-05
-0.000386213025
-0.000266915268
-0.000210788416
-0.000168760899
-0.000135762923
-0.000109664104
-8.7852106e-05
-6.89315137e-05
-5.21828754e-05
-3.72966716e-05
-2.41970464e-05
-1.27466631e-05
-2.72751588e-06
6.04071844e-06
1.36901051e-05
2.03248483e-05
2.60363891e-05
3.09109923e-05
3.50378693e-05
3.85008872e-05
4.14022488e-05
4.3757318e-05
4.56285418e-05
4.71510162e-05
4.83629539e-05
4.93170001e-05
5.00673668e-05
5.06622704e-05
5.11447836e-05
5.15568951e-05
5.19302218e-05
5.22253008e-05
-0.000442025906
-0.000315681396
-0.000246466542
-0.000194679102
-0.000154291431
-0.000122039719
-9.54369188e-05
-7.2913722e-05
-5.34570016e-05
-3.64587627e-05
-2.1555603e-05
-8.48067227e-06
2.98934505e-06
1.30324253e-05
2.17902739e-05
2.93829919e-05
3.59218058e-05
4.15133229e-05
4.62353698e-05
5.00707281e-05
5.32996507e-05
5.60634757e-05
5.82579367e-05
6.00107423e-05
6.14106352e-05
6.2524245e-05
6.34104228e-05
6.41220323e-05
6.4707406e-05
6.52150292e-05
6.56821114e-05
6.60573178e-05
-0.000490655777
-0.000359350551
-0.000280091803
-0.000220370947
-0.000173455665
-0.000135075092
-0.000103461967
-7.69820167e-05
-5.44131537e-05
-3.49376777e-05
-1.80140353e-05
-3.25740222e-06
9.6202525e-06
2.08406248e-05
3.05810362e-05
3.89915577e-05
4.62062322e-05
5.23486754e-05
5.75292271e-05
6.18422337e-05
6.54205339e-05
6.837356e-05
7.0771992e-05
7.27055726e-05
7.42586326e-05
7.55057646e-05
7.65132167e-05
7.73397407e-05
7.8039873e-05
7.86708605e-05
7.92764494e-05
7.97776484e-05
-0.000531925651
-0.000396359893
-0.000311284578
-0.000245353039
-0.000191929105
-0.000147979102
-0.00011162137
-8.11856873e-05
-5.53783216e-05
-3.3274211e-05
-1.42176936e-05
2.2728774e-06
1.65599779e-05
2.89245599e-05
3.95926505e-05
4.87540512e-05
5.65745183e-05
6.32033458e-05
6.87775904e-05
7.34250862e-05
7.72689305e-05
8.04237408e-05
8.29929426e-05
8.50734022e-05
8.67547975e-05
8.81187647e-05
8.92382828e-05
9.01779189e-05
9.09985042e-05
9.17666461e-05
9.25327863e-05
9.31834072e-05
-0.000566133028
-0.000427474308
-0.000338406775
-0.000267796713
-0.000209055397
-0.000160191463
-0.000119500712
-8.53394145e-05
-5.63984507e-05
-3.1702589e-05
-1.05252545e-05
7.68770782e-06
2.33650293e-05
3.68456464e-05
4.84055723e-05
5.82767266e-05
6.66600731e-05
7.3734139e-05
7.96606865e-05
8.45882454e-05
8.86543552e-05
9.19859421e-05
9.46995571e-05
9.6902267e-05
9.8691983e-05
0.000100157391
0.000101377567
0.000102422371
0.000103358459
0.000104261287
0.000105187339
0.000105987532
-0.000594147609
-0.000453436082
-0.000361224805
-0.00028685824
-0.000223988664
-0.00017107999
-0.000126662571
-8.9194884e-05
-5.7401308e-05
-3.02976736e-05
-7.12082227e-06
1.27311317e-05
2.97375138e-05
4.42860526e-05
5.66972675e-05
6.72423249e-05
7.61559712e-05
8.36454033e-05
8.98963962e-05
9.50773236e-05
9.93418091e-05
0.000102830169
0.000105670437
0.00010797924
0.000109862398
0.000111415216
0.000112722289
0.000113858168
0.000114894525
0.000115914344
0.000116979111
0.000117908832
-0.000616490706
-0.000474437558
-0.000379940377
-0.00030266934
-0.000236575191
-0.000180405834
-0.000132889434
-9.25997469e-05
-5.83167613e-05
-2.90716508e-05
-4.08815385e-06
1.72635076e-05
3.54978625e-05
5.10402723e-05
6.42476871e-05
7.54249263e-05
8.48365668e-05
9.27157392e-05
9.92702443e-05
0.000104686951
0.000109134753
0.000112766658
0.000115721235
0.000118123802
0.00012008732
0.000121712985
0.000123090215
0.000124297543
0.000125410687
0.000126518352
0.000127685794
0.000128710632
-0.000633726662
-0.000490848566
-0.000394799397
-0.000315366617
-0.00024680419
-0.000188073462
-0.000138060396
-9.54450044e-05
-5.90692118e-05
-2.7991275e-05
-1.43706615e-06
2.12363539e-05
4.05660227e-05
5.70042095e-05
7.09358439e-05
8.26926868e-05
9.25640542e-05
0.000100805031
0.000107642431
0.000113279266
0.00011789794
0.000121662658
0.000124721215
0.000127206466
0.000129237508
0.000130920512
0.0001323489
0.000133604435
0.000134765847
0.000135925568
0.000137151368
0.000138229107
-0.000646482864
-0.000503164098
-0.000406150281
-0.000325165861
-0.000254771389
-0.000194090947
-0.000142131446
-9.7663895e-05
-5.95903083e-05
-2.69999765e-05
8.70245172e-07
2.46665728e-05
4.49388295e-05
6.21571506e-05
7.67266526e-05
8.89994276e-05
9.92841327e-05
0.000107853384
0.00011494946
0.00012078864
0.000125564525
0.00012945061
0.000132602313
0.000135158667
0.000137243739
0.000138967664
0.000140427005
0.000141706009
0.000142885427
0.00014405946
0.000145297239
0.000146383942
-0.000655395401
-0.000511913724
-0.0004143986
-0.000332350073
-0.000260647859
-0.000198537679
-0.000145115123
-9.92258267e-05
-5.98246211e-05
-2.60321586e-05
2.89973224e-06
2.76146661e-05
4.86682213e-05
6.65414119e-05
8.16529172e-05
9.43693093e-05
0.000105013469
0.000113871234
0.00012119671
0.000127216439
0.000132132723
0.000136126282
0.000139358436
0.000141972956
0.000144097665
0.00014584564
0.000147315742
0.000148594011
0.000149762325
0.000150914923
0.000152121309
0.000153176203
-0.000661079332
-0.000517623492
-0.000419969765
-0.000337236955
-0.000264648384
-0.000201539296
-0.000147065189
-0.000100129945
-5.97330748e-05
-2.50240953e-05
4.72942707e-06
3.01653705e-05
5.18404101e-05
7.02413134e-05
8.57950992e-05
9.88779545e-05
0.000109822532
0.000118924008
0.000126444939
0.00013261928
0.000137655619
0.00014173989
0.000145037631
0.000147695961
0.000149845297
0.000151600694
0.000153062553
0.000154318088
0.000155449568
0.000156549854
0.000157688056
0.000158676912
-0.000664111624
-0.000520794681
-0.000423285273
-0.000340155585
-0.000267011274
-0.00020325099
-0.000148065325
-0.000100401488
-5.92957586e-05
-2.39224151e-05
6.43633215e-06
3.24112525e-05
5.45573855e-05
7.33636555e-05
8.92615866e-05
0.000102633119
0.000113817074
0.000123114665
0.000130794004
0.000137093933
0.000142227176
0.000146383068
0.000149729851
0.000152416735
0.000154575697
0.000156322938
0.000157759735
0.000158973973
0.000160047734
0.000161071461
0.000162113319
0.000163010314
-0.000665021466
-0.00052189619
-0.00042475249
-0.000341432518
-0.000267983076
-0.000203844636
-0.000148220147
-0.000100087565
-5.85122876e-05
-2.26889737e-05
8.08749546e-06
3.44406492e-05
5.69224891e-05
7.60217807e-05
9.21718644e-05
0.000105757558
0.000117121065
0.000126567014
0.000134366714
0.000140761805
0.000145967356
0.00015017457
0.000153553121
0.000156253253
0.000158407645
0.000160132955
0.000161530809
0.000162689363
0.000163690104
0.000164620378
0.00016554706
0.00016633534
-0.000664284035
-0.000521353371
-0.000424746343
-0.000341376183
-0.00026780585
-0.000203497406
-0.000147646537
-9.92511777e-05
-5.73994818e-05
-2.13021773e-05
9.73539341e-06
3.63302178e-05
5.90306825e-05
7.83240977e-05
9.46438167e-05
0.000108375536
0.000119862785
0.000129411641
0.000137294792
0.000143755056
0.000149008433
0.00015324679
0.000156640221
0.000159339177
0.000161476372
0.00016316839
0.000164516807
0.000165609757
0.000166527871
0.000167355049
0.000168156703
0.000168827928
-0.000662312299
-0.000519541544
-0.000423607976
-0.00034027239
-0.000266709122
-0.000202383649
-0.000146466149
-9.79657218e-05
-5.59880328e-05
-1.97561236e-05
1.14164723e-05
3.81412334e-05
6.0962939e-05
8.03668437e-05
9.67852361e-05
0.000110603377
0.000122164691
0.000131775308
0.000139707977
0.000146205512
0.0001514838
0.000155734484
0.000159127333
0.000161812397
0.000163921941
0.000165572103
0.000166864126
0.000167885915
0.000168717112
0.000169438095
0.00017011277
0.000170665996
-0.000659463021
-0.000516783336
-0.00042164028
-0.000338378411
-0.000264903665
-0.000200668432
-0.000144799534
-9.63099256e-05
-5.43187331e-05
-1.80582666e-05
1.3151874e-05
3.99187466e-05
6.27838961e-05
8.22304089e-05
9.86890144e-05
0.000112543721
0.000124136916
0.00013377385
0.000141726447
0.000148236714
0.000153519715
0.000157766262
0.000161145297
0.000163806063
0.000165880056
0.000167482726
0.000168714802
0.000169663835
0.000170408432
0.000171025581
0.000171577739
0.000172017925
-0.000656031502
-0.000513345766
-0.000419107367
-0.000335922021
-0.000262578279
-0.000198503074
-0.000142761203
-9.43630838e-05
-5.24383088e-05
-1.62260772e-05
1.49498078e-05
4.16929363e-05
6.45419871e-05
8.39783829e-05
0.000100431334
0.000114282941
0.000125873962
0.000135508224
0.000143456315
0.000149958943
0.000155229921
0.000159458862
0.000162813581
0.000165442275
0.000167475493
0.000169027862
0.000170199499
0.000171077529
0.000171739549
0.00017225943
0.000172698306
0.000173034721
-0.000652249884
-0.000509469191
-0.00041622334
-0.000333097871
-0.000259900308
-0.000196023568
-0.000140456121
-9.22008504e-05
-5.03951949e-05
-1.4282887e-05
1.68098545e-05
4.34833561e-05
6.62711508e-05
8.56570092e-05
0.000102071159
0.00011589067
0.000127453834
0.000137063119
0.000144987719
0.000151466841
0.000156712843
0.00016091397
0.000164236772
0.000166828298
0.000168818075
0.00017031986
0.00017143312
0.000172244522
0.000172830726
0.000173262835
0.000173600837
0.000173845532
-0.000648310417
-0.000505544293
-0.000413024164
-0.000330016572
-0.000257005441
-0.000193345755
-0.000137974691
-8.98903385e-05
-4.82344253e-05
-1.22522002e-05
1.872998e-05
4.53079833e-05
6.79948176e-05
8.72927191e-05
0.00010364901
0.000117418891
0.000128937148
0.000138506037
0.000146393788
0.000152838192
0.000158050167
0.000162216595
0.000165502766
0.000168054584
0.000170000564
0.00017145361
0.000172512546
0.000173263585
0.000173782538
0.000174138138
0.000174389402
0.000174555903
-0.000644359136
-0.000501786005
-0.000409595067
-0.000326788369
-0.000254003921
-0.000190565118
-0.000135395221
-8.74936666e-05
-4.60038349e-05
-1.01714275e-05
2.0675092e-05
4.71288633e-05
6.9722499e-05
8.89474828e-05
0.000105226071
0.000118923584
0.000130379962
0.000139895494
0.00014773598
0.000154137372
0.000159309023
0.000163436396
0.00016668349
0.000169195072
0.000171098681
0.000172506383
0.000173516379
0.000174214448
0.000174675664
0.000174966764
0.000175145901
0.00017524819
-0.000640496274
-0.000498120291
-0.000406182441
-0.000323535261
-0.00025097708
-0.00018775393
-0.000132779616
-8.50589363e-05
-4.37371893e-05
-8.06465196e-06
2.26382104e-05
4.89661158e-05
7.14750315e-05
9.06224695e-05
0.000106806283
0.000120422648
0.000131810875
0.000141267477
0.000149055898
0.000155410488
0.000160539177
0.000164626118
0.000167834159
0.000170307023
0.000172171214
0.000173538181
0.000174505576
0.000175158671
0.000175571951
0.000175810572
0.000175931731
0.000175982845
-0.000636798788
-0.000494584552
-0.000402826609
-0.000320370929
-0.000247994273
-0.000184959189
-0.000130166397
-8.26130654e-05
-4.14414185e-05
-5.94911862e-06
2.46301679e-05
5.08467894e-05
7.32418158e-05
9.2281669e-05
0.000108380663
0.000121924297
0.000133247593
0.000142646217
0.000150382918
0.000156691039
0.000161777422
0.000165825229
0.000168996548
0.000171434178
0.000173261438
0.000174592037
0.000175524094
0.000176140556
0.000176515529
0.000176713248
0.000176789964
0.000176800956
-0.000633315273
-0.000491226206
-0.000399595117
-0.000317332064
-0.000245110569
-0.000182230324
-0.000127596882
-8.02021237e-05
-3.91860525e-05
-3.7968929e-06
2.66456468e-05
5.27497743e-05
7.50341014e-05
9.39659512e-05
0.000109982557
0.00012345508
0.000134714599
0.000144056366
0.000151742571
0.000158005633
0.000163051435
0.000167062192
0.000170198977
0.000172603913
0.000174402105
0.000175703821
0.00017660578
0.000177192551
0.000177537749
0.000177704577
0.000177748995
0.000177732274
-0.000630067812
-0.000488069544
-0.000396542463
-0.000314419236
-0.000242330294
-0.000179585951
-0.000125091056
-7.78328425e-05
-3.69477045e-05
-1.67689687e-06
2.86568608e-05
5.46618487e-05
7.68376779e-05
9.56694711e-05
0.000111612061
0.000125019853
0.00013622058
0.000145509653
0.000153149022
0.000159370434
0.000164379026
0.000168356303
0.000171462657
0.000173839633
0.000175611948
0.000176889286
0.000177767976
0.000178332407
0.000178655848
0.000178800858
0.000178823121
0.000178787763
-0.000627059522
-0.000485121832
-0.000393674704
-0.000311654641
-0.000239674013
-0.000177043632
-0.000122665225
-7.55222881e-05
-3.47485048e-05
4.1778713e-07
3.06593768e-05
5.6575277e-05
7.86536456e-05
9.73995226e-05
0.000113276692
0.000126626118
0.000137773565
0.000147014813
0.000154611703
0.000160795485
0.000165770732
0.000169718409
0.000172798401
0.000175151786
0.000176902851
0.000178160927
0.000179022045
0.000179570342
0.000179878831
0.00018000968
0.000180018362
0.000179972027
-0.000624280455
-0.000482378521
-0.000390988063
-0.000309043198
-0.000237147564
-0.000174608917
-0.000120325617
-7.32782305e-05
-3.2598464e-05
2.47675159e-06
3.26335863e-05
5.84778292e-05
8.04892998e-05
9.91676226e-05
0.000114983724
0.000128278572
0.00013937752
0.000148575789
0.000156134731
0.000162285139
0.00016723113
0.000171153223
0.000174210891
0.00017654483
0.000178278993
0.000179522414
0.000180370872
0.000180908298
0.000181207518
0.000181330487
0.000181332532
0.000181281375
-0.000621711474
-0.000479825754
-0.000388471938
-0.000306578888
-0.000234747076
-0.000172279498
-0.000118071292
-7.11008529e-05
-3.04985172e-05
4.49887269e-06
3.45782097e-05
6.03555857e-05
8.23334117e-05
0.000100977327
0.000116735555
0.000129977468
0.000141031911
0.000150191931
0.00015771753
0.000163838916
0.0001687598
0.00017266031
0.000175699565
0.000178017948
0.000179739136
0.000180971927
0.000181811895
0.000182342796
0.000182637322
0.000182757349
0.000182758119
0.000182706847
-0.000619327892
-0.000477443558
-0.000386110157
-0.000304249194
-0.000232462476
-0.000170046921
-0.00011589452
-6.89817475e-05
-2.84368502e-05
6.50505001e-06
3.65273007e-05
6.22292353e-05
8.41645204e-05
0.000102791302
0.00011850739
0.000131707533
0.000142726091
0.000151855065
0.000159353478
0.000165451186
0.000170351681
0.000174234866
0.000177259633
0.000179566158
0.000181277929
0.000182503577
0.000183338521
0.00018386638
0.000184159759
0.000184280563
0.000184283986
0.000184235989
-0.00061710271
-0.000475209019
-0.000383883642
-0.000302038577
-0.000230281355
-0.000167901629
-0.000113788293
-6.69162377e-05
-2.64113405e-05
8.49366855e-06
3.8476653e-05
6.41161331e-05
8.59988134e-05
0.000104600652
0.000120289318
0.000133461285
0.000144453633
0.000153559016
0.000161036464
0.000167115816
0.000172000528
0.000175870437
0.000178884339
0.000181182306
0.000182887723
0.000184109113
0.000184941792
0.000185469278
0.000185764128
0.000185888347
0.000185897115
0.000185854658
-0.000615008698
-0.000473098327
-0.000381772225
-0.000299930145
-0.00022819035
-0.000165833882
-0.000111746781
-6.49031733e-05
-2.44278565e-05
1.04472539e-05
4.03989029e-05
6.60081403e-05
8.78589952e-05
0.000106428739
0.00012209162
0.000135241681
0.000146213955
0.000155301024
0.000162762188
0.000168827384
0.00017370007
0.000177560053
0.000180566089
0.000182858199
0.000184559711
0.000185779085
0.000186611567
0.000187140597
0.000187438716
0.000187568073
0.000187583855
0.000187548288
-0.000613019421
-0.00047108786
-0.000379755499
-0.000297906089
-0.000226174637
-0.000163831702
-0.000109760548
-6.29353268e-05
-2.24806684e-05
1.23714939e-05
4.23000266e-05
6.790057e-05
8.97388703e-05
0.000108273687
0.000123907653
0.000137042038
0.000148000764
0.000157074733
0.000164523954
0.000170578772
0.00017544274
0.000179295685
0.000182296377
0.000184584837
0.000186284374
0.000187503424
0.000188337186
0.000188869054
0.000189171568
0.000189307049
0.000189330702
0.000189302654
-0.000611110157
-0.00046915518
-0.000377813891
-0.000295948829
-0.000224219331
-0.000161882745
-0.000107819531
-6.10046281e-05
-2.05629648e-05
1.42734292e-05
4.41862819e-05
6.9785134e-05
9.16204058e-05
0.000110129751
0.00012573993
0.000138862781
0.000149811624
0.000158875964
0.000166316433
0.000172363736
0.000177221518
0.000181069647
0.000184066922
0.000186353384
0.000188052349
0.000189272242
0.00019010824
0.000190643699
0.000190951177
0.000191093177
0.000191124922
0.000191104462
-0.000609258638
-0.000467279812
-0.000375929464
-0.000294041772
-0.000222310228
-0.000159974991
-0.000105913519
-5.91023049e-05
-1.86665654e-05
1.6162162e-05
4.60667038e-05
7.16587757e-05
9.3486114e-05
0.00011198666
0.000127588675
0.000140702483
0.000151642878
0.000160699784
0.000168133857
0.000174175813
0.000179029333
0.000182874324
0.00018586962
0.000188155281
0.000189854636
0.000191076112
0.000191914872
0.000192454249
0.000192766826
0.000192915282
0.000192954852
0.000192941621
-0.000607445635
-0.000465443865
-0.000374086623
-0.000292170023
-0.000220434786
-0.000158098019
-0.000104034002
-5.72217791e-05
-1.67870825e-05
1.80391475e-05
4.79402829e-05
7.35280009e-05
9.53486103e-05
0.000113845108
0.000129444795
0.000142553003
0.000153487715
0.000162539716
0.000169969645
0.000176008195
0.000180859102
0.000184702333
0.00018769677
0.000189982506
0.000191682894
0.000192906371
0.000193748098
0.000194291394
0.000194608873
0.000194763379
0.000194810145
0.000194803456
-0.000605655172
-0.00046363227
-0.000372272385
-0.000290320511
-0.000218582261
-0.000156242857
-0.000102173564
-5.5357215e-05
-1.49203345e-05
1.99067239e-05
4.98077777e-05
7.53940618e-05
9.72099517e-05
0.00011570447
0.000131304612
0.000144410058
0.000155341625
0.000164390867
0.000171818471
0.000177855156
0.000182704732
0.000186547243
0.000189541626
0.000191828019
0.000193529802
0.000194755432
0.000195600074
0.00019614704
0.000196468981
0.000196628885
0.000196681957
0.000196680888
-0.000603874504
-0.000461832869
-0.000370476475
-0.000288481903
-0.000216743978
-0.000154402098
-0.000100326012
-5.35037554e-05
-1.30628034e-05
2.17670647e-05
5.16699949e-05
7.72567529e-05
9.90702746e-05
0.000117564794
0.00013316679
0.000146271224
0.000157201395
0.000166249418
0.000173676019
0.000179711961
0.000184561131
0.000188403647
0.000191398505
0.000193685884
0.000195389198
0.000196616923
0.000197464231
0.000198014439
0.00019834023
0.000198504712
0.000198563036
0.000198566507
-0.000602093976
-0.000460036601
-0.000368690909
-0.000286644631
-0.000214913519
-0.000152569737
-9.84862567e-05
-5.16574159e-05
-1.12115207e-05
2.36222033e-05
5.35281209e-05
7.91165706e-05
0.000100929502
0.000119425324
0.000135029887
0.000148134472
0.00015906445
0.000168112325
0.000175538848
0.000181574825
0.000186424215
0.000190267202
0.000193262833
0.000195551328
0.000197256131
0.000198485737
0.000199335329
0.000199888227
0.000200217148
0.000200385293
0.00020044772
0.000200454569
-0.000600306683
-0.000458237586
-0.000366905631
-0.000284805006
-0.000213086784
-0.000150740825
-9.66502918e-05
-4.98151311e-05
-9.36418364e-06
2.54737583e-05
5.53831661e-05
8.09740106e-05
0.000102787572
0.000121285377
0.000136892765
0.000149998299
0.000160928899
0.00016997734
0.000177404398
0.000183440917
0.000188290916
0.000192134635
0.000195131163
0.000197420753
0.000199126875
0.000200358042
0.000201209445
0.000201764414
0.00020209569
0.000202266521
0.000202331837
0.00020234099
-0.000598507696
-0.000456431352
-0.000365097857
-0.00028297876
-0.000211261794
-0.00014891191
-9.48154895e-05
-4.79748154e-05
-7.51915469e-06
2.73229131e-05
5.7235892e-05
8.2829474e-05
0.000104644454
0.000123144487
0.000138754677
0.000151861722
0.000162793493
0.000171842962
0.000179270943
0.000185308313
0.00019015914
0.000194003703
0.000197001125
0.000199291687
0.000200998875
0.000202231217
0.000203083915
0.000203640309
0.000203973153
0.00020414563
0.000204212402
0.000204223674
-0.000596696079
-0.000454616585
-0.000363279991
-0.000281153423
-0.000209434377
-0.000147080714
-9.29798276e-05
-4.61347764e-05
-5.67511151e-06
2.91706271e-05
5.90869347e-05
8.46833242e-05
0.000106500193
0.000125002482
0.000140615354
0.000153724324
0.000164657639
0.000173708432
0.000181137571
0.000187175968
0.000192027722
0.000195873143
0.000198871378
0.000201162722
0.000202870679
0.000204103782
0.000204957241
0.000205514403
0.000205848029
0.000206021261
0.000206088581
0.0002061008
-0.000594872218
-0.000452792867
-0.000361454619
-0.000279327884
-0.000207604096
-0.000145246866
-9.11427195e-05
-4.42944136e-05
-3.83152391e-06
3.10173044e-05
6.09365159e-05
8.65354807e-05
0.000108354493
0.000126859442
0.000142475215
0.000155586351
0.000166521385
0.000175573668
0.000183004106
0.000189043623
0.000193896339
0.00019774258
0.000200741506
0.000203033422
0.000204741836
0.00020597529
0.000206828993
0.000207386293
0.000207719951
0.000207893126
0.000207960389
0.000207972277
-0.000593037929
-0.000450962013
-0.000359621316
-0.000277503253
-0.000205771885
-0.000143411167
-8.93048839e-05
-4.24542817e-05
-1.98881441e-06
3.28626021e-05
6.27842273e-05
8.83850116e-05
0.000110205587
0.000128715279
0.000144336115
0.0001574492
0.000168385615
0.000177439316
0.000184871085
0.000190911758
0.000195765436
0.000199612445
0.000202611942
0.00020490423
0.000206612815
0.000207846238
0.000208699711
0.000209256575
0.000209589584
0.000209761954
0.0002098285
0.000209838981
-0.000591196103
-0.000449126834
-0.000357772792
-0.000275688819
-0.000203941157
-0.000141575718
-8.74680607e-05
-4.06156309e-05
-1.47701907e-07
3.47064273e-05
6.46308282e-05
9.02334673e-05
0.000112053295
0.000130568422
0.000146197568
0.000159313045
0.000170250765
0.000179305976
0.000186739251
0.000192781233
0.000197635973
0.00020148378
0.0002044838
0.000206776327
0.000208484861
0.000209717942
0.00021057078
0.000211126716
0.000211458491
0.000211629339
0.000211694251
0.000211702911
-0.000589352036
-0.000447291917
-0.000355922518
-0.000273877482
-0.000202114725
-0.000139743462
-8.56343968e-05
-3.87799777e-05
1.69093679e-06
3.65486861e-05
6.6477315e-05
9.20834425e-05
0.00011390104
0.000132418764
0.000148056683
0.000161176392
0.000172116621
0.000181174125
0.000188609499
0.000194653245
0.000199509371
0.000203358181
0.000206358816
0.000208651567
0.000210359932
0.000211592453
0.000212444346
0.000212998958
0.000213329012
0.000213497696
0.000213560099
0.000213566709
-0.000587512277
-0.000445462659
-0.000354082276
-0.000272068453
-0.000200295592
-0.000137918237
-8.38069665e-05
-3.69497711e-05
3.52506553e-06
3.83875042e-05
6.83214687e-05
9.39323371e-05
0.000115749885
0.000134270121
0.000149915822
0.000163040977
0.000173984947
0.000183045652
0.000190483832
0.000196529911
0.000201387866
0.000205237996
0.000208239446
0.000210532509
0.000212240686
0.000213472529
0.000214323264
0.000214876251
0.000215204202
0.000215370238
0.000215429526
0.000215433489
-0.000585684268
-0.000443645654
-0.000352258288
-0.00027026825
-0.000198488112
-0.000136104305
-8.19893775e-05
-3.51279079e-05
5.35235283e-06
4.02209199e-05
7.01613691e-05
9.57780421e-05
0.000117598745
0.00013612442
0.000151778463
0.000164909673
0.00017585826
0.000184923038
0.000192364804
0.000198413888
0.000203274227
0.000207126116
0.000210128701
0.000212422279
0.000214130365
0.000215361522
0.000216210998
0.000216762174
0.000217087753
0.00021725079
0.000217306509
0.000217307333
-0.000583876398
-0.000441848705
-0.000350456849
-0.000268484352
-0.000196697589
-0.000134306259
-8.01854685e-05
-3.33173627e-05
7.17068993e-06
4.20477348e-05
7.19969209e-05
9.76215911e-05
0.000119447947
0.000137981318
0.000153645206
0.000166783797
0.000177738358
0.000186808464
0.000194254913
0.000200307941
0.000205171451
0.000209025736
0.000212029951
0.00021432441
0.000216032648
0.000217263253
0.000218111504
0.000218660815
0.000218983891
0.000219143718
0.000219195566
0.000219192908
-0.000582097846
-0.000440080394
-0.000348685083
-0.000266724383
-0.000194929997
-0.000132529101
-7.83993947e-05
-3.15213954e-05
8.97769924e-06
4.38664315e-05
7.38274684e-05
9.94631673e-05
0.00012129822
0.000139841723
0.000155517144
0.000168664865
0.000179627225
0.000188704314
0.000196156886
0.000202215091
0.000207082812
0.000210940354
0.000213946895
0.000216242781
0.000217951582
0.000219181928
0.000220029143
0.000220576686
0.00022089728
0.000221053845
0.000221101692
0.000221095371
-0.000580358415
-0.000438349831
-0.000346950745
-0.000264996109
-0.000193191716
-0.00013077814
-7.66355341e-05
-2.97434493e-05
1.07708594e-05
4.56753682e-05
7.56522251e-05
0.000101302884
0.00012315059
0.000141706831
0.000157395299
0.00017055425
0.000181526816
0.000190613035
0.000198073558
0.000204138504
0.000209011762
0.00021287367
0.000215883452
0.000218181509
0.00021989147
0.000221122026
0.000221968566
0.000222514613
0.00022283292
0.000222986355
0.000223030271
0.000223020288
-0.000578668343
-0.000436666448
-0.000345261987
-0.000263307348
-0.000191489318
-0.000129058853
-7.4898385e-05
-2.79870473e-05
1.25476321e-05
4.74730135e-05
7.74708172e-05
0.000103141966
0.000125008001
0.0001435779
0.000159278795
0.000172452055
0.000183438506
0.000192536827
0.00020000768
0.000206081343
0.000210961798
0.00021482946
0.000217843639
0.000220144825
0.000221856741
0.000223088168
0.000223934586
0.0002244796
0.000224796016
0.000224946669
0.000224986958
0.000224973528
-0.000577038001
-0.000435039711
-0.000343627053
-0.000261665765
-0.00018982933
-0.000127376727
-7.31925126e-05
-2.62558771e-05
1.43051693e-05
4.92573041e-05
7.92819154e-05
0.00010497998
0.000126871519
0.000145456721
0.000161169199
0.000174360226
0.00018536476
0.000194478593
0.000201962472
0.00020804708
0.000212936612
0.000216811613
0.000219831528
0.000222136982
0.00022385183
0.000225084977
0.000225932019
0.000226476673
0.000226791817
0.000226940283
0.000226977526
0.000226961116
-0.000575477485
-0.000433478725
-0.000342053882
-0.000260078552
-0.00018821791
-0.000125736991
-7.15223781e-05
-2.45537778e-05
1.60400404e-05
5.10248107e-05
8.10811876e-05
0.000106810823
0.000128736995
0.000147348771
0.000163075713
0.000176284163
0.000187309736
0.000196442255
0.000203941782
0.000210039527
0.000214940026
0.000218824012
0.000221851097
0.000224162081
0.000225880983
0.000227116867
0.000227965474
0.000228510653
0.000228825386
0.000228972534
0.000229007626
0.000228988992
-0.00057399615
-0.000431991779
-0.00034054966
-0.000258551982
-0.00018666034
-0.000124144022
-6.98915432e-05
-2.28835903e-05
1.77500203e-05
5.27738055e-05
8.28672067e-05
0.000108632871
0.000130602165
0.000149253607
0.000165000664
0.000178226878
0.000189276657
0.00019843092
0.000205948679
0.000212061789
0.000216975212
0.000220869915
0.000223905715
0.000226223622
0.000227947859
0.000229187679
0.000230038999
0.000230585825
0.000230901268
0.000231048267
0.000231082449
0.000231062655
-0.000572602137
-0.000430585896
-0.000339120411
-0.000257090992
-0.000185160638
-0.000122600982
-6.83023258e-05
-2.12468002e-05
1.94344831e-05
5.4504806e-05
8.4642361e-05
0.000110449714
0.000132462877
0.000151159759
0.000166941122
0.000180193796
0.000191270296
0.000200447975
0.000207985962
0.000214116466
0.0002190447
0.000222951848
0.000225997961
0.000228324286
0.000230055279
0.000231300411
0.0002321558
0.000232705635
0.000233023183
0.000233171518
0.000233206383
0.000233186819
-0.000571301888
-0.000429266328
-0.000337770603
-0.000255698735
-0.000183721227
-0.000121109645
-6.67558206e-05
-1.96438396e-05
2.10936448e-05
5.62187686e-05
8.64086629e-05
0.000112264719
0.000134322379
0.000153066096
0.000168894068
0.000182184056
0.000193290303
0.000202493439
0.00021005396
0.00021620414
0.000221149274
0.000225070776
0.000228128973
0.000230465391
0.000232204756
0.000233456789
0.000234317843
0.000234872311
0.000235193654
0.000235345138
0.000235382653
0.000235365037
-0.000570099597
-0.000428035935
-0.000336502764
-0.000254376038
-0.000182342541
-0.000119670148
-6.52517667e-05
-1.80740799e-05
2.27284169e-05
5.79166993e-05
8.81670153e-05
0.000114079698
0.000136188593
0.000154980304
0.000170857127
0.000184191088
0.000195331982
0.000204564468
0.000212150793
0.000218323461
0.000223287949
0.000227225994
0.000230298281
0.000232646685
0.000234396254
0.00023565701
0.000236525575
0.000237086581
0.000237413718
0.000237570515
0.000237613035
0.000237599426
-0.000568996551
-0.000426894412
-0.000335317693
-0.000253120435
-0.000181022519
-0.000118280871
-6.37884182e-05
-1.65356131e-05
2.43406729e-05
5.96000588e-05
8.99180498e-05
0.000115894147
0.000138060637
0.000156903739
0.000172832705
0.000186215221
0.000197394332
0.00020665966
0.000214274865
0.00022047268
0.000225458877
0.000229415616
0.000232504015
0.000234866357
0.000236628072
0.000237899544
0.000238777676
0.000239347373
0.000239682603
0.000239847242
0.000239897537
0.000239890354
-0.000567990385
-0.000425837905
-0.00033421661
-0.000251921687
-0.000179753713
-0.000116937044
-6.23611404e-05
-1.50241274e-05
2.59321765e-05
6.12709491e-05
9.16634813e-05
0.000117708733
0.00013993798
0.000158836229
0.000174821453
0.000188256184
0.000199475599
0.00020877646
0.000216423129
0.000222648387
0.000227658379
0.000231635777
0.000234742222
0.000237120512
0.000238896497
0.000240180726
0.000241070733
0.000241651635
0.000241997606
0.000242172981
0.00024223421
0.000242236203
-0.00056707421
-0.000424859855
-0.000333197364
-0.000250756834
-0.000178519382
-0.000115625255
-6.09570543e-05
-1.35303743e-05
2.74938497e-05
6.2925544e-05
9.34014447e-05
0.000119522743
0.000141820767
0.000160775904
0.000176819305
0.000190309995
0.000201571757
0.000210910506
0.000218590801
0.000224845438
0.000229881046
0.00023388091
0.000237007317
0.000239403894
0.000241196915
0.000242493055
0.000243396753
0.000243992213
0.000244352171
0.000244541639
0.000244617273
0.000244631367
-0.000566233935
-0.000423947247
-0.00033218904
-0.000249682279
-0.000177347075
-0.000114347792
-5.95814491e-05
-1.20565901e-05
2.9081445e-05
6.4593604e-05
9.51498376e-05
0.000121348751
0.000143719272
0.000162726607
0.000178821657
0.000192370641
0.000203677854
0.000213055971
0.000220770888
0.000227055872
0.000232118106
0.000236141524
0.000239288975
0.000241704362
0.000243514537
0.000244830949
0.000245751907
0.000246363167
0.000246739555
0.000246946455
0.000247041082
0.000247072769
-0.000565448842
-0.00042307828
-0.000331186658
-0.000248646408
-0.000176187866
-0.000113071414
-5.82024103e-05
-1.05792817e-05
3.06556715e-05
6.62570948e-05
9.6897183e-05
0.000123175408
0.000145622121
0.000164684408
0.000180829495
0.00019443564
0.000205788366
0.000215205371
0.000222954512
0.000229269761
0.00023435888
0.000238406458
0.000241575985
0.000244011922
0.00024584169
0.000247177445
0.000248117603
0.000248748309
0.000249144832
0.000249373249
0.000249491561
0.000249545045
-0.000564692659
-0.000422224685
-0.000330205159
-0.0002475892
-0.000175014057
-0.000111784147
-5.6810906e-05
-9.08880518e-06
3.22401721e-05
6.79289478e-05
9.86473312e-05
0.000124996002
0.000147522925
0.000166664713
0.000182858549
0.000196501925
0.0002078955
0.000217348938
0.000225130091
0.000231473864
0.000236588764
0.000240660015
0.00024385173
0.000246308976
0.000248159722
0.000249516597
0.000250478434
0.000251131677
0.000251551981
0.000251806322
0.000251953254
0.000252031926
-0.000563927132
-0.00042134782
-0.000329200963
-0.00024648746
-0.000173798489
-0.000110458604
-5.53827829e-05
-7.56397461e-06
3.38561193e-05
6.96301627e-05
0.000100427569
0.000126846036
0.000149431828
0.000168630894
0.000184866372
0.000198541349
0.000209975218
0.000219464921
0.000227276925
0.000233647719
0.000238787095
0.000242881153
0.000246094741
0.000248573594
0.000250446275
0.000251825914
0.00025281174
0.000253490493
0.000253938257
0.00025422303
0.000254403846
0.000254512398
-0.000563101687
-0.000420402613
-0.000328123899
-0.000245305532
-0.000172506409
-0.00010906245
-5.38910062e-05
-5.98393584e-06
3.55178069e-05
7.1367866e-05
0.000102237106
0.000128717929
0.000151331155
0.000170563404
0.00018684979
0.000200558974
0.000212024633
0.000221542546
0.000229379257
0.00023577225
0.000240932335
0.00024504645
0.000248280165
0.000250779853
0.000252674632
0.000254078101
0.000255089845
0.000255796861
0.000256275653
0.000256595325
0.000256815384
0.000256958992
-0.000562152328
-0.000419361029
-0.000326903198
-0.000243992896
-0.000171096964
-0.00010755928
-5.23051577e-05
-4.32601184e-06
3.72386746e-05
7.31430021e-05
0.000104057985
0.000130577594
0.000153222413
0.000172497875
0.000188825431
0.000202553872
0.00021403345
0.000223565412
0.000231416182
0.000237823167
0.000242997622
0.000247127068
0.00025037763
0.000252896183
0.000254812297
0.000256239952
0.000257279008
0.000258016648
0.000258529766
0.000258888646
0.000259153253
0.000259337016
-0.000561015379
-0.000418291521
-0.000325368545
-0.000242461603
-0.000169515552
-0.000105902571
-5.05848615e-05
-2.55638518e-06
3.9047168e-05
7.49815556e-05
0.000105918392
0.000132455308
0.000155125836
0.000174417352
0.000190745999
0.000204479289
0.000215962601
0.000225498053
0.000233352964
0.000239765385
0.000244947154
0.000249086348
0.000252349598
0.000254884221
0.000256820163
0.000258271705
0.000259338902
0.000260109041
0.000260659362
0.000261061391
0.000261375533
0.000261604255
-0.000559602885
-0.000416989686
-0.00032354357
-0.000240665819
-0.000167701594
-0.000104039898
-4.86871782e-05
-6.40708008e-07
4.09694579e-05
7.69025355e-05
0.000107832435
0.000134359659
0.000157019738
0.000176291065
0.000192597302
0.000206316164
0.000217786687
0.00022731059
0.000235156332
0.000241562837
0.000246742529
0.000250883945
0.0002541541
0.000256700633
0.00025865374
0.00026012788
0.000261223186
0.000262026933
0.000262616636
0.000263065094
0.000263433126
0.000263711054
-0.000557822942
-0.000415296716
-0.00032138202
-0.000238542757
-0.00016558582
-0.000101911743
-4.65645085e-05
1.45746877e-06
4.30310487e-05
7.89201186e-05
0.000109801697
0.000136278851
0.000158888824
0.000178110252
0.000194369313
0.000208045879
0.000219478861
0.000228970335
0.000236789325
0.000243175202
0.000248340697
0.000252474569
0.000255743994
0.000258296713
0.000260262977
0.000261757241
0.00026287955
0.000263717021
0.000264347332
0.000264844543
0.000265269837
0.000265600367
-0.000555571437
-0.000413107218
-0.000318786494
-0.000236006302
-0.00016309206
-9.9453749e-05
-4.41648378e-05
3.77813894e-06
4.52604253e-05
8.10518828e-05
0.000111833681
0.000138212119
0.000160726919
0.000179858508
0.000196034645
0.000209636383
0.000221003268
0.00023043776
0.000238209109
0.000244556783
0.00024969351
0.000253807971
0.000257067208
0.000259618789
0.000261592764
0.000263103355
0.000264250309
0.000265120399
0.000265791321
0.000266338329
0.000266822885
0.000267208209
-0.00055272864
-0.000410310361
-0.000315650843
-0.000232961441
-0.000160138765
-9.65976373e-05
-4.14332501e-05
6.36299724e-06
4.76865539e-05
8.33148289e-05
0.000113934426
0.000140155815
0.000162521861
0.000181515242
0.000197565286
0.000211054036
0.000222321522
0.000231670327
0.000239369581
0.000245658462
0.000250749297
0.000254830294
0.000258067985
0.000260609412
0.000262584099
0.000264105745
0.000265273539
0.000266173684
0.000266883709
0.000267479926
0.00026802394
0.000268464608
-0.000549162352
-0.000406783958
-0.00031186116
-0.000229307183
-0.000156639455
-9.32715925e-05
-3.83126496e-05
9.25470699e-06
5.03383383e-05
8.5725055e-05
0.000116108364
0.000142103939
0.000164258439
0.000183057119
0.000198930892
0.000212262593
0.000223392423
0.000232622687
0.000240221922
0.000246428515
0.000251453877
0.000255485245
0.000258688165
0.000261208713
0.000263175492
0.000264701317
0.000265884504
0.000266810428
0.000267556261
0.000268199166
0.000268800389
0.000269293659
-0.00054473025
-0.000402396901
-0.000307296495
-0.000224937392
-0.000152503884
-8.94014733e-05
-3.47449279e-05
1.24958589e-05
5.32437581e-05
8.82971062e-05
0.000118357939
0.000144048231
0.000165919068
0.000184458529
0.000200099045
0.000213223945
0.000224173151
0.000233248135
0.000240716228
0.000246814381
0.000251752454
0.000255716097
0.000258869293
0.000261356625
0.000263305293
0.000264826811
0.000266018257
0.000266963874
0.000267740275
0.000268425273
0.000269078716
0.000269615765
-0.000539281904
-0.000397011253
-0.000301830782
-0.000219742473
-0.000147639754
-8.49124199e-05
-3.06723775e-05
1.61277899e-05
5.642896e-05
9.10433724e-05
0.000120683345
0.000145978279
0.000167484266
0.000185692351
0.000201036286
0.000213899442
0.000224620845
0.000233500409
0.000240803479
0.00024676478
0.000251591837
0.000255467973
0.000258554917
0.000260995127
0.000262913837
0.000264420767
0.00026561134
0.000266568215
0.000267366713
0.00026808486
0.000268785143
0.000269376858
-0.000532661138
-0.000390484457
-0.000295335191
-0.000213611511
-0.000141954752
-7.97307088e-05
-2.60392977e-05
2.0189286e-05
5.99173179e-05
9.39735427e-05
0.0001230824
0.00014788182
0.000168933377
0.00018673107
0.000201709587
0.000214251699
0.000224694716
0.000233336078
0.000240438188
0.000246232584
0.000250923539
0.000254691179
0.000257694186
0.000260072174
0.000261947774
0.000263428356
0.000264607227
0.000265565155
0.000266375948
0.000267116926
0.00026784994
0.000268479439
-0.000524708788
-0.00038267192
-0.000287680797
-0.00020643476
-0.000135358881
-7.37858568e-05
-2.07937932e-05
2.47151594e-05
6.37284441e-05
9.70940945e-05
0.000125550535
0.000149745231
0.000170245545
0.000187548196
0.000202088184
0.00021424679
0.000224358556
0.000232717314
0.000239581368
0.000245177942
0.000249706983
0.000253344427
0.000256245
0.000258544665
0.000260362735
0.000261803604
0.000262957933
0.000263904208
0.000264714563
0.000265465304
0.000266215391
0.000266856746
-0.000515265815
-0.000373429933
-0.000278741592
-0.000198106479
-0.0001277671
-6.70129947e-05
-1.48897986e-05
2.97346574e-05
6.78771026e-05
0.000100407759
0.000128080835
0.000151554146
0.000171400885
0.000188119955
0.000202145734
0.000213856827
0.000223583684
0.000231615153
0.000238204078
0.000243572062
0.00024791351
0.000251399048
0.000254178449
0.000256383128
0.000258128308
0.000259514747
0.000260629916
0.00026154953
0.000262343421
0.000263086051
0.000263834558
0.00026447753
-0.000504176742
-0.000362618856
-0.000268397837
-0.000188528148
-0.000119102303
-5.9355532e-05
-8.28937831e-06
3.52696188e-05
7.23719183e-05
0.000103912851
0.000130664014
0.00015329408
0.000172381726
0.0001884271
0.000201862639
0.00021306273
0.000222352097
0.000230012971
0.000236291158
0.000241401168
0.000245530505
0.000248843275
0.000251483214
0.000253576264
0.000255232744
0.000256549066
0.000257608941
0.000258484872
0.00025924387
0.000259957708
0.00026068142
0.000261305514
-0.000491293311
-0.000350106473
-0.000256539696
-0.000177612019
-0.000109298581
-5.07680659e-05
-9.65330962e-07
4.13322816e-05
7.72137382e-05
0.000107602282
0.000133288147
0.000154950868
0.000173173726
0.000188456652
0.000201228338
0.000211856999
0.000220659659
0.000227910015
0.000233845054
0.000238670553
0.000242565656
0.000245686656
0.000248170149
0.000250135611
0.000251687589
0.00025291743
0.000253904536
0.000254717808
0.000255420945
0.000256082073
0.000256753629
0.000257333978
-0.000476478045
-0.000335771143
-0.000243070955
-0.000165285193
-9.83051871e-05
-4.12199547e-05
7.09546498e-06
4.79223509e-05
8.23933057e-05
0.000111461971
0.000135937852
0.000156510635
0.000173766583
0.00018820327
0.000200243252
0.000210246136
0.000218518887
0.000225324478
0.000230889077
0.000235407959
0.000239050358
0.000241963447
0.000244275543
0.00024609871
0.000247530939
0.000248657776
0.00024955364
0.000250283715
0.000250907905
0.00025148965
0.000252078257
0.000252586703
-0.000459607121
-0.000319504605
-0.000227914509
-0.000151497914
-8.60931607e-05
-3.06996068e-05
1.58868609e-05
5.50220208e-05
8.78872965e-05
0.000115467962
0.000138592446
0.000157958911
0.000174154032
0.000187670022
0.000198920224
0.000208252668
0.000215961522
0.000222296584
0.000227471062
0.000231667896
0.000235044878
0.000237738787
0.000239868721
0.000241538758
0.000242839306
0.00024384774
0.000244632643
0.000245257638
0.00024577677
0.000246248851
0.000246720018
0.000247125369
-0.000440569443
-0.000301213062
-0.000211024528
-0.000136245471
-7.26520585e-05
-1.91959379e-05
2.53845271e-05
6.25916421e-05
9.36540036e-05
0.000119582911
0.000141223245
0.000159278807
0.000174332837
0.000186868078
0.00019728474
0.000205915726
0.000213039256
0.000218889226
0.000223663565
0.000227530896
0.000230635757
0.000233102708
0.000235040173
0.000236544626
0.000237699248
0.00023855738
0.000239215863
0.000239732218
0.000240125137
0.000240458163
0.000240775711
0.000241044061
-0.000419248879
-0.000280799261
-0.000192374935
-0.000119563923
-5.79339197e-05
-6.63767118e-06
3.55468716e-05
7.05679584e-05
9.96305389e-05
0.000123752681
0.000143790577
0.00016044875
0.000174301183
0.000185815633
0.000195374292
0.000203290689
0.000209823671
0.000215188319
0.000219564869
0.00022310571
0.000225940238
0.000228178874
0.000229916532
0.000231248151
0.000232298907
0.00023307346
0.00023354751
0.000233848635
0.000234077735
0.000234248632
0.000234380471
0.000234477916
-0.000395504064
-0.000258114453
-0.00017183963
-0.0001012968
-4.21235708e-05
6.54799965e-06
4.61253805e-05
7.87968819e-05
0.000105693914
0.000127877842
0.000146227559
0.000161433567
0.000174053444
0.000184535016
0.000193237439
0.000200449887
0.000206409464
0.000211309722
0.00021531101
0.000218548273
0.000221136622
0.000223175936
0.000224753491
0.000225930372
0.000226712425
0.000227241248
0.000227654042
0.00022789407
0.000227954714
0.000227909986
0.000227807623
0.000227700696
-0.000369313923
-0.000233137556
-0.000149571163
-8.15339856e-05
-2.55645161e-05
2.00941441e-05
5.70919113e-05
8.71118814e-05
0.000111700292
0.000131813714
0.000148443018
0.000162185182
0.000173578269
0.000183047824
0.000190924927
0.000197471019
0.000202895537
0.000207368013
0.000211027421
0.000213989324
0.00021635142
0.0002181973
0.000219599312
0.000220618569
0.000221309182
0.000221740476
0.000221939345
0.000221939556
0.00022179676
0.000221531531
0.000221170867
0.000220825182
-0.000340649219
-0.00020580949
-0.000125741882
-6.0422689e-05
-8.0903696e-06
3.38440299e-05
6.79725594e-05
9.53076407e-05
0.000117442905
0.000135512892
0.000150371172
0.000162656836
0.000172866476
0.000181382739
0.000188500013
0.000194446868
0.000199402993
0.000203511605
0.000206888603
0.000209629386
0.00021181398
0.000213510323
0.000214777503
0.000215667478
0.000216227474
0.000216502749
0.000216536041
0.00021636014
0.000216006421
0.000215490244
0.000214835052
0.000214218556
-0.000309513164
-0.000176410124
-0.000100546074
-3.87044205e-05
9.95103823e-06
4.8153668e-05
7.86920516e-05
0.000103073758
0.000122709789
0.000138698721
0.000151850518
0.000162764824
0.000171888423
0.000179555645
0.000186018251
0.000191467772
0.000196051904
0.000199886391
0.000203063575
0.000205658578
0.000207733829
0.00020934251
0.000210530484
0.000211338311
0.000211803324
0.000211960339
0.000211843101
0.000211483802
0.000210907951
0.000210121034
0.000209142573
0.000208226273
-0.000275799077
-0.000145528557
-7.36998912e-05
-1.64997026e-05
2.77460451e-05
6.19531493e-05
8.87839565e-05
0.000110067523
0.00012718812
0.000141165215
0.000152734171
0.000162423413
0.000170614363
0.000177584406
0.000183537376
0.000188625112
0.000192962583
0.000196638438
0.000199722337
0.000202270101
0.000204327375
0.000205932293
0.000207117464
0.000207911736
0.000208340749
0.000208428986
0.000208201421
0.000207684192
0.00020689637
0.00020583163
0.00020450384
0.000203256943
-0.000239285998
-0.000113208606
-4.55480926e-05
5.78607847e-06
4.47199401e-05
7.44646644e-05
9.75077305e-05
0.000115736985
0.000130477239
0.000142638891
0.000152848643
0.000161540223
0.000169016287
0.000175490751
0.000181117407
0.000186009028
0.000190250046
0.000193904921
0.000197023651
0.000199645446
0.000201801288
0.000203515829
0.00020480877
0.000205695774
0.000206189288
0.000206299927
0.000206039116
0.000205420874
0.000204452114
0.000203109622
0.000201406641
0.000199787543
-0.000199685335
-7.91732165e-05
-1.72902099e-05
2.71749523e-05
6.01269035e-05
8.49732567e-05
0.000104202375
0.000119570004
0.000132223088
0.000142898953
0.000152077834
0.000160077742
0.000167113213
0.000173332921
0.000178843312
0.000183723102
0.000188032236
0.000191817329
0.000195114795
0.00019795256
0.000200351244
0.000202325415
0.000203884324
0.000205031051
0.000205762275
0.00020606752
0.000205930751
0.000205342925
0.000204286293
0.0002027003
0.000200574426
0.000198500592
-0.000156253145
-4.3445684e-05
1.01051232e-05
4.6273359e-05
7.25358084e-05
9.24172836e-05
0.000108133961
0.000121103378
0.00013217301
0.000141844695
0.00015042399
0.000158103929
0.00016501102
0.000171234512
0.000176842622
0.000181889911
0.000186421573
0.000190475747
0.000194083941
0.000197269953
0.000200049509
0.000202434264
0.000204434031
0.0002060446
0.000207254139
0.000208037428
0.000208321512
0.000208040372
0.000207127887
0.00020544593
0.000202878417
0.000200261915
-0.000107439579
-6.95967687e-06
3.45269851e-05
6.10016264e-05
8.03943517e-05
9.5811292e-05
0.000108789168
0.000120162979
0.000130370219
0.000139644189
0.000148116661
0.000155869649
0.000162954348
0.000169415515
0.000175301142
0.000180657908
0.000185531305
0.000189966756
0.000194008791
0.000197694245
0.000201043992
0.000204089591
0.000206880393
0.000209400996
0.000211624974
0.000213568914
0.000215047361
0.000215787732
0.00021562051
0.000214323553
0.000211483732
0.000208438562
-4.24567447e-05
2.91304659e-05
5.17420084e-05
6.76970954e-05
8.12780503e-05
9.37780249e-05
0.000105534353
0.000116609865
0.000126994477
0.000136678899
0.000145664953
0.000153946221
0.000161524757
0.000168436923
0.000174737218
0.00018047976
0.000185721576
0.00019052915
0.000194984013
0.000199158018
0.000203038007
0.000206574088
0.000209880006
0.00021328253
0.000217066071
0.000220849894
0.000223678518
0.000225483854
0.000227042891
0.000228190024
0.000227837371
0.000225776697
6.46118932e-05
6.48625546e-05
6.23756888e-05
6.80878468e-05
7.77930971e-05
8.91341675e-05
0.00010094336
0.00011257218
0.000123662978
0.000134102131
0.000143879896
0.000152904818
0.00016108003
0.000168463943
0.000175161269
0.000181237326
0.000186754593
0.000191794446
0.000196498781
0.000201024324
0.000205401642
0.000209573334
0.000213608501
0.000217814719
0.000222896227
0.000229750638
0.000238626385
0.000250127107
0.000265206068
0.000285366353
0.000314261716
0.000349257543
)
;

boundaryField
{
    inner_wall
    {
        type            zeroGradient;
    }
    outer_wall
    {
        type            zeroGradient;
    }
    top
    {
        type            zeroGradient;
    }
    bottom
    {
        type            fixedValue;
        value           uniform 0;
    }
    front
    {
        type            wedge;
    }
    back
    {
        type            wedge;
    }
}


// ************************************************************************* //
