/*--------------------------------*- C++ -*----------------------------------*\
| =========                 |                                                 |
| \\      /  F ield         | OpenFOAM: The Open Source CFD Toolbox           |
|  \\    /   O peration     | Version:  2506                                  |
|   \\  /    A nd           | Website:  www.openfoam.com                      |
|    \\/     M anipulation  |                                                 |
\*---------------------------------------------------------------------------*/
FoamFile
{
    version     2.0;
    format      ascii;
    arch        "LSB;label=32;scalar=64";
    class       volScalarField;
    location    "172";
    object      C;
}
// * * * * * * * * * * * * * * * * * * * * * * * * * * * * * * * * * * * * * //

dimensions      [0 0 0 0 0 0 0];

internalField   nonuniform List<scalar> 
3072
(
2.72730537e-09
-3.69395295e-07
-1.06100759e-06
2.36063996e-05
5.8170261e-05
-0.000126546722
-0.000773417943
-0.00175074773
-0.0028247008
-0.00427711093
-0.00736469572
-0.0178297547
-0.0371974899
-0.0523560391
-0.0158186415
0.143488694
0.433805345
0.746600474
0.959139554
1.03533322
1.02864376
1.00650277
0.997256454
0.99798945
1.001559
1.00551433
1.00704941
1.00139261
0.980252308
0.904105474
0.683555336
0.264040708
-2.803718e-09
3.74804429e-07
1.20761022e-05
-2.74288215e-05
-0.000281058801
-0.00031486071
0.00116033917
0.00472081326
0.0088930104
0.0109071287
0.00784293018
-0.00264720364
-0.0252694841
-0.0513543052
-0.0241103406
0.140450079
0.444238859
0.764512384
0.971446439
1.03740091
1.02571308
1.00429361
0.996918879
0.998356089
1.00194622
1.00582149
1.00704589
1.00078195
0.978758729
0.900818906
0.678438904
0.259999836
9.77201623e-09
2.89652516e-06
-6.59356021e-06
-0.000188182369
-0.000151877154
0.00212408153
0.00789676951
0.0144929085
0.0179822871
0.0178156468
0.0155616173
0.00826148376
-0.0137055602
-0.0484899737
-0.0309185714
0.13535111
0.447557543
0.77288784
0.97711037
1.03781923
1.02399719
1.00329144
0.996870372
0.998563292
1.00213327
1.00596691
1.0070286
1.00049839
0.978237282
0.900182807
0.678741414
0.262880831
1.47535817e-08
3.84623241e-06
-3.04630487e-05
-0.000295190729
0.000321267251
0.0049007356
0.0130388155
0.0190019346
0.0199282033
0.0189879436
0.0166084467
0.0135151015
-0.0056556201
-0.0461353591
-0.0327591178
0.140601214
0.462862653
0.790057908
0.986096322
1.03814485
1.02153924
1.00199167
0.996829731
0.998829051
1.00237208
1.00615022
1.0070023
1.00014107
0.977569735
0.899217251
0.678334603
0.265412798
-1.67596097e-10
4.29256772e-06
-3.28895041e-05
-0.000316029914
0.000409165871
0.00557706305
0.0145183667
0.0204939956
0.0215381283
0.0202120321
0.0156693091
0.0134000716
-0.00683820647
-0.047519015
-0.0229981709
0.169838177
0.503813404
0.822435065
0.999023285
1.03746324
1.01801039
1.00051926
0.99690315
0.99916773
1.00266041
1.00636351
1.00694068
0.999677817
0.97670903
0.897897824
0.677554761
0.268407419
-1.11415416e-07
4.7689833e-06
-2.34173348e-05
-0.000307195916
0.000135558753
0.00425829214
0.0118347935
0.0175923536
0.0198907077
0.0174386842
0.0138871557
0.0099887706
-0.0157928562
-0.0504918217
0.00557610506
0.237185164
0.581151661
0.873846797
1.01541221
1.03465367
1.01298164
0.998874148
0.997153775
0.999629939
1.00305529
1.00664398
1.00680622
0.998964003
0.975315858
0.895392849
0.674894206
0.270212428
-4.07955073e-08
5.26390593e-06
-7.50953365e-06
-0.00026332975
-0.000201846434
0.00218100122
0.00702533813
0.0112448785
0.0127963719
0.0108240521
0.00966970948
0.00109703139
-0.0317142173
-0.0435537078
0.0733848849
0.356426842
0.695350455
0.937453551
1.02977411
1.02818083
1.00688536
0.997510546
0.997677814
1.00021834
1.00358406
1.00699514
1.00653565
0.997873249
0.973146749
0.891191938
0.669637909
0.270163705
-1.11008462e-06
3.8770737e-06
7.24072709e-06
-0.000188097354
-0.000368798217
0.000544170499
0.00274726412
0.00490500299
0.00523767912
0.00509968476
0.00337069026
-0.0166799309
-0.0443749042
0.00369700957
0.208978325
0.532138304
0.830596772
0.9960813
1.03455362
1.01788506
1.00115568
0.996997392
0.998467608
1.00090535
1.00426793
1.00738924
1.00603352
0.9962712
0.969968836
0.884842262
0.661198698
0.267714106
3.14492797e-06
7.56456676e-06
2.35627819e-05
-9.53792e-05
-0.000325653162
-0.00021608772
0.000378605906
0.000933021239
0.00119110715
0.00134689612
-0.0113871203
-0.0369649801
-0.0145435439
0.140894355
0.430338644
0.742121306
0.952730198
1.02972123
1.02630082
1.00651498
0.997639189
0.997540895
0.999359058
1.00167769
1.00512101
1.00774767
1.00516648
0.994020467
0.965565329
0.875991036
0.649275278
0.262666372
-1.924646e-05
-1.87708734e-05
4.46674777e-07
-4.8332196e-05
-0.000205973788
-0.000335172829
-0.000334991399
-0.000396621381
-0.000135797349
-0.0109526222
-0.031301477
-0.00777213188
0.134605456
0.403329891
0.706388074
0.928065342
1.02334877
1.03025595
1.01066135
0.99873469
0.9971504
0.998648223
1.00015467
1.00259713
1.00612856
1.00792488
1.00377098
0.990984661
0.959718161
0.864347772
0.63377011
0.255063599
9.69660496e-05
0.00010652515
0.000132904597
0.00011183715
3.83849094e-05
-9.99063257e-05
-0.000177044087
-0.000224563478
-0.0123232885
-0.0238328251
0.0229283744
0.185816552
0.453605259
0.737393883
0.939477594
1.02565946
1.03116692
1.01154962
0.998970682
0.99697433
0.998454889
0.999525674
1.0008907
1.0037831
1.00719057
1.00770609
1.00167831
0.987039108
0.952203671
0.849688923
0.61478451
0.245154634
-0.000544965506
-0.000596377021
-0.000616361241
-0.000483090811
-0.000442003408
-3.00504205e-06
-0.00109799727
-0.0132375504
0.0021541744
0.103934091
0.314157033
0.5860729
0.831614513
0.983705349
1.03572515
1.02850409
1.00825755
0.997718483
0.996899921
0.998665676
0.999446331
0.999980499
1.00188878
1.0052661
1.0080783
1.00684149
0.998754033
0.982081254
0.942798954
0.831885985
0.592618222
0.233344202
0.00332022634
0.00362459608
0.00375018447
0.00251718607
0.00163940013
-0.00363107386
0.0122404609
0.108004884
0.300740974
0.552471789
0.792220047
0.958672264
1.03288515
1.03909716
1.01856939
1.00130457
0.995887015
0.997344394
0.999292188
0.999636279
0.999541358
1.00062198
1.00339426
1.00684753
1.00847127
1.00511558
0.994937076
0.976036162
0.931306599
0.810962564
0.567783432
0.220151443
-0.0243181156
-0.0268851949
-0.0268571509
-0.00571852237
0.0709982147
0.226333183
0.445374305
0.67865713
0.873841655
0.997660992
1.04697087
1.04430435
1.02144829
1.00221832
0.994861702
0.995901058
0.998852949
1.00015081
0.999797362
0.999272719
0.999824668
1.00194929
1.00524574
1.0081582
1.00806845
1.00241953
0.990261192
0.968859294
0.917606088
0.78717091
0.541013315
0.206167449
0.328394391
0.422991294
0.559343414
0.719878311
0.865025352
0.975935053
1.04275486
1.06612446
1.0571417
1.03288698
1.00935278
0.995635084
0.992482348
0.995321713
0.99896996
1.00072362
1.00056277
0.999653097
0.999042995
0.999350753
1.00092989
1.00376801
1.00703998
1.0088463
1.00668945
0.998795475
0.984851833
0.960547689
0.901736027
0.761068563
0.513248694
0.192010582
1.02866543
1.04565122
1.0525323
1.04866237
1.03676821
1.0207549
1.0051153
0.993766891
0.988721634
0.989462674
0.99351691
0.997928036
1.0007212
1.00149551
1.00097061
1.00007333
0.99934257
0.998964598
0.999133834
1.0002214
1.00250962
1.00567519
1.00843147
1.00868342
1.00432979
0.994443208
0.9789028
0.951173907
0.883995598
0.733562715
0.485587931
0.178279602
0.996109434
0.993354589
0.991442641
0.990971524
0.991964787
0.994151868
0.996971756
0.999673926
1.00156887
1.00231088
1.00203244
1.00122358
1.00042026
0.99990772
0.999638744
0.999408132
0.999139444
0.999068673
0.999684162
1.00142516
1.0042664
1.00739178
1.00917479
1.00761072
1.00118405
0.989681676
0.972648022
0.940947271
0.865028652
0.705884844
0.45919525
0.165508259
1.00067368
1.00117645
1.00159272
1.00178963
1.00172855
1.0014156
1.00091157
1.00033701
0.999846302
0.999570983
0.999557145
0.999733113
0.999932544
0.999970745
0.999746811
0.999333796
0.999018781
0.999253934
1.00048629
1.00287508
1.00598983
1.00866306
1.00916894
1.00578544
0.99760368
0.984872493
0.966350929
0.930279433
0.845834295
0.679471445
0.435177936
0.154126983
0.999869632
0.999769809
0.999680553
0.999629744
0.999625802
0.999668557
0.999751077
0.999861403
0.999985068
1.00010544
1.0001986
1.00022484
1.00012838
0.999862442
0.999448212
0.99904758
0.99899488
0.999720583
1.00153801
1.0043497
1.00741823
1.00937057
1.00852962
1.00353015
0.993989425
0.980348966
0.960314473
0.919801244
0.827658174
0.655761497
0.414457629
0.144437018
1.00002666
1.00004773
1.00006814
1.00008187
1.00008426
1.00007134
1.00004523
1.00001907
1.00001377
1.00004276
1.00008966
1.00009498
0.999972993
0.999669799
0.999247706
0.99894877
0.999173977
1.00033525
1.00259999
1.00562756
1.00844552
1.00958749
1.00751306
1.00120982
0.990691197
0.976379306
0.954880219
0.910282974
0.811769974
0.635963036
0.397667117
0.136600168
0.999994127
0.999989607
0.999985921
0.999984113
0.999981833
0.999976316
0.999970769
0.999977891
1.0000132
1.0000767
1.00013225
1.00010424
0.999910517
0.999533362
0.999100668
0.998922069
0.999422517
1.00095331
1.00353056
1.0066189
1.00909707
1.00948482
1.00640267
0.99913237
0.987952347
0.973152634
0.950384602
0.902464275
0.799198961
0.620863073
0.385097232
0.130644345
1.00000113
1.00000228
1.00000406
1.0000059
1.00000441
0.999996566
0.999987096
0.999991552
1.00002672
1.00008865
1.00013163
1.00007149
0.999830535
0.999418083
0.999007981
0.998952045
0.999679061
1.00147945
1.00424828
1.00731296
1.00946636
1.00925003
1.00542678
0.997495075
0.985895798
0.970770713
0.947079383
0.896865464
0.790531337
0.610739559
0.376702487
0.126482655
0.999999579
0.999999445
1.00000003
1.000001
0.999998891
0.999990812
0.999982499
0.999990838
1.00003212
1.0000978
1.00013424
1.00005171
0.999777987
0.999344244
0.998957306
0.998995047
0.999881733
1.0018585
1.0047353
1.0077526
1.00965894
1.00902558
1.00471906
0.996378591
0.984538764
0.969242301
0.945061224
0.89367098
0.785843054
0.605390528
0.372157197
0.123942112
0.999999925
1.00000009
1.00000097
1.00000215
0.99999999
0.999991596
0.999983228
0.999992606
1.00003594
1.00010235
1.00013394
1.00003811
0.999746186
0.999302301
0.998932049
0.999026932
1.0000063
1.00208095
1.00501208
1.00799365
1.00975463
1.00888857
1.00432238
0.995770963
0.983819995
0.968489726
0.94425358
0.892730878
0.784772476
0.604251087
0.370940939
0.1227954
0.999999844
0.999999931
1.00000075
1.0000019
0.999999724
0.999991274
0.999982909
0.999992652
1.00003683
1.00010384
1.00013417
1.00003385
0.999735185
0.999287038
0.998922268
0.999037811
1.00005138
1.00216251
1.00511466
1.00808579
1.00979975
1.00885994
1.00421445
0.995601671
0.983630418
0.968372059
0.944445773
0.893660592
0.786684188
0.606550107
0.372429217
0.122790975
0.999999862
0.999999954
1.00000077
1.00000197
0.999999926
0.999991552
0.999982961
0.999992114
1.00003573
1.00010292
1.0001348
1.00003711
0.999740678
0.999292167
0.998922556
0.999028502
1.00002991
1.00213111
1.00508214
1.00806751
1.00981489
1.00892581
1.00433805
0.995772667
0.983838205
0.968710374
0.945354633
0.895984706
0.7908679
0.611457098
0.375949128
0.123661651
0.999999858
0.999999932
1.00000071
1.00000196
1.00000014
0.999991987
0.999983056
0.999990911
1.00003288
1.00010003
1.00013576
1.00004631
0.999759052
0.999313104
0.998930725
0.999004188
0.999958779
1.00201584
1.00494996
1.00796831
1.00980826
1.0090602
1.00462755
0.996179372
0.984297919
0.969310004
0.946700647
0.899256374
0.796638565
0.618165922
0.380866971
0.125152048
0.999999861
0.99999992
1.00000065
1.00000195
1.00000041
0.999992578
0.99998328
0.999989453
1.00002906
1.00009576
1.00013643
1.00005858
0.999785252
0.999344709
0.998945828
0.998973217
0.999858821
1.00184832
1.00475248
1.0078122
1.00977936
1.00922847
1.00501452
0.996734279
0.984923457
0.970065155
0.948251946
0.902994581
0.803310717
0.626003927
0.386706259
0.12707642
0.999999863
0.999999906
1.00000059
1.00000192
1.00000069
0.999993233
0.999983611
0.999987965
1.00002481
1.00009064
1.00013644
1.0000717
0.999815066
0.999382486
0.998966783
0.99894236
0.999747387
1.00165501
1.0045185
1.00761949
1.00972858
1.00940326
1.0054437
0.997363559
0.985635465
0.970883004
0.94983655
0.906851532
0.810359635
0.634418649
0.393056019
0.129268387
0.999999866
0.999999894
1.00000053
1.00000189
1.00000095
0.999993901
0.99998403
0.999986608
1.00002056
1.00008514
1.00013567
1.00008411
0.999845234
0.999422626
0.998992007
0.998915818
0.999636984
1.00145615
1.00427117
1.00740797
1.00965916
1.00956652
1.00587456
0.998010992
0.986374751
0.971701679
0.95134408
0.910586147
0.817399908
0.642994498
0.399603161
0.13159755
0.999999868
0.999999884
1.00000047
1.00000185
1.00000118
0.99999454
0.999984504
0.999985459
1.00001658
1.00007965
1.0001342
1.00009497
0.999873617
0.999462209
0.999019599
0.998895342
0.999535259
1.00126553
1.00402767
1.0071925
1.0095767
1.00970896
1.00628084
0.998636824
0.987097638
0.97248055
0.952713907
0.914054877
0.824175935
0.651438779
0.406120004
0.133964844
0.999999871
0.999999875
1.00000041
1.0000018
1.00000137
0.999995124
0.999984996
0.999984533
1.00001301
1.00007442
1.00013224
1.00010407
0.999899184
0.999499405
0.999047779
0.998880916
0.999445845
1.00109134
1.00379953
1.00698455
1.0094878
1.00982782
1.00664802
0.999215778
0.987774554
0.973195382
0.953920545
0.917187259
0.830536693
0.659563573
0.412454522
0.136300222
0.999999873
0.999999868
1.00000037
1.00000176
1.00000153
0.999995638
0.999985476
0.999983815
1.00000993
1.00006966
1.00013001
1.00011143
0.999921457
0.999533056
0.999075018
0.998871629
0.999369832
1.00093771
1.00359382
1.00679236
1.00939885
1.00992438
1.00696992
0.99973381
0.988387129
0.973833051
0.954960408
0.91996293
0.83640892
0.667262483
0.418514982
0.138557443
0.999999876
0.999999863
1.00000033
1.00000172
1.00000166
0.999996076
0.999985917
0.999983272
1.00000735
1.0000655
1.00012775
1.0001172
0.999940237
0.999562409
0.999100068
0.998866227
0.999306867
1.00080614
1.00341429
1.00662133
1.00931529
1.01000196
1.00724581
1.00018501
0.988925664
0.974387968
0.955842111
0.922392571
0.841773252
0.674489313
0.424255633
0.140708821
0.999999878
0.999999858
1.00000029
1.00000168
1.00000176
0.999996439
0.999986302
0.999982868
1.00000524
1.00006198
1.00012564
1.00012164
0.999955665
0.999587221
0.999122109
0.998863429
0.999255734
1.00069628
1.00326216
1.00647438
1.0092411
1.0100645
1.00747822
1.00056914
0.989387037
0.974859799
0.956580345
0.924504498
0.846646157
0.681241358
0.429665343
0.142741092
0.99999988
0.999999853
1.00000027
1.00000165
1.00000184
0.999996731
0.999986622
0.999982566
1.00000357
1.0000591
1.0001238
1.00012503
0.999968041
0.999607556
0.999140686
0.998862131
0.999214881
1.00060668
1.00313681
1.00635237
1.00917884
1.01011583
1.00767144
1.00088971
0.989772963
0.975251943
0.957192245
0.926335616
0.851066552
0.687546336
0.434758422
0.144651856
0.999999882
0.999999849
1.00000024
1.00000163
1.0000019
0.999996962
0.999986876
0.999982338
1.00000225
1.00005682
1.00012229
1.00012761
0.999977766
0.999623731
0.999155692
0.998861493
0.999182647
1.00053519
1.00303633
1.00625452
1.00912957
1.01015922
1.00783062
1.00115266
0.990088709
0.975570601
0.957695521
0.927925945
0.855086875
0.693453422
0.439568366
0.146447303
0.999999883
0.999999845
1.00000022
1.00000161
1.00000196
0.999997138
0.999987067
0.999982159
1.00000125
1.00005507
1.00012113
1.00012959
0.999985275
0.999636261
0.999167337
0.998860947
0.999157393
1.00047921
1.00295785
1.00617873
1.00909314
1.01019724
1.00796119
1.00136546
0.990342068
0.975824053
0.958107495
0.929315267
0.858766767
0.699026415
0.444142933
0.148140443
0.999999885
0.999999841
1.00000021
1.0000016
1.000002
0.999997271
0.999987204
0.999982014
1.00000048
1.00005377
1.00012028
1.00013114
0.999990996
0.999645733
0.999176016
0.998860172
0.999137627
1.00043603
1.00289793
1.00612202
1.00906844
1.0102318
1.00806855
1.00153638
0.990542438
0.976021971
0.958444539
0.930540997
0.862168219
0.704337957
0.448539756
0.14974936
0.999999886
0.999999837
1.0000002
1.0000016
1.00000204
0.99999737
0.999987295
0.99998189
0.99999991
1.00005282
1.00011971
1.00013238
0.999995327
0.99965276
0.99918224
0.998859035
0.999122026
1.00040292
1.00285292
1.00608091
1.00905365
1.01026423
1.00815785
1.00167398
0.99070008
0.976174814
0.958721778
0.931636965
0.865352076
0.709464946
0.452822775
0.151295734
0.999999888
0.999999833
1.00000019
1.0000016
1.00000207
0.999997443
0.999987352
0.999981779
0.999999474
1.00005213
1.00011936
1.00013341
0.999998641
0.999657961
0.999186585
0.998857533
0.999109426
1.00037728
1.0028191
1.00605164
1.0090466
1.01029538
1.0082339
1.00178673
0.990825561
0.976293332
0.958952941
0.932632805
0.868375587
0.714484999
0.457059476
0.152803773
0.99999989
0.999999829
1.00000018
1.0000016
1.0000021
0.9999975
0.999987386
0.999981677
0.999999128
1.00005163
1.00011915
1.0001343
1.00000128
0.999661937
0.99918965
0.998855749
0.999098801
1.00035664
1.00279283
1.00603043
1.00904487
1.01032581
1.00830113
1.00188281
0.99092933
0.976388175
0.959150302
0.933553728
0.871290743
0.719473796
0.461318781
0.154299417
0.999999892
0.999999825
1.00000017
1.0000016
1.00000212
0.999997549
0.999987409
0.999981578
0.999998828
1.00005121
1.00011903
1.00013513
1.00000357
0.999665258
0.999192031
0.998853815
0.999089244
1.00033871
1.00277065
1.00601359
1.00904602
1.01035585
1.00836359
1.00196993
0.991021418
0.976469591
0.959324682
0.934420498
0.874143118
0.724502963
0.465668295
0.155806573
0.999999894
0.999999821
1.00000016
1.0000016
1.00000215
0.999997597
0.999987431
0.99998148
0.999998536
1.00005081
1.00011891
1.00013594
1.00000577
0.999668452
0.999194292
0.998851889
0.999079959
1.00032138
1.00274935
1.0059976
1.00904766
1.01038564
1.00842493
1.00205518
0.991111222
0.976547221
0.95948548
0.93524953
0.876970996
0.729638358
0.470175314
0.157351615
0.999999896
0.999999817
1.00000015
1.0000016
1.00000218
0.999997651
0.999987461
0.999981382
0.999998218
1.00005036
1.00011874
1.00013676
1.00000815
0.999671994
0.999196956
0.998850139
0.999070261
1.00030279
1.00272598
1.00597926
1.00904752
1.01041524
1.00848838
1.00214501
0.991207374
0.976629987
0.959640787
0.936053178
0.879805177
0.734939279
0.474904363
0.158959242
0.999999898
0.999999813
1.00000014
1.0000016
1.00000221
0.999997717
0.999987509
0.999981283
0.999997844
1.00004978
1.00011845
1.00013764
1.00001092
0.999676303
0.999200497
0.998848743
0.999059575
1.00028129
1.00269792
1.00595562
1.00904348
1.01044456
1.00855673
1.00224515
0.991317689
0.976726074
0.959797552
0.936840108
0.882669171
0.740458852
0.479919105
0.16065465
0.9999999
0.999999809
1.00000013
1.0000016
1.00000224
0.9999978
0.999987584
0.999981183
0.999997386
1.00004903
1.00011799
1.00013858
1.00001427
0.999681762
0.999205361
0.998847894
0.999047431
1.00025545
1.00266285
1.00592404
1.00903358
1.0104734
1.00863234
1.00236057
0.991449089
0.976842883
0.959961711
0.937615577
0.885579006
0.746243255
0.485281429
0.162462293
0.999999903
0.999999805
1.00000011
1.00000159
1.00000228
0.999997905
0.999987693
0.999981083
0.999996825
1.00004805
1.00011731
1.0001396
1.00001836
0.999688711
0.999211956
0.998847801
0.999033485
1.0002241
1.00261882
1.00588222
1.00901602
1.01050143
1.00871699
1.00249538
0.991607456
0.976986911
0.960138259
0.938381652
0.888542745
0.752330265
0.491050962
0.164406457
0.999999907
0.999999802
1.0000001
1.00000158
1.00000231
0.999998035
0.999987843
0.999980987
0.999996147
1.0000468
1.00011634
1.00014069
1.00002327
0.99969738
0.999220602
0.998848684
0.999017569
1.00018644
1.00256433
1.00582832
1.00898923
1.01052815
1.00881189
1.00265262
0.99179742
0.977163577
0.96033129
0.93913748
0.89156013
0.758747898
0.497284595
0.166512059
0.999999911
0.999999799
1.00000008
1.00000156
1.00000235
0.999998192
0.999988039
0.999980899
0.999995348
1.00004526
1.00011507
1.00014182
1.00002904
0.999707899
0.999231526
0.998850766
0.998999706
1.00014206
1.00249847
1.00576103
1.00895194
1.01055289
1.00891752
1.00283419
0.992022189
0.977377045
0.960544042
0.939879718
0.894622552
0.765513174
0.504034962
0.168803087
0.999999915
0.999999796
1.00000006
1.00000153
1.0000024
0.999998376
0.999988284
0.999980826
0.999994431
1.00004342
1.00011345
1.00014294
1.00003565
0.99972031
0.999244872
0.998854275
0.998980095
1.00009097
1.00242087
1.00567959
1.00890318
1.01057486
1.00903366
1.00304072
0.992283378
0.977630031
0.960778926
0.940603069
0.897713279
0.772630949
0.511349937
0.171303298
0.99999992
0.999999794
1.00000003
1.0000015
1.00000244
0.999998587
0.999988581
0.999980773
0.999993408
1.0000413
1.00011147
1.00014401
1.000043
0.999734551
0.999260681
0.998859419
0.99895911
1.00003358
1.00233179
1.0055839
1.00884242
1.01059317
1.00915932
1.00327144
0.992580804
0.977923526
0.961037445
0.94130088
0.900807879
0.78009248
0.519271172
0.174036063
0.999999925
0.999999793
1.00000001
1.00000146
1.00000248
0.999998822
0.999988927
0.999980751
0.9999923
1.0000389
1.00010912
1.00014495
1.00005095
0.999750448
0.999278871
0.998866369
0.998937276
0.999970736
1.00223216
1.00547462
1.00876962
1.01060692
1.00929277
1.0035241
0.992912231
0.978256421
0.961319972
0.941965773
0.90387493
0.787873795
0.527832083
0.177024063
0.999999931
0.999999792
0.999999977
1.00000142
1.00000252
0.999999075
0.999989319
0.999980764
0.999991137
1.00003629
1.00010644
1.00014569
1.00005932
0.999767715
0.999299214
0.998875205
0.998915242
0.999903742
1.0021237
1.00535331
1.00868552
1.01061534
1.00943157
1.00379481
0.993273071
0.978625034
0.961625368
0.942590271
0.906877186
0.79593408
0.537055209
0.180288605
0.999999937
0.999999793
0.999999948
1.00000137
1.00000255
0.999999341
0.999989749
0.99998082
0.999989953
1.00003351
1.00010346
1.00014619
1.00006784
0.999785908
0.999321266
0.998885859
0.998893745
0.999834382
1.00200904
1.0052227
1.00859178
1.01061801
1.00957259
1.00407794
0.993656108
0.979022618
0.961950428
0.943167371
0.909773379
0.80421456
0.54694928
0.183848684
0.999999944
0.999999794
0.999999918
1.00000131
1.00000258
0.999999611
0.999990204
0.999980917
0.999988791
1.00003068
1.00010029
1.0001464
1.0000762
0.999804402
0.999344313
0.998898035
0.998873543
0.999764896
1.00189176
1.00508676
1.00849126
1.01061506
1.00971222
1.00436615
0.99405135
0.979438982
0.962289272
0.943691018
0.912520911
0.812638724
0.557506788
0.187720262
0.99999995
0.999999796
0.999999888
1.00000126
1.00000261
0.999999876
0.999990669
0.999981053
0.999987693
1.00002788
1.00009705
1.00014634
1.00008409
0.999822461
0.999367408
0.998911169
0.998855301
0.999697851
1.00177629
1.00495077
1.00838816
1.01060741
1.00984659
1.00465053
0.9944461
0.979860352
0.962632774
0.944156332
0.915079266
0.821114366
0.568702728
0.191916462
0.999999957
0.999999799
0.99999986
1.0000012
1.00000262
1.00000013
0.999991121
0.999981214
0.999986698
1.00002526
1.0000939
1.00014605
1.00009121
0.999839265
0.999389372
0.9989244
0.99883951
0.999636009
1.00166783
1.00482126
1.00828805
1.01059697
1.00997179
1.00492088
0.994825108
0.980269382
0.96296803
0.944559408
0.917413561
0.829536894
0.580493903
0.196448652
0.999999963
0.999999802
0.999999833
1.00000114
1.00000263
1.00000035
0.999991537
0.999981383
0.999985841
1.00002293
1.00009105
1.00014564
1.00009728
0.999853951
0.999408859
0.998936589
0.99882642
0.999582185
1.00157213
1.00470586
1.00819789
1.0105867
1.01008409
1.00516582
0.995170723
0.980645239
0.963277909
0.94489657
0.919497677
0.837793451
0.592818448
0.201328828
0.999999971
0.999999805
0.999999809
1.00000109
1.00000264
1.00000054
0.999991886
0.999981531
0.999985155
1.00002105
1.00008873
1.00014526
1.00010206
0.999865588
0.99942435
0.998946334
0.998816079
0.999539292
1.00149558
1.00461339
1.00812607
1.01058068
1.01017989
1.00537278
0.995462729
0.980963481
0.96354055
0.945163061
0.921316286
0.845766832
0.605594006
0.206572734
0.999999978
0.999999807
0.999999788
1.00000106
1.00000265
1.00000068
0.999992133
0.999981626
0.999984672
1.00001978
1.00008723
1.0001451
1.00010527
0.999873109
0.999434065
0.998951964
0.998808446
0.99951058
1.00144547
1.00455408
1.00808251
1.01058401
1.01025546
1.0055275
0.995677839
0.981195632
0.963728823
0.945351148
0.922865464
0.85333997
0.618714984
0.212204041
0.999999984
0.999999808
0.999999772
1.00000104
1.00000266
1.00000076
0.999992243
0.99998163
0.999984427
1.0000193
1.00008684
1.00014534
1.00010657
0.999875303
0.999436015
0.998951641
0.998803561
0.999499838
1.0014302
1.00453966
1.00807857
1.01060256
1.01030653
1.00561353
0.99578907
0.981308676
0.963809875
0.945447286
0.924150843
0.860404958
0.632052186
0.218258739
0.99999999
0.999999808
0.999999761
1.00000103
1.00000268
1.00000077
0.999992179
0.999981513
0.999984462
1.00001979
1.00008784
1.00014614
1.00010561
0.999870935
0.999428235
0.99894364
0.998801744
0.999511419
1.00145911
1.00458313
1.0081269
1.01064279
1.01032802
1.0056118
0.995765195
0.981264528
0.963744241
0.945425034
0.92517804
0.86688862
0.645467107
0.22478585
0.999999995
0.999999805
0.999999756
1.00000105
1.00000271
1.0000007
0.999991931
0.999981263
0.999984812
1.00002141
1.00009047
1.00014756
1.00010181
0.999858546
0.999408642
0.9989265
0.998804208
0.999551188
1.0015433
1.00469889
1.00824061
1.01071043
1.01031278
1.00549959
0.995569361
0.981016984
0.963479526
0.945217479
0.925912957
0.872824554
0.658823477
0.231733629
1
0.999999802
0.999999754
1.00000109
1.00000275
1.00000054
0.999991446
0.999980862
0.999985624
1.00002452
1.00009511
1.00014948
1.00009392
0.999835475
0.999374115
0.998898916
0.998814426
0.999629474
1.00169939
1.00490579
1.00843377
1.01080727
1.0102452
1.00524348
0.995155019
0.980514688
0.962968739
0.944790281
0.926332117
0.878185903
0.672017697
0.239057647
1.00000001
0.999999798
0.999999757
1.00000116
1.00000279
1.00000025
0.999990669
0.999980329
0.999987127
1.00002957
1.00010212
1.00015142
1.00007987
0.999798212
0.999321343
0.998860926
0.998839183
0.999761419
1.00194882
1.00522527
1.00871914
1.01092918
1.01009999
1.00479829
0.994463529
0.97969483
0.962154583
0.944103368
0.926426223
0.882934591
0.684904461
0.246725534
1.00000001
0.999999791
0.999999769
1.00000126
1.00000283
0.999999775
0.999989543
0.999979739
0.999989697
1.00003717
1.00011171
1.0001522
1.00005644
0.999742169
0.999247211
0.998815283
0.998891008
0.999969845
1.00231984
1.00568141
1.00910522
1.01106069
1.00983546
1.004101
0.993420479
0.978483064
0.960972593
0.94311168
0.926182138
0.887049165
0.697347826
0.254679163
1.00000002
0.999999783
0.99999979
1.00000141
1.00000286
0.999999055
0.999988016
0.99997927
0.999993921
1.00004805
1.00012378
1.00014947
1.00001845
0.999661194
0.999149392
0.998769785
0.998991916
1.000289
1.00284941
1.00629917
1.00959088
1.01116675
1.00938457
1.00306299
0.99193022
0.976790327
0.959349678
0.941765445
0.925586294
0.890518078
0.709216797
0.262840751
1.00000002
0.999999773
0.999999826
1.00000159
1.00000283
0.999997999
0.999986071
0.999979272
1.00000067
1.00006301
1.00013743
1.00013887
0.999958119
0.999548016
0.999028919
0.998741944
0.999178821
1.00076831
1.00358271
1.00709854
1.01015446
1.01117953
1.0086423
1.00156038
0.989870253
0.974510936
0.957204691
0.940011498
0.92462431
0.893340634
0.72039171
0.271113212
1.00000002
0.999999761
0.999999879
1.00000182
1.00000269
0.999996498
0.999983762
0.99998037
1.00001114
1.00008259
1.00015013
1.00011292
0.999864841
0.999396437
0.998895477
0.998766481
0.999510416
1.00147477
1.00456807
1.00808134
1.0107351
1.01097827
1.00744841
0.999422414
0.987085505
0.971521384
0.95444974
0.937795401
0.923282203
0.895526034
0.730767545
0.27938298
1.00000002
0.999999749
0.999999957
1.00000209
1.00000238
0.999994442
0.999981301
0.99998357
1.00002677
1.00010647
1.00015644
1.00005984
0.999725742
0.999205562
0.998775941
0.998905924
1.00007469
1.00249159
1.00584334
1.00920661
1.01120231
1.01036024
1.00556524
0.996418169
0.983383042
0.967680271
0.950992476
0.935064074
0.921547613
0.897091519
0.740253141
0.287519849
1.00000002
0.999999737
1.00000006
1.00000238
1.00000179
0.999991746
0.999979158
0.999990358
1.00004894
1.00013228
1.00014618
0.999962814
0.999529076
0.998989533
0.99872912
0.999264175
1.00099228
1.00390394
1.00740279
1.01034473
1.01130818
1.00900112
1.00265202
0.992244946
0.978530589
0.962831962
0.94674095
0.931769865
0.919412003
0.898061076
0.748770174
0.295377863
1.00000002
0.999999728
1.0000002
1.00000267
1.00000079
0.999988415
0.999978203
1.00000267
1.00007817
1.00015368
1.00010257
0.999801649
0.999273548
0.998795468
0.998866317
0.99999717
1.00240377
1.00575647
1.00913005
1.01120087
1.01061897
1.0064074
0.99824131
0.986523945
0.972263068
0.956816332
0.941612056
0.927876284
0.916873639
0.898464533
0.756251271
0.302796163
1.00000002
0.999999723
1.00000037
1.00000291
0.999999247
0.999984626
0.999979818
1.00002259
1.00011264
1.00015783
1.00000167
0.999559933
0.998987385
0.998730584
0.999371436
1.00130476
1.00441784
1.00795849
1.01067963
1.0112014
1.00843087
1.00187182
0.991729689
0.978812922
0.964303024
0.949487366
0.935544411
0.923365446
0.913941217
0.898336883
0.762636827
0.309596998
1.00000001
0.999999724
1.00000057
1.00000304
0.999997057
0.999980836
0.999985917
1.00005156
1.00014589
1.00012326
0.999816352
0.999242627
0.998760112
0.998992803
1.00050064
1.00337012
1.00698148
1.01010679
1.01129558
1.00935247
1.00369286
0.994458881
0.982405437
0.968650502
0.954402334
0.940743211
0.928516075
0.918246969
0.910637835
0.897718012
0.767873979
0.315592804
1.00000001
0.999999733
1.00000079
1.00000299
0.999994173
0.99997787
0.999998733
1.00008895
1.00016414
1.00002026
0.999529316
0.99890824
0.998782215
0.999881355
1.0025166
1.00619088
1.00962707
1.01121057
1.0095893
1.00412045
0.994995715
0.983071197
0.96954702
0.955649665
0.942411483
0.930568486
0.920566199
0.912567422
0.907004781
0.896653139
0.77193438
0.320715279
1.00000001
0.999999749
1.00000101
1.0000027
0.999990671
0.999976946
1.00002024
1.00013001
1.00014452
0.999817893
0.999160248
0.99871282
0.999368697
1.00173381
1.00548456
1.00924069
1.01108179
1.00936977
1.00338075
0.993458531
0.980736189
0.966670912
0.952630959
0.939653451
0.928376542
0.919084979
0.91181691
0.906417883
0.903103216
0.895175621
0.774630703
0.32448761
1
0.999999774
1.00000124
1.00000211
0.999986788
0.999979558
1.00005118
1.00016388
1.00005687
0.999501652
0.998806199
0.998944735
1.00091067
1.00470583
1.00885916
1.01096118
1.00884941
1.00161414
0.989851006
0.975199383
0.959605807
0.944730373
0.93166902
0.920946281
0.912650432
0.906600201
0.902489957
0.8999385
0.899016214
0.893339209
0.775945614
0.326775268
0.999999998
0.999999805
1.00000143
1.00000119
0.999982931
0.999987178
1.00008988
1.00017295
0.999871868
0.999102628
0.998679931
1.00000071
1.00367269
1.00832589
1.01089458
1.00828932
0.999136787
0.984351358
0.966403112
0.948072644
0.931512377
0.917913634
0.907628318
0.900468688
0.895977859
0.893627181
0.89290206
0.893309242
0.894838553
0.89118581
0.775840761
0.327509418
0.999999996
0.999999843
1.00000159
0.999999964
0.999979634
1.0000008
1.00013131
1.00013514
0.9995769
0.998728764
0.999108863
1.00223451
1.00738516
1.01090362
1.00820032
0.996799087
0.97782505
0.955025058
0.93256921
0.913400481
0.898798699
0.888791229
0.882760771
0.879916336
0.879483438
0.880835754
0.883444509
0.886767178
0.890723202
0.88875733
0.77404445
0.326250991
0.999999994
0.999999883
1.00000169
0.999998505
0.999977453
1.00002042
1.00016722
1.00003044
0.999195327
0.998574473
1.0004448
1.00564835
1.01074942
1.00920913
0.996192864
0.972349081
0.943163331
0.915160399
0.892618332
0.876821658
0.867083477
0.862065831
0.86051267
0.861542887
0.864602637
0.86916444
0.8747075
0.880656186
0.886845363
0.886067605
0.770294814
0.322692134
0.999999993
0.999999923
1.00000172
0.999996922
0.999976817
1.00004479
1.0001879
0.999850393
0.998797414
0.998876781
1.00286517
1.00954604
1.01129075
0.999218907
0.971321192
0.934648149
0.899658521
0.873310576
0.856899298
0.848212352
0.844404576
0.843543302
0.844826143
0.848017979
0.853011671
0.859572219
0.867229946
0.875290329
0.883380647
0.883081976
0.764175513
0.316443895
0.999999992
0.999999961
1.0000017
0.999995343
0.999977887
1.00007144
1.00018552
0.99960667
0.998486938
0.999803219
1.00614428
1.0124931
1.00623077
0.978565703
0.934868629
0.890961959
0.859779572
0.843786915
0.838277945
0.837363878
0.837456659
0.837696905
0.838511391
0.840905285
0.845602346
0.852640821
0.861426937
0.870963949
0.880493714
0.879676556
0.755075122
0.307070097
0.999999992
0.999999996
1.00000164
0.99999389
0.999980463
1.00009734
1.00015808
0.999332596
0.998355625
1.00130795
1.00959208
1.01299608
0.994654589
0.949901806
0.895485472
0.855048483
0.837947235
0.837003971
0.841865165
0.845560193
0.845883794
0.843249597
0.840193399
0.839309909
0.842038758
0.848431054
0.857537539
0.867938624
0.878360933
0.875528744
0.741923265
0.293934167
0.999999992
1.00000002
1.00000154
0.99999265
0.999984002
1.0001197
1.00011207
0.999074621
0.998420902
1.00304886
1.01233934
1.01084657
0.979857172
0.922177189
0.865934217
0.837525166
0.836804897
0.846452807
0.855852246
0.860547048
0.858306127
0.851341706
0.844103273
0.840127822
0.841026037
0.846655225
0.855736027
0.866473809
0.876932983
0.869951058
0.722928357
0.275840784
0.999999992
1.00000005
1.00000144
0.999991675
0.999987697
1.00013666
1.0000624
0.998878124
0.998588535
1.00445069
1.01384101
1.00807233
0.969328445
0.906973286
0.854462959
0.835348897
0.841519848
0.852113134
0.860476633
0.864515371
0.859599292
0.851882193
0.844362814
0.840391194
0.841384449
0.84707035
0.856095795
0.866826793
0.876714731
0.861026866
0.694619111
0.253243314
0.999999993
1.00000007
1.00000135
0.999991004
0.999990544
1.00014704
1.00002969
0.998779871
0.998684409
1.00488836
1.01404502
1.00791925
0.970788924
0.912166737
0.861511452
0.838836722
0.839197513
0.846161214
0.850639111
0.852166254
0.850425417
0.846247443
0.842614465
0.841646227
0.844303882
0.850424151
0.859420694
0.870559362
0.877768873
0.842634213
0.649674178
0.225060981
0.999999993
1.00000008
1.0000013
0.999990685
0.999991472
1.00014918
1.00003656
0.998820426
0.998561691
1.00382482
1.01276318
1.01183661
0.986665675
0.938931819
0.887785704
0.853124579
0.840146737
0.840231786
0.842486663
0.842138253
0.840551111
0.840147329
0.840486705
0.842965048
0.848109472
0.856401614
0.867602033
0.878265636
0.872159925
0.800681432
0.57917605
0.189259859
0.999999993
1.00000008
1.0000013
0.999990945
0.999989099
1.00013632
1.00011107
0.999094688
0.998205056
1.00123775
1.00927987
1.01536864
1.00807969
0.981493114
0.94084938
0.89873694
0.866727649
0.849970454
0.847186894
0.853539254
0.863398045
0.8723211
0.87927856
0.883926956
0.890220312
0.895589941
0.896037395
0.881246734
0.829324033
0.703492734
0.467662625
0.14274884
0.999999993
1.00000007
1.00000136
0.999992727
0.999980375
1.00009769
1.00021476
0.999588409
0.998274973
0.998560385
1.00309629
1.01120302
1.0178954
1.01684165
1.00417525
0.980041651
0.947555659
0.910792342
0.873301512
0.837565331
0.805088781
0.776681435
0.752533263
0.731306101
0.708129785
0.681396999
0.646887154
0.597727579
0.523347554
0.411125148
0.254508248
0.0737111821
0.999999993
1.00000002
1.00000142
0.999996522
0.99997399
1.00003332
1.00022972
1.00012298
0.999166347
0.997836697
0.997812356
1.00075303
1.0070238
1.01549661
1.02427722
1.03155939
1.03606986
1.03706532
1.03409161
1.02669698
1.01418301
0.995398182
0.96855593
0.931072874
0.879467877
0.80948447
0.716840348
0.598705441
0.456498135
0.299828634
0.149767956
0.0334026176
0.999999995
0.999999947
1.0000011
1.00000109
0.999979342
0.999972407
1.00010472
1.00031884
1.00022668
0.999455102
0.998062618
0.996558138
0.995601783
0.995715547
0.997179494
1.00008372
1.0044339
1.01023712
1.01754157
1.02642636
1.03693413
1.04891891
1.06175174
1.07379161
1.08150453
1.07815222
1.05218419
0.986086974
0.857741566
0.648417889
0.363966151
0.0734854609
0.999999999
0.999999925
1.00000035
1.00000333
0.999995543
0.999962048
0.999959746
1.00008419
1.00033357
1.00057309
1.00062901
1.00038721
0.999823058
0.99897871
0.997929562
0.996764731
0.99558764
0.994534782
0.993811186
0.993743832
0.99485353
0.997934722
1.00409917
1.0146642
1.03062027
1.05118683
1.07073867
1.07346603
1.02666566
0.878118787
0.57409605
0.137662189
1
0.99999997
0.999999767
1.00000158
1.00000587
0.999996465
0.99995934
0.999914669
0.999904951
0.999960793
1.00008569
1.00026216
1.0004634
1.00066046
1.00082349
1.00091932
1.00090731
1.00073619
1.0003452
0.999677602
0.998722874
0.997617567
0.996846476
0.997569741
1.0019941
1.01336355
1.0344315
1.06206471
1.07488392
1.01394945
0.770912439
0.251171484
1
1.00000001
0.999999873
0.999999411
1.00000143
1.00000819
1.00001392
1.0000091
0.99998925
0.999956792
0.999917934
0.99987964
0.999848384
0.999830227
0.999831304
0.999858101
0.99991686
1.00001104
1.00013489
1.00026044
1.0003157
1.00016053
0.999594847
0.99849879
0.997297202
0.997925078
1.00498057
1.02494512
1.05749132
1.06910112
0.942764051
0.446253095
1
0.999999998
1.00000005
1.00000002
0.99999915
0.999997797
0.999997839
1.00000069
1.00000626
1.00001342
1.0000208
1.00002714
1.00003131
1.00003222
1.00002877
1.00001981
1.00000453
0.999983398
0.999960355
0.999946721
0.999965477
1.00004799
1.00020174
1.0003224
1.0000898
0.999126583
0.998030136
1.00054294
1.01467069
1.04431074
1.04582447
0.770400674
)
;

boundaryField
{
    inner_wall
    {
        type            zeroGradient;
    }
    outer_wall
    {
        type            fixedValue;
        value           uniform 0;
    }
    top
    {
        type            fixedValue;
        value           uniform 1;
    }
    bottom
    {
        type            inletOutlet;
        inletValue      uniform 0;
        value           nonuniform List<scalar> 
32
(
0
0
0
0
0
0
0
0
0
0
-0.00736469572
-0.0178297547
-0.0371974899
-0.0523560391
-0.0158186415
0.143488694
0.433805345
0.746600474
0.959139554
1.03533322
1.02864376
1.00650277
0.997256454
0.99798945
1.001559
1.00551433
1.00704941
1.00139261
0.980252308
0.904105474
0.683555336
0.264040708
)
;
    }
    front
    {
        type            wedge;
    }
    back
    {
        type            wedge;
    }
}


// ************************************************************************* //
