/*--------------------------------*- C++ -*----------------------------------*\
| =========                 |                                                 |
| \\      /  F ield         | OpenFOAM: The Open Source CFD Toolbox           |
|  \\    /   O peration     | Version:  2506                                  |
|   \\  /    A nd           | Website:  www.openfoam.com                      |
|    \\/     M anipulation  |                                                 |
\*---------------------------------------------------------------------------*/
FoamFile
{
    version     2.0;
    format      ascii;
    arch        "LSB;label=32;scalar=64";
    class       volScalarField;
    location    "351";
    object      C;
}
// * * * * * * * * * * * * * * * * * * * * * * * * * * * * * * * * * * * * * //

dimensions      [0 0 0 0 0 0 0];

internalField   nonuniform List<scalar> 
3072
(
2.18771722e-09
-3.19120515e-07
-1.42319682e-06
2.03591149e-05
6.17336942e-05
-8.37892221e-05
-0.000702096699
-0.00179360837
-0.00319804999
-0.0050368565
-0.00819053581
-0.0184291545
-0.0375127027
-0.0524391967
-0.0157892393
0.143533554
0.433827397
0.746603494
0.959136851
1.03533364
1.02864823
1.00650038
0.997227203
0.997942538
1.00160773
1.00588479
1.00782255
1.00189103
0.978625499
0.898692983
0.676244812
0.260607288
-1.56395167e-09
2.16157593e-07
1.13093392e-05
-1.6491154e-05
-0.000250098998
-0.000374640151
0.000749536355
0.0037776755
0.00753737225
0.00946630118
0.00658574766
-0.00352121533
-0.0257044452
-0.0514716538
-0.0240854474
0.140494829
0.444259888
0.76451447
0.971443708
1.03740183
1.02571772
1.00428984
0.996886726
0.998309901
1.00200988
1.00622475
1.00784418
1.00123767
0.976976244
0.895192163
0.670973941
0.256530738
9.4200565e-09
2.54155134e-06
-2.21995889e-06
-0.000160654461
-0.000193395314
0.00165947358
0.00665331327
0.0125132482
0.0156360081
0.0155114662
0.0137065789
0.0070749946
-0.0142660559
-0.04864151
-0.0308983817
0.135395781
0.447578234
0.772889526
0.977107682
1.03782041
1.02400185
1.00328681
0.996836653
0.998517941
1.0022056
1.0063872
1.00783812
1.0009335
0.976391269
0.894476034
0.671197489
0.2593248
1.36339646e-08
3.4909355e-06
-2.1499429e-05
-0.000260595391
0.000182028709
0.00404509468
0.0110862028
0.0161147478
0.0165783268
0.0157973978
0.014204152
0.0120589884
-0.00631280426
-0.0463084649
-0.0327407994
0.140645083
0.462881944
0.790058817
0.98609374
1.03814645
1.0215439
1.00198579
0.996793933
0.998785012
1.00245591
1.00659224
1.00782557
1.00054992
0.975643485
0.893407268
0.67069359
0.26175986
8.59683542e-10
3.86500986e-06
-2.33123335e-05
-0.000279360774
0.000251569798
0.00462145445
0.0123457642
0.0172913095
0.0176563355
0.0167274209
0.0131424184
0.0119337937
-0.00746731112
-0.0476699891
-0.0229735082
0.169878977
0.503828989
0.822434707
0.999021011
1.03746545
1.01801492
1.00051147
0.996864674
0.999126194
1.00276009
1.00683282
1.00777833
1.00005027
0.974685111
0.891974044
0.669819245
0.264648974
-1.02300825e-07
4.16043883e-06
-1.52101574e-05
-0.000267685171
3.12043673e-05
0.00349432925
0.0100199334
0.0148617058
0.0167272578
0.0145864653
0.0118456637
0.00885412525
-0.0162386511
-0.0505721024
0.00561089744
0.237218031
0.581161059
0.873844939
1.01541063
1.03465677
1.01298569
0.998863188
0.997111645
0.999593477
1.00317963
1.00715221
1.00766
0.999276767
0.973147007
0.889314626
0.667061228
0.266359198
-1.37268628e-08
4.44911902e-06
-1.9012799e-06
-0.000224160308
-0.000230971942
0.00173767421
0.0058787845
0.00946422295
0.0107790722
0.00905566112
0.00846401469
0.000485493318
-0.0319085743
-0.0435557611
0.073422399
0.356447164
0.695353045
0.937450839
1.02977379
1.02818495
1.00688813
0.997494548
0.997631298
1.000192
1.00374654
1.00755765
1.00740448
0.998089364
0.970765256
0.884905157
0.661707158
0.266237265
-1.05353214e-06
2.92930695e-06
9.76367892e-06
-0.00015527153
-0.000344911968
0.000378649598
0.0022287439
0.0040646893
0.00430863534
0.0043348471
0.00290823032
-0.0168607128
-0.0443903227
0.00373199715
0.209004104
0.532145289
0.830594854
0.996079143
1.03455504
1.01788994
1.00115556
0.996973938
0.998417229
1.00089825
1.00448725
1.00802298
1.00690913
0.996337388
0.967289249
0.878284822
0.653174005
0.263745456
3.24209805e-06
6.62736175e-06
2.33179698e-05
-7.34649941e-05
-0.0002848522
-0.000225014257
0.000251719104
0.00070254972
0.000949633068
0.00118322098
-0.011444127
-0.0369480512
-0.0145054371
0.140920146
0.430346652
0.742120018
0.952727547
1.02972084
1.02630409
1.00651965
0.997633512
0.997507549
0.999308396
1.00170508
1.00542102
1.00846725
1.00602743
0.993864556
0.962489911
0.869102566
0.641168484
0.258692435
-1.91014394e-05
-1.95335874e-05
-1.57691299e-06
-3.78997191e-05
-0.000174255926
-0.000296831355
-0.000309475654
-0.0003810648
-0.000115469134
-0.0109172767
-0.0312580997
-0.00773625627
0.134624667
0.403334705
0.706386251
0.928062777
1.02334777
1.03025762
1.01066597
0.998736944
0.997135394
0.998603983
1.00011306
1.0026822
1.00653644
1.00873662
1.004576
0.990514055
0.95614343
0.857078749
0.625604071
0.251124547
9.71595631e-05
0.000106062893
0.000130358773
0.000113829597
5.2768521e-05
-7.18811566e-05
-0.000138652097
-0.000183408738
-0.0122849834
-0.0238024653
0.0229469723
0.185823596
0.453604985
0.737391332
0.93947561
1.02565866
1.03116775
1.01155312
0.998975233
0.996970301
0.998426553
0.999473784
1.00087644
1.00395738
1.00773223
1.00860004
1.00236027
0.986142277
0.948029351
0.84200944
0.606594808
0.241291196
-0.000544728956
-0.000596493536
-0.000618365725
-0.000484995112
-0.000440323315
4.19024731e-06
-0.00108704316
-0.0132274097
0.00216067432
0.103936134
0.314155789
0.586070548
0.83161273
0.983704492
1.03572482
1.02850452
1.00826002
0.99772316
0.996901156
0.998649955
0.999402971
0.999932514
1.00193141
1.00556651
1.00877013
1.00778253
0.999217077
0.980634086
0.937939359
0.823792862
0.584452635
0.229594922
0.00332049723
0.00362477697
0.00374926737
0.00251522083
0.00163709485
-0.00363317328
0.0122385123
0.108002865
0.300738964
0.552470161
0.792219143
0.958672037
1.03288515
1.03909699
1.01856947
1.00130631
0.995891285
0.997347907
0.999284444
0.999603941
0.999488022
1.00060161
1.00353361
1.0073088
1.00930937
1.00603663
0.995059626
0.973914118
0.925703309
0.802483364
0.559698763
0.216549917
-0.024317816
-0.026884861
-0.0268571025
-0.00571894732
0.0709974912
0.226332508
0.445373831
0.678656923
0.873841727
0.997661261
1.04697112
1.0443043
1.02144787
1.00221812
0.994863035
0.995904967
0.998857454
1.00014784
0.999774056
0.999223738
0.999777939
1.00199314
1.00552548
1.00880113
1.00901855
1.00322096
0.98990714
0.965954416
0.911239301
0.778363283
0.533069692
0.20273977
0.328394663
0.422991498
0.559343507
0.719878344
0.865025364
0.975935082
1.04275493
1.06612456
1.05714179
1.03288694
1.00935246
0.995634515
0.992482053
0.995322864
0.998973631
1.00072862
1.00056282
0.999636628
0.999000807
0.999295088
1.00091967
1.00392027
1.00749575
1.00966549
1.00768298
0.999354148
0.98388951
0.95678712
0.894631146
0.752014006
0.505502147
0.188773359
1.02866543
1.0456512
1.05253227
1.04866234
1.03676819
1.02075491
1.00511535
0.993766949
0.988721587
0.989462372
0.993516355
0.997927697
1.00072217
1.00149892
1.00097587
1.00007557
0.999331621
0.998929664
0.999077463
1.00018107
1.00257471
1.00597632
1.00907772
1.00964089
1.0052706
0.994631541
0.977228019
0.946534764
0.876222032
0.724355211
0.478082682
0.175238885
0.996109429
0.993354582
0.991442632
0.99097152
0.991964809
0.994151936
0.996971839
0.999673911
1.00156859
1.0023103
1.00203196
1.00122422
1.00042325
0.99991303
0.999642791
0.999402214
0.999112258
0.999016349
0.999628068
1.00143031
1.00444405
1.00786551
1.00999704
1.00864052
1.0019663
0.989392345
0.970204589
0.935462748
0.856689852
0.696616546
0.45195743
0.162659595
1.00067368
1.00117645
1.00159271
1.00178963
1.00172859
1.00141569
1.00091161
1.00033682
0.99984577
0.999570358
0.999557305
0.999735368
0.999937498
0.999976187
0.999745752
0.999315233
0.998974438
0.999192448
1.00045111
1.0029548
1.00630402
1.0093087
1.01012688
1.00680943
0.998135671
0.984040804
0.963141854
0.924033542
0.837051086
0.670218909
0.428212222
0.151456569
0.999869628
0.999769801
0.999680544
0.999629758
0.99962587
0.999668643
0.999751029
0.999861026
0.999984392
1.00010508
1.00019981
1.0002288
1.00013438
0.999865643
0.999438893
0.999014873
0.998937311
0.999662256
1.0015432
1.00452262
1.00787315
1.010165
1.00956993
1.00447869
0.994214305
0.978965217
0.956400291
0.912913712
0.818550116
0.646576056
0.407747516
0.14192374
1.00002665
1.00004773
1.00006813
1.00008189
1.00008434
1.00007141
1.00004509
1.00001855
1.00001308
1.00004286
1.000092
1.00010024
0.999978837
0.99966896
0.999228946
0.998903547
0.999109687
1.00029132
1.0026572
1.00589716
1.00902706
1.01049495
1.00858562
1.00203837
0.990597134
0.974487587
0.950365792
0.902889524
0.80244022
0.626867514
0.391178482
0.134218106
0.999994123
0.999989599
0.999985914
0.999984144
0.999981921
0.999976363
0.999970543
0.999977267
1.00001259
1.00007732
1.00013557
1.00011027
0.999915336
0.999527856
0.999073227
0.998867668
0.999357486
1.00093001
1.00364104
1.00697506
1.00977999
1.0104685
1.00747232
0.999828098
0.987569829
0.970838125
0.945399779
0.894698545
0.789726298
0.611854804
0.378784082
0.128365361
1.00000112
1.00000227
1.00000405
1.00000593
1.0000045
0.999996593
0.99998681
0.999990873
1.00002622
1.00008972
1.00013567
1.00007785
0.999834026
0.999408364
0.998973763
0.998891887
0.999616805
1.00147705
1.00440454
1.0077371
1.01022223
1.01027989
1.00647699
0.99807297
0.985285351
0.96814123
0.941759873
0.888846874
0.780969817
0.601797672
0.370513374
0.124278684
0.999999575
0.999999437
1.00000002
1.00000104
0.999998984
0.999990826
0.999982173
0.999990133
1.00003171
1.00009919
1.00013873
1.00005816
0.999780323
0.999331408
0.998918524
0.998931726
0.999823079
1.00187272
1.00492481
1.00822328
1.01046161
1.01008082
1.00574865
0.996871283
0.983775008
0.966410203
0.939533991
0.885499386
0.776226817
0.596484613
0.366041022
0.121786939
0.999999921
1.00000008
1.00000096
1.00000219
1.00000008
0.999991604
0.999982884
0.999991888
1.00003559
1.00010392
1.00013867
1.00004456
0.999747793
0.99928763
0.998890714
0.998962087
0.999950262
1.00210534
1.00522097
1.00849048
1.01058251
1.00995619
1.00533906
0.99621736
0.982977351
0.965558157
0.938628107
0.88448618
0.77512233
0.595348797
0.364851303
0.120665824
0.99999984
0.999999922
1.00000074
1.00000194
0.999999819
0.999991281
0.999982562
0.99999193
1.00003648
1.00010545
1.00013898
1.00004031
0.999736543
0.999271721
0.998880023
0.998972418
0.999996264
1.00219047
1.00533024
1.00859147
1.01063601
1.00993194
1.00522859
0.996038124
0.982773392
0.965426922
0.938810422
0.885404697
0.777013138
0.597622293
0.366327132
0.120667495
0.999999859
0.999999946
1.00000076
1.00000201
1.00000002
0.999991565
0.999982623
0.999991394
1.00003537
1.00010448
1.00013956
1.00004359
0.999742205
0.999277182
0.998880684
0.998963206
0.999974124
1.00215712
1.00529421
1.00856853
1.01064685
1.00999676
1.00535863
0.996228036
0.983016817
0.965817606
0.939776693
0.887763695
0.781183707
0.60247995
0.369804672
0.121529463
0.999999855
0.999999924
1.0000007
1.00000199
1.00000023
0.99999201
0.999982739
0.9999902
1.00003247
1.00010145
1.00014036
1.00005281
0.999761068
0.999299218
0.998890246
0.998939547
0.999901219
1.00203585
1.00515099
1.00845465
1.01062643
1.01012584
1.0056606
0.996673821
0.983547539
0.966516416
0.941227572
0.89110158
0.786944945
0.609121938
0.374659175
0.123000721
0.999999858
0.999999911
1.00000064
1.00000198
1.00000051
0.999992613
0.999982991
0.999988756
1.00002859
1.000097
1.0001408
1.00006509
0.999787919
0.999332378
0.998907416
0.998909712
0.999799011
1.00186004
1.00493791
1.00827751
1.01057738
1.01028525
1.00606253
0.997278805
0.984264389
0.967398717
0.942913829
0.894927995
0.79361211
0.616882018
0.380420632
0.124898351
0.999999861
0.999999898
1.00000058
1.00000195
1.00000078
0.99999328
0.999983353
0.999987287
1.00002427
1.00009168
1.00014054
1.00007817
0.99981842
0.999371906
0.99893081
0.998880382
0.999685367
1.00165763
1.00468624
1.00806046
1.01050265
1.01044833
1.00650646
0.997962025
0.985076322
0.968356815
0.944649125
0.898886384
0.80065992
0.625212784
0.386683797
0.127058602
0.999999863
0.999999887
1.00000052
1.00000191
1.00000104
0.99999396
0.999983804
0.999985955
1.00001996
1.00008598
1.00013947
1.0000905
0.999849227
0.999413798
0.998958597
0.998855645
0.999573099
1.00144985
1.00442096
1.00782367
1.01040763
1.01059784
1.0069502
0.998662292
0.985915614
0.969317624
0.946311849
0.902728477
0.807702189
0.633702382
0.393139955
0.129353144
0.999999866
0.999999877
1.00000046
1.00000187
1.00000126
0.999994609
0.999984307
0.999984832
1.00001594
1.00008029
1.00013772
1.00010125
0.999878157
0.999455011
0.998988693
0.998837114
0.999469975
1.00125112
1.00416047
1.00758366
1.01029963
1.01072542
1.00736685
0.999336877
0.98673305
0.970232816
0.947833127
0.906304903
0.814482174
0.642060609
0.399564615
0.131684498
0.999999869
0.999999869
1.0000004
1.00000182
1.00000145
0.9999952
0.999984827
0.999983933
1.00001234
1.00007491
1.00013549
1.00011021
0.999904172
0.999493659
0.999019202
0.998824651
0.999379613
1.00106988
1.00391696
1.00735298
1.01018645
1.01082924
1.00774182
0.999959043
0.987495897
0.97107338
0.949181899
0.909540817
0.820847599
0.650101019
0.405807902
0.133983757
0.999999871
0.999999862
1.00000036
1.00000177
1.00000161
0.999995721
0.99998533
0.99998324
1.00000923
1.00007001
1.00013302
1.00011742
0.999926796
0.999528558
0.999048527
0.998817244
0.999303029
1.00091032
1.00369782
1.00714047
1.01007532
1.01091133
1.00806931
1.00051431
0.98818434
0.971823648
0.950351198
0.912412783
0.826724017
0.657717932
0.411779398
0.136205444
0.999999874
0.999999857
1.00000032
1.00000173
1.00000173
0.999996164
0.999985791
0.99998272
1.00000663
1.00006572
1.00013055
1.00012305
0.999945843
0.999558953
0.999075385
0.99881356
0.999239772
1.00077388
1.00350688
1.00695184
1.00997212
1.01097558
1.00834905
1.00099694
0.988788368
0.972477077
0.951347942
0.914929558
0.832091064
0.664865362
0.417434034
0.138322353
0.999999876
0.999999852
1.00000028
1.00000169
1.00000183
0.999996531
0.999986192
0.999982336
1.00000451
1.00006211
1.00012826
1.00012736
0.999961472
0.999584616
0.999098947
0.998812269
0.999188533
1.0006601
1.00334525
1.00679
1.00988109
1.01102632
1.00858408
1.00140722
0.989305268
0.973033462
0.952186389
0.9171185
0.836964465
0.671540471
0.42276089
0.140321474
0.999999878
0.999999848
1.00000025
1.00000166
1.00000191
0.999996827
0.999986525
0.999982052
1.00000282
1.00005916
1.00012628
1.00013063
0.999973995
0.999605628
0.999118769
0.998812246
0.999147677
1.0005674
1.00321218
1.00665571
1.00980474
1.01106759
1.00877914
1.00174929
0.98973758
0.973497045
0.952884149
0.919016338
0.841382672
0.677770643
0.427774142
0.14220049
0.99999988
0.999999844
1.00000023
1.00000164
1.00000198
0.999997059
0.999986789
0.999981837
1.00000151
1.00005682
1.00012465
1.00013312
0.999983828
0.999622334
0.999134768
0.998812645
0.999115485
1.00049347
1.00310554
1.00654794
1.00974402
1.0111027
1.00893969
1.00202981
0.990091639
0.973875324
0.953460059
0.920663543
0.845397933
0.683604587
0.43250688
0.143965538
0.999999882
0.99999984
1.00000021
1.00000162
1.00000203
0.999997237
0.999986989
0.999981669
1.00000049
1.00005503
1.0001234
1.00013502
0.999991419
0.999635272
0.999147185
0.998812916
0.999090279
1.0004356
1.00302219
1.0064643
1.00969849
1.01113413
1.00907144
1.00225695
0.990376425
0.974178158
0.953933008
0.922100832
0.849069947
0.68910557
0.43700626
0.145629463
0.999999884
0.999999836
1.0000002
1.00000161
1.00000207
0.999997371
0.999987131
0.999981531
0.999999729
1.00005369
1.00012248
1.00013651
0.999997201
0.999645055
0.999156455
0.998812767
0.999070543
1.00039094
1.0029585
1.00640148
1.00966668
1.01116359
1.00917992
1.00243962
0.990602558
0.974416936
0.95432121
0.923366899
0.852460979
0.694345669
0.441329165
0.147210098
0.999999885
0.999999833
1.00000018
1.00000161
1.00000211
0.999997471
0.999987227
0.999981413
0.999999153
1.00005271
1.00012186
1.00013771
1.00000158
0.99965232
0.999163125
0.998812097
0.999054947
1.00035667
1.00291055
1.00635563
1.00964642
1.01119216
1.00927036
1.00258698
0.990781508
0.974603878
0.954641761
0.924497071
0.855632314
0.699401216
0.445538682
0.148728808
0.999999887
0.999999829
1.00000017
1.0000016
1.00000214
0.999997545
0.999987287
0.999981306
0.999998714
1.00005201
1.00012147
1.00013871
1.00000493
0.999657704
0.999167809
0.998810942
0.999042327
1.0003301
1.00287441
1.00632265
1.00963512
1.01122041
1.0093476
1.00270804
0.990924992
0.974751458
0.954910392
0.925522603
0.85864176
0.704349279
0.449701376
0.150209435
0.999999889
0.999999825
1.00000016
1.0000016
1.00000217
0.999997602
0.999987324
0.999981206
0.999998366
1.00005149
1.00012124
1.00013958
1.00000761
0.999661827
0.999171142
0.998809424
0.999031662
1.00030867
1.00284624
1.00629842
1.00962996
1.0112486
1.00941607
1.00281146
0.991044542
0.974871974
0.955141329
0.926470355
0.861541958
0.709265019
0.453885206
0.151677521
0.99999989
0.999999821
1.00000015
1.00000161
1.00000219
0.999997652
0.999987348
0.99998111
0.999998064
1.00005106
1.00012109
1.00014039
1.00000993
0.999665276
0.999173751
0.998807711
0.999022054
1.00029004
1.00282239
1.00627894
1.00962814
1.01127673
1.00947979
1.00290537
0.991151179
0.974977205
0.955347238
0.927362716
0.864379185
0.714219585
0.458156808
0.153156591
0.999999892
0.999999817
1.00000015
1.00000161
1.00000222
0.999997701
0.999987372
0.999981015
0.99999777
1.00005065
1.00012095
1.00014118
1.00001216
0.999668592
0.999176232
0.998805997
0.99901272
1.00027204
1.00279946
1.0062604
1.0096269
1.0113047
1.00954236
1.00299724
0.991255194
0.975078184
0.955539221
0.928217653
0.867192461
0.719278412
0.462582488
0.154672592
0.999999895
0.999999813
1.00000014
1.00000161
1.00000225
0.999997755
0.999987405
0.999980919
0.99999745
1.00005018
1.00012075
1.00014199
1.00001457
0.999672265
0.999179134
0.998804484
0.999002987
1.00025274
1.00277438
1.00623933
1.00962366
1.01133225
1.00960695
1.00309384
0.991366011
0.975185078
0.955726904
0.929048966
0.87001334
0.72450043
0.467225789
0.156249808
0.999999897
0.999999809
1.00000013
1.00000161
1.00000228
0.999997822
0.999987456
0.999980824
0.999997073
1.00004959
1.00012044
1.00014284
1.00001737
0.999676724
0.999182957
0.99880338
0.998992291
1.00023047
1.00274439
1.00621257
1.00961601
1.01135907
1.0096763
1.00320117
0.991492132
0.975307164
0.9559186
0.92986666
0.872866105
0.729938461
0.472149379
0.157913003
0.9999999
0.999999805
1.00000011
1.0000016
1.00000231
0.999997906
0.999987534
0.999980728
0.999996614
1.00004882
1.00011994
1.00014375
1.00002076
0.999682362
0.999188166
0.998802905
0.998980176
1.00020376
1.00270705
1.00617725
1.00960171
1.01138473
1.00975269
1.00332442
0.991641059
0.975452775
0.956121433
0.930677209
0.875767573
0.735638448
0.477414151
0.159686199
0.999999903
0.999999801
1.0000001
1.00000159
1.00000234
0.999998011
0.999987648
0.999980635
0.999996051
1.00004781
1.0001192
1.00014472
1.00002488
0.999689525
0.999195189
0.998803291
0.998966314
1.00017142
1.00266032
1.00613093
1.00957877
1.01140869
1.00983784
1.00346785
0.991819132
0.975629167
0.956341376
0.931483741
0.878726596
0.741638024
0.483078738
0.161593239
0.999999907
0.999999798
1.00000008
1.00000158
1.00000238
0.999998142
0.999987803
0.999980547
0.999995373
1.00004653
1.00011817
1.00014575
1.00002983
0.999698449
0.999204357
0.998804779
0.998950551
1.00013263
1.00260266
1.00607165
1.00954544
1.01143029
1.00993285
1.0036346
0.992031308
0.975842315
0.956583266
0.932286281
0.88174369
0.747965158
0.489199046
0.163658576
0.999999911
0.999999795
1.00000006
1.00000156
1.00000242
0.9999983
0.999988006
0.999980469
0.999994574
1.00004496
1.00011682
1.0001468
1.00003563
0.999709264
0.999215904
0.998807603
0.998932923
1.00008701
1.00253312
1.00599801
1.00950033
1.01144873
1.01003813
1.00382657
0.992280968
0.976096727
0.956850828
0.933082138
0.884810981
0.754636941
0.495826762
0.165905733
0.999999915
0.999999793
1.00000004
1.00000153
1.00000246
0.999998486
0.999988259
0.999980408
0.999993658
1.00004309
1.00011512
1.00014783
1.00004226
0.999722009
0.999229975
0.998811999
0.998913647
1.00003456
1.00245133
1.00590925
1.00944243
1.01146313
1.01015335
1.00404434
0.99256975
0.976395232
0.957146674
0.933866415
0.887912409
0.761658428
0.503008859
0.16835799
0.99999992
0.999999791
1.00000002
1.0000015
1.0000025
0.999998698
0.999988563
0.99998037
0.999992638
1.00004092
1.00011304
1.00014878
1.00004964
0.999736618
0.999246605
0.998818177
0.998893107
0.999975723
1.00235761
1.00580529
1.0093712
1.01147256
1.01027746
1.00428702
0.992897329
0.976738683
0.957472197
0.934632557
0.891024104
0.769021207
0.510786148
0.171038236
0.999999925
0.99999979
0.999999992
1.00000146
1.00000254
0.999998933
0.999988919
0.999980364
0.999991534
1.00003849
1.00011058
1.00014959
1.00005761
0.999752909
0.999265702
0.998826297
0.998871838
0.999911396
1.00225295
1.0056869
1.00928671
1.01147616
1.01040863
1.00455216
0.993261152
0.977125562
0.957827315
0.935372923
0.894115042
0.776701776
0.519191303
0.173968657
0.999999931
0.99999979
0.999999964
1.00000141
1.00000257
0.999999187
0.999989321
0.999980396
0.999990377
1.00003583
1.00010778
1.00015019
1.00006598
0.999770584
0.999287019
0.998836426
0.998850492
0.999842921
1.0021392
1.0055558
1.00918985
1.01147327
1.0105444
1.00483561
0.993656137
0.977551487
0.958210042
0.936079339
0.897148119
0.784659919
0.528246258
0.177170073
0.999999937
0.99999979
0.999999935
1.00000136
1.00000261
0.999999454
0.999989762
0.999980471
0.999989202
1.00003301
1.00010468
1.00015053
1.00007448
0.999789187
0.999310087
0.998848464
0.998829799
0.999772132
1.0020191
1.00541495
1.00908258
1.01146369
1.01068164
1.00513143
0.994074387
0.978008688
0.958615898
0.93674361
0.900081864
0.792837568
0.537959315
0.180661004
0.999999944
0.999999792
0.999999905
1.0000013
1.00000263
0.999999724
0.999990227
0.99998059
0.999988051
1.00003013
1.00010138
1.00015058
1.00008282
0.999808078
0.999334157
0.998862073
0.998810494
0.999701324
1.00189641
1.00526863
1.00896814
1.01144787
1.01081684
1.00543194
0.994505059
0.978485634
0.959037291
0.937357937
0.902873021
0.80115898
0.548322756
0.18445696
0.99999995
0.999999794
0.999999875
1.00000125
1.00000265
0.999999988
0.999990702
0.999980746
0.999986964
1.0000273
1.00009801
1.00015035
1.00009067
0.999826506
0.999358242
0.998876633
0.998793204
0.999633103
1.00177576
1.00512249
1.00885121
1.0114272
1.0109463
1.00572792
0.994934454
0.978966906
0.959462951
0.93791515
0.905479882
0.809532717
0.559311602
0.188570624
0.999999957
0.999999798
0.999999846
1.00000119
1.00000267
1.00000024
0.999991164
0.999980927
0.999985981
1.00002464
1.00009475
1.0001499
1.00009774
0.999843638
0.99938112
0.998891211
0.998778364
0.999570262
1.00166255
1.00498348
1.00873798
1.01140417
1.01106644
1.00600884
0.995346212
0.979433245
0.959877442
0.938408511
0.907865759
0.817854866
0.570882936
0.193012907
0.999999964
0.999999801
0.99999982
1.00000113
1.00000268
1.00000046
0.999991588
0.999981114
0.999985137
1.00002228
1.0000918
1.00014935
1.00010376
0.999858598
0.9994014
0.998904591
0.998766151
0.999515628
1.00156272
1.00485969
1.00863609
1.01138247
1.01117393
1.00626309
0.995721478
0.979861653
0.960260728
0.938831014
0.910002057
0.826013066
0.582975429
0.197795264
0.999999971
0.999999804
0.999999796
1.00000108
1.00000268
1.00000065
0.999991943
0.999981277
0.999984461
1.00002038
1.0000894
1.00014885
1.00010849
0.999870449
0.999417518
0.998915288
0.998756522
0.999472112
1.00148289
1.00476045
1.0085547
1.01136704
1.01126571
1.00647786
0.996038735
0.980225255
0.960587653
0.939174064
0.911870241
0.833890304
0.595507556
0.202932734
0.999999978
0.999999807
0.999999775
1.00000104
1.00000269
1.00000079
0.999992195
0.999981382
0.999983985
1.00001909
1.00008784
1.00014861
1.00011167
0.99987811
0.99942764
0.99892153
0.998749335
0.999442955
1.00143055
1.00469655
1.00850461
1.01136394
1.01133872
1.00663871
0.996273254
0.980492813
0.960827343
0.939425562
0.913462381
0.841369257
0.608374885
0.208447994
0.999999984
0.999999808
0.999999759
1.00000102
1.0000027
1.00000087
0.999992307
0.99998139
0.999983742
1.00001861
1.00008744
1.00014883
1.00011298
0.999880361
0.999429719
0.99892137
0.998744518
0.999431945
1.00141438
1.00468038
1.00849823
1.0113802
1.01138942
1.00672899
0.996396411
0.980628153
0.960942673
0.939567052
0.914779316
0.848341071
0.621449684
0.21437564
0.99999999
0.999999808
0.999999748
1.00000102
1.00000272
1.00000088
0.999992244
0.999981271
0.999983773
1.0000191
1.00008846
1.00014968
1.00011205
0.999875949
0.99942173
0.998912982
0.998742295
0.999443463
1.00144402
1.00472566
1.00854929
1.01142348
1.01141356
1.00672932
0.996375094
0.980589588
0.960889329
0.939566708
0.915821259
0.854730324
0.634594824
0.22076296
0.999999996
0.999999806
0.999999742
1.00000104
1.00000275
1.00000082
0.999991993
0.999981011
0.999984112
1.00002073
1.00009115
1.00015121
1.00010833
0.999863388
0.999401517
0.998894796
0.998743809
0.999483479
1.00153101
1.00484766
1.00867214
1.01150077
1.01140468
1.00661651
0.996170175
0.980326704
0.960609212
0.93935178
0.916548467
0.860564833
0.647674296
0.227558665
1
0.999999802
0.99999974
1.00000108
1.00000279
1.00000066
0.999991501
0.99998059
0.999984905
1.00002387
1.00009592
1.00015334
1.00010054
0.999839959
0.999365818
0.998865327
0.998752445
0.999562545
1.00169274
1.00506656
1.00888258
1.0116154
1.01134774
1.00635591
0.995731684
0.979782645
0.960048516
0.938880871
0.916931398
0.86581364
0.660584275
0.23471877
1.00000001
0.999999797
0.999999743
1.00000115
1.00000284
1.00000036
0.999990713
0.999980024
0.99998638
1.00002898
1.00010314
1.0001556
1.00008662
0.999802049
0.999311132
0.998824414
0.998774981
0.999696257
1.00195175
1.00540563
1.00919541
1.01176482
1.01121757
1.00590021
0.994996224
0.978887535
0.959141536
0.938105434
0.916953242
0.870434126
0.673179967
0.242210823
1.00000001
0.999999791
0.999999754
1.00000125
1.00000288
0.999999895
0.999989568
0.999979387
0.999988917
1.00003667
1.00011306
1.00015684
1.00006328
0.999744905
0.999234082
0.998774605
0.998824094
0.999908284
1.00233806
1.00589136
1.00962164
1.01193498
1.01097173
1.00518265
0.993882551
0.977557819
0.957813569
0.936970654
0.916592635
0.874399529
0.685325467
0.249977125
1.00000001
0.999999782
0.999999775
1.0000014
1.00000291
0.999999177
0.999988013
0.999978851
0.999993111
1.00004771
1.0001256
1.00015469
1.00002523
0.9996621
0.99913198
0.998723524
0.998922263
1.00023441
1.00289133
1.00655213
1.01016303
1.0120918
1.01054083
1.00410827
0.992285069
0.975692182
0.955978817
0.935415349
0.915826862
0.877692391
0.696889536
0.257940702
1.00000002
0.999999772
0.99999981
1.00000159
1.00000289
0.999998121
0.999986024
0.999978769
0.999999849
1.00006294
1.00013991
1.00014477
0.999964482
0.999545936
0.999005404
0.998688684
0.999107502
1.00072672
1.0036608
1.00741235
1.01080099
1.01216704
1.0098145
1.00254271
0.990066754
0.973168533
0.953540297
0.933373066
0.914631549
0.880305628
0.707751941
0.266005678
1.00000002
0.99999976
0.999999863
1.00000182
1.00000277
0.999996615
0.999983652
0.999979764
1.00001035
1.00008296
1.0001535
1.00011948
0.999870034
0.9993896
0.998863602
0.998705312
0.999440799
1.00145666
1.00470075
1.00847938
1.01147698
1.01203655
1.00862209
1.00029825
0.987051392
0.969841337
0.950390361
0.93077394
0.912981943
0.882241784
0.717806829
0.274060082
1.00000002
0.999999748
0.99999994
1.00000209
1.00000248
0.999994545
0.999981101
0.999982854
1.00002611
1.00010752
1.00016092
1.00006676
0.999728366
0.999191404
0.998733278
0.998837558
1.00001455
1.00251459
1.00605718
1.00971812
1.01206027
1.01148825
1.00670675
0.997117019
0.983015423
0.965539638
0.946412004
0.927547038
0.910854226
0.883511392
0.726962071
0.281975712
1.00000002
0.999999736
1.00000004
1.00000239
1.0000019
0.99999182
0.999978838
0.999989547
1.00004857
1.00013433
1.00015189
0.999969278
0.999526762
0.998964694
0.998673976
0.999193214
1.00095725
1.00399637
1.00773436
1.01100299
1.0122959
1.01017696
1.00369398
0.99265423
0.977682687
0.96006848
0.941482776
0.923624298
0.908227931
0.884131985
0.735138418
0.289609065
1.00000002
0.999999727
1.00000018
1.00000269
1.00000091
0.999988438
0.999977733
1.00000182
1.00007836
1.00015707
1.00010927
0.999805885
0.999262683
0.998756369
0.998799959
0.999936228
1.00242243
1.00596108
1.00962525
1.01203569
1.0117281
1.00756735
0.99905904
0.986466671
0.970726237
0.953216262
0.93548251
0.918946426
0.905089358
0.884127576
0.742267839
0.296802199
1.00000002
0.999999722
1.00000035
1.00000294
0.999999377
0.999984567
0.999979181
1.00002185
1.00011377
1.00016282
1.00000844
0.999558755
0.998963279
0.99867536
0.999302617
1.001281
1.00453756
1.00833339
1.01138534
1.01221925
1.00960069
1.00287386
0.992104391
0.978015963
0.961783432
0.944771249
0.928306091
0.913471032
0.901435925
0.88352849
0.748290608
0.303380849
1.00000001
0.999999722
1.00000055
1.00000309
0.999997186
0.999980659
0.999985127
1.00005117
1.00014842
1.0001297
0.999820959
0.999231186
0.998718385
0.998925812
1.00045331
1.00343339
1.00727127
1.01071591
1.01223295
1.01049224
1.00475372
0.995022488
0.981969452
0.96670183
0.950492651
0.934550718
0.919882244
0.907183011
0.897281256
0.882371723
0.753154542
0.309161399
1.00000001
0.99999973
1.00000077
1.00000306
0.999994287
0.999977539
0.999997858
1.00008928
1.00016843
1.00002715
0.999527738
0.998880701
0.99872275
0.999821477
1.00254014
1.00641854
1.01016635
1.01208722
1.01068883
1.00516583
0.995571303
0.982684439
0.967707793
0.951945127
0.936560036
0.922445021
0.910198227
0.900106567
0.89266053
0.880702111
0.756832778
0.314077478
1.00000001
0.999999746
1.000001
1.00000278
0.99999075
0.999976434
1.00001943
1.00013153
1.0001506
0.999822759
0.999146625
0.99866521
0.999303581
1.00172606
1.00566056
1.00972444
1.01191122
1.01042265
1.00434846
0.993882029
0.980089379
0.964459482
0.948475684
0.933338777
0.919860108
0.908474815
0.899327579
0.892316555
0.88763386
0.878555579
0.759143041
0.317662609
1
0.99999977
1.00000123
1.00000221
0.999986808
0.99997886
1.0000507
1.00016705
1.00006394
0.999500103
0.998774297
0.998881403
1.00087601
1.00483014
1.00928727
1.01174433
1.00984079
1.0024307
0.989928371
0.973916188
0.956423144
0.939296564
0.923864434
0.910869249
0.90056234
0.8928535
0.887456383
0.883948448
0.882291016
0.875992647
0.760072186
0.319786304
0.999999999
0.999999801
1.00000143
1.0000013
0.999982867
0.999986328
1.00009006
1.00017801
0.999877854
0.999088635
0.998627241
0.999944636
1.00373905
1.00868521
1.01162176
1.00920276
0.999725902
0.983853689
0.964000747
0.943112064
0.923655895
0.907183388
0.894352139
0.885169343
0.879248522
0.876028873
0.874890297
0.875193533
0.876741023
0.873065007
0.759587142
0.32038259
0.999999996
0.999999838
1.00000159
1.00000008
0.999979465
0.999999874
1.00013254
1.00014185
0.99957819
0.998696429
0.999043736
1.00223784
1.00765181
1.01155862
1.00904375
0.997143637
0.976575319
0.950987075
0.92482861
0.901581829
0.883122908
0.869957539
0.86173032
0.857694687
0.856951164
0.858659446
0.862046363
0.866325996
0.871171685
0.869838216
0.757431872
0.319024551
0.999999994
0.999999877
1.00000169
0.999998622
0.999977167
1.00001955
1.00016982
1.00003782
0.999187184
0.998521614
1.00039449
1.00579302
1.01129887
1.01002569
0.996431984
0.970441904
0.937251193
0.903756297
0.875123643
0.853664575
0.8395173
0.831772929
0.829193974
0.830633461
0.835148276
0.841782542
0.849623748
0.857777497
0.865812617
0.866353479
0.753359405
0.315413583
0.999999993
0.999999918
1.00000173
0.999997032
0.999976415
1.00004412
1.00019202
0.999856707
0.998775251
0.998809313
1.0028787
1.00992038
1.01208932
0.999644231
0.96935639
0.92746092
0.884648687
0.849154659
0.824002827
0.808474368
0.80057861
0.798460171
0.800890865
0.806973403
0.815857914
0.826648586
0.838372664
0.849996188
0.860913416
0.862611518
0.746973205
0.309172265
0.999999992
0.999999956
1.00000172
0.999995442
0.999977381
1.00007112
1.00019108
0.999609736
0.998448211
0.999737339
1.00628224
1.01314028
1.00701314
0.977486418
0.928192396
0.874414875
0.830408163
0.801194127
0.784635267
0.776610456
0.7740651
0.775629519
0.780762913
0.789256695
0.800722149
0.814358475
0.829034587
0.843461987
0.856732393
0.858531292
0.737686977
0.29987764
0.999999992
0.999999991
1.00000166
0.999993973
0.999979875
1.00009746
1.00016474
0.99933047
0.998301307
1.00126625
1.00990062
1.01386261
0.99492304
0.945909798
0.881529826
0.825687477
0.790620154
0.772970865
0.765394364
0.762740216
0.762750074
0.764827958
0.769737125
0.778301332
0.790576304
0.805710238
0.822274169
0.838660997
0.853552322
0.853839954
0.72446598
0.286911712
0.999999992
1.00000002
1.00000157
0.999992716
0.999983358
1.0001203
1.00011938
0.999066396
0.998355268
1.00304904
1.01282004
1.01179379
0.979162492
0.914520095
0.844064937
0.795614173
0.773394157
0.764536656
0.761173508
0.760684135
0.760701447
0.761654213
0.765367871
0.773253501
0.785536294
0.801261833
0.818754161
0.836115266
0.85145325
0.847913898
0.705570321
0.269111501
0.999999992
1.00000004
1.00000147
0.999991725
0.999987018
1.00013768
1.00006998
0.998864524
0.998516988
1.00449153
1.01443792
1.008985
0.967790818
0.896832946
0.828106579
0.787467489
0.771764189
0.764365398
0.760733531
0.760723602
0.76017059
0.761220515
0.765141116
0.773268845
0.785734141
0.801524211
0.818943021
0.836273023
0.851013018
0.838899508
0.677619526
0.246931422
0.999999993
1.00000006
1.00000138
0.999991042
0.999989846
1.00014834
1.00003734
0.998763477
0.998611162
1.00494234
1.0146541
1.00880717
0.969348535
0.902898562
0.837889451
0.79652235
0.77802085
0.769731769
0.764617439
0.762801359
0.763575162
0.766130826
0.771609174
0.78056038
0.792843481
0.807608422
0.823901634
0.840831274
0.852362842
0.82082553
0.633482322
0.219331781
0.999999993
1.00000007
1.00000133
0.999990718
0.999990766
1.0001505
1.00004426
0.998805816
0.99849067
1.0038433
1.0132299
1.01271212
0.986424744
0.934061842
0.873751879
0.82637808
0.799746906
0.788063769
0.782278831
0.778156326
0.776644213
0.779393281
0.784860581
0.793460496
0.804919935
0.819138372
0.835499049
0.850379894
0.847722337
0.779915635
0.564470467
0.184336208
0.999999993
1.00000007
1.00000133
0.999990986
0.999988403
1.00013718
1.00011866
0.999089766
0.998146625
1.00118161
1.00947904
1.01605886
1.00893768
0.981201478
0.937235061
0.889495085
0.850283041
0.82598743
0.816559317
0.818015972
0.825097148
0.833302277
0.841202667
0.847893251
0.856733081
0.864846566
0.86801147
0.855898726
0.806936839
0.685150283
0.455503402
0.13893651
0.999999993
1.00000006
1.00000138
0.9999928
0.999979761
1.00009746
1.00022098
0.999594916
0.998246228
0.998478201
1.00305242
1.01141296
1.01855804
1.01793016
1.00532117
0.980595736
0.946776422
0.908047624
0.868195343
0.829968509
0.795099987
0.764559584
0.738636195
0.716070809
0.692090875
0.665039096
0.630724504
0.582379088
0.509646573
0.400195032
0.247639516
0.0716706785
0.999999993
1.00000001
1.00000143
0.99999664
0.999973633
1.00003215
1.00023221
1.00013344
0.99917108
0.997802307
0.997718152
1.00063016
1.00696159
1.01560861
1.02465319
1.03223351
1.03701688
1.03821755
1.03536245
1.02800044
1.01544498
0.996560251
0.969574554
0.931916691
0.880115508
0.809923385
0.717064583
0.598718182
0.456318126
0.299502327
0.149394022
0.0332391798
0.999999995
0.999999944
1.00000109
1.0000012
0.99997937
0.999971291
1.00010342
1.00032275
1.00023984
0.999471094
0.99806332
0.996522342
0.995515781
0.995578287
0.997000983
0.999879788
1.00422098
1.01002897
1.01734811
1.02625392
1.03678624
1.0487972
1.0616566
1.07372262
1.08146068
1.07813192
1.05218514
0.986105738
0.857772938
0.648453893
0.363994999
0.0734929819
0.999999999
0.999999923
1.00000034
1.00000339
0.999995792
0.999961913
0.999958113
1.00008162
1.00033349
1.00058008
1.0006461
1.00041453
0.999858294
0.999018436
0.997970423
0.996804107
0.995623807
0.994566782
0.993838607
0.9937666
0.994871761
0.997948632
1.00410903
1.01467033
1.03062302
1.05118663
1.07073606
1.07346169
1.02666048
0.878113897
0.574092783
0.137661515
1
0.999999971
0.999999759
1.00000156
1.00000599
0.999996867
0.999959599
0.999913784
0.999902034
0.999955601
1.00007863
1.00025398
1.00045488
1.00065218
1.00081586
1.00091253
1.00090145
1.00073126
1.00034117
0.999674416
0.99872047
0.997615881
0.996845439
0.997569279
1.00199413
1.01336398
1.03443221
1.06206557
1.07488478
1.01395015
0.770912846
0.25117155
1
1.00000001
0.999999874
0.999999394
1.00000138
1.00000823
1.00001427
1.00000994
0.999990576
0.999958469
0.999919782
0.999881499
0.999850142
0.999831819
0.999832701
0.999859296
0.99991786
1.00001185
1.00013553
1.00026092
1.00031604
1.00016074
0.999594946
0.998498792
0.997297127
0.997924947
1.00498041
1.02494496
1.05749117
1.06910102
0.942764004
0.446253091
1
0.999999998
1.00000005
1.00000003
0.999999153
0.999997757
0.999997712
1.00000047
1.00000595
1.00001307
1.00002044
1.00002679
1.00003099
1.00003194
1.00002853
1.00001961
1.00000436
0.999983259
0.999960247
0.999946641
0.999965424
1.00004796
1.00020173
1.00032241
1.00008982
0.999126613
0.998030169
1.00054297
1.01467071
1.04431075
1.04582447
0.770400674
)
;

boundaryField
{
    inner_wall
    {
        type            zeroGradient;
    }
    outer_wall
    {
        type            fixedValue;
        value           uniform 0;
    }
    top
    {
        type            fixedValue;
        value           uniform 1;
    }
    bottom
    {
        type            inletOutlet;
        inletValue      uniform 0;
        value           nonuniform List<scalar> 
32
(
0
0
0
0
0
0
0
0
0
0
-0.00819053581
-0.0184291545
-0.0375127027
-0.0524391967
-0.0157892393
0.143533554
0.433827397
0.746603494
0.959136851
1.03533364
1.02864823
1.00650038
0.997227203
0.997942538
1.00160773
1.00588479
1.00782255
1.00189103
0.978625499
0.898692983
0.676244812
0.260607288
)
;
    }
    front
    {
        type            wedge;
    }
    back
    {
        type            wedge;
    }
}


// ************************************************************************* //
