/*--------------------------------*- C++ -*----------------------------------*\
| =========                 |                                                 |
| \\      /  F ield         | OpenFOAM: The Open Source CFD Toolbox           |
|  \\    /   O peration     | Version:  2506                                  |
|   \\  /    A nd           | Website:  www.openfoam.com                      |
|    \\/     M anipulation  |                                                 |
\*---------------------------------------------------------------------------*/
FoamFile
{
    version     2.0;
    format      ascii;
    arch        "LSB;label=32;scalar=64";
    class       volScalarField;
    location    "186";
    object      C;
}
// * * * * * * * * * * * * * * * * * * * * * * * * * * * * * * * * * * * * * //

dimensions      [0 0 0 0 0 0 0];

internalField   nonuniform List<scalar> 
3072
(
2.51287875e-09
-3.49416678e-07
-1.20493685e-06
2.23159637e-05
5.95863188e-05
-0.000109555357
-0.000745075594
-0.00176778003
-0.00297306585
-0.00457902571
-0.00769287506
-0.0180679484
-0.037322751
-0.0523890862
-0.015806965
0.143506508
0.433814132
0.746601799
0.959138551
1.03533284
1.02864428
1.00650247
0.99725259
0.997983367
1.00156578
1.00556349
1.00715032
1.00145294
0.980018721
0.903334612
0.682485816
0.263523454
-2.31105066e-09
3.11760266e-07
1.1771398e-05
-2.30823246e-05
-0.000268755719
-0.000338616395
0.000997090524
0.00434602032
0.00835429434
0.0103345597
0.00734333992
-0.00299452593
-0.0254423323
-0.0514009382
-0.0241004532
0.140467851
0.444247244
0.764513344
0.971445408
1.03740067
1.02571366
1.00429312
0.996914631
0.998350117
1.00195498
1.00587494
1.00714995
1.00083628
0.978503916
0.900018696
0.677347765
0.259477219
9.63217196e-09
2.75546226e-06
-4.85554507e-06
-0.000177243082
-0.000168375912
0.00193945157
0.0074026335
0.0137062128
0.0170499012
0.0168999905
0.0148244452
0.00778998597
-0.0139282947
-0.0485501913
-0.0309105517
0.135368851
0.447565794
0.772888643
0.977109345
1.03781905
1.02399778
1.00329084
0.996865919
0.998557441
1.00214319
1.00602258
1.00713405
1.00054985
0.977973891
0.89937191
0.67763958
0.262345477
1.43086423e-08
3.70504027e-06
-2.69010063e-05
-0.00028144288
0.000265935588
0.00456071363
0.0122628688
0.017854598
0.018596999
0.0177200557
0.0156530065
0.0129364585
-0.00591677702
-0.0462041471
-0.0327518419
0.140618634
0.462870348
0.790058404
0.986095317
1.03814478
1.02153985
1.0019909
0.996825004
0.998823386
1.00238353
1.00620873
1.00710945
1.00018887
0.977295501
0.898392519
0.677219562
0.26486322
2.40625566e-10
4.12265957e-06
-2.90836491e-05
-0.000301457955
0.000346539193
0.00519731504
0.0136549983
0.0192212831
0.0199955465
0.0188272862
0.0146651511
0.0128173894
-0.00708820463
-0.0475790082
-0.0229883746
0.169854379
0.503819635
0.822435063
0.999022362
1.03746332
1.018011
1.00051823
0.996898073
0.999162413
1.00267396
1.00642557
1.0070496
0.999720568
0.97642155
0.897057728
0.676426828
0.267842336
-1.07793347e-07
4.52715362e-06
-2.01559094e-05
-0.000291494756
9.40897537e-05
0.00395470224
0.0111135886
0.0165072247
0.0186335883
0.0163052448
0.0130758902
0.00953787536
-0.0159700099
-0.0505237231
0.00558992617
0.23719822
0.581155455
0.873846205
1.01541148
1.03465397
1.01298219
0.998872691
0.997148225
0.999625318
1.0030721
1.0067111
1.00691705
0.998998496
0.975008614
0.894531582
0.673752745
0.269633333
-3.00388449e-08
4.94011909e-06
-5.2808961e-06
-0.000247764254
-0.000213420339
0.0020048287
0.00656971156
0.010537267
0.0119947206
0.0101213141
0.00919058045
0.000854012336
-0.0317914534
-0.0435545239
0.0733997875
0.356434926
0.695351574
0.937452609
1.02977373
1.02818136
1.00688575
0.997508413
0.997671701
1.0002151
1.00360591
1.00706931
1.00664816
0.99789441
0.972810398
0.890301734
0.668482551
0.269573641
-1.08761129e-06
3.50044357e-06
8.24330323e-06
-0.000175052759
-0.000359305945
0.000478394805
0.00254121069
0.00457107242
0.00486848802
0.00479574749
0.00318691371
-0.0167517732
-0.0443810316
0.00371091232
0.208988565
0.532141109
0.830596131
0.996080516
1.03455369
1.01788573
1.00115567
0.996994269
0.998461017
1.00090469
1.00429727
1.00747262
1.00614647
0.996271741
0.969591586
0.883914171
0.66002958
0.267117471
3.18354133e-06
7.19213337e-06
2.34654837e-05
-8.66707677e-05
-0.000309439266
-0.000219634825
0.000328182807
0.000841434709
0.00109514847
0.00128185361
-0.011409775
-0.0369582525
-0.0145283984
0.140904602
0.43034183
0.742120861
0.95272928
1.02972098
1.02630128
1.00651563
0.997638416
0.997536475
0.999352481
1.00168164
1.00516096
1.00784208
1.00527685
0.993990549
0.965133677
0.875016272
0.648093626
0.262068429
-1.91888269e-05
-1.90739561e-05
-3.57470543e-07
-4.41864665e-05
-0.000193369475
-0.000319936314
-0.00032485164
-0.000390439207
-0.000127719034
-0.0109385763
-0.0312842372
-0.00775786885
0.134613095
0.403331807
0.706387386
0.928064439
1.02334845
1.0302562
1.01066201
0.998734979
0.997148381
0.998642396
1.00014936
1.00260875
1.00618263
1.00803101
1.00387311
0.99091169
0.959217771
0.863318978
0.632578701
0.254470106
9.70429122e-05
0.000106341396
0.000131892849
0.000112628844
4.41006754e-05
-8.87695969e-05
-0.000161787509
-0.000208209523
-0.0123080674
-0.0238207566
0.0229357784
0.18581937
0.453605166
0.737392901
0.939476902
1.02565926
1.03116709
1.01155013
0.998971282
0.996973762
0.998451122
0.999518895
1.00088909
1.00380651
1.00726207
1.00782244
1.00176307
0.986907934
0.951620575
0.848601398
0.613587968
0.244571487
-0.000544871214
-0.000596422966
-0.000617157449
-0.000483847223
-0.000441335329
-1.4472577e-07
-0.00109364831
-0.0132335242
0.00215676714
0.103934932
0.314156576
0.586071996
0.831613839
0.983705091
1.03572515
1.02850422
1.00825791
0.997719095
0.996900053
0.998663564
0.999440618
0.999974322
1.00189477
1.00530611
1.00816923
1.00696319
0.998808484
0.981875014
0.942121088
0.830738696
0.591422995
0.232777055
0.00332033228
0.00362466638
0.00374981881
0.00251640371
0.00163848154
-0.00363191182
0.0122396982
0.108004114
0.300740224
0.552471187
0.792219715
0.9586722
1.03288522
1.03909722
1.01856944
1.0013048
0.995887567
0.997344835
0.999291132
0.999631993
0.999534396
1.00061955
1.00341307
1.00690859
1.0085809
1.00523352
0.994944853
0.975737896
0.930525526
0.809758762
0.566597408
0.219605324
-0.0243179891
-0.0268850573
-0.0268571306
-0.00571869758
0.0709979285
0.226332935
0.445374154
0.678657084
0.873841706
0.997661103
1.04697098
1.04430439
1.02144825
1.00221829
0.994861868
0.995901566
0.99885353
1.00015039
0.999794256
0.999266282
0.999818679
1.00195545
1.00528305
1.00824287
1.00819201
1.00252031
0.990204016
0.968454222
0.916718582
0.785918125
0.539845069
0.205646387
0.328394505
0.422991389
0.559343475
0.71987836
0.865025386
0.975935082
1.04275489
1.06612449
1.05714171
1.03288696
1.00935272
0.995634994
0.992482301
0.995321866
0.998970448
1.00072428
1.00056275
0.999650888
0.999037425
0.99934352
1.00092884
1.00378853
1.00710034
1.00895364
1.00681764
0.998862611
0.98471203
0.960025709
0.90074504
0.759777845
0.512106474
0.191517303
1.02866542
1.04565121
1.05253229
1.04866235
1.0367682
1.02075489
1.0051153
0.993766894
0.988721625
0.989462634
0.993516839
0.997927996
1.00072134
1.00149597
1.0009713
1.0000736
0.999341088
0.998959967
0.999126458
1.00021631
1.00251861
1.00571532
1.00851662
1.0088082
1.00444974
0.994459706
0.978666377
0.950531637
0.882910214
0.732247162
0.484478564
0.177815345
0.996109435
0.993354589
0.991442642
0.990971526
0.991964791
0.994151879
0.996971768
0.999673925
1.00156883
1.0023108
1.00203237
1.00122367
1.00042066
0.999908418
0.99963926
0.999407315
0.999135824
0.999061792
0.999676918
1.00142618
1.00429029
1.00745451
1.00928261
1.00774407
1.00128169
0.9896333
0.972307419
0.940188952
0.863862856
0.704557669
0.4581232
0.165072742
1.00067368
1.00117645
1.00159272
1.00178963
1.00172855
1.00141561
1.00091158
1.00033698
0.999846231
0.999570902
0.99955717
0.999733416
0.999933199
0.999971451
0.999746641
0.999331307
0.999012922
0.999245915
1.00048191
1.00288602
1.00603169
1.00874816
1.00929399
1.00591696
0.997666897
0.984750735
0.965906552
0.929416323
0.844604795
0.678144049
0.434144732
0.153718528
0.999869633
0.999769808
0.999680553
0.999629746
0.999625811
0.999668569
0.99975107
0.999861353
0.999984978
1.0001054
1.00019876
1.00022537
1.00012917
0.999862842
0.999446943
0.999043234
0.99898732
0.999713063
1.00153905
1.00437297
1.00747852
1.00947489
1.0086648
1.00365067
0.994010826
0.980152692
0.959774517
0.918849662
0.826381877
0.654442047
0.413461803
0.144052816
1.00002666
1.00004773
1.00006814
1.00008187
1.00008427
1.00007135
1.00004521
1.000019
1.00001368
1.00004278
1.00008997
1.00009568
0.999973752
0.999669657
0.99924519
0.998942793
0.999165582
1.0003297
1.00260796
1.00566356
1.00852232
1.00970627
1.00765178
1.00131358
0.990669417
0.976114595
0.954258941
0.909261669
0.810461854
0.634655862
0.396704608
0.136236627
0.999994127
0.999989606
0.99998592
0.999984119
0.999981845
0.999976322
0.999970738
0.999977808
1.00001312
1.00007679
1.00013269
1.00010503
0.999911133
0.999532598
0.999097011
0.998914906
0.999414074
1.00095055
1.00354558
1.00666627
1.00918702
1.00961324
1.0065404
0.99921787
0.987891664
0.972831082
0.949699732
0.901391926
0.797870832
0.619568939
0.384162143
0.13029747
1.00000113
1.00000228
1.00000406
1.0000059
1.00000442
0.999996569
0.999987058
0.999991462
1.00002666
1.0000888
1.00013217
1.00007233
0.999830971
0.99941676
0.999003436
0.998944145
0.999671024
1.00147949
1.00426935
1.00736922
1.00956573
1.0093842
1.00556148
0.997564501
0.985804485
0.970406956
0.946349516
0.895758931
0.789191645
0.609456563
0.375787974
0.126148394
0.999999579
0.999999444
1.00000002
1.00000101
0.999998902
0.999990813
0.999982455
0.999990746
1.00003207
1.00009799
1.00013483
1.00005255
0.999778268
0.999342509
0.998952166
0.998986748
0.999874199
1.00186075
1.00476076
1.00781493
1.00976433
1.00916286
1.00485074
0.99643646
0.984426942
0.968851574
0.94430379
0.892544461
0.784497406
0.604115247
0.371256312
0.123616634
0.999999925
1.00000009
1.00000097
1.00000216
1
0.999991597
0.999983182
0.999992512
1.0000359
1.00010257
1.00013457
1.00003895
0.99974637
0.999300325
0.998926577
0.999018444
0.999999127
1.00208456
1.00504008
1.00805938
1.00986325
1.00902733
1.0044522
0.995822594
0.983697721
0.968085992
0.943483607
0.891595758
0.783424464
0.602979618
0.37004728
0.122475286
0.999999843
0.99999993
1.00000075
1.00000191
0.999999737
0.999991274
0.999982863
0.999992557
1.00003678
1.00010406
1.00013481
1.0000347
0.999735335
0.999284977
0.998916678
0.999029254
1.00004433
1.00216659
1.00514354
1.00815267
1.00990943
1.00899923
1.00434389
0.995652008
0.983506388
0.967966924
0.943675363
0.892525664
0.785336121
0.605278796
0.371537342
0.122473328
0.999999861
0.999999953
1.00000077
1.00000198
0.999999939
0.999991553
0.999982915
0.99999202
1.00003569
1.00010313
1.00013543
1.00003796
0.999740852
0.99929015
0.998917016
0.999019958
1.00002277
1.00213492
1.00511054
1.00813376
1.00992401
1.00906498
1.00446839
0.995825621
0.983719141
0.968312716
0.944592958
0.894856469
0.789521175
0.610182854
0.375054783
0.123344259
0.999999858
0.999999931
1.00000071
1.00000196
1.00000015
0.99999199
0.999983013
0.999990818
1.00003283
1.00010022
1.00013637
1.00004716
0.999759291
0.999311233
0.998925367
0.998995725
0.9999514
1.00201886
1.00497691
1.00803264
1.00991559
1.00919874
1.00475965
0.996237666
0.984188552
0.968926092
0.94595414
0.898139207
0.795293859
0.616886381
0.379967116
0.124833342
0.999999861
0.999999918
1.00000065
1.00000195
1.00000043
0.999992582
0.999983241
0.999989362
1.000029
1.00009593
1.00013701
1.00005943
0.999785578
0.999343044
0.99894074
0.998964897
0.999851132
1.00185023
1.00477736
1.00787377
1.00988408
1.00936593
1.00514874
0.996799398
0.984826494
0.969698708
0.947524626
0.901891464
0.80196867
0.624717548
0.385798771
0.126755253
0.999999863
0.999999905
1.00000059
1.00000193
1.0000007
0.999993239
0.999983576
0.999987875
1.00002475
1.00009078
1.00013699
1.00007255
0.999815484
0.999381052
0.998962014
0.998934233
0.999739393
1.00165571
1.00454105
1.00767786
1.0098302
1.00953928
1.00558003
0.997436023
0.985552044
0.970535733
0.949130462
0.905764181
0.809020715
0.633124533
0.392139581
0.128943999
0.999999866
0.999999893
1.00000053
1.00000189
1.00000096
0.999993909
0.999983999
0.999986522
1.00002048
1.00008526
1.00013617
1.00008494
0.999845738
0.999421424
0.998987574
0.998907921
0.99962873
1.00145565
1.00429135
1.00746303
1.00975746
1.00970084
1.00601275
0.998090652
0.986304865
0.971373788
0.950659737
0.909515252
0.816064414
0.641692226
0.398677073
0.131269485
0.999999868
0.999999883
1.00000047
1.00000185
1.00000119
0.999994549
0.999984477
0.999985376
1.0000165
1.00007974
1.00013467
1.0000958
0.999874195
0.999461223
0.999015494
0.998887694
0.999526807
1.00126396
1.0040456
1.00724434
1.00967168
1.00984141
1.00642055
0.998723129
0.987040543
0.972171218
0.952050711
0.91300032
0.822843978
0.650128256
0.405184015
0.133632879
0.999999871
0.999999875
1.00000041
1.0000018
1.00000138
0.999995134
0.999984973
0.999984454
1.00001293
1.00007449
1.00013267
1.00010488
0.999899823
0.999498612
0.99904398
0.99887352
0.999437256
1.00108882
1.00381542
1.00703341
1.00957963
1.00995838
1.0067889
0.999307977
0.987729083
0.972903155
0.953277155
0.916148328
0.829208197
0.658244896
0.411508688
0.135964305
0.999999874
0.999999868
1.00000037
1.00000176
1.00000154
0.999995649
0.999985456
0.999983739
1.00000984
1.00006971
1.00013041
1.00011221
0.999922144
0.999532429
0.999071493
0.998864476
0.999361157
1.00093439
1.00360793
1.00683855
1.0094878
1.01005312
1.00711166
0.999831094
0.988351925
0.97355614
0.954335042
0.918938506
0.835083648
0.665935846
0.417559549
0.138217632
0.999999876
0.999999862
1.00000033
1.00000172
1.00000167
0.999996088
0.9999859
0.999983199
1.00000726
1.00006553
1.00012813
1.00011797
0.999940959
0.99956192
0.999096781
0.998859296
0.999298144
1.00080217
1.0034269
1.00666521
1.00940167
1.010129
1.00738816
1.00028659
0.988899327
0.974124465
0.955232773
0.921381288
0.84045084
0.673154944
0.423290946
0.140365247
0.999999878
0.999999857
1.00000029
1.00000168
1.00000177
0.999996452
0.999986287
0.999982797
1.00000515
1.000062
1.00012599
1.0001224
0.999956416
0.999586846
0.999119022
0.998856693
0.99924699
1.00069178
1.0032735
1.0065163
1.0093253
1.01019004
1.007621
1.0006743
0.989368227
0.974607817
0.955984993
0.923504881
0.845326153
0.679899473
0.42869178
0.142393923
0.99999988
0.999999853
1.00000027
1.00000165
1.00000185
0.999996745
0.999986609
0.999982498
1.00000347
1.00005911
1.00012413
1.00012577
0.999968812
0.99960727
0.999137763
0.998855561
0.999206131
1.00060176
1.00314713
1.00639267
1.00926119
1.01024008
1.00781453
1.00099781
0.989760449
0.975009716
0.956608912
0.925346182
0.849748456
0.686197118
0.433776352
0.144301276
0.999999882
0.999999848
1.00000024
1.00000163
1.00000191
0.999996976
0.999986864
0.999982271
1.00000216
1.00005683
1.00012261
1.00012834
0.999978552
0.999623517
0.9991529
0.998855057
0.999173898
1.00052994
1.00304583
1.00629351
1.00921042
1.01028241
1.00797394
1.00126317
0.990081405
0.975336539
0.957122401
0.926945287
0.853770181
0.692096999
0.438578103
0.146093488
0.999999883
0.999999845
1.00000022
1.00000162
1.00000197
0.999997153
0.999987057
0.999982094
1.00000115
1.00005507
1.00012143
1.00013031
0.999986073
0.999636101
0.999164647
0.998854618
0.999148647
1.00047371
1.0029667
1.00621668
1.0091728
1.01031958
1.00810471
1.00147794
0.990339048
0.975596779
0.957543001
0.92834212
0.85745099
0.697662857
0.443144717
0.14778355
0.999999885
0.999999841
1.00000021
1.00000161
1.00000201
0.999997286
0.999987194
0.99998195
1.00000038
1.00005376
1.00012058
1.00013185
0.999991802
0.999645615
0.999173404
0.998853926
0.999128883
1.00043033
1.00290628
1.00615917
1.00914716
1.01035348
1.00821226
1.00165047
0.99054294
0.97580034
0.957887336
0.929574278
0.860852927
0.702967267
0.447533725
0.149389509
0.999999886
0.999999837
1.00000019
1.0000016
1.00000205
0.999997384
0.999987286
0.999981826
0.99999981
1.00005281
1.00012
1.00013308
0.99999614
0.999652674
0.999179687
0.99885285
0.999113282
1.00039707
1.00286088
1.00611742
1.00913165
1.0103854
1.00830173
1.00178941
0.990703505
0.975957918
0.958170797
0.930675803
0.864036913
0.708087061
0.451808957
0.150933004
0.999999888
0.999999833
1.00000018
1.0000016
1.00000208
0.999997457
0.999987343
0.999981716
0.999999373
1.00005212
1.00011964
1.00013411
0.99999946
0.9996579
0.999184077
0.998851394
0.999100679
1.0003713
1.00282675
1.00608766
1.00912404
1.01041618
1.00837795
1.0019033
0.990831463
0.976080494
0.958407385
0.931676553
0.867060282
0.713099793
0.456037776
0.152438192
0.999999889
0.999999829
1.00000017
1.0000016
1.00000211
0.999997514
0.999987378
0.999981614
0.999999027
1.00005161
1.00011943
1.000135
1.00000211
0.999661896
0.999187179
0.998849645
0.999090048
1.00035056
1.00280023
1.00606605
1.00912185
1.01044631
1.00844535
1.00200039
0.990937409
0.976178937
0.958609637
0.932601967
0.869975122
0.718081081
0.460288976
0.153930959
0.999999891
0.999999824
1.00000017
1.0000016
1.00000213
0.999997563
0.9999874
0.999981515
0.999998727
1.0000512
1.0001193
1.00013583
1.00000439
0.999665234
0.99918959
0.998847741
0.999080483
1.00033253
1.00277783
1.00604885
1.0091226
1.01047609
1.00850799
1.00208844
0.991031508
0.9762637
0.958788621
0.93347303
0.872827111
0.723102494
0.464630033
0.155435159
0.999999893
0.99999982
1.00000016
1.0000016
1.00000216
0.999997611
0.999987422
0.999981418
0.999998435
1.0000508
1.00011918
1.00013663
1.00000661
0.999668445
0.999191881
0.998845842
0.999071192
1.00031511
1.0027563
1.00603253
1.00912386
1.01050565
1.0085695
1.0021746
0.991123274
0.976344607
0.958953963
0.93430637
0.875654637
0.72822984
0.469128112
0.156977109
0.999999895
0.999999816
1.00000015
1.0000016
1.00000219
0.999997665
0.999987453
0.99998132
0.999998117
1.00005034
1.00011901
1.00013745
1.00000899
0.999672004
0.999194576
0.998844124
0.999061488
1.00029643
1.0027327
1.00601382
1.0091233
1.01053497
1.00863311
1.00226536
0.991221446
0.976430749
0.959113958
0.935114534
0.878488607
0.733522373
0.473847608
0.158581451
0.999999898
0.999999812
1.00000014
1.0000016
1.00000222
0.99999773
0.999987501
0.999981222
0.999997743
1.00004976
1.00011872
1.00013833
1.00001176
0.999676332
0.999198155
0.998842766
0.9990508
1.00027482
1.00270439
1.00598977
1.00911879
1.01056396
1.00870161
1.00236648
0.991333932
0.976530453
0.959275735
0.935906366
0.881352636
0.73903318
0.478852051
0.160273322
0.9999999
0.999999808
1.00000012
1.0000016
1.00000225
0.999997813
0.999987576
0.999981122
0.999997285
1.00004901
1.00011826
1.00013927
1.00001512
0.999681815
0.999203064
0.998841966
0.999038659
1.00024886
1.00266902
1.00595769
1.0091083
1.01059239
1.00877733
1.00248297
0.99146773
0.976651245
0.959445389
0.936687287
0.884262859
0.744808415
0.484203197
0.162077118
0.999999904
0.999999805
1.00000011
1.00000159
1.00000229
0.999997918
0.999987686
0.999981024
0.999996724
1.00004802
1.00011756
1.00014028
1.00001921
0.999688792
0.999209715
0.998841936
0.999024722
1.00021738
1.00262462
1.00591527
1.00909003
1.01061989
1.00886207
1.00261896
0.991628783
0.976799721
0.959628041
0.937459503
0.887227448
0.750885837
0.489960544
0.164017064
0.999999907
0.999999801
1.00000009
1.00000158
1.00000232
0.999998048
0.999987837
0.999980929
0.999996046
1.00004677
1.00011659
1.00014136
1.00002412
0.999697494
0.99921843
0.998842898
0.999008825
1.00017957
1.00256971
1.00586066
1.00906238
1.01064594
1.008957
1.0027775
0.991821764
0.976981374
0.959827884
0.938222277
0.890246245
0.757293458
0.49618085
0.166118017
0.999999911
0.999999798
1.00000008
1.00000156
1.00000236
0.999998205
0.999988034
0.999980842
0.999995247
1.00004522
1.0001153
1.00014248
1.0000299
0.999708053
0.999229436
0.998845077
0.99899099
1.00013502
1.00250336
1.00579253
1.00902406
1.01066986
1.00906261
1.00296049
0.992049905
0.977200411
0.960048219
0.938972348
0.893310738
0.764048308
0.502916626
0.168403902
0.999999915
0.999999796
1.00000005
1.00000153
1.0000024
0.99999839
0.99998828
0.99998077
0.99999433
1.00004338
1.00011367
1.00014359
1.00003651
0.999720508
0.999242877
0.998848702
0.998971421
1.00008375
1.00242521
1.00571013
1.00897411
1.01069086
1.00917866
1.00316855
0.992314822
0.977459565
0.960291483
0.939704471
0.896404282
0.771155273
0.510215628
0.17089841
0.99999992
0.999999794
1.00000003
1.0000015
1.00000244
0.999998601
0.999988578
0.99998072
0.999993307
1.00004125
1.00011168
1.00014464
1.00004386
0.999734797
0.999258794
0.998853981
0.998950492
1.00002616
1.00233551
1.00561335
1.00891197
1.01070801
1.00930415
1.00340091
0.992616314
0.977759807
0.960559161
0.940412003
0.899502514
0.778605652
0.518119398
0.17362485
0.999999925
0.999999793
1
1.00000146
1.00000249
0.999998836
0.999988925
0.999980699
0.9999922
1.00003885
1.00010932
1.00014556
1.00005182
0.999750748
0.999277105
0.998861084
0.998928729
0.999963121
1.00223521
1.00550286
1.00883765
1.01072045
1.00943735
1.00365527
0.992952103
0.978099973
0.960851567
0.941087529
0.902574064
0.786375536
0.526661257
0.176605837
0.999999931
0.999999792
0.999999975
1.00000141
1.00000252
0.999999089
0.999989318
0.999980716
0.999991037
1.00003623
1.00010662
1.00014629
1.00006019
0.999768069
0.999297577
0.998870089
0.998906782
0.999895927
1.00212606
1.00538027
1.00875188
1.01072741
1.00957579
1.00392773
0.993317535
0.978476289
0.961167449
0.941723477
0.905581698
0.794424189
0.535863667
0.179862615
0.999999937
0.999999792
0.999999946
1.00000136
1.00000256
0.999999355
0.99998975
0.999980774
0.999989855
1.00003345
1.00010363
1.00014676
1.0000687
0.999786317
0.999319762
0.998880924
0.998885387
0.999826373
1.00201068
1.00524831
1.00865636
1.01072849
1.00971636
1.0042126
0.993705304
0.978881873
0.961503434
0.942312684
0.90848412
0.802692928
0.545735302
0.183414114
0.999999944
0.999999794
0.999999916
1.00000131
1.00000259
0.999999625
0.999990207
0.999980874
0.999988695
1.00003061
1.00010044
1.00014695
1.00007706
0.999804864
0.999342945
0.998893287
0.998865299
0.999756707
1.00189268
1.005111
1.00855403
1.01072388
1.00985546
1.00450249
0.994105305
0.979306358
0.961853415
0.942848864
0.911238636
0.81110534
0.556268633
0.18727624
0.99999995
0.999999796
0.999999886
1.00000125
1.00000261
0.99999989
0.999990673
0.999981013
0.999987598
1.00002781
1.00009718
1.00014687
1.00008495
0.999822973
0.999366171
0.998906608
0.998847179
0.999689501
1.00177652
1.00497368
1.00844912
1.01071455
1.00998923
1.00478847
0.994504707
0.979735751
0.962207986
0.943326836
0.91380457
0.819569321
0.567438661
0.191462056
0.999999957
0.999999798
0.999999858
1.00000119
1.00000263
1.00000014
0.999991127
0.999981177
0.999986604
1.00002518
1.00009401
1.00014656
1.00009206
0.999839821
0.999388255
0.998920016
0.998831509
0.999627521
1.00166743
1.00484291
1.00834729
1.01070247
1.01011381
1.00506027
0.994888113
0.980152455
0.962553911
0.94374232
0.916146797
0.827980362
0.579202232
0.195982873
0.999999963
0.999999802
0.999999831
1.00000114
1.00000264
1.00000037
0.999991544
0.999981347
0.999985748
1.00002284
1.00009115
1.00014613
1.00009813
0.999854544
0.999407847
0.99893236
0.998818532
0.999573585
1.00157118
1.00472641
1.0082556
1.01069072
1.01022552
1.00530651
0.995237712
0.980535353
0.962873678
0.944091207
0.918238867
0.836225669
0.591497557
0.200850615
0.99999997
0.999999805
0.999999807
1.00000109
1.00000265
1.00000055
0.999991894
0.999981498
0.999985064
1.00002096
1.00008882
1.00014574
1.0001029
0.99986621
0.999423421
0.99894223
0.998808283
0.999530606
1.00149419
1.00463305
1.00818252
1.01068348
1.01032082
1.00551454
0.995533114
0.98085968
0.963144995
0.944368236
0.920065032
0.844188056
0.604242395
0.206080936
0.999999977
0.999999807
0.999999786
1.00000105
1.00000266
1.00000069
0.999992142
0.999981593
0.999984581
1.00001969
1.00008731
1.00014556
1.0001061
0.999873749
0.99943319
0.998947941
0.998800707
0.999501834
1.00144379
1.00457313
1.0081381
1.01068597
1.01039607
1.0056701
0.995750841
0.981096599
0.963340241
0.944565107
0.921620836
0.851750418
0.617331313
0.211697376
0.999999984
0.999999808
0.999999769
1.00000103
1.00000267
1.00000077
0.999992251
0.999981598
0.999984337
1.00001921
1.00008692
1.0001458
1.00010741
0.999875951
0.999435157
0.99894764
0.998795831
0.999491056
1.0014284
1.00455848
1.00813384
1.01070421
1.01044709
1.00575671
0.995863691
0.981212678
0.963426007
0.944667635
0.922911287
0.858804719
0.630635314
0.217735741
0.999999991
0.999999808
0.999999759
1.00000103
1.00000269
1.00000078
0.999992188
0.999981481
0.999984371
1.00001971
1.00008793
1.00014661
1.00010645
0.999871577
0.99942735
0.998939589
0.998793963
0.99950263
1.0014574
1.00460218
1.00818251
1.01074482
1.01046891
1.00575524
0.995840182
0.981169359
0.963362193
0.94464868
0.923941296
0.86527748
0.644016076
0.224244826
0.999999996
0.999999805
0.999999753
1.00000105
1.00000272
1.00000072
0.999991939
0.999981229
0.99998472
1.00002132
1.00009056
1.00014804
1.00010267
0.999859164
0.999407676
0.998922312
0.998796306
0.999542436
1.00154196
1.00471876
1.00829741
1.0108137
1.01045446
1.00564292
0.995643161
0.980919884
0.963095658
0.944440567
0.92467604
0.871201545
0.657337351
0.231172948
1
0.999999802
0.999999751
1.00000109
1.00000275
1.00000056
0.999991453
0.999980826
0.99998553
1.00002444
1.00009522
1.00014999
1.00009478
0.999836045
0.999372994
0.998894483
0.998806322
0.999620834
1.0016988
1.00492722
1.00849281
1.01091282
1.0103882
1.00538615
0.995225624
0.980412173
0.96257852
0.944008041
0.925091255
0.87654952
0.670495506
0.238475741
1.00000001
0.999999797
0.999999755
1.00000116
1.0000028
1.00000026
0.999990674
0.999980289
0.999987029
1.0000295
1.00010226
1.00015197
1.00008076
0.999798696
0.999319971
0.998856113
0.998830797
0.999753024
1.00194949
1.00524927
1.00878173
1.01103826
1.01024486
1.00493947
0.994528303
0.97958249
0.961752389
0.943309928
0.92517667
0.881282738
0.683345302
0.246120827
1.00000001
0.999999791
0.999999766
1.00000126
1.00000284
0.999999791
0.999989546
0.999979692
0.999989594
1.00003711
1.00011189
1.00015281
1.00005733
0.999742507
0.999245455
0.998809929
0.998882279
0.99996194
1.00232253
1.00570927
1.00917303
1.01117472
1.00998262
1.00423936
0.993475892
0.978355287
0.960551465
0.942299905
0.924918083
0.885379053
0.6957508
0.25405014
1.00000002
0.999999782
0.999999788
1.00000141
1.00000286
0.999999071
0.999988016
0.999979214
0.999993815
1.00004801
1.00012402
1.00015016
1.00001933
0.999661288
0.999147075
0.998763706
0.998982847
1.00028204
1.00285523
1.00633266
1.00966591
1.01128729
1.00953414
1.00319636
0.991971435
0.976639899
0.958901005
0.940926718
0.924300741
0.888826149
0.70758097
0.262186004
1.00000002
0.999999772
0.999999824
1.00000159
1.00000284
0.999998015
0.999986064
0.999979205
1.00000057
1.000063
1.00013776
1.00013964
0.999958942
0.999547715
0.999025803
0.998734961
0.999169559
1.00076308
1.00359328
1.00713996
1.01023912
1.01130803
1.00879367
1.00168523
0.989890535
0.974328508
0.956717804
0.939135484
0.923308975
0.891622501
0.718716073
0.270431497
1.00000002
0.999999761
0.999999878
1.00000182
1.0000027
0.999996513
0.999983747
0.99998029
1.00001104
1.00008264
1.00015058
1.00011378
0.999865506
0.999395509
0.99889127
0.998758482
0.999501414
1.00147265
1.0045858
1.00813374
1.01083207
1.01111575
1.00759961
0.999532961
0.987075362
0.971294744
0.95391141
0.93686977
0.92192741
0.89377645
0.729050977
0.278673265
1.00000002
0.999999749
0.999999955
1.00000209
1.00000239
0.999994455
0.999981274
0.999983476
1.00002669
1.00010661
1.00015703
1.00006074
0.999726064
0.999203673
0.998770331
0.998897012
1.00006698
1.00249491
1.0058717
1.00927375
1.01131422
1.01050645
1.00571176
0.996505118
0.983328991
0.967393372
0.950386285
0.934074191
0.920142212
0.895304366
0.738494391
0.286781365
1.00000002
0.999999737
1.00000006
1.00000239
1.0000018
0.999991755
0.999979115
0.999990252
1.00004889
1.00013256
1.00014693
0.999963651
0.999528746
0.998986246
0.998721896
0.999254971
1.00098792
1.00391638
1.0074465
1.01043087
1.01143668
1.00915305
1.00278492
0.992293507
0.978413447
0.962463664
0.946046539
0.930698466
0.917943309
0.896229406
0.746967867
0.294610167
1.00000002
0.999999728
1.0000002
1.00000267
1.0000008
0.999988417
0.99997814
1.00000256
1.0000782
1.00015413
1.00010344
0.999802187
0.999272091
0.998790323
0.998857662
0.999989344
1.00240651
1.0057836
1.00919505
1.01130977
1.0107628
1.00655654
0.998344155
0.986510946
0.972055628
0.956338846
0.940804292
0.926703174
0.915327435
0.896580649
0.75440394
0.301999193
1.00000002
0.999999723
1.00000036
1.00000291
0.999999264
0.999984618
0.999979734
1.00002249
1.00011279
1.00015849
1.00000255
0.999559753
0.998984195
0.998723352
0.99936252
1.00130188
1.00443384
1.00800783
1.01077187
1.01133369
1.00858184
1.0019994
0.991773803
0.97870272
0.963967066
0.948864428
0.934592538
0.922067288
0.912301844
0.896392487
0.760742986
0.308771147
1.00000001
0.999999724
1.00000056
1.00000305
0.999997074
0.999980812
0.999985813
1.00005151
1.00014623
1.0001241
0.99981694
0.999241096
0.998754627
0.998984081
1.00049462
1.00337871
1.00701971
1.01018652
1.01141756
1.00949983
1.00382852
0.994528108
0.982342816
0.968389489
0.953885004
0.939928165
0.927383017
0.916797269
0.908888426
0.895704438
0.765932222
0.314738981
1.00000001
0.999999732
1.00000078
1.000003
0.999994188
0.999977826
0.999998619
1.000089
1.0001647
1.00002116
0.999529084
0.998904602
0.998774444
0.999873646
1.00251995
1.00622098
1.00969771
1.01132472
1.00973154
1.00425425
0.995066695
0.98301523
0.969300578
0.95515947
0.941641385
0.929502603
0.919208259
0.910936846
0.905127706
0.894561675
0.769943487
0.319834642
1.00000001
0.999999749
1.00000101
1.00000271
0.999990681
0.999976878
1.00002014
1.00013021
1.00014532
0.999818515
0.999158431
0.998706574
0.999360255
1.00173302
1.0055079
1.00930411
1.01118982
1.00950594
1.00350441
0.993509635
0.980646321
0.966376094
0.952082378
0.93882361
0.927260339
0.917696645
0.910184231
0.904575062
0.901080731
0.892997886
0.772590098
0.323582669
1
0.999999773
1.00000124
1.00000212
0.99998679
0.999979466
1.00005112
1.0001643
1.00005779
0.999501423
0.998801993
0.998936481
1.00090632
1.0047224
1.00891533
1.0110632
1.00897754
1.00171795
0.989856797
0.975026456
0.95918457
0.944015772
0.930646133
0.919628311
0.911071478
0.90480591
0.900528224
0.897851529
0.896831462
0.891067696
0.773855253
0.325849058
0.999999998
0.999999805
1.00000143
1.0000012
0.999982922
0.999987066
1.00008991
1.00017362
0.999872639
0.999100762
0.998673028
0.99999349
1.00368165
1.00837311
1.01098935
1.00840727
0.999210818
0.984282018
0.96608436
0.94742032
0.930483555
0.916511979
0.905896814
0.898475199
0.893799049
0.891335344
0.890555696
0.890947741
0.89247653
0.888814272
0.773701271
0.32656534
0.999999996
0.999999842
1.00000159
0.999999979
0.999979611
1.00000067
1.00013147
1.00013602
0.999577046
0.998724499
0.999100391
1.00223517
1.00742032
1.01098909
1.00830924
0.996841207
0.977657684
0.954493665
0.931556346
0.911858893
0.896758131
0.886342736
0.880028644
0.877030179
0.876556512
0.87795369
0.880661418
0.884105612
0.888173408
0.886282553
0.771858466
0.325294032
0.999999994
0.999999882
1.00000169
0.99999852
0.999977415
1.00002031
1.00016757
1.0000314
0.999194228
0.998567543
1.00043836
1.00566757
1.01082129
1.0093148
0.996221371
0.972096184
0.942388741
0.913673497
0.890344104
0.873817362
0.863511728
0.858143396
0.856457971
0.857539961
0.860785632
0.865612611
0.8714498
0.877680376
0.884104306
0.883489882
0.768066877
0.321728485
0.999999993
0.999999922
1.00000172
0.999996936
0.999976764
1.0000447
1.00018845
0.999851208
0.998794475
0.998867986
1.00286718
1.00959524
1.01139452
0.999272072
0.971060893
0.933708173
0.897705735
0.870178657
0.852644486
0.84308091
0.83875003
0.837727543
0.839156292
0.842716826
0.848207454
0.855308898
0.863487012
0.872003349
0.880454332
0.880406123
0.761912701
0.315481254
0.999999992
0.999999961
1.00000171
0.999995356
0.99997782
1.0000714
1.00018625
0.999607052
0.998481834
0.999794702
1.00616264
1.01257767
1.00633132
0.978421047
0.933994697
0.888810115
0.855976676
0.838290533
0.831372391
0.829554041
0.829311385
0.829719116
0.831081679
0.834251073
0.839810311
0.847690881
0.857229972
0.867392647
0.877400135
0.87691285
0.752787738
0.30611789
0.999999992
0.999999995
1.00000164
0.9999939
0.999980386
1.00009736
1.00015896
0.99933229
0.998348495
1.00130268
1.00963276
1.01310877
0.994686727
0.949376594
0.893667494
0.8512451
0.831843964
0.828776526
0.832065765
0.834960856
0.835244763
0.83320398
0.83115331
0.831466048
0.835407394
0.842913272
0.852972033
0.864138536
0.875131671
0.872693784
0.739626195
0.29300426
0.999999992
1.00000002
1.00000155
0.999992658
0.999983917
1.00011978
1.00011303
0.999073511
0.998412313
1.00304913
1.01240245
1.01096915
0.979762534
0.92117492
0.863093577
0.832111353
0.828653277
0.835965387
0.843766947
0.847815564
0.845856966
0.839882308
0.834019046
0.831540403
0.833881751
0.840795522
0.850949616
0.862533956
0.873616105
0.867069536
0.720643108
0.274949294
0.999999992
1.00000005
1.00000144
0.999991681
0.999987607
1.0001368
1.00006339
0.998876307
0.998579193
1.00445633
1.0139192
1.00818992
0.969123361
0.905648696
0.851044322
0.829172418
0.832565763
0.840896426
0.847764389
0.851299508
0.846922403
0.840300325
0.834216722
0.831771589
0.83421881
0.841190082
0.851286296
0.862860476
0.873367395
0.858131343
0.692379111
0.25240652
0.999999993
1.00000006
1.00000136
0.999991009
0.999990452
1.00014721
1.00003069
0.998777687
0.998674854
1.00489573
1.01412479
1.00803363
0.970596727
0.910955662
0.858445722
0.833372932
0.831331887
0.836367506
0.839639854
0.84074799
0.839321929
0.835988983
0.833503678
0.833790012
0.837669558
0.844890628
0.854818454
0.866696717
0.874456279
0.839776305
0.647537875
0.224300604
0.999999993
1.00000008
1.00000131
0.999990689
0.999991379
1.00014936
1.00003756
0.998818477
0.998552415
1.0038275
1.01282446
1.01195009
0.986631039
0.938292374
0.885956959
0.849655172
0.834924865
0.833507595
0.83474141
0.833916012
0.832339191
0.832334262
0.833323618
0.836579592
0.842527994
0.851575923
0.863434792
0.87463542
0.868966395
0.797953647
0.577232095
0.188605263
0.999999993
1.00000008
1.00000131
0.99999095
0.999989008
1.00013643
1.00011207
0.999094011
0.998197385
1.00123057
1.0093063
1.01545889
1.00819036
0.98145137
0.94037241
0.897526896
0.864583084
0.846851024
0.843210545
0.84893292
0.858434865
0.867265597
0.874343068
0.879251821
0.885869764
0.891588854
0.892381715
0.877930668
0.826384273
0.701072877
0.466049857
0.142240379
0.999999993
1.00000007
1.00000136
0.999992737
0.999980294
1.00009766
1.00021558
0.999589243
0.998271159
0.998549642
1.00309079
1.01123095
1.01798239
1.01698348
1.00432306
0.980110258
0.947448302
0.91042687
0.872626686
0.836564591
0.803775079
0.775088426
0.750707372
0.729303937
0.706020345
0.679242868
0.644754994
0.59569823
0.521530926
0.40967096
0.253590673
0.0734370975
0.999999993
1.00000002
1.00000142
0.999996538
0.999973943
1.00003317
1.00023005
1.00012435
0.999166934
0.997832125
0.997799993
1.00073709
1.00701609
1.01551202
1.02432741
1.03164873
1.03619492
1.03721718
1.03425891
1.02686846
1.01434898
0.995551011
0.96868992
0.931183907
0.879553119
0.80954222
0.71686974
0.598706792
0.456473803
0.299784672
0.149717476
0.0333804317
0.999999995
0.999999946
1.0000011
1.0000011
0.999979345
0.999972259
1.00010455
1.00031937
1.00022841
0.999457175
0.998062634
0.996553311
0.995590335
0.995697365
0.997155912
1.00005683
1.00440586
1.01020972
1.01751612
1.02640367
1.03691467
1.0489029
1.06173923
1.07378254
1.08149878
1.07814958
1.05218437
0.986089525
0.857745805
0.648422754
0.363970058
0.0734864864
0.999999999
0.999999924
1.00000035
1.00000334
0.999995576
0.999962029
0.999959529
1.00008386
1.00033357
1.00057403
1.00063128
1.00039083
0.999827715
0.998983953
0.997934948
0.996769917
0.995592401
0.994538993
0.993814794
0.993746827
0.994855928
0.997936551
1.00410046
1.01466501
1.03062062
1.05118679
1.07073832
1.07346544
1.02666496
0.878118125
0.574095607
0.137662097
1
0.99999997
0.999999765
1.00000158
1.00000589
0.999996519
0.999959373
0.999914549
0.999904562
0.999960104
1.00008475
1.00026108
1.00046228
1.00065937
1.00082249
1.00091842
1.00090654
1.00073554
1.00034467
0.999677183
0.998722558
0.997617346
0.996846341
0.997569682
1.0019941
1.01336361
1.0344316
1.06206482
1.07488404
1.01394954
0.770912494
0.251171493
1
1.00000001
0.999999873
0.999999409
1.00000142
1.0000082
1.00001397
1.00000921
0.999989426
0.999957013
0.999918178
0.999879885
0.999848616
0.999830436
0.999831488
0.999858258
0.999916992
1.00001114
1.00013497
1.0002605
1.00031574
1.00016056
0.99959486
0.99849879
0.997297192
0.997925061
1.00498055
1.0249451
1.0574913
1.06910111
0.942764045
0.446253094
1
0.999999998
1.00000005
1.00000002
0.99999915
0.999997791
0.999997822
1.00000066
1.00000622
1.00001337
1.00002076
1.00002709
1.00003126
1.00003219
1.00002874
1.00001979
1.00000451
0.99998338
0.999960341
0.99994671
0.99996547
1.00004798
1.00020174
1.0003224
1.0000898
0.999126587
0.99803014
1.00054295
1.01467069
1.04431074
1.04582447
0.770400674
)
;

boundaryField
{
    inner_wall
    {
        type            zeroGradient;
    }
    outer_wall
    {
        type            fixedValue;
        value           uniform 0;
    }
    top
    {
        type            fixedValue;
        value           uniform 1;
    }
    bottom
    {
        type            inletOutlet;
        inletValue      uniform 0;
        value           nonuniform List<scalar> 
32
(
0
0
0
0
0
0
0
0
0
0
-0.00769287506
-0.0180679484
-0.037322751
-0.0523890862
-0.015806965
0.143506508
0.433814132
0.746601799
0.959138551
1.03533284
1.02864428
1.00650247
0.99725259
0.997983367
1.00156578
1.00556349
1.00715032
1.00145294
0.980018721
0.903334612
0.682485816
0.263523454
)
;
    }
    front
    {
        type            wedge;
    }
    back
    {
        type            wedge;
    }
}


// ************************************************************************* //
