/*--------------------------------*- C++ -*----------------------------------*\
| =========                 |                                                 |
| \\      /  F ield         | OpenFOAM: The Open Source CFD Toolbox           |
|  \\    /   O peration     | Version:  2506                                  |
|   \\  /    A nd           | Website:  www.openfoam.com                      |
|    \\/     M anipulation  |                                                 |
\*---------------------------------------------------------------------------*/
FoamFile
{
    version     2.0;
    format      ascii;
    arch        "LSB;label=32;scalar=64";
    class       volScalarField;
    location    "120";
    object      p;
}
// * * * * * * * * * * * * * * * * * * * * * * * * * * * * * * * * * * * * * //

dimensions      [0 2 -2 0 0 0 0];

internalField   nonuniform List<scalar> 
3072
(
-0.000123967138
-9.41515075e-05
-9.04856888e-05
-8.44511937e-05
-7.46945528e-05
-6.29698239e-05
-5.10207784e-05
-3.99856241e-05
-2.77742681e-05
-1.40153926e-05
-7.56289395e-06
-7.76020335e-06
-7.6220614e-06
-6.31048344e-06
-4.47206134e-06
-2.49542543e-06
-5.3574717e-07
1.32377151e-06
3.025353e-06
4.52417063e-06
5.80685046e-06
7.01602249e-06
8.0422828e-06
8.74648652e-06
9.27237189e-06
9.66433897e-06
9.94256205e-06
1.01314705e-05
1.02633778e-05
1.03857576e-05
1.05658916e-05
1.08151515e-05
-0.000264310279
-0.000186451989
-0.00016013855
-0.000141512637
-0.000123474728
-0.000104850609
-8.64209948e-05
-6.86357219e-05
-5.08429838e-05
-3.39336118e-05
-2.18125445e-05
-1.44700027e-05
-8.5700521e-06
-3.29994123e-06
1.33036983e-06
5.32474415e-06
8.74331937e-06
1.16448506e-05
1.40880483e-05
1.61497965e-05
1.7777527e-05
1.92002911e-05
2.04184462e-05
2.12384411e-05
2.18513963e-05
2.23315522e-05
2.27115941e-05
2.30231471e-05
2.33042803e-05
2.36021236e-05
2.39473461e-05
2.42410454e-05
-0.000326423585
-0.000221780971
-0.000176574096
-0.000146112733
-0.000121669322
-0.000100771612
-8.23235091e-05
-6.56795309e-05
-5.03712421e-05
-3.65145461e-05
-2.47567318e-05
-1.50289368e-05
-6.70546226e-06
5.33354187e-07
6.82426489e-06
1.22634235e-05
1.6934563e-05
2.09092708e-05
2.42731893e-05
2.72005459e-05
2.95866252e-05
3.14880597e-05
3.30811321e-05
3.43168885e-05
3.52851594e-05
3.60471729e-05
3.66468885e-05
3.71229968e-05
3.75126083e-05
3.78541003e-05
3.81780147e-05
3.84491828e-05
-0.000386213004
-0.000266915254
-0.000210788406
-0.000168760907
-0.000135762946
-0.000109664132
-8.78521375e-05
-6.89315378e-05
-5.21829019e-05
-3.72966903e-05
-2.41970702e-05
-1.27466807e-05
-2.72753792e-06
6.0407026e-06
1.36900864e-05
2.03248353e-05
2.6036375e-05
3.09109833e-05
3.503786e-05
3.85008813e-05
4.14022413e-05
4.37573141e-05
4.56285386e-05
4.71510154e-05
4.83629536e-05
4.93170017e-05
5.00673686e-05
5.06622731e-05
5.1144786e-05
5.15568989e-05
5.19302272e-05
5.22253078e-05
-0.000442025817
-0.00031568128
-0.000246466381
-0.000194678909
-0.000154291263
-0.000122039554
-9.54367736e-05
-7.29135835e-05
-5.34568785e-05
-3.6458647e-05
-2.15555e-05
-8.48057783e-06
2.98942944e-06
1.30325016e-05
2.17903423e-05
2.93830533e-05
3.59218613e-05
4.15133732e-05
4.62354166e-05
5.00707713e-05
5.32996899e-05
5.60635108e-05
5.82579702e-05
6.00107739e-05
6.14106657e-05
6.2524274e-05
6.34104511e-05
6.41220599e-05
6.47074333e-05
6.52150555e-05
6.56821363e-05
6.60573414e-05
-0.000490655763
-0.00035935052
-0.000280091732
-0.000220370867
-0.000173455564
-0.000135075013
-0.000103461865
-7.69819314e-05
-5.44130553e-05
-3.49375964e-05
-1.80139475e-05
-3.25732935e-06
9.6203288e-06
2.08406894e-05
3.05811026e-05
3.89916151e-05
4.62062902e-05
5.23487266e-05
5.75292784e-05
6.18422803e-05
6.54205804e-05
6.83736029e-05
7.07720344e-05
7.27056126e-05
7.42586721e-05
7.55058027e-05
7.6513255e-05
7.73397784e-05
7.80399112e-05
7.86708975e-05
7.92764848e-05
7.97776824e-05
-0.000531925729
-0.000396359992
-0.000311284728
-0.000245353188
-0.000191929239
-0.00014797922
-0.000111621475
-8.11857777e-05
-5.53783979e-05
-3.32742751e-05
-1.42177451e-05
2.27283684e-06
1.65599476e-05
2.89245393e-05
3.95926379e-05
4.87540466e-05
5.65745196e-05
6.32033533e-05
6.87776022e-05
7.3425103e-05
7.72689505e-05
8.04237646e-05
8.29929689e-05
8.50734312e-05
8.67548285e-05
8.81187978e-05
8.9238317e-05
9.0177954e-05
9.09985396e-05
9.17666825e-05
9.25328246e-05
9.3183447e-05
-0.000566132986
-0.000427474288
-0.000338406777
-0.000267796742
-0.000209055438
-0.000160191502
-0.000119500757
-8.5339445e-05
-5.63984859e-05
-3.17026069e-05
-1.05252752e-05
7.6877037e-06
2.3365024e-05
3.68456552e-05
4.84055808e-05
5.82767463e-05
6.66600932e-05
7.37341676e-05
7.96607158e-05
8.4588281e-05
8.86543914e-05
9.19859831e-05
9.46995986e-05
9.69023121e-05
9.86920289e-05
0.00010015744
0.000101377616
0.000102422421
0.00010335851
0.000104261339
0.000105187393
0.000105987589
-0.000594147424
-0.000453435879
-0.000361224582
-0.000286857998
-0.000223988434
-0.000171079757
-0.000126662363
-8.91946796e-05
-5.74011251e-05
-3.02974974e-05
-7.12066242e-06
1.27312844e-05
2.97376545e-05
4.42861867e-05
5.66973929e-05
6.72424448e-05
7.61560849e-05
8.36455125e-05
8.9896501e-05
9.50774249e-05
9.93419074e-05
0.000102830265
0.000105670531
0.000107979331
0.000109862489
0.000111415305
0.000112722377
0.000113858255
0.000114894612
0.000115914429
0.000116979194
0.000117908914
-0.000616490582
-0.000474437418
-0.000379940211
-0.000302669169
-0.000236574983
-0.000180405641
-0.00013288922
-9.25995559e-05
-5.83165605e-05
-2.90714728e-05
-4.08797158e-06
1.72636704e-05
3.54980268e-05
5.1040421e-05
6.4247836e-05
7.54250631e-05
8.48367031e-05
9.27158664e-05
9.92703706e-05
0.000104687071
0.000109134872
0.000112766772
0.000115721348
0.000118123911
0.000120087428
0.000121713091
0.000123090321
0.000124297648
0.000125410792
0.000126518455
0.000127685895
0.000128710732
-0.000633726657
-0.000490848575
-0.000394799433
-0.000315366656
-0.000246804231
-0.000188073493
-0.000138060412
-9.54450088e-05
-5.90691985e-05
-2.79912518e-05
-1.43702825e-06
2.12364002e-05
4.056608e-05
5.70042737e-05
7.0935916e-05
8.26927645e-05
9.25641374e-05
0.000100805118
0.000107642522
0.000113279361
0.000117898037
0.000121662758
0.000124721317
0.00012720657
0.000129237612
0.000130920618
0.000132349007
0.000133604542
0.000134765954
0.000135925676
0.000137151477
0.000138229217
-0.00064648276
-0.000503164011
-0.000406150214
-0.00032516581
-0.000254771361
-0.000194090914
-0.000142131427
-9.7663858e-05
-5.95902773e-05
-2.69999249e-05
8.70294708e-07
2.46666408e-05
4.49388971e-05
6.2157233e-05
7.67267355e-05
8.89995218e-05
9.92842276e-05
0.000107853487
0.000114949564
0.00012078875
0.000125564636
0.000129450725
0.000132602428
0.000135158785
0.000137243858
0.000138967786
0.000140427127
0.000141706132
0.00014288555
0.000144059585
0.000145297365
0.00014638407
-0.000655395146
-0.000511913454
-0.000414398308
-0.00033234977
-0.000260647561
-0.000198537383
-0.000145114847
-9.9225557e-05
-5.98243719e-05
-2.60319159e-05
2.89995876e-06
2.76148866e-05
4.86684298e-05
6.6541615e-05
8.16531117e-05
9.43694991e-05
0.000105013653
0.000113871414
0.000121196885
0.000127216611
0.000132132893
0.000136126449
0.000139358601
0.000141973119
0.000144097827
0.0001458458
0.000147315902
0.000148594169
0.000149762483
0.000150915079
0.000152121464
0.000153176357
-0.000661079122
-0.000517623267
-0.000419969521
-0.000337236699
-0.000264648099
-0.00020153902
-0.000147064894
-0.000100129671
-5.97327929e-05
-2.50238357e-05
4.72968921e-06
3.01656129e-05
5.18406527e-05
7.02415398e-05
8.57953247e-05
9.88781675e-05
0.000109822744
0.00011892421
0.000126445139
0.000132619473
0.000137655811
0.000141740077
0.000145037816
0.000147696143
0.000149845477
0.000151600871
0.00015306273
0.000154318263
0.000155449744
0.000156550028
0.000157688229
0.000158677083
-0.000664111506
-0.000520794577
-0.000423285191
-0.000340155514
-0.000267011202
-0.000203250917
-0.000148065236
-0.000100401392
-5.92956455e-05
-2.39222958e-05
6.43646516e-06
3.24113905e-05
5.45575333e-05
7.33638072e-05
8.92617451e-05
0.000102633281
0.000113817239
0.000123114833
0.000130794175
0.000137094105
0.00014222735
0.000146383243
0.000149730027
0.000152416912
0.000154575875
0.000156323116
0.000157759913
0.000158974151
0.000160047913
0.000161071639
0.000162113499
0.000163010494
-0.000665021279
-0.000521896016
-0.000424752335
-0.000341432375
-0.000267982958
-0.000203844512
-0.000148220039
-0.000100087442
-5.85121713e-05
-2.26888396e-05
8.08762715e-06
3.44407966e-05
5.6922636e-05
7.602194e-05
9.21720242e-05
0.000105757727
0.000117121234
0.00012656719
0.000134366891
0.000140761986
0.000145967538
0.000150174756
0.000153553307
0.000156253441
0.000158407834
0.000160133145
0.000161530998
0.000162689553
0.000163690295
0.000164620569
0.000165547253
0.000166335534
-0.00066428372
-0.000521353044
-0.000424745996
-0.000341375828
-0.000267805497
-0.000203497058
-0.000147646207
-9.92508552e-05
-5.73991781e-05
-2.13018808e-05
9.73567481e-06
3.63304931e-05
5.90309466e-05
7.83243566e-05
9.46440676e-05
0.000108375782
0.000119863026
0.000129411879
0.000137295026
0.000143755287
0.000149008661
0.000153247016
0.000156640445
0.000159339399
0.000161476593
0.000163168609
0.000164517026
0.000165609974
0.000166528088
0.000167355265
0.000168156917
0.000168828141
-0.000662312023
-0.000519541254
-0.000423607668
-0.000340272071
-0.000266708781
-0.000202383315
-0.000146465801
-9.79653929e-05
-5.59876984e-05
-1.97558097e-05
1.14167875e-05
3.81415302e-05
6.0963235e-05
8.03671246e-05
9.67855153e-05
0.000110603645
0.000122164956
0.000131775564
0.000139708231
0.000146205759
0.000151484046
0.000155734725
0.000159127572
0.000161812633
0.000163922176
0.000165572335
0.000166864357
0.000167886145
0.000168717342
0.000169438324
0.000170112997
0.000170666222
-0.000659462822
-0.000516783154
-0.000421640122
-0.000338378267
-0.000264903514
-0.000200668282
-0.000144799365
-9.6309753e-05
-5.43185441e-05
-1.80580739e-05
1.31520789e-05
3.9918954e-05
6.2784112e-05
8.22306263e-05
9.86892373e-05
0.000112543945
0.000124137143
0.000133774077
0.000141726676
0.000148236943
0.000153519945
0.000157766492
0.000161145528
0.000163806294
0.000165880287
0.000167482957
0.000168715033
0.000169664065
0.000170408662
0.000171025811
0.00017157797
0.000172018157
-0.000656031259
-0.000513345537
-0.000419107162
-0.000335921821
-0.000262578105
-0.000198502892
-0.000142761035
-9.43629004e-05
-5.24381307e-05
-1.62258836e-05
1.49499996e-05
4.16931406e-05
6.45421915e-05
8.39785973e-05
0.000100431549
0.000114283164
0.000125874186
0.000135508452
0.000143456543
0.000149959175
0.000155230153
0.000159459096
0.000162813815
0.000165442511
0.000167475729
0.000169028099
0.000170199736
0.000171077766
0.000171739786
0.000172259668
0.000172698545
0.00017303496
-0.000652249558
-0.000509468851
-0.000416222968
-0.000333097498
-0.000259899938
-0.000196023206
-0.000140455774
-9.22005113e-05
-5.03948705e-05
-1.42825696e-05
1.68101589e-05
4.34836559e-05
6.62714408e-05
8.56572952e-05
0.00010207144
0.000115890947
0.000127454107
0.000137063389
0.000144987986
0.000151467106
0.000156713106
0.00016091423
0.000164237031
0.000166828556
0.000168818332
0.000170320116
0.000171433375
0.000172244776
0.000172830979
0.000173263088
0.000173601089
0.000173845783
-0.000648310112
-0.000505543976
-0.000413023833
-0.00033001623
-0.00025700508
-0.0001933454
-0.000137974327
-8.98899893e-05
-4.82340746e-05
-1.22518665e-05
1.87303149e-05
4.53083052e-05
6.7995135e-05
8.72930212e-05
0.000103649311
0.000117419183
0.000128937438
0.000138506321
0.000146394069
0.000152838468
0.000158050441
0.000162216865
0.000165503035
0.00016805485
0.000170000828
0.000171453873
0.000172512808
0.000173263846
0.000173782799
0.000174138399
0.000174389662
0.000174556161
-0.000644358907
-0.000501785783
-0.000409594853
-0.000326788159
-0.000254003706
-0.000190564902
-0.000135394993
-8.74934373e-05
-4.60035943e-05
-1.01711856e-05
2.0675344e-05
4.71291149e-05
6.97227558e-05
8.8947739e-05
0.000105226331
0.000118923843
0.000130380223
0.000139895755
0.000147736242
0.000154137633
0.000159309284
0.000163436656
0.00016668375
0.000169195333
0.000171098941
0.000172506642
0.000173516638
0.000174214707
0.000174675923
0.000174967023
0.00017514616
0.00017524845
-0.000640496013
-0.000498120038
-0.000406182198
-0.000323535026
-0.000250976858
-0.000187753705
-0.000132779398
-8.50587094e-05
-4.37369647e-05
-8.06441633e-06
2.26384436e-05
4.89663556e-05
7.14752739e-05
9.06227211e-05
0.000106806534
0.000120422903
0.00013181113
0.000141267734
0.000149056155
0.000155410747
0.000160539436
0.000164626378
0.00016783442
0.000170307285
0.000172171475
0.000173538442
0.000174505837
0.000175158932
0.000175572212
0.000175810834
0.000175931994
0.000175983108
-0.000636798448
-0.000494584208
-0.000402826259
-0.000320370578
-0.000247993925
-0.000184958846
-0.000130166061
-8.26127349e-05
-4.14410947e-05
-5.94880082e-06
2.46304787e-05
5.08470947e-05
7.32421154e-05
9.22819656e-05
0.000108380955
0.000121924587
0.000133247879
0.0001426465
0.0001503832
0.000156691318
0.000161777699
0.000165825505
0.000168996823
0.000171434451
0.000173261711
0.000174592309
0.000175524366
0.000176140826
0.000176515799
0.000176713517
0.000176790233
0.000176801224
-0.000633314954
-0.000491225881
-0.000399594785
-0.000317331727
-0.000245110223
-0.000182229981
-0.000127596535
-8.02017871e-05
-3.91857157e-05
-3.79656617e-06
2.66459741e-05
5.27500919e-05
7.50344167e-05
9.39662576e-05
0.000109982862
0.000123455377
0.000134714894
0.000144056656
0.000151742859
0.000158005917
0.000163051719
0.000167062473
0.000170199256
0.00017260419
0.000174402381
0.000175704095
0.000176606054
0.000177192824
0.000177538022
0.000177704849
0.000177749266
0.000177732545
-0.000630067558
-0.000488069295
-0.000396542219
-0.000314418995
-0.00024233005
-0.000179585707
-0.000125090805
-7.78325924e-05
-3.69474467e-05
-1.67663642e-06
2.86571309e-05
5.46621174e-05
7.68379473e-05
9.56697395e-05
0.000111612331
0.000125020122
0.000136220851
0.000145509923
0.000153149293
0.000159370704
0.000164379297
0.000168356573
0.000171462927
0.000173839903
0.000175612218
0.000176889556
0.000177768245
0.000178332676
0.000178656117
0.000178801127
0.00017882339
0.000178788032
-0.000627059252
-0.000485121568
-0.000393674446
-0.000311654387
-0.000239673769
-0.000177043386
-0.000122664984
-7.55220409e-05
-3.47482586e-05
4.18039818e-07
3.06596289e-05
5.65755336e-05
7.86539024e-05
9.73997839e-05
0.000113276953
0.000126626382
0.000137773829
0.000147015079
0.000154611969
0.000160795752
0.000165771
0.000169718677
0.000172798669
0.000175152054
0.000176903119
0.000178161196
0.000179022313
0.00017957061
0.000179879099
0.000180009948
0.000180018631
0.000179972297
-0.00062428013
-0.000482378193
-0.00039098773
-0.000309042864
-0.000237147232
-0.000174608588
-0.000120325294
-7.32779094e-05
-3.25981514e-05
2.47705795e-06
3.2633881e-05
5.84781239e-05
8.04895956e-05
9.91679158e-05
0.000114984015
0.00012827886
0.000139377805
0.000148576072
0.000156135013
0.000162285419
0.000167231408
0.0001711535
0.000174211167
0.000176545106
0.000178279268
0.000179522687
0.000180371145
0.000180908571
0.000181207791
0.000181330759
0.000181332803
0.000181281647
-0.000621711166
-0.000479825441
-0.00038847162
-0.000306578567
-0.000234746748
-0.000172279174
-0.000118070963
-7.11005315e-05
-3.04981952e-05
4.4991855e-06
3.45785203e-05
6.0355889e-05
8.23337146e-05
0.000100977623
0.000116735851
0.000129977759
0.0001410322
0.000150192217
0.000157717814
0.000163839198
0.00016876008
0.000172660589
0.000175699843
0.000178018223
0.000179739411
0.000180972201
0.000181812169
0.000182343069
0.000182637594
0.000182757621
0.00018275839
0.000182707118
-0.000619327634
-0.000477443303
-0.000386109906
-0.000304248945
-0.000232462226
-0.000170046672
-0.000115894265
-6.89814926e-05
-2.8436588e-05
6.50531343e-06
3.65275704e-05
6.22295021e-05
8.41647886e-05
0.00010279157
0.00011850766
0.000131707802
0.000142726361
0.000151855334
0.000159353747
0.000165451455
0.000170351951
0.000174235135
0.000177259902
0.000179566426
0.000181278198
0.000182503845
0.000183338789
0.000183866648
0.000184160026
0.00018428083
0.000184284254
0.000184236257
-0.000617102442
-0.000475208756
-0.000383883384
-0.000302038322
-0.000230281107
-0.000167901379
-0.000113788047
-6.69159882e-05
-2.64110924e-05
8.49392238e-06
3.84769073e-05
6.41163914e-05
8.59990719e-05
0.000104600913
0.000120289579
0.000133461548
0.000144453896
0.00015355928
0.000161036728
0.000167116081
0.000172000793
0.000175870702
0.000178884604
0.000181182571
0.000182887988
0.000184109379
0.000184942058
0.000185469544
0.000185764393
0.000185888613
0.000185897381
0.000185854925
-0.000615008391
-0.000473098019
-0.000381771914
-0.000299929833
-0.00022819004
-0.000165833573
-0.000111746477
-6.49028726e-05
-2.44275618e-05
1.04475464e-05
4.0399192e-05
6.60084279e-05
8.78592785e-05
0.000106429019
0.000122091898
0.000135241959
0.000146214231
0.000155301299
0.000162762461
0.000168827656
0.000173700342
0.000177560323
0.000180566359
0.000182858468
0.00018455998
0.000185779353
0.000186611834
0.000187140864
0.000187438983
0.000187568339
0.000187584121
0.000187548554
-0.000613019127
-0.000471087563
-0.000379755199
-0.000297905786
-0.000226174329
-0.000163831396
-0.00010976024
-6.29350243e-05
-2.24803655e-05
1.237179e-05
4.23003217e-05
6.79008596e-05
8.97391583e-05
0.00010827397
0.000123907936
0.000137042317
0.000148001042
0.000157075008
0.000164524229
0.000170579045
0.000175443011
0.000179295955
0.000182296647
0.000184585105
0.000186284642
0.00018750369
0.000188337453
0.00018886932
0.000189171833
0.000189307314
0.000189330967
0.000189302918
-0.000611109901
-0.000469154926
-0.00037781364
-0.00029594858
-0.00022421908
-0.000161882494
-0.000107819276
-6.10043727e-05
-2.05627057e-05
1.42736876e-05
4.41865431e-05
6.97853955e-05
9.16206684e-05
0.000110130012
0.000125740193
0.000138863043
0.000149811887
0.000158876226
0.000166316696
0.000172363998
0.00017722178
0.000181069908
0.000184067184
0.000186353646
0.000188052611
0.000189272503
0.0001901085
0.00019064396
0.000190951438
0.000191093438
0.000191125183
0.000191104723
-0.000609258377
-0.000467279555
-0.00037592921
-0.000294041522
-0.000222309983
-0.000159974745
-0.000105913274
-5.91020572e-05
-1.86663188e-05
1.61624119e-05
4.60669543e-05
7.16590293e-05
9.34863681e-05
0.000111986916
0.00012758893
0.00014070274
0.000151643135
0.000160700041
0.000168134114
0.000174176071
0.000179029591
0.000182874583
0.000185869878
0.000188155539
0.000189854895
0.000191076371
0.00019191513
0.000192454508
0.000192767084
0.00019291554
0.000192955111
0.000192941879
-0.000607445348
-0.000465443577
-0.000374086334
-0.000292169734
-0.000220434497
-0.000158097732
-0.000104033719
-5.72214982e-05
-1.67868047e-05
1.80394236e-05
4.79405556e-05
7.35282712e-05
9.53488802e-05
0.000113845378
0.000129445063
0.000142553269
0.00015348798
0.00016253998
0.000169969908
0.000176008457
0.000180859363
0.000184702594
0.00018769703
0.000189982765
0.000191683153
0.00019290663
0.000193748357
0.000194291652
0.000194609131
0.000194763637
0.000194810403
0.000194803713
-0.000605654894
-0.00046363199
-0.000372272102
-0.000290320226
-0.000218581973
-0.000156242571
-0.000102173278
-5.53569324e-05
-1.4920052e-05
1.99070022e-05
4.98080548e-05
7.53943346e-05
9.72102233e-05
0.000115704739
0.000131304881
0.000144410324
0.00015534189
0.00016439113
0.000171818734
0.000177855417
0.000182704993
0.000186547502
0.000189541885
0.000191828277
0.00019353006
0.000194755689
0.00019560033
0.000196147297
0.000196469237
0.000196629141
0.000196682213
0.000196681144
-0.000603874255
-0.00046183262
-0.000370476228
-0.000288481657
-0.000216743731
-0.00015440185
-0.000100325762
-5.35035059e-05
-1.30625521e-05
2.1767316e-05
5.16702483e-05
7.72570067e-05
9.9070528e-05
0.000117565046
0.000133167042
0.000146271477
0.000157201648
0.000166249671
0.000173676272
0.000179712213
0.000184561384
0.000188403899
0.000191398757
0.000193686136
0.00019538945
0.000196617175
0.000197464483
0.000198014691
0.000198340482
0.000198504964
0.000198563288
0.00019856676
-0.000602093725
-0.000460036353
-0.000368690663
-0.000286644389
-0.000214913279
-0.000152569496
-9.84860162e-05
-5.16571736e-05
-1.12112786e-05
2.36224473e-05
5.35283655e-05
7.91168172e-05
0.000100929749
0.000119425571
0.000135030134
0.00014813472
0.000159064698
0.000168112574
0.000175539097
0.000181575074
0.000186424464
0.000190267451
0.000193263082
0.000195551577
0.00019725638
0.000198485986
0.000199335578
0.000199888476
0.000200217397
0.000200385543
0.00020044797
0.000200454819
-0.000600306416
-0.000458237317
-0.000366905361
-0.000284804737
-0.000213086515
-0.000150740557
-9.6650026e-05
-4.98148669e-05
-9.36392123e-06
2.54740192e-05
5.53834248e-05
8.09742677e-05
0.000102787829
0.000121285634
0.000136893021
0.000149998553
0.000160929153
0.000169977592
0.00017740465
0.000183441168
0.000188291167
0.000192134885
0.000195131413
0.000197421003
0.000199127124
0.000200358291
0.000201209694
0.000201764662
0.000202095938
0.000202266769
0.000202332085
0.000202341238
-0.000598507434
-0.000456431088
-0.000365097591
-0.000282978493
-0.000211261526
-0.000148911642
-9.48152225e-05
-4.79745502e-05
-7.51889032e-06
2.7323175e-05
5.72361525e-05
8.28297319e-05
0.00010464471
0.000123144742
0.000138754932
0.000151861975
0.000162793746
0.000171843213
0.000179271193
0.000185308563
0.000190159389
0.000194003951
0.000197001373
0.000199291934
0.000200999122
0.000202231464
0.000203084162
0.000203640555
0.000203973399
0.000204145876
0.000204212648
0.00020422392
-0.000596695837
-0.000454616343
-0.00036327975
-0.000281153183
-0.000209434136
-0.000147080474
-9.29795861e-05
-4.61345346e-05
-5.67486899e-06
2.91708698e-05
5.90871785e-05
8.46835683e-05
0.000106500436
0.000125002725
0.000140615597
0.000153724568
0.000164657883
0.000173708675
0.000181137814
0.000187176211
0.000192027966
0.000195873386
0.00019887162
0.000201162965
0.000202870921
0.000204104025
0.000204957484
0.000205514646
0.000205848272
0.000206021504
0.000206088824
0.000206101043
-0.000594871977
-0.000452792627
-0.000361454382
-0.000279327648
-0.000207603861
-0.00014524663
-9.11424842e-05
-4.42941776e-05
-3.8312879e-06
3.10175415e-05
6.09367535e-05
8.65357194e-05
0.000108354732
0.000126859681
0.000142475454
0.000155586591
0.000166521625
0.000175573908
0.000183004345
0.000189043863
0.000193896579
0.00019774282
0.000200741746
0.000203033662
0.000204742077
0.00020597553
0.000206829233
0.000207386534
0.000207720191
0.000207893366
0.000207960629
0.000207972517
-0.000593037676
-0.00045096176
-0.000359621062
-0.000277502999
-0.000205771632
-0.000143410915
-8.93046329e-05
-4.24540316e-05
-1.98856551e-06
3.28628498e-05
6.27844735e-05
8.83852566e-05
0.000110205832
0.000128715523
0.000144336359
0.000157449443
0.000168385857
0.000177439558
0.000184871327
0.000190911998
0.000195765677
0.000199612685
0.000202612182
0.000204904469
0.000206613054
0.000207846477
0.00020869995
0.000209256814
0.000209589823
0.000209762193
0.000209828738
0.00020983922
-0.000591195855
-0.000449126585
-0.000357772541
-0.000275688567
-0.000203940905
-0.000141575466
-8.74678092e-05
-4.06153809e-05
-1.4745252e-07
3.47066749e-05
6.46310752e-05
9.02337127e-05
0.00011205354
0.000130568666
0.000146197811
0.000159313287
0.000170251007
0.000179306216
0.000186739492
0.000192781473
0.000197636212
0.000201484019
0.000204484039
0.000206776565
0.000208485099
0.00020971818
0.000210571018
0.000211126953
0.000211458728
0.000211629576
0.000211694488
0.000211703148
-0.000589351802
-0.000447291683
-0.000355922285
-0.00027387725
-0.000202114492
-0.000139743229
-8.56341632e-05
-3.87797441e-05
1.69117097e-06
3.65489203e-05
6.64775501e-05
9.20836777e-05
0.000113901275
0.000132418999
0.000148056917
0.000161176626
0.000172116856
0.000181174359
0.000188609734
0.00019465348
0.000199509606
0.000203358415
0.00020635905
0.000208651801
0.000210360166
0.000211592687
0.00021244458
0.000212999192
0.000213329246
0.000213497931
0.000213560333
0.000213566943
-0.000587512044
-0.000445462426
-0.000354082045
-0.000272068223
-0.000200295364
-0.000137918008
-8.38067381e-05
-3.69495419e-05
3.5252947e-06
3.83877343e-05
6.83216986e-05
9.39325675e-05
0.000115750115
0.000134270352
0.000149916054
0.000163041209
0.000173985179
0.000183045884
0.000190484064
0.000196530143
0.000201388097
0.000205238228
0.000208239678
0.000210532741
0.000212240918
0.00021347276
0.000214323496
0.000214876483
0.000215204434
0.00021537047
0.000215429758
0.000215433721
-0.000585684028
-0.000443645413
-0.000352258047
-0.00027026801
-0.000198487872
-0.000136104066
-8.19891389e-05
-3.51276699e-05
5.35259001e-06
4.02211564e-05
7.01616047e-05
9.57782769e-05
0.000117598978
0.000136124653
0.000151778696
0.000164909906
0.000175858492
0.00018492327
0.000192365036
0.000198414119
0.000203274458
0.000207126347
0.000210128932
0.00021242251
0.000214130596
0.000215361752
0.000216211229
0.000216762404
0.000217087983
0.000217251021
0.00021730674
0.000217307563
-0.000583876162
-0.000441848468
-0.000350456611
-0.000268484114
-0.00019669735
-0.00013430602
-8.01852298e-05
-3.33171252e-05
7.17092723e-06
4.20479707e-05
7.19971567e-05
9.76218259e-05
0.000119448182
0.000137981552
0.000153645439
0.000166784029
0.00017773859
0.000186808695
0.000194255144
0.000200308172
0.000205171681
0.000209025965
0.00021203018
0.000214324639
0.000216032877
0.000217263482
0.000218111733
0.000218661043
0.00021898412
0.000219143946
0.000219195794
0.000219193136
-0.000582097619
-0.000440080167
-0.000348684857
-0.000266724158
-0.000194929771
-0.000132528875
-7.8399168e-05
-3.15211688e-05
8.97792633e-06
4.38666583e-05
7.38276959e-05
9.94633947e-05
0.000121298449
0.000139841951
0.000155517372
0.000168665092
0.000179627452
0.000188704541
0.000196157113
0.000202215318
0.000207083039
0.000210940581
0.000213947122
0.000216243007
0.000217951808
0.000219182154
0.00022002937
0.000220576913
0.000220897506
0.000221054071
0.000221101919
0.000221095597
-0.00058035819
-0.000438349606
-0.000346950521
-0.000264995886
-0.000193191494
-0.000130777918
-7.66353119e-05
-2.97432264e-05
1.07710821e-05
4.56755915e-05
7.56524483e-05
0.000101303108
0.000123150813
0.000141707055
0.000157395523
0.000170554475
0.00018152704
0.000190613259
0.000198073783
0.000204138729
0.000209011987
0.000212873894
0.000215883677
0.000218181733
0.000219891694
0.00022112225
0.000221968791
0.000222514837
0.000222833144
0.00022298658
0.000223030495
0.000223020512
-0.000578668114
-0.000436666219
-0.000345261758
-0.000263307119
-0.000191489089
-0.000129058625
-7.48981572e-05
-2.79868199e-05
1.2547859e-05
4.747324e-05
7.74710431e-05
0.000103142192
0.000125008226
0.000143578124
0.00015927902
0.000172452279
0.00018343873
0.000192537051
0.000200007904
0.000206081566
0.000210962022
0.000214829684
0.000217843862
0.000220145048
0.000221856964
0.000223088391
0.000223934809
0.000224479823
0.000224796239
0.000224946892
0.00022498718
0.000224973751
-0.000577037774
-0.000435039484
-0.000343626826
-0.000261665537
-0.000189829102
-0.000127376499
-7.31922848e-05
-2.625565e-05
1.43053962e-05
4.92575302e-05
7.92821415e-05
0.000104980206
0.000126871744
0.000145456945
0.000161169423
0.000174360449
0.000185364983
0.000194478815
0.000201962694
0.000208047303
0.000212936834
0.000216811835
0.00021983175
0.000222137204
0.000223852052
0.000225085198
0.000225932241
0.000226476894
0.000226792038
0.000226940504
0.000226977747
0.000226961338
-0.000575477265
-0.000433478505
-0.000342053662
-0.000260078332
-0.00018821769
-0.000125736771
-7.15221575e-05
-2.45535575e-05
1.60402612e-05
5.10250313e-05
8.10814086e-05
0.000106811044
0.000128737215
0.000147348991
0.000163075934
0.000176284384
0.000187309956
0.000196442476
0.000203942002
0.000210039747
0.000214940246
0.000218824232
0.000221851317
0.0002241623
0.000225881203
0.000227117086
0.000227965693
0.000228510873
0.000228825605
0.000228972753
0.000229007846
0.000228989211
-0.000573995932
-0.000431991561
-0.000340549442
-0.000258551764
-0.000186660123
-0.000124143805
-6.98913264e-05
-2.28833731e-05
1.77502374e-05
5.27740229e-05
8.28674241e-05
0.000108633089
0.000130602383
0.000149253825
0.000165000882
0.000178227096
0.000189276875
0.000198431138
0.000205948897
0.000212062007
0.00021697543
0.000220870133
0.000223905933
0.00022622384
0.000227948077
0.000229187897
0.000230039217
0.000230586043
0.000230901486
0.000231048485
0.000231082667
0.000231062873
-0.000572601917
-0.000430585676
-0.000339120191
-0.000257090772
-0.000185160419
-0.000122600763
-6.83021067e-05
-2.12465814e-05
1.94347015e-05
5.45050241e-05
8.46425789e-05
0.000110449931
0.000132463095
0.000151159976
0.000166941339
0.000180194013
0.000191270513
0.000200448192
0.000207986178
0.000214116682
0.000219044916
0.000222952065
0.000225998177
0.000228324502
0.000230055495
0.000231300627
0.000232156016
0.000232705851
0.0002330234
0.000233171734
0.000233206599
0.000233187035
-0.000571301669
-0.00042926611
-0.000337770384
-0.000255698517
-0.000183721008
-0.000121109426
-6.67556016e-05
-1.96436211e-05
2.10938631e-05
5.62189865e-05
8.64088805e-05
0.000112264936
0.000134322596
0.000153066312
0.000168894284
0.000182184272
0.000193290519
0.000202493655
0.000210054175
0.000216204355
0.000221149489
0.000225070991
0.000228129188
0.000230465606
0.000232204971
0.000233457005
0.000234318058
0.000234872526
0.000235193869
0.000235345353
0.000235382868
0.000235365252
-0.000570099382
-0.00042803572
-0.00033650255
-0.000254375823
-0.000182342327
-0.000119669933
-6.52515518e-05
-1.80738653e-05
2.27286319e-05
5.79169141e-05
8.81672303e-05
0.000114079913
0.000136188807
0.000154980519
0.000170857342
0.000184191302
0.000195332196
0.000204564682
0.000212151007
0.000218323675
0.000223288163
0.000227226207
0.000230298495
0.000232646899
0.000234396467
0.000235657224
0.000236525788
0.000237086795
0.000237413931
0.000237570728
0.000237613248
0.00023759964
-0.000568996338
-0.000426894199
-0.00033531748
-0.000253120223
-0.000181022307
-0.000118280658
-6.37882063e-05
-1.65354009e-05
2.43408849e-05
5.96002711e-05
8.99182621e-05
0.00011589436
0.000138060849
0.000156903952
0.000172832917
0.000186215434
0.000197394544
0.000206659873
0.000214275077
0.000220472892
0.000225459089
0.000229415828
0.000232504228
0.00023486657
0.000236628284
0.000237899756
0.000238777888
0.000239347586
0.000239682815
0.000239847454
0.000239897749
0.000239890566
-0.000567990172
-0.000425837692
-0.000334216397
-0.000251921475
-0.000179753501
-0.000116936831
-6.23609281e-05
-1.50239154e-05
2.59323882e-05
6.12711606e-05
9.16636928e-05
0.000117708944
0.000139938191
0.00015883644
0.000174821664
0.000188256395
0.00019947581
0.000208776671
0.00021642334
0.000222648598
0.00022765859
0.000231635988
0.000234742433
0.000237120723
0.000238896708
0.000240180937
0.000241070944
0.000241651846
0.000241997816
0.000242173192
0.000242234421
0.000242236413
-0.000567073999
-0.000424859644
-0.000333197152
-0.000250756622
-0.00017851917
-0.000115625043
-6.0956842e-05
-1.35301622e-05
2.74940608e-05
6.29257548e-05
9.34016554e-05
0.000119522954
0.000141820978
0.000160776115
0.000176819515
0.000190310205
0.000201571967
0.000210910716
0.000218591011
0.000224845647
0.000229881256
0.00023388112
0.000237007527
0.000239404104
0.000241197124
0.000242493264
0.000243396963
0.000243992422
0.000244352381
0.000244541848
0.000244617483
0.000244631576
-0.000566233726
-0.000423947038
-0.000332188831
-0.00024968207
-0.000177346865
-0.000114347582
-5.95812391e-05
-1.20563802e-05
2.90816549e-05
6.45938136e-05
9.51500472e-05
0.00012134896
0.000143719482
0.000162726817
0.000178821866
0.00019237085
0.000203678063
0.00021305618
0.000220771097
0.000227056081
0.000232118315
0.000236141732
0.000239289183
0.000241704571
0.000243514746
0.000244831157
0.000245752115
0.000246363375
0.000246739764
0.000246946663
0.000247041291
0.000247072977
-0.000565448634
-0.000423078072
-0.00033118645
-0.0002486462
-0.000176187658
-0.000113071206
-5.82022027e-05
-1.05790739e-05
3.06558793e-05
6.62573028e-05
9.6897391e-05
0.000123175616
0.000145622329
0.000164684615
0.000180829703
0.000194435848
0.000205788574
0.000215205579
0.00022295472
0.000229269969
0.000234359088
0.000238406666
0.000241576192
0.00024401213
0.000245841897
0.000247177652
0.00024811781
0.000248748517
0.00024914504
0.000249373456
0.000249491768
0.000249545252
-0.000564692451
-0.000422224478
-0.000330204952
-0.000247588993
-0.00017501385
-0.00011178394
-5.68106991e-05
-9.08859845e-06
3.22403789e-05
6.79291545e-05
9.86475379e-05
0.000124996208
0.000147523131
0.00016666492
0.000182858756
0.000196502132
0.000207895706
0.000217349144
0.000225130297
0.000231474071
0.00023658897
0.000240660222
0.000243851937
0.000246309182
0.000248159929
0.000249516804
0.00025047864
0.000251131883
0.000251552187
0.000251806529
0.00025195346
0.000252032132
-0.000563926926
-0.000421347614
-0.000329200757
-0.000246487253
-0.000173798283
-0.000110458397
-5.53825764e-05
-7.56376817e-06
3.38563255e-05
6.96303689e-05
0.000100427775
0.000126846242
0.000149432034
0.0001686311
0.000184866578
0.000198541555
0.000209975424
0.000219465127
0.00022727713
0.000233647925
0.000238787301
0.000242881358
0.000246094946
0.000248573799
0.00025044648
0.000251826119
0.000252811945
0.000253490699
0.000253938462
0.000254223235
0.000254404052
0.000254512604
-0.000563101482
-0.000420402408
-0.000328123694
-0.000245305327
-0.000172506203
-0.000109062244
-5.38908002e-05
-5.98373003e-06
3.55180128e-05
7.13680717e-05
0.000102237312
0.000128718135
0.00015133136
0.00017056361
0.000186849995
0.000200559179
0.000212024838
0.000221542751
0.000229379462
0.000235772455
0.000240932539
0.000245046655
0.00024828037
0.000250780058
0.000252674837
0.000254078306
0.00025509005
0.000255797066
0.000256275858
0.00025659553
0.000256815588
0.000256959197
-0.000562152123
-0.000419360825
-0.000326902993
-0.000243992691
-0.00017109676
-0.000107559075
-5.23049531e-05
-4.32580726e-06
3.72388792e-05
7.31432066e-05
0.00010405819
0.000130577798
0.000153222618
0.00017249808
0.000188825635
0.000202554076
0.000214033655
0.000223565616
0.000231416387
0.000237823371
0.000242997826
0.000247127273
0.000250377834
0.000252896387
0.000254812502
0.000256240156
0.000257279212
0.000258016852
0.00025852997
0.00025888885
0.000259153457
0.00025933722
-0.000561015174
-0.000418291316
-0.000325368342
-0.0002424614
-0.00016951535
-0.000105902368
-5.05846583e-05
-2.55618209e-06
3.90473712e-05
7.49817588e-05
0.000105918596
0.000132455511
0.000155126039
0.000174417556
0.000190746202
0.000204479492
0.000215962804
0.000225498257
0.000233353168
0.000239765588
0.000244947357
0.000249086552
0.000252349801
0.000254884424
0.000256820366
0.000258271908
0.000259339105
0.000260109244
0.000260659565
0.000261061594
0.000261375737
0.000261604458
-0.00055960268
-0.000416989482
-0.000323543367
-0.000240665616
-0.000167701391
-0.000104039695
-4.86869757e-05
-6.40505372e-07
4.09696604e-05
7.69027381e-05
0.000107832637
0.000134359861
0.00015701994
0.000176291268
0.000192597504
0.000206316367
0.000217786889
0.000227310793
0.000235156534
0.00024156304
0.000246742732
0.000250884148
0.000254154303
0.000256700836
0.000258653943
0.000260128083
0.000261223388
0.000262027136
0.000262616838
0.000263065297
0.000263433328
0.000263711256
-0.000557822739
-0.000415296513
-0.000321381817
-0.000238542555
-0.000165585617
-0.000101911541
-4.65643058e-05
1.45767128e-06
4.30312513e-05
7.8920321e-05
0.0001098019
0.000136279053
0.000158889026
0.000178110454
0.000194369515
0.000208046081
0.000219479063
0.000228970537
0.000236789527
0.000243175404
0.000248340899
0.000252474771
0.000255744196
0.000258296915
0.000260263179
0.000261757443
0.000262879752
0.000263717223
0.000264347534
0.000264844745
0.000265270039
0.000265600569
-0.000555571235
-0.000413107016
-0.000318786292
-0.0002360061
-0.000163091859
-9.9453547e-05
-4.41646359e-05
3.77834089e-06
4.52606272e-05
8.10520846e-05
0.000111833882
0.000138212321
0.000160727121
0.00017985871
0.000196034847
0.000209636584
0.00022100347
0.000230437962
0.000238209311
0.000244556985
0.000249693712
0.000253808173
0.000257067409
0.00025961899
0.000261592965
0.000263103557
0.000264250511
0.000265120601
0.000265791522
0.00026633853
0.000266823087
0.00026720841
-0.000552728438
-0.00041031016
-0.000315650642
-0.000232961241
-0.000160138564
-9.65974364e-05
-4.14330491e-05
6.3631982e-06
4.76867549e-05
8.33150299e-05
0.000113934627
0.000140156016
0.000162522062
0.000181515443
0.000197565487
0.000211054237
0.000222321723
0.000231670528
0.000239369782
0.000245658663
0.000250749498
0.000254830495
0.000258068186
0.000260609613
0.0002625843
0.000264105946
0.00026527374
0.000266173885
0.00026688391
0.000267480127
0.000268024141
0.000268464809
-0.000549162151
-0.000406783758
-0.00031186096
-0.000229306982
-0.000156639254
-9.3271392e-05
-3.83124492e-05
9.25490748e-06
5.03385388e-05
8.57252555e-05
0.000116108564
0.000142104139
0.000164258639
0.000183057319
0.000198931093
0.000212262794
0.000223392624
0.000232622888
0.000240222123
0.000246428715
0.000251454077
0.000255485445
0.000258688365
0.000261208914
0.000263175692
0.000264701517
0.000265884705
0.000266810629
0.000267556461
0.000268199367
0.00026880059
0.00026929386
-0.000544730049
-0.000402396701
-0.000307296295
-0.000224937191
-0.000152503683
-8.94012729e-05
-3.47447275e-05
1.24960592e-05
5.32439584e-05
8.82973065e-05
0.000118358139
0.000144048432
0.000165919268
0.000184458729
0.000200099245
0.000213224145
0.000224173351
0.000233248335
0.000240716428
0.000246814581
0.000251752654
0.000255716297
0.000258869493
0.000261356825
0.000263305493
0.000264827011
0.000266018457
0.000266964075
0.000267740475
0.000268425473
0.000269078916
0.000269615965
-0.000539281704
-0.000397011053
-0.000301830582
-0.000219742273
-0.000147639554
-8.49122198e-05
-3.06721775e-05
1.61279899e-05
5.642916e-05
9.10435724e-05
0.000120683545
0.000145978479
0.000167484466
0.000185692551
0.000201036486
0.000213899642
0.000224621045
0.000233500609
0.000240803679
0.00024676498
0.000251592037
0.000255468173
0.000258555117
0.000260995327
0.000262914037
0.000264420967
0.00026561154
0.000266568415
0.000267366913
0.00026808506
0.000268785343
0.000269377057
-0.000532660939
-0.000390484257
-0.000295334991
-0.000213611311
-0.000141954553
-7.97305093e-05
-2.60390981e-05
2.01894855e-05
5.99175175e-05
9.39737422e-05
0.0001230826
0.00014788202
0.000168933577
0.00018673127
0.000201709786
0.000214251898
0.000224694915
0.000233336277
0.000240438388
0.000246232783
0.000250923738
0.000254691378
0.000257694385
0.000260072373
0.000261947974
0.000263428555
0.000264607426
0.000265565354
0.000266376147
0.000267117125
0.00026785014
0.000268479638
-0.000524708589
-0.000382671721
-0.000287680598
-0.00020643456
-0.000135358682
-7.37856576e-05
-2.07935941e-05
2.47153586e-05
6.37286433e-05
9.70942938e-05
0.000125550734
0.00014974543
0.000170245744
0.000187548395
0.000202088383
0.000214246989
0.000224358755
0.000232717513
0.000239581567
0.000245178141
0.000249707182
0.000253344626
0.0002562452
0.000258544864
0.000260362934
0.000261803803
0.000262958132
0.000263904408
0.000264714763
0.000265465503
0.00026621559
0.000266856945
-0.000515265616
-0.000373429734
-0.000278741393
-0.00019810628
-0.000127766901
-6.70127956e-05
-1.48895995e-05
2.97348565e-05
6.78773017e-05
0.000100407959
0.000128081034
0.000151554345
0.000171401084
0.000188120154
0.000202145934
0.000213857027
0.000223583883
0.000231615352
0.000238204277
0.000243572261
0.000247913709
0.000251399247
0.000254178648
0.000256383327
0.000258128507
0.000259514946
0.000260630115
0.000261549729
0.00026234362
0.00026308625
0.000263834757
0.000264477729
-0.000504176543
-0.000362618657
-0.000268397638
-0.000188527949
-0.000119102104
-5.9355333e-05
-8.28917941e-06
3.52698177e-05
7.23721172e-05
0.00010391305
0.000130664213
0.000153294279
0.000172381925
0.000188427299
0.000201862838
0.000213062928
0.000222352296
0.00023001317
0.000236291357
0.000241401367
0.000245530704
0.000248843474
0.000251483412
0.000253576462
0.000255232942
0.000256549265
0.000257609139
0.000258485071
0.000259244069
0.000259957907
0.000260681619
0.000261305713
-0.000491293113
-0.000350106274
-0.000256539497
-0.00017761182
-0.000109298382
-5.07678673e-05
-9.65132282e-07
4.13324803e-05
7.72139369e-05
0.000107602481
0.000133288346
0.000154951067
0.000173173924
0.000188456851
0.000201228536
0.000211857198
0.000220659857
0.000227910214
0.000233845253
0.000238670752
0.000242565855
0.000245686854
0.000248170348
0.00025013581
0.000251687788
0.000252917629
0.000253904734
0.000254718007
0.000255421144
0.000256082272
0.000256753827
0.000257334176
-0.000476477847
-0.000335770945
-0.000243070756
-0.000165284995
-9.83049886e-05
-4.12197562e-05
7.09566345e-06
4.79225494e-05
8.23935042e-05
0.000111462169
0.000135938051
0.000156510833
0.000173766781
0.000188203469
0.00020024345
0.000210246335
0.000218519085
0.000225324677
0.000230889275
0.000235408157
0.000239050556
0.000241963646
0.000244275742
0.000246098909
0.000247531137
0.000248657975
0.000249553838
0.000250283913
0.000250908104
0.000251489849
0.000252078455
0.000252586901
-0.000459606922
-0.000319504406
-0.000227914311
-0.000151497716
-8.60929623e-05
-3.06994084e-05
1.58870593e-05
5.50222191e-05
8.78874949e-05
0.00011546816
0.000138592644
0.000157959109
0.00017415423
0.000187670221
0.000198920422
0.000208252866
0.000215961721
0.000222296783
0.00022747126
0.000231668095
0.000235045076
0.000237738985
0.00023986892
0.000241538956
0.000242839504
0.000243847938
0.000244632841
0.000245257836
0.000245776968
0.000246249049
0.000246720216
0.000247125568
-0.000440569245
-0.000301212864
-0.00021102433
-0.000136245272
-7.26518602e-05
-1.91957396e-05
2.53847254e-05
6.25918404e-05
9.36542019e-05
0.00011958311
0.000141223443
0.000159279005
0.000174333036
0.000186868276
0.000197284939
0.000205915924
0.000213039454
0.000218889424
0.000223663763
0.000227531094
0.000230635955
0.000233102906
0.000235040371
0.000236544824
0.000237699446
0.000238557578
0.000239216061
0.000239732416
0.000240125335
0.000240458361
0.000240775909
0.000241044259
-0.000419248681
-0.000280799063
-0.000192374737
-0.000119563724
-5.79337215e-05
-6.63747303e-06
3.55470698e-05
7.05681565e-05
9.96307371e-05
0.000123752879
0.000143790776
0.000160448948
0.000174301381
0.000185815831
0.00019537449
0.000203290887
0.000209823869
0.000215188517
0.000219565067
0.000223105908
0.000225940436
0.000228179072
0.00022991673
0.000231248349
0.000232299105
0.000233073658
0.000233547708
0.000233848834
0.000234077934
0.000234248831
0.000234380669
0.000234478114
-0.000395503866
-0.000258114255
-0.000171839432
-0.000101296602
-4.21233727e-05
6.54819772e-06
4.61255786e-05
7.879708e-05
0.000105694113
0.000127878041
0.000146227757
0.000161433765
0.000174053643
0.000184535214
0.000193237637
0.000200450085
0.000206409662
0.00021130992
0.000215311209
0.000218548471
0.00022113682
0.000223176134
0.000224753689
0.00022593057
0.000226712623
0.000227241446
0.00022765424
0.000227894268
0.000227954913
0.000227910184
0.000227807822
0.000227700894
-0.000369313725
-0.000233137358
-0.000149570965
-8.15337876e-05
-2.55643181e-05
2.00943421e-05
5.70921093e-05
8.71120794e-05
0.00011170049
0.000131813912
0.000148443216
0.00016218538
0.000173578467
0.000183048022
0.000190925125
0.000197471217
0.000202895735
0.000207368211
0.000211027619
0.000213989522
0.000216351618
0.000218197498
0.00021959951
0.000220618767
0.00022130938
0.000221740674
0.000221939543
0.000221939754
0.000221796958
0.000221531729
0.000221171065
0.00022082538
-0.000340649022
-0.000205809292
-0.000125741684
-6.0422491e-05
-8.09017163e-06
3.38442278e-05
6.79727574e-05
9.53078387e-05
0.000117443103
0.00013551309
0.00015037137
0.000162657034
0.000172866674
0.000181382937
0.000188500211
0.000194447065
0.00019940319
0.000203511803
0.000206888801
0.000209629584
0.000211814178
0.000213510521
0.000214777701
0.000215667676
0.000216227672
0.000216502947
0.000216536239
0.000216360338
0.000216006619
0.000215490442
0.00021483525
0.000214218754
-0.000309512966
-0.000176409926
-0.000100545876
-3.87042226e-05
9.95123613e-06
4.81538658e-05
7.86922495e-05
0.000103073956
0.000122709987
0.000138698919
0.000151850716
0.000162765022
0.000171888621
0.000179555842
0.000186018449
0.00019146797
0.000196052102
0.000199886589
0.000203063773
0.000205658776
0.000207734027
0.000209342708
0.000210530682
0.000211338509
0.000211803522
0.000211960537
0.000211843299
0.000211484
0.000210908149
0.000210121232
0.000209142771
0.00020822647
-0.000275798879
-0.00014552836
-7.36996933e-05
-1.64995047e-05
2.7746243e-05
6.19533471e-05
8.87841543e-05
0.00011006772
0.000127188318
0.000141165413
0.000152734369
0.000162423611
0.000170614561
0.000177584604
0.000183537574
0.000188625309
0.000192962781
0.000196638636
0.000199722535
0.000202270299
0.000204327573
0.000205932491
0.000207117662
0.000207911934
0.000208340947
0.000208429184
0.000208201619
0.00020768439
0.000206896568
0.000205831828
0.000204504038
0.000203257141
-0.0002392858
-0.000113208408
-4.55478948e-05
5.7862763e-06
4.47201379e-05
7.44648622e-05
9.75079283e-05
0.000115737183
0.000130477437
0.000142639089
0.000152848841
0.00016154042
0.000169016485
0.000175490949
0.000181117605
0.000186009226
0.000190250244
0.000193905118
0.000197023849
0.000199645644
0.000201801485
0.000203516027
0.000204808967
0.000205695971
0.000206189486
0.000206300125
0.000206039314
0.000205421072
0.000204452312
0.00020310982
0.000201406839
0.000199787741
-0.000199685137
-7.91730187e-05
-1.72900121e-05
2.71751501e-05
6.01271013e-05
8.49734545e-05
0.000104202573
0.000119570202
0.000132223286
0.000142899151
0.000152078032
0.00016007794
0.00016711341
0.000173333118
0.000178843509
0.0001837233
0.000188032434
0.000191817526
0.000195114993
0.000197952757
0.000200351441
0.000202325612
0.000203884522
0.000205031249
0.000205762472
0.000206067718
0.000205930949
0.000205343123
0.000204286491
0.000202700498
0.000200574623
0.00019850079
-0.000156252947
-4.34454863e-05
1.0105321e-05
4.62735567e-05
7.25360061e-05
9.24174813e-05
0.000108134158
0.000121103576
0.000132173208
0.000141844893
0.000150424188
0.000158104127
0.000165011218
0.00017123471
0.00017684282
0.000181890108
0.000186421771
0.000190475945
0.000194084139
0.000197270151
0.000200049707
0.000202434462
0.000204434229
0.000206044798
0.000207254337
0.000208037626
0.00020832171
0.00020804057
0.000207128085
0.000205446127
0.000202878615
0.000200262113
-0.000107439381
-6.95947911e-06
3.45271829e-05
6.10018242e-05
8.03945494e-05
9.58114898e-05
0.000108789365
0.000120163177
0.000130370417
0.000139644387
0.000148116859
0.000155869847
0.000162954546
0.000169415713
0.000175301339
0.000180658106
0.000185531503
0.000189966954
0.000194008989
0.000197694443
0.000201044189
0.000204089789
0.00020688059
0.000209401194
0.000211625172
0.000213569112
0.000215047559
0.00021578793
0.000215620707
0.00021432375
0.00021148393
0.000208438759
-4.24565469e-05
2.91306636e-05
5.17422062e-05
6.76972932e-05
8.1278248e-05
9.37782226e-05
0.000105534551
0.000116610063
0.000126994675
0.000136679097
0.000145665151
0.000153946419
0.000161524955
0.00016843712
0.000174737415
0.000180479958
0.000185721774
0.000190529348
0.000194984211
0.000199158216
0.000203038205
0.000206574285
0.000209880204
0.000213282728
0.000217066269
0.000220850092
0.000223678716
0.000225484052
0.000227043089
0.000228190221
0.000227837569
0.000225776895
6.4612091e-05
6.48627523e-05
6.23758865e-05
6.80880445e-05
7.77932949e-05
8.91343652e-05
0.000100943557
0.000112572378
0.000123663176
0.000134102329
0.000143880094
0.000152905016
0.000161080228
0.000168464141
0.000175161466
0.000181237524
0.000186754791
0.000191794644
0.000196498979
0.000201024521
0.00020540184
0.000209573531
0.000213608699
0.000217814916
0.000222896425
0.000229750836
0.000238626582
0.000250127304
0.000265206266
0.00028536655
0.000314261914
0.000349257741
)
;

boundaryField
{
    inner_wall
    {
        type            zeroGradient;
    }
    outer_wall
    {
        type            zeroGradient;
    }
    top
    {
        type            zeroGradient;
    }
    bottom
    {
        type            fixedValue;
        value           uniform 0;
    }
    front
    {
        type            wedge;
    }
    back
    {
        type            wedge;
    }
}


// ************************************************************************* //
