/*--------------------------------*- C++ -*----------------------------------*\
| =========                 |                                                 |
| \\      /  F ield         | OpenFOAM: The Open Source CFD Toolbox           |
|  \\    /   O peration     | Version:  2506                                  |
|   \\  /    A nd           | Website:  www.openfoam.com                      |
|    \\/     M anipulation  |                                                 |
\*---------------------------------------------------------------------------*/
FoamFile
{
    version     2.0;
    format      ascii;
    arch        "LSB;label=32;scalar=64";
    class       volScalarField;
    location    "233";
    object      C;
}
// * * * * * * * * * * * * * * * * * * * * * * * * * * * * * * * * * * * * * //

dimensions      [0 0 0 0 0 0 0];

internalField   nonuniform List<scalar> 
3072
(
2.24661643e-09
-3.24608253e-07
-1.38366163e-06
2.07135709e-05
6.13447176e-05
-8.84564121e-05
-0.000709881667
-0.00178892963
-0.00315729656
-0.00495392555
-0.00810038954
-0.0183637243
-0.0374782931
-0.0524301212
-0.0157924632
0.14352863
0.433825016
0.746603346
0.95913725
1.03533276
1.02864584
1.00650163
0.997242234
0.997966806
1.00158319
1.00569477
1.00742356
1.001627
0.979434366
0.90139327
0.679851349
0.262279709
-1.699281e-09
2.33474776e-07
1.13930339e-05
-1.76850594e-05
-0.000253478399
-0.000368114883
0.0007943775
0.00388062343
0.00768534643
0.00962357423
0.00672297522
-0.0034258122
-0.0256569656
-0.0514588438
-0.0240881739
0.140489922
0.444257627
0.764514435
0.971444085
1.0374008
1.02571529
1.0042918
0.996903246
0.99833382
1.00197769
1.00601782
1.00743202
1.00099506
0.977864141
0.89800102
0.674658067
0.25822055
9.45848457e-09
2.58029831e-06
-2.69736164e-06
-0.000163659257
-0.00018886336
0.00171018774
0.00678904205
0.0127293366
0.0158921143
0.0157629771
0.0139090639
0.00720450465
-0.0142048746
-0.0486249667
-0.0309005924
0.135390882
0.447576011
0.772889538
0.977108037
1.0378193
1.02399943
1.00328921
0.996853979
0.998541444
1.00216897
1.00617148
1.00742006
1.00070127
0.977311536
0.897325843
0.674921802
0.261057471
1.3756176e-08
3.52971733e-06
-2.24778511e-05
-0.000264371617
0.000197227362
0.00413849197
0.0112993393
0.0164298968
0.0169439802
0.0161456596
0.014466591
0.012217929
-0.0062410692
-0.0462895659
-0.0327428039
0.140640274
0.46287988
0.790058921
0.986094053
1.0381452
1.0215415
1.00198882
0.99681233
0.99880786
1.00241338
1.0063653
1.00740028
1.00033091
0.976604625
0.896309812
0.67446723
0.263540271
7.47560789e-10
3.91167923e-06
-2.43577303e-05
-0.000283363363
0.00026877231
0.0047257638
0.0125829137
0.0176408969
0.0180800503
0.0171077815
0.0134182398
0.0120938441
-0.00739864073
-0.0476535056
-0.0229762054
0.169874507
0.503827346
0.82243496
0.99902123
1.03746399
1.01801262
1.00051548
0.996884452
0.99914778
1.00270943
1.00659179
1.00734545
0.999849606
0.975695936
0.894934575
0.673640844
0.266481334
-1.03295692e-07
4.22686403e-06
-1.61060169e-05
-0.000271997943
4.25952943e-05
0.00357771968
0.0102180341
0.0151597685
0.0170725624
0.0148977978
0.0120685019
0.0089779766
-0.0161899895
-0.0505633365
0.00560709106
0.237214431
0.581160118
0.873845363
1.01541065
1.034655
1.01298364
0.998868808
0.997133312
0.999612494
1.0031163
1.00689107
1.00721853
0.999106231
0.974231402
0.892353397
0.670931957
0.268238106
-1.66814777e-08
4.53805703e-06
-2.51345798e-06
-0.000228435843
-0.000227792639
0.00178606576
0.0060039366
0.00965859001
0.0109992699
0.00924868925
0.00859562183
0.000552245261
-0.0318873579
-0.0435555376
0.0734182879
0.356444944
0.695352887
0.937451337
1.02977344
1.0281828
1.00688674
0.99750274
0.997655244
1.00020587
1.00366362
1.00726844
1.00695482
0.997967669
0.971957436
0.888049083
0.665626708
0.268151916
-1.05970518e-06
3.03276011e-06
9.48827834e-06
-0.000158854634
-0.000347519205
0.00039671719
0.00228534307
0.00415641358
0.00441004478
0.00441833275
0.0029587099
-0.0168409792
-0.0443886388
0.00372816928
0.209001267
0.532144553
0.830595237
0.996079487
1.03455413
1.01788748
1.00115563
0.996985953
0.998443206
1.0009023
1.0043751
1.00769689
1.00645533
0.996291548
0.96863239
0.881564733
0.657139875
0.265680362
3.23149198e-06
6.72966252e-06
2.33446869e-05
-7.58570409e-05
-0.00028930579
-0.000224039793
0.000265569487
0.000727706821
0.000975991168
0.00120108704
-0.0114379038
-0.0369498976
-0.0145096
0.14091731
0.430345763
0.742120245
0.952728036
1.02972074
1.02630245
1.0065173
0.997636396
0.997524659
0.999334592
1.00169149
1.00526734
1.00809661
1.00558024
0.993931209
0.964033376
0.872548311
0.645174104
0.260629178
-1.91172714e-05
-1.9450335e-05
-1.35603363e-06
-3.90384825e-05
-0.000177718082
-0.000301016494
-0.000312260776
-0.000382762832
-0.000117687941
-0.0109211341
-0.0312628325
-0.00774017216
0.134622557
0.403334157
0.706386483
0.928063224
1.02334799
1.03025681
1.01066367
0.998735775
0.997143052
0.998626737
1.00013471
1.00263904
1.00632715
1.00831798
1.00415631
0.990740256
0.957939425
0.860714598
0.629637351
0.253043141
9.71384459e-05
0.000106113357
0.000130636663
0.00011361211
5.11984829e-05
-7.49402366e-05
-0.000142842654
-0.000187901382
-0.0122891651
-0.0238057777
0.0229449444
0.185822821
0.453604998
0.737391625
0.939475955
1.02565893
1.03116741
1.0115514
0.998972894
0.99697232
0.998441077
0.999500554
1.00088416
1.0038684
1.00745386
1.00813824
1.00200221
0.986584725
0.950128357
0.845849678
0.610637358
0.243171456
-0.000544754848
-0.000596480884
-0.000618146992
-0.000484787323
-0.000440506863
3.40512404e-06
-0.00108824177
-0.0132285201
0.00215996532
0.103935915
0.314155922
0.586070792
0.831612934
0.983704691
1.03572505
1.02850441
1.0082588
0.99772075
0.996900477
0.998657982
0.99942527
0.999957401
1.00191002
1.00541263
1.00841402
1.00729528
0.998969481
0.981355872
0.940384324
0.827838241
0.588480106
0.231417857
0.00332046831
0.00362475798
0.00374936822
0.00251543634
0.00163734791
-0.00363294464
0.0122387257
0.108003086
0.300739182
0.552470327
0.79221922
0.958672065
1.03288524
1.0390972
1.0185695
1.00130543
0.995889074
0.997346069
0.999288376
0.999620536
0.999515545
1.00061246
1.00346259
1.00707199
1.00887721
1.00555803
0.994984526
0.974978496
0.928523213
0.806719161
0.563682525
0.218299114
-0.0243178525
-0.0268849026
-0.0268571142
-0.0057189202
0.0709975368
0.226332545
0.445373851
0.678656917
0.87384169
0.997661202
1.04697109
1.0443044
1.02144812
1.00221822
0.994862336
0.995902947
0.99885512
1.00014933
0.999785993
0.999248952
0.999802211
1.00197114
1.00538227
1.00847043
1.00852759
1.00280185
0.990074031
0.967416105
0.914443437
0.782759756
0.536979763
0.204402657
0.328394634
0.422991468
0.559343477
0.719878324
0.865025349
0.975935069
1.04275491
1.06612453
1.05714175
1.03288696
1.00935261
0.995634789
0.992482193
0.995322272
0.998971749
1.00072604
1.00056276
0.999645042
0.999022487
0.999323859
1.00092535
1.00384263
1.00726181
1.00924335
1.00716812
0.999057494
0.984365638
0.958682864
0.898205883
0.756529695
0.509310959
0.190342169
1.02866543
1.04565121
1.05253228
1.04866234
1.03676819
1.0207549
1.00511532
0.993766915
0.988721607
0.989462525
0.993516642
0.997927877
1.00072168
1.00149718
1.00097316
1.00007439
0.999337196
0.99894759
0.999106526
1.00020213
1.00254183
1.00582211
1.00874536
1.00914651
1.00478098
0.994522686
0.978066582
0.948875801
0.880131586
0.728942813
0.481768931
0.176711142
0.99610943
0.993354584
0.991442636
0.990971522
0.991964798
0.994151902
0.996971797
0.999673919
1.00156873
1.0023106
1.00203221
1.0012239
1.00042172
0.999910297
0.999640686
0.999405206
0.999126185
0.999043277
0.999657126
1.00142815
1.00435338
1.00762233
1.00957344
1.00810755
1.00155617
0.989526344
0.971434262
0.938231817
0.860881532
0.701230212
0.455509144
0.164038026
1.00067368
1.00117645
1.00159272
1.00178963
1.00172857
1.00141564
1.00091159
1.00033692
0.999846042
0.999570681
0.999557227
0.999734216
0.999934953
0.999973373
0.999746253
0.999324719
0.998997219
0.999224186
1.00046957
1.00291444
1.0061431
1.00897671
1.00963256
1.00627792
0.997852158
0.984450952
0.964761101
0.927187709
0.841463891
0.674821163
0.431628311
0.15274847
0.99986963
0.999769805
0.999680549
0.999629751
0.999625835
0.999668599
0.999751053
0.999861219
0.999984739
1.00010527
1.00019919
1.00022677
1.00013129
0.999863966
0.999443628
0.999031641
0.998966953
0.999692487
1.00154104
1.00443439
1.00763969
1.00975594
1.0090322
1.00398445
0.994086782
0.97965671
0.958378297
0.916392192
0.823124224
0.651142517
0.41103748
0.143139929
1.00002665
1.00004773
1.00006814
1.00008188
1.0000843
1.00007137
1.00004516
1.00001882
1.00001343
1.00004282
1.00009081
1.00009754
0.999975816
0.999669347
0.99923853
0.998926777
0.999142857
1.00031426
1.0026284
1.0057592
1.00872824
1.01002714
1.00803028
1.00160447
0.990631964
0.97543814
0.952649265
0.906623765
0.807124575
0.631388348
0.394360494
0.135371658
0.999994125
0.999989603
0.999985918
0.999984129
0.999981876
0.999976338
0.999970658
0.999977587
1.00001291
1.00007701
1.00013387
1.00010717
0.999912832
0.999530633
0.99908728
0.998895651
0.999391109
1.00094243
1.00358489
1.00679252
1.00942873
1.0099609
1.00691761
0.999461407
0.987751712
0.97200447
0.947922838
0.898621365
0.794482446
0.616332988
0.381882025
0.129470332
1.00000113
1.00000227
1.00000405
1.00000591
1.00000445
0.999996579
0.999986956
0.999991222
1.00002649
1.00008918
1.0001336
1.00007458
0.999832198
0.999413302
0.998991309
0.998922863
0.999649059
1.00147879
1.00432488
1.00751951
1.00983318
1.00974806
1.0059316
0.997766086
0.985583588
0.969468542
0.944453754
0.892898482
0.785771869
0.606245159
0.373553611
0.125348996
0.999999577
0.999999441
1.00000002
1.00000102
0.999998936
0.999990818
0.99998234
0.999990495
1.00003192
1.00009848
1.00013643
1.00005483
0.999779084
0.999337947
0.998938425
0.998964353
0.999853522
1.00186595
1.00482805
1.00798167
1.01004829
1.0095356
1.00521342
0.99660774
0.984151642
0.967841319
0.942334413
0.88962993
0.781058815
0.600917883
0.369049522
0.122835533
0.999999923
1.00000008
1.00000097
1.00000217
1.00000004
0.999991599
0.99998306
0.999992257
1.00003577
1.00010312
1.00013624
1.00004123
0.999746927
0.999295113
0.998911934
0.998995514
0.999979383
1.00209336
1.00511423
1.00823536
1.01015609
1.0094044
1.00481024
0.995977429
0.983394474
0.967040572
0.941479636
0.888655805
0.779974797
0.599785002
0.367851514
0.121704109
0.999999842
0.999999927
1.00000074
1.00000192
0.999999771
0.999991277
0.999982739
0.999992301
1.00003666
1.00010463
1.00013651
1.00003698
0.999735804
0.999279536
0.998901714
0.999006133
1.00002492
1.00217666
1.00522005
1.00833177
1.01020522
1.00937782
1.00470102
0.99580333
0.983198112
0.966916874
0.941668278
0.889582483
0.781880244
0.602076692
0.369338664
0.121705031
0.99999986
0.99999995
1.00000076
1.00000199
0.999999973
0.999991558
0.999982795
0.999991764
1.00003556
1.00010369
1.00013711
1.00004025
0.999741379
0.999284827
0.998902184
0.998996871
1.00000312
1.0021443
1.00518582
1.00831121
1.01021827
1.0094432
1.00482782
0.995983695
0.983423602
0.967281459
0.942606712
0.89192656
0.786062
0.606964855
0.372842467
0.122573488
0.999999857
0.999999928
1.0000007
1.00000197
1.00000019
0.999991998
0.999982901
0.999990566
1.00003268
1.00010073
1.000138
1.00004946
0.999759992
0.999306299
0.998911027
0.998972868
0.999931114
1.0020261
1.00504826
1.00820489
1.01020498
1.00957511
1.00512355
0.996409658
0.9839183
0.967930244
0.944005611
0.895233774
0.791832784
0.613646266
0.377733619
0.124056321
0.99999986
0.999999915
1.00000065
1.00000196
1.00000046
0.999992594
0.999983139
0.999989114
1.00002884
1.00009637
1.00013856
1.00006173
0.999786511
0.999338661
0.998927131
0.998942439
0.999830045
1.00185454
1.0048432
1.00803859
1.01016637
1.00973921
1.00551799
0.996989214
0.984588729
0.968748183
0.94562449
0.899018329
0.798507292
0.621451356
0.383538871
0.125969228
0.999999862
0.999999902
1.00000058
1.00000193
1.00000073
0.999993256
0.999983484
0.999987635
1.00002455
1.00009115
1.00013844
1.00007484
0.999816661
0.999377289
0.998949267
0.998912311
0.999717518
1.00165679
1.00460062
1.00783408
1.01010403
1.00990846
1.00595457
0.997645038
0.985349815
0.969635161
0.947284276
0.902928014
0.805560389
0.629830085
0.389850106
0.128147163
0.999999865
0.99999989
1.00000052
1.0000019
1.00000099
0.999993929
0.999983919
0.999986291
1.00002027
1.00008555
1.00013752
1.0000872
0.999847143
0.999418282
0.998975734
0.998886635
0.999606189
1.00145357
1.00434456
1.0076103
1.01002225
1.01006519
1.00639193
0.998318472
0.986138195
0.970523818
0.94886906
0.906718145
0.812606193
0.63836866
0.396356415
0.130460779
0.999999867
0.99999988
1.00000046
1.00000186
1.00000122
0.999994573
0.999984407
0.999985154
1.00001627
1.00007997
1.00013592
1.00009802
0.999875794
0.999458659
0.99900454
0.998867093
0.999503765
1.00125899
1.00409279
1.00738293
1.00992746
1.01020056
1.00680347
0.998968304
0.986907487
0.971369766
0.95031417
0.910242286
0.819388491
0.64677559
0.402831712
0.132811816
0.99999987
0.999999872
1.00000041
1.00000181
1.00000141
0.999995161
0.999984913
0.999984241
1.00001269
1.00007466
1.00013382
1.00010705
0.999901581
0.999496562
0.999033849
0.998853612
0.999413873
1.00108135
1.00385717
1.00716396
1.00982683
1.01031224
1.00717464
0.999568537
0.987626576
0.972146446
0.951591404
0.913427819
0.825755622
0.654863667
0.409125047
0.135130808
0.999999873
0.999999865
1.00000036
1.00000176
1.00000157
0.999995678
0.999985404
0.999983535
1.00000959
1.00006984
1.00013148
1.00011434
0.999924027
0.999530821
0.999062101
0.99884523
0.999337567
1.00092482
1.00364493
1.00696191
1.00972716
1.01040189
1.00749943
1.00010491
0.988276392
0.9728395
0.952695537
0.916252888
0.831633739
0.662526848
0.415145349
0.137371902
0.999999875
0.99999986
1.00000032
1.00000172
1.00000169
0.999996119
0.999985855
0.999983003
1.000007
1.00006561
1.00012912
1.00012004
0.999942938
0.999560682
0.999088028
0.998840657
0.999274447
1.00079087
1.00345984
1.00678234
1.0096341
1.01047308
1.00777734
1.00057161
0.988847082
0.973442883
0.953634373
0.918727248
0.837003
0.669719046
0.420847213
0.139507655
0.999999877
0.999999855
1.00000029
1.00000169
1.0000018
0.999996484
0.999986248
0.999982609
1.00000489
1.00006205
1.00012692
1.00012442
0.999958465
0.999585909
0.999110808
0.998838586
0.999223252
1.00067909
1.00330309
1.00662816
1.00955177
1.01052997
1.00801115
1.00096863
0.989335729
0.973956334
0.954422411
0.920878773
0.841879525
0.676437501
0.426219618
0.141524937
0.999999879
0.999999851
1.00000026
1.00000166
1.00000188
0.999996778
0.999986574
0.999982315
1.00000321
1.00005913
1.00012501
1.00012775
0.999970914
0.999606574
0.999129989
0.998837904
0.99918239
1.00058797
1.00317398
1.00650019
1.00948269
1.01057647
1.00820536
1.0012998
0.989744451
0.974383671
0.955077035
0.922744305
0.846302026
0.682709782
0.431276818
0.14342139
0.999999881
0.999999847
1.00000024
1.00000163
1.00000194
0.999997009
0.999986833
0.999982094
1.00000189
1.00005683
1.00012344
1.00013029
0.999980692
0.999623008
0.999145478
0.998837767
0.999150169
1.00051529
1.0030705
1.00639752
1.00942787
1.01061587
1.00836528
1.00157142
0.99007904
0.974731734
0.95561652
0.92436411
0.850322873
0.688584849
0.436052114
0.14520318
0.999999883
0.999999843
1.00000022
1.00000162
1.00000199
0.999997187
0.999987028
0.99998192
1.00000088
1.00005506
1.00012224
1.00013223
0.999988242
0.999635738
0.999157498
0.998837617
0.999124934
1.00045838
1.00298964
1.00631791
1.00938703
1.01065072
1.00849648
1.00179129
0.99034787
0.975009579
0.956058965
0.925778447
0.854001758
0.694126257
0.440592974
0.146883239
0.999999884
0.999999839
1.0000002
1.00000161
1.00000203
0.99999732
0.999987168
0.999981779
1.00000012
1.00005373
1.00012136
1.00013375
0.999993993
0.999645361
0.999166464
0.998837145
0.99910518
1.00041448
1.00292788
1.00625823
1.00935888
1.01068282
1.00860444
1.00196802
0.990560937
0.975227717
0.956421651
0.927025375
0.857400828
0.699406386
0.444956667
0.148479524
0.999999886
0.999999835
1.00000019
1.0000016
1.00000207
0.999997419
0.999987261
0.999981657
0.999999543
1.00005277
1.00012076
1.00013497
0.999998348
0.999652505
0.999172906
0.998836235
0.999089579
1.0003808
1.00288144
1.00621481
1.00934143
1.01071338
1.00869432
1.00211043
0.990729095
0.975397471
0.956720672
0.928139471
0.860581166
0.704501872
0.449206718
0.150013564
0.999999887
0.999999831
1.00000018
1.0000016
1.0000021
0.999997492
0.99998732
0.999981549
0.999999106
1.00005208
1.00012039
1.00013598
1.00000168
0.999657795
0.999177416
0.998834901
0.999076969
1.00035471
1.00284649
1.00618373
1.00933231
1.01074313
1.00877097
1.00222728
0.990863472
0.975530435
0.956970738
0.929151172
0.863600311
0.709490077
0.453410165
0.151509384
0.999999889
0.999999827
1.00000017
1.0000016
1.00000213
0.99999755
0.999987355
0.999981447
0.999998758
1.00005156
1.00012017
1.00013687
1.00000434
0.999661843
0.999180612
0.998833247
0.999066323
1.00033368
1.00281929
1.00616105
1.00932891
1.01077247
1.00883882
1.00232699
0.990975047
0.97563806
0.957185081
0.930086506
0.866510588
0.714446439
0.457635461
0.152992729
0.999999891
0.999999823
1.00000016
1.0000016
1.00000216
0.999997599
0.999987379
0.999981349
0.999998457
1.00005114
1.00012004
1.00013769
1.00000664
0.999665227
0.999183104
0.998831421
0.999056741
1.00031541
1.0027963
1.00614291
1.00932861
1.01080158
1.00890191
1.00241746
0.991074337
0.975731345
0.957375424
0.930967037
0.869357925
0.719442361
0.461949738
0.154487315
0.999999892
0.999999819
1.00000015
1.0000016
1.00000218
0.999997647
0.999987401
0.999981253
0.999998165
1.00005074
1.00011991
1.00013849
1.00000886
0.999668481
0.999185473
0.998829598
0.999047432
1.00029775
1.0027742
1.00612568
1.00932884
1.01083048
1.00896385
1.00250598
0.991171173
0.975820607
0.957551996
0.931809942
0.872180977
0.724543504
0.466419809
0.156019309
0.999999895
0.999999815
1.00000014
1.00000161
1.00000221
0.999997701
0.999987433
0.999981156
0.999997846
1.00005028
1.00011972
1.0001393
1.00001126
0.999672086
0.999188253
0.998827963
0.999037716
1.00027882
1.00274999
1.00610601
1.00932718
1.01085908
1.00902787
1.00259914
0.991274575
0.975915376
0.957723637
0.932628283
0.875010919
0.729808993
0.471109721
0.157613204
0.999999897
0.999999811
1.00000013
1.0000016
1.00000224
0.999997767
0.999987482
0.999981059
0.99999747
1.00004969
1.00011942
1.00014017
1.00001404
0.999676468
0.999191931
0.998826709
0.999027024
1.00025694
1.00272099
1.00608085
1.00932138
1.01088719
1.00909673
1.00270283
0.991392694
0.976024367
0.95789796
0.933431381
0.877871644
0.735291812
0.476082654
0.159293984
0.9999999
0.999999807
1.00000012
1.0000016
1.00000227
0.999997851
0.999987559
0.999980961
0.999997012
1.00004893
1.00011894
1.00014109
1.00001741
0.999682015
0.999196963
0.998826041
0.999014893
1.00023067
1.00268481
1.00604745
1.00930934
1.01091449
1.00917273
1.00282211
0.991532735
0.976155436
0.958081479
0.934225087
0.880779565
0.74103803
0.481400009
0.161085892
0.999999903
0.999999803
1.00000011
1.00000159
1.00000231
0.999997956
0.99998767
0.999980865
0.99999645
1.00004794
1.00011823
1.00014209
1.00002151
0.999689068
0.999203766
0.998826181
0.999000985
1.00019883
1.00263946
1.00600344
1.00928916
1.01094055
1.00925765
1.00296116
0.991700802
0.976315449
0.958279663
0.935011982
0.883743135
0.747085357
0.487120932
0.163012995
0.999999907
0.9999998
1.00000009
1.00000158
1.00000235
0.999998086
0.999987823
0.999980772
0.999995772
1.00004667
1.00011724
1.00014315
1.00002644
0.999697862
0.999212666
0.998827357
0.998985141
1.00016062
1.00258343
1.00594692
1.0092592
1.01096479
1.00935264
1.00312309
0.991901685
0.976510095
0.958496966
0.93579164
0.88676247
0.753461789
0.493301834
0.165099984
0.999999911
0.999999797
1.00000007
1.00000156
1.00000239
0.999998244
0.999988022
0.999980689
0.999994973
1.00004512
1.00011593
1.00014424
1.00003223
0.999708525
0.999223893
0.998829799
0.998967389
1.00011563
1.00251577
1.00587654
1.00921812
1.01098649
1.00945814
1.00330979
0.992138676
0.976743702
0.958736861
0.93656103
0.889829319
0.760184382
0.499994889
0.16737062
0.999999915
0.999999794
1.00000005
1.00000153
1.00000243
0.999998429
0.999988271
0.999980622
0.999994056
1.00004327
1.00011426
1.00014532
1.00003885
0.999721099
0.999237592
0.998833737
0.998947937
1.00006387
1.00243614
1.00579154
1.00916493
1.01100481
1.00957388
1.00352185
0.992413402
0.977019042
0.959001856
0.937315048
0.892927273
0.767258093
0.507247534
0.169848426
0.99999992
0.999999792
1.00000003
1.0000015
1.00000247
0.999998641
0.999988571
0.999980577
0.999993035
1.00004112
1.00011223
1.00014633
1.00004621
0.999735519
0.9992538
0.998839382
0.998927164
1.00000578
1.00234479
1.00569184
1.00909909
1.01101884
1.00969883
1.00375847
0.992725609
0.97733704
0.959293398
0.938047085
0.896032169
0.774674339
0.515101015
0.172556539
0.999999925
0.999999791
0.999999999
1.00000146
1.00000251
0.999998876
0.999988922
0.999980562
0.999991929
1.00003871
1.00010984
1.0001472
1.00005417
0.999751609
0.999272431
0.998846898
0.998905599
0.999942206
1.00224271
1.00557813
1.00902063
1.01102769
1.00983124
1.00401728
0.993072907
0.977696386
0.959611638
0.93874963
0.899112773
0.782409377
0.52358839
0.175517398
0.999999931
0.999999791
0.999999971
1.00000141
1.00000255
0.999999129
0.999989319
0.999980585
0.999990768
1.00003607
1.00010709
1.00014788
1.00006254
0.999769075
0.999293247
0.99885636
0.998883894
0.999874485
1.00213168
1.00545207
1.00893035
1.01103066
1.00996863
1.00429427
0.993450468
0.978093056
0.959955024
0.939414864
0.9021319
0.790422683
0.532731909
0.178752075
0.999999937
0.999999791
0.999999941
1.00000136
1.00000258
0.999999395
0.999989754
0.99998065
0.999989589
1.00003327
1.00010406
1.0001483
1.00007105
0.999787468
0.999315792
0.998867685
0.998862782
0.999804422
1.00201437
1.00531648
1.00883006
1.01102742
1.01010789
1.00458366
0.993850743
0.978519807
0.960319731
0.940035202
0.90504818
0.798655823
0.542540096
0.182279333
0.999999944
0.999999793
0.999999912
1.00000131
1.00000261
0.999999665
0.999990215
0.999980757
0.999988432
1.00003042
1.00010082
1.00014843
1.0000794
0.999806156
0.999339337
0.998880554
0.99884301
0.999734285
1.00189445
1.0051755
1.0087228
1.01101826
1.01024544
1.00487794
0.994263326
0.978965797
0.960699048
0.940603738
0.907818685
0.807032657
0.553005349
0.186114916
0.999999951
0.999999795
0.999999882
1.00000125
1.00000263
0.99999993
0.999990684
0.999980903
0.999987339
1.0000276
1.00009752
1.00014829
1.00008727
0.999824395
0.999362913
0.998894379
0.998825225
0.999666661
1.00177646
1.00503458
1.008613
1.01100433
1.01037749
1.00516805
0.994675029
0.979416453
0.961082809
0.941114482
0.910402314
0.815461348
0.564102681
0.190271734
0.999999957
0.999999798
0.999999853
1.00000119
1.00000264
1.00000018
0.999991142
0.999981074
0.99998635
1.00002496
1.00009432
1.00014793
1.00009437
0.99984136
0.999385322
0.998908263
0.99880989
0.999604326
1.00166568
1.00490046
1.00850653
1.01098782
1.0105003
1.00544362
0.995070064
0.979853497
0.961456882
0.941562151
0.912763302
0.823837628
0.575789039
0.194760936
0.999999964
0.999999801
0.999999826
1.00000114
1.00000265
1.0000004
0.999991561
0.999981251
0.999985499
1.00002262
1.00009142
1.00014745
1.00010042
0.99985618
0.999405194
0.998921029
0.998797222
0.999550101
1.00156797
1.00478098
1.00841069
1.01097203
1.01061032
1.00569317
0.995430192
0.980255048
0.961802729
0.941941459
0.914874321
0.832048876
0.588002825
0.199594255
0.999999971
0.999999805
0.999999802
1.00000109
1.00000266
1.00000059
0.999991913
0.999981407
0.999984818
1.00002072
1.00008906
1.00014701
1.00010518
0.999867922
0.99942099
0.998931235
0.998787224
0.9995069
1.00148982
1.00468523
1.00833423
1.01096147
1.01070422
1.00590399
0.99573456
0.98059548
0.962096892
0.942245787
0.916718486
0.839977973
0.600662096
0.204787095
0.999999977
0.999999807
0.999999781
1.00000105
1.00000267
1.00000073
0.999992163
0.999981507
0.999984338
1.00001945
1.00008753
1.00014681
1.00010837
0.999875511
0.999430903
0.998937162
0.998779806
0.999477969
1.00143863
1.00462369
1.0082875
1.01096168
1.01077857
1.00606174
0.99595918
0.980844977
0.962310427
0.942465294
0.918289925
0.84750772
0.613661832
0.210362645
0.999999984
0.999999808
0.999999765
1.00000103
1.00000268
1.00000081
0.999992273
0.999981513
0.999984094
1.00001897
1.00008713
1.00014704
1.00010968
0.999877733
0.999432916
0.998936919
0.998774954
0.999467096
1.00142292
1.00460841
1.00828237
1.01097911
1.01082946
1.00614986
0.996076268
0.980968989
0.962408414
0.942584059
0.91959195
0.854529743
0.626873557
0.216356218
0.99999999
0.999999808
0.999999755
1.00000103
1.0000027
1.00000082
0.99999221
0.999981395
0.999984127
1.00001946
1.00008815
1.00014786
1.00010873
0.999873343
0.999425035
0.998928732
0.998772943
0.999478649
1.00145218
1.00465275
1.00833201
1.0110208
1.01085221
1.00614912
0.996053677
0.980927685
0.962349038
0.94257304
0.920627563
0.860969768
0.640159439
0.222815995
0.999999995
0.999999805
0.999999748
1.00000104
1.00000273
1.00000076
0.999991961
0.999981139
0.999984472
1.00002109
1.0000908
1.00014934
1.00010497
0.99986087
0.999405141
0.998911086
0.998774951
0.999518545
1.00153773
1.00477153
1.00845013
1.01109308
1.01083999
1.00603657
0.995853444
0.980672815
0.962077142
0.942362501
0.921359951
0.866858593
0.653383315
0.229690456
1
0.999999802
0.999999746
1.00000109
1.00000277
1.0000006
0.999991472
0.999980729
0.999985275
1.00002421
1.00009551
1.00015136
1.00009713
0.999837624
0.999370045
0.998882591
0.998784411
0.999597222
1.00169657
1.00498424
1.00865163
1.01119846
1.01077747
1.00577819
0.995427356
0.980150358
0.961542437
0.941914694
0.92176271
0.872167377
0.666441472
0.236935394
1.00000001
0.999999797
0.99999975
1.00000116
1.00000281
1.0000003
0.99999069
0.999980181
0.999986765
1.00002929
1.00010262
1.00015345
1.00008314
0.999800045
0.999316345
0.998843188
0.998808103
0.999730042
1.00195066
1.00531321
1.00895025
1.0113336
1.0106394
1.00532774
0.99471446
0.979294077
0.96068356
0.941185452
0.921822914
0.876855844
0.679188851
0.244518402
1.00000001
0.999999791
0.999999761
1.00000126
1.00000286
0.999999833
0.999989555
0.999979567
0.999989319
1.00003693
1.00011237
1.00015445
1.00005975
0.999743465
0.999240797
0.998795533
0.998858632
0.999940241
1.00232911
1.00578368
1.00935572
1.01148369
1.0103837
1.0046204
0.993637032
0.97802517
0.959431094
0.940125007
0.921523458
0.880899974
0.691489524
0.252381568
1.00000001
0.999999782
0.999999783
1.0000014
1.00000288
0.999999114
0.999988014
0.999979066
0.999993529
1.00004789
1.00012467
1.00015201
1.00002173
0.999661598
0.999140902
0.998747339
0.998958239
1.00026281
1.00287019
1.00642226
1.00986828
1.01161413
1.0099422
1.00356445
0.992094597
0.976248643
0.95770581
0.938678079
0.920846362
0.884285364
0.703212377
0.260447505
1.00000002
0.999999772
0.999999818
1.00000159
1.00000286
0.999998058
0.999986047
0.999979027
1.00000027
1.00006298
1.00013864
1.00014173
0.999961188
0.999546967
0.999017472
0.998716124
0.999144375
1.00074847
1.00362105
1.00725107
1.01046774
1.01165687
1.00920724
1.00203092
0.989957622
0.973850879
0.955418911
0.936785092
0.91977243
0.887008234
0.714237467
0.268619719
1.00000002
0.99999976
0.999999872
1.00000182
1.00000273
0.999996555
0.999983708
0.999980075
1.00001076
1.00008277
1.00015177
1.0001161
0.999867336
0.999393077
0.998879984
0.998736856
0.999476848
1.00146637
1.00463288
1.00827461
1.01109433
1.01148948
1.00801354
0.999840842
0.987060805
0.970697727
0.952472972
0.934384172
0.918282488
0.889074572
0.724459366
0.27678542
1.00000002
0.999999748
0.999999948
1.00000209
1.00000243
0.999994491
0.999981203
0.999983223
1.00002645
1.00010699
1.00015862
1.00006319
0.999726983
0.999198651
0.998755235
0.998872856
1.00004579
1.00250317
1.00594747
1.00945469
1.01161741
1.01090466
1.00611409
0.996750227
0.9831964
0.966633518
0.948763751
0.931413637
0.916358662
0.890498385
0.73378644
0.284815379
1.00000002
0.999999737
1.00000005
1.00000239
1.00000184
0.999991781
0.999979002
0.999989965
1.00004876
1.00013328
1.00014895
0.999965932
0.999527915
0.998977447
0.998702395
0.999229918
1.00097563
1.00394922
1.00756388
1.01066362
1.01178558
1.00956793
1.00315179
0.992436012
0.978110935
0.961483642
0.944184598
0.927816006
0.913986675
0.89130055
0.742139913
0.29256483
1.00000002
0.999999728
1.00000019
1.00000268
1.00000085
0.999988425
0.999977974
1.00000226
1.00007826
1.00015533
1.00010581
0.999803677
0.999268235
0.998776486
0.998834213
0.999967863
1.00241323
1.0058561
1.00937022
1.01160479
1.01115438
1.00696548
0.998631437
0.986488264
0.971509466
0.955063161
0.938634562
0.923543819
0.911159041
0.891508096
0.749452085
0.299874328
1.00000002
0.999999723
1.00000036
1.00000293
0.99999931
0.999984597
0.999979508
1.00002223
1.00011319
1.00016025
1.00000494
0.999559325
0.998975656
0.998703825
0.999338228
1.00129358
1.00447632
1.0081405
1.01102134
1.01169316
1.00899452
1.00235212
0.991904107
0.978418326
0.963073465
0.947194408
0.932031219
0.918567415
0.907879043
0.891153771
0.755663287
0.306567811
1.00000001
0.999999723
1.00000056
1.00000306
0.999997119
0.999980749
0.999985534
1.00005137
1.00014712
1.00012638
0.999818562
0.999237036
0.998739862
0.998960415
1.00047797
1.00340121
1.00712231
1.01040189
1.01174868
1.00990202
1.00420221
0.994725378
0.982186197
0.967697837
0.952500145
0.937736627
0.924328926
0.912884546
0.90416524
0.890276074
0.760720974
0.312459624
1.00000001
0.999999731
1.00000078
1.00000303
0.999994228
0.999977708
0.999998309
1.00008911
1.00016623
1.00002359
0.999528514
0.99889485
0.998753423
0.999852531
1.00252839
1.00630161
1.00988842
1.01163443
1.01011958
1.00462255
0.995268284
0.982876111
0.96864773
0.953847257
0.939570563
0.926629149
0.915541935
0.906531073
0.900056007
0.888920044
0.764597504
0.317482395
1.00000001
0.999999747
1.00000101
1.00000274
0.999990709
0.999976697
1.00001985
1.00013075
1.00014747
0.999820229
0.999153599
0.998689733
0.999337267
1.00173038
1.00557026
1.0094752
1.01148285
1.0098775
1.00384524
0.99365746
0.980415313
0.965591792
0.950611059
0.936589377
0.924248421
0.913945278
0.905769126
0.899590342
0.895612034
0.887120277
0.767107972
0.32116432
1
0.999999772
1.00000123
1.00000216
0.999986797
0.999979219
1.00005095
1.00016543
1.00006029
0.999500864
0.998790699
0.998914104
1.00089414
1.00476648
1.00906677
1.01133989
1.00932735
1.00200532
0.989882231
0.974570537
0.958057168
0.942092972
0.927885962
0.916065686
0.90679878
0.899947544
0.895215271
0.892200345
0.890919654
0.884933785
0.768237052
0.323372818
0.999999999
0.999999803
1.00000143
1.00000124
0.999982899
0.999986766
1.00008997
1.00017541
0.999874751
0.999095799
0.998654395
0.999973718
1.00370523
1.00850025
1.01124629
1.00872954
0.999417755
0.984104189
0.965233015
0.945664994
0.927705414
0.912719189
0.901205323
0.893069605
0.887888663
0.885118031
0.884191999
0.884546598
0.886080531
0.882407183
0.767948923
0.324040432
0.999999996
0.99999984
1.00000159
1.00000002
0.999979551
1.00000035
1.00013191
1.0001384
0.999577492
0.998713051
0.999077386
1.00223645
1.00751471
1.01122057
1.00860681
0.996961715
0.977214121
0.953064632
0.928819529
0.907682379
0.891220401
0.87969082
0.872601717
0.869182901
0.868599362
0.870121648
0.873103235
0.876884129
0.881264428
0.87959375
0.765979412
0.322733972
0.999999994
0.99999988
1.00000169
0.999998562
0.999977313
1.00002
1.00016849
1.00003401
0.999191334
0.998548848
1.00042063
1.00571885
1.01101555
1.00960298
0.996304683
0.97142039
0.940297972
0.909643751
0.884165197
0.865641232
0.853780889
0.847451183
0.84540394
0.846629848
0.850388011
0.855945089
0.862591897
0.869599157
0.876672746
0.876520469
0.762073808
0.319150058
0.999999993
0.99999992
1.00000173
0.999996975
0.999976621
1.00004447
1.00018991
0.999853436
0.998786621
0.998844146
1.00287208
1.00972769
1.01167655
0.999421349
0.970364786
0.931167222
0.892403749
0.861650737
0.841035418
0.829061144
0.82329012
0.821824597
0.823657288
0.828235649
0.835096556
0.843688044
0.853298693
0.863070274
0.872516671
0.873169666
0.755825289
0.312905319
0.999999992
0.999999959
1.00000171
0.999995391
0.999977641
1.00007129
1.00018822
0.999608127
0.998468126
0.999771455
1.00621156
1.01280645
1.00660714
0.978037929
0.931634053
0.882965537
0.845609815
0.82326522
0.812456467
0.808135583
0.806964494
0.807837843
0.810719872
0.816035943
0.823977872
0.834181813
0.845795546
0.857680987
0.869005846
0.869438002
0.746634506
0.303569981
0.999999992
0.999999993
1.00000165
0.99999393
0.999980178
1.0000974
1.00016131
0.999331526
0.99832928
1.00128802
1.00974198
1.01341484
0.994780318
0.947963891
0.888736848
0.840881099
0.815150344
0.806203595
0.805119874
0.805783772
0.805957349
0.805572337
0.806321678
0.809957089
0.817257411
0.827840632
0.840525668
0.853800639
0.866367697
0.865026704
0.733448236
0.290516482
0.999999992
1.00000002
1.00000155
0.999992682
0.999983689
1.00011999
1.00011561
0.999070588
0.998389107
1.00304931
1.0125725
1.01130345
0.979515262
0.918467482
0.855370624
0.817324158
0.806297909
0.807105057
0.810426129
0.812656037
0.811490037
0.808294162
0.806277543
0.807968129
0.814314071
0.824781393
0.837897403
0.851814629
0.864614933
0.859278853
0.714499725
0.272565197
0.999999992
1.00000005
1.00000145
0.999991699
0.999987367
1.00013716
1.00006607
0.998871482
0.998553905
1.0044709
1.01413029
1.0085118
0.968577987
0.902064423
0.841738931
0.812282509
0.807979344
0.809989201
0.8126488
0.814764019
0.811915401
0.808369952
0.806304061
0.808111737
0.814594204
0.82512169
0.838173339
0.852071718
0.864287113
0.850307794
0.686361732
0.250170033
0.999999993
1.00000006
1.00000137
0.999991022
0.999990205
1.00014767
1.00003339
0.998771873
0.998648969
1.00491495
1.01434016
1.00834677
0.970085806
0.907679489
0.85010495
0.81844436
0.809763607
0.809436358
0.809339178
0.809273432
0.80873014
0.807762008
0.808478435
0.812252736
0.819518867
0.829782961
0.842280244
0.856197958
0.865478791
0.832063621
0.641805199
0.222270213
0.999999993
1.00000007
1.00000132
0.999990701
0.999991129
1.00014983
1.00004028
0.998813294
0.998527312
1.00383415
1.01298956
1.01225917
0.986544477
0.936569538
0.880998434
0.840211972
0.8206694
0.815107927
0.813512841
0.811360513
0.809810442
0.810914188
0.8137073
0.819117302
0.827288587
0.838423143
0.852099078
0.864784223
0.860327926
0.790606888
0.572023972
0.186859853
0.999999993
1.00000008
1.00000132
0.999990965
0.999988762
1.00013674
1.00011475
0.999092257
0.998176715
1.00121079
1.00937688
1.0157029
1.00849301
0.98134667
0.939092723
0.894258961
0.858772025
0.838379747
0.832395525
0.836391648
0.844914447
0.853492061
0.860901427
0.866529189
0.874043661
0.880728646
0.882477802
0.868968798
0.818464326
0.694578874
0.461741152
0.140888213
0.999999993
1.00000006
1.00000137
0.999992763
0.999980076
1.00009758
1.00021778
0.999591536
0.998260972
0.998520589
1.00307539
1.01130539
1.0182168
1.01736807
1.00472727
0.980304438
0.947170402
0.909453632
0.870818361
0.833875651
0.800240432
0.770799516
0.745790543
0.723913442
0.700344779
0.673453212
0.639032789
0.590262236
0.516676172
0.405795832
0.251153805
0.0727125104
0.999999993
1.00000001
1.00000142
0.999996579
0.999973816
1.00003275
1.00023094
1.00012805
0.999168593
0.997819933
0.99776667
1.00069371
1.00699428
1.01555195
1.02446079
1.03188758
1.03653027
1.03762505
1.03470867
1.02732972
1.01479554
0.99596222
0.969050381
0.931482524
0.879782318
0.809697544
0.716949044
0.598711156
0.456409813
0.29966874
0.149584579
0.0333222915
0.999999995
0.999999945
1.0000011
1.00000114
0.999979355
0.999971864
1.00010409
1.00032075
1.00023307
0.999462821
0.998062848
0.996540592
0.995559841
0.995648736
0.997092698
0.999984632
1.00433049
1.01013605
1.01744765
1.02634265
1.03686234
1.04885983
1.06170556
1.07375813
1.08148327
1.07814241
1.05218473
0.986096203
0.857756955
0.648435551
0.363980316
0.0734891636
0.999999999
0.999999924
1.00000035
1.00000336
0.999995664
0.999961981
0.999958951
1.00008295
1.00033355
1.00057651
1.00063734
1.00040051
0.999840194
0.998998018
0.997949412
0.996783854
0.995605201
0.994550317
0.993824498
0.993754884
0.994862379
0.997941473
1.00410395
1.01466717
1.03062159
1.05118672
1.07073739
1.0734639
1.02666312
0.878116386
0.574094444
0.137661857
1
0.999999971
0.999999763
1.00000157
1.00000593
0.999996661
0.999959464
0.999914235
0.999903528
0.999958264
1.00008225
1.00025818
1.00045926
1.00065644
1.00081979
1.00091602
1.00090446
1.0007338
1.00034324
0.999676056
0.998721708
0.99761675
0.996845974
0.997569519
1.00199412
1.01336376
1.03443185
1.06206513
1.07488434
1.0139498
0.770912639
0.251171517
1
1.00000001
0.999999873
0.999999403
1.0000014
1.00000821
1.00001409
1.00000951
0.999989896
0.999957607
0.999918833
0.999880543
0.999849238
0.999831
0.999831982
0.999858681
0.999917346
1.00001143
1.0001352
1.00026067
1.00031586
1.00016063
0.999594894
0.998498791
0.997297165
0.997925014
1.00498049
1.02494504
1.05749124
1.06910107
0.942764028
0.446253093
1
0.999999998
1.00000005
1.00000003
0.999999151
0.999997777
0.999997777
1.00000058
1.00000611
1.00001325
1.00002063
1.00002697
1.00003115
1.00003209
1.00002865
1.00001971
1.00000445
0.999983331
0.999960303
0.999946682
0.999965451
1.00004797
1.00020173
1.00032241
1.00008981
0.999126598
0.998030152
1.00054296
1.0146707
1.04431074
1.04582447
0.770400674
)
;

boundaryField
{
    inner_wall
    {
        type            zeroGradient;
    }
    outer_wall
    {
        type            fixedValue;
        value           uniform 0;
    }
    top
    {
        type            fixedValue;
        value           uniform 1;
    }
    bottom
    {
        type            inletOutlet;
        inletValue      uniform 0;
        value           nonuniform List<scalar> 
32
(
0
0
0
0
0
0
0
0
0
0
-0.00810038954
-0.0183637243
-0.0374782931
-0.0524301212
-0.0157924632
0.14352863
0.433825016
0.746603346
0.95913725
1.03533276
1.02864584
1.00650163
0.997242234
0.997966806
1.00158319
1.00569477
1.00742356
1.001627
0.979434366
0.90139327
0.679851349
0.262279709
)
;
    }
    front
    {
        type            wedge;
    }
    back
    {
        type            wedge;
    }
}


// ************************************************************************* //
