/*--------------------------------*- C++ -*----------------------------------*\
| =========                 |                                                 |
| \\      /  F ield         | OpenFOAM: The Open Source CFD Toolbox           |
|  \\    /   O peration     | Version:  2506                                  |
|   \\  /    A nd           | Website:  www.openfoam.com                      |
|    \\/     M anipulation  |                                                 |
\*---------------------------------------------------------------------------*/
FoamFile
{
    version     2.0;
    format      ascii;
    arch        "LSB;label=32;scalar=64";
    class       volScalarField;
    location    "38";
    object      c;
}
// * * * * * * * * * * * * * * * * * * * * * * * * * * * * * * * * * * * * * //

dimensions      [0 -3 0 0 1 0 0];

internalField   nonuniform List<scalar> 
3330
(
32.79686
32.787584
32.781155
32.780718
32.787219
32.790847
32.785817
32.781672
32.782024
32.783171
32.783671
32.790724
32.796722
32.790693
32.775393
32.774642
32.787249
32.793284
32.793093
32.789343
32.779925
32.780983
32.776091
32.776215
32.778512
32.796113
32.780765
32.789682
32.790229
32.795699
32.759492
32.776199
32.689548
32.887822
32.696762
32.611796
29.92121
32.797519
32.79516
32.808359
32.833002
32.860318
32.884296
32.90192
32.919202
32.936768
32.946837
32.94828
32.942222
32.939518
32.934498
32.923595
32.908822
32.892302
32.875523
32.860314
32.844835
32.828486
32.811518
32.807408
32.778012
32.814876
32.750011
32.76564
32.744891
32.731875
32.694772
32.761531
32.792728
32.692926
32.65936
32.860661
32.753239
28.181907
32.80067
32.823787
32.86883
32.920948
32.967798
33.003418
33.030575
33.053717
33.063695
33.061997
33.043667
33.042562
33.03646
33.018441
32.996004
32.972707
32.948009
32.919728
32.883169
32.849151
32.798588
32.758003
32.66705
32.677805
32.597959
32.60566
32.646242
32.533684
32.557771
32.415837
32.436495
32.343447
32.483703
32.578475
32.571352
32.205098
25.237723
32.807651
32.858934
32.931861
33.004246
33.065677
33.115306
33.154853
33.18215
33.191709
33.193563
33.171621
33.146219
33.109514
33.072016
33.042418
33.020199
32.998334
32.977578
32.917265
32.801124
32.685387
32.5285
32.349924
32.17248
32.008068
31.856431
31.725205
31.554366
31.355168
31.069302
30.634515
29.975117
28.93758
27.107329
24.065945
18.697004
8.2945286
32.815667
32.889711
32.983182
33.074077
33.156563
33.235403
33.306676
33.359136
33.383637
33.388646
33.349667
33.301172
33.237877
33.174759
33.119665
33.079831
33.058233
33.050713
33.050391
33.063717
33.085517
33.131275
33.192134
33.258915
33.321641
33.374285
33.417348
33.44736
33.473627
33.474489
33.441912
33.299677
32.821691
31.477094
28.382307
22.126081
9.4072295
32.821767
32.909272
33.015903
33.122509
33.225626
33.33131
33.426488
33.493508
33.524793
33.531405
33.498511
33.452531
33.383297
33.297704
33.208357
33.131787
33.078278
33.051326
33.045054
33.043995
33.044778
33.063541
33.114377
33.198711
33.290442
33.376538
33.43871
33.472432
33.483029
33.449294
33.076102
32.141929
29.836264
25.233568
18.371879
10.595463
3.2750565
32.82427
32.922188
33.034101
33.145351
33.255218
33.368117
33.471615
33.550479
33.588857
33.572459
33.549426
33.519742
33.466329
33.38953
33.296515
33.201372
33.122889
33.070606
33.048794
33.043693
33.043385
33.044347
33.05872
33.111696
33.193086
33.277846
33.35557
33.424523
33.481502
33.518798
33.540967
33.545903
33.363434
31.761501
26.471654
16.726982
5.4519102
32.825587
32.918107
33.026907
33.132551
33.234216
33.335268
33.427621
33.50053
33.543354
33.559971
33.553076
33.529725
33.483573
33.413509
33.324662
33.23036
33.147633
33.084888
33.05338
33.043574
33.043005
33.043319
33.044601
33.072525
33.141732
33.228386
33.311229
33.382124
33.441298
33.490488
33.531265
33.554705
33.528866
32.882432
28.800379
19.043913
6.153435
32.826649
32.905737
33.003714
33.094587
33.176809
33.252298
33.318549
33.370953
33.404246
33.419435
33.41153
33.387226
33.344775
33.287334
33.222131
33.158843
33.106399
33.067477
33.049178
33.042509
33.042435
33.043023
33.043827
33.064412
33.12736
33.211414
33.294729
33.367796
33.429023
33.479728
33.521133
33.555624
33.567776
33.343602
31.296398
22.695759
7.7412679
32.827465
32.879216
32.952014
33.02179
33.082494
33.133343
33.17432
33.205003
33.224081
33.232835
33.225479
33.203404
33.170108
33.1322
33.096182
33.067231
33.048146
33.041187
33.041427
33.041774
33.042045
33.048316
33.07905
33.142577
33.216784
33.289164
33.354626
33.411885
33.46074
33.501776
33.535845
33.563646
33.579879
33.457671
32.000259
24.484836
8.6026436
32.830236
32.843429
32.866444
32.892395
32.916899
32.937637
32.953902
32.965627
32.97269
32.97575
32.975248
32.976419
32.980089
32.986493
32.995689
33.007679
33.022608
33.039671
33.062174
33.092404
33.134171
33.187295
33.24388
33.299398
33.351316
33.398517
33.440749
33.478123
33.510761
33.538484
33.561394
33.580991
33.594709
33.534056
32.575134
26.305564
9.7747213
34.025207
33.929863
33.82249
33.724581
33.642865
33.57692
33.525372
33.486456
33.458254
33.439129
33.428294
33.422396
33.423752
33.428297
33.436098
33.446438
33.458645
33.472149
33.486463
33.501155
33.515782
33.52988
33.543114
33.555252
33.566111
33.575588
33.583771
33.591003
33.597594
33.603343
33.607732
33.613034
33.61264
33.555587
32.699911
26.772647
10.133277
34.119549
34.137629
34.18213
34.227533
34.259273
34.278157
34.274083
34.261579
34.241001
34.215128
34.186305
34.156011
34.125066
34.093793
34.062359
34.030869
33.999406
33.968073
33.937003
33.906361
33.876316
33.84702
33.818691
33.791604
33.765143
33.739467
33.715288
33.693468
33.67445
33.658414
33.64562
33.636748
33.628069
33.537539
32.457835
25.873844
9.5021192
34.115243
34.152528
34.254108
34.369886
34.471286
34.548378
34.589795
34.615643
34.614405
34.606692
34.588608
34.560946
34.52464
34.480967
34.431366
34.377331
34.320306
34.261612
34.202405
34.143665
34.086176
34.030671
33.977095
33.929572
33.89993
33.869182
33.834202
33.796361
33.7583
33.722838
33.692109
33.668036
33.6366
33.440675
31.685573
23.587445
8.1830289
34.1128
34.157545
34.282092
34.431069
34.56836
34.674869
34.70843
34.720816
34.728386
34.73634
34.739503
34.733388
34.714104
34.679435
34.63039
34.56898
34.497979
34.420577
34.340034
34.259347
34.180945
34.106659
34.036694
33.963844
33.899922
33.868171
33.832231
33.793787
33.755666
33.720709
33.691226
33.664712
33.601134
33.065967
29.657596
20.124187
6.6532399
34.109761
34.132369
34.223292
34.341917
34.462411
34.569756
34.651114
34.693292
34.711158
34.715699
34.70688
34.692089
34.665441
34.625994
34.574177
34.511683
34.441047
34.365201
34.286969
34.208751
34.133006
34.060309
33.990899
33.927135
33.879027
33.846363
33.809053
33.772317
33.73892
33.710106
33.680711
33.628359
33.34925
31.478227
25.790868
16.112288
5.187575
34.10632
34.107454
34.14175
34.187765
34.241338
34.299152
34.357296
34.410497
34.453143
34.480629
34.489755
34.476103
34.450772
34.414091
34.367663
34.313515
34.25399
34.191532
34.128479
34.066921
34.008247
33.954161
33.906614
33.867388
33.835374
33.804692
33.771843
33.741473
33.711565
33.670006
33.574459
33.124088
31.428142
27.207052
20.407044
12.059849
3.8459149
34.102853
34.093744
34.091063
34.088998
34.087014
34.084399
34.081864
34.080519
34.079054
34.077622
34.076079
34.074148
34.07067
34.06304
34.04942
34.028086
34.000705
33.968658
33.934354
33.899492
33.865244
33.832355
33.800551
33.76793
33.730505
33.682518
33.613533
33.493594
33.25381
32.742138
31.643262
29.397439
25.450529
20.230343
14.236153
8.2024705
2.6194852
34.13491
34.192246
34.270616
34.332343
34.364217
34.372216
34.346635
34.303692
34.245551
34.175839
34.095969
34.003996
33.895344
33.768916
33.624418
33.461408
33.276133
33.063935
32.817932
32.530963
32.193598
31.794426
31.319594
30.751521
30.062988
29.200515
28.11468
26.737465
24.989705
22.786236
20.01215
16.791288
13.480111
10.198074
7.0329763
4.070754
1.315768
34.186751
34.415598
34.71056
34.943753
35.082991
35.142228
35.154788
35.136511
35.113072
35.085042
35.056301
35.030774
35.009712
34.992801
34.977874
34.961884
34.941427
34.912148
34.865289
34.794259
34.688137
34.528003
34.286565
33.923131
33.38211
32.598311
31.451653
29.794269
27.454979
24.321484
20.580093
16.661116
12.909868
9.3666459
6.2059327
3.4651906
1.0922387
34.248949
34.632632
35.028081
35.245553
35.32653
35.358127
35.375086
35.378927
35.337855
35.292182
35.234051
35.175078
35.121427
35.078651
35.049064
35.030977
35.021045
35.014838
35.012963
35.012599
35.014292
35.016157
35.01788
35.018386
35.016588
35.013862
34.978403
34.865302
34.541851
33.69089
31.758812
28.195299
23.286371
17.681387
11.996832
6.7620184
2.1365546
34.297318
34.776861
35.213132
35.428612
35.56766
35.693249
35.769924
35.790651
35.751107
35.681425
35.589193
35.480941
35.366996
35.257141
35.16459
35.095297
35.049152
35.023301
35.01174
35.007887
35.006775
35.00615
35.009649
35.013715
35.018367
35.022675
35.027672
35.031999
35.034826
34.975569
34.569917
32.99259
29.247336
23.565432
16.582808
9.4475029
2.9781934
34.334183
34.890422
35.306985
35.550696
35.769548
35.973899
36.094607
36.132502
36.135138
36.046371
35.951368
35.827268
35.689161
35.537743
35.384215
35.251132
35.149493
35.081006
35.039689
35.017087
35.006265
35.003188
35.002315
35.003697
35.006598
35.010995
35.018482
35.029952
35.042132
35.049745
35.046052
34.829261
33.128474
28.611933
21.292987
12.422596
3.9147459
34.341366
34.887125
35.351921
35.624166
35.914793
36.167736
36.27818
36.302613
36.303707
36.261191
36.181117
36.052483
35.909573
35.775489
35.604187
35.429505
35.277019
35.162245
35.086563
35.041831
35.017308
35.005047
35.000807
35.000007
35.001592
35.003392
35.006439
35.013838
35.030614
35.055952
35.072946
35.071012
34.73979
32.189623
25.696303
15.637159
4.9493038
34.341253
34.85353
35.324651
35.602207
35.87698
36.123105
36.252723
36.296068
36.322228
36.31466
36.26141
36.140953
35.975985
35.865718
35.716818
35.543827
35.374951
35.234346
35.132752
35.067938
35.030848
35.010585
35.000614
34.997954
34.998644
35.000264
35.002192
35.005053
35.015309
35.041229
35.080741
35.103569
35.05874
34.174514
29.391883
19.025988
6.1023915
34.340868
34.778082
35.239725
35.528563
35.759278
35.962195
36.104413
36.179889
36.207706
36.188308
36.13417
36.046112
35.974142
35.873897
35.734166
35.567656
35.400072
35.256033
35.148824
35.078393
35.036741
35.013446
35.001564
34.996206
34.996555
34.997776
34.999519
35.002013
35.008404
35.03113
35.077025
35.122031
35.131455
34.807558
32.000516
22.34649
7.3493358
34.339726
34.677753
35.093743
35.384848
35.583283
35.72955
35.833767
35.894582
35.919599
35.907057
35.868333
35.800983
35.705623
35.588294
35.460929
35.337921
35.231307
35.147452
35.086801
35.045719
35.019842
35.003379
34.995728
34.994105
34.994904
34.996378
34.997688
35.000756
35.006152
35.02879
35.082681
35.141281
35.166389
35.031798
33.474341
25.357516
8.7128017
34.337673
34.570069
34.898954
35.160719
35.336911
35.44954
35.513853
35.559585
35.553947
35.525088
35.469721
35.398653
35.321403
35.245806
35.177687
35.120604
35.075836
35.042835
35.019947
35.00506
34.996161
34.990318
34.990885
34.992363
34.993987
34.995701
34.996959
35.002559
35.027653
35.081641
35.135616
35.176893
35.200528
35.139662
34.188649
27.669762
10.129586
34.333987
34.42873
34.583735
34.725676
34.830139
34.897406
34.935746
34.953802
34.958258
34.96074
34.962862
34.964916
34.966965
34.968957
34.970832
34.972656
34.974471
34.976218
34.977933
34.979539
34.981613
34.985519
34.991116
35.000388
35.01495
35.035559
35.065404
35.107265
35.150517
35.187535
35.215381
35.234939
35.244298
35.203635
34.547968
29.129548
11.37686
34.332411
34.448284
34.593847
34.730103
34.842658
34.937197
35.018785
35.091768
35.157297
35.215371
35.265335
35.306609
35.338573
35.360342
35.376054
35.388646
35.39878
35.40669
35.412117
35.415935
35.416449
35.415111
35.41158
35.406276
35.399347
35.390972
35.381377
35.370611
35.360442
35.350062
35.337675
35.322987
35.306641
35.252687
34.67436
29.692601
11.984251
36.695199
36.714479
36.768831
36.857529
36.969162
37.083714
37.188987
37.280686
37.35605
37.413209
37.450589
37.473168
37.464664
37.437917
37.385087
37.305494
37.202424
37.080368
36.94408
36.798704
36.648516
36.49665
36.346487
36.201162
36.063429
35.935852
35.820442
35.7176
35.628834
35.551425
35.482983
35.422723
35.369828
35.288063
34.606505
29.278634
11.527755
36.729063
36.800859
37.018129
37.317224
37.625224
37.899628
38.124167
38.296738
38.41705
38.489178
38.517644
38.502307
38.460207
38.396567
38.314937
38.21658
38.100963
37.966216
37.810993
37.635177
37.44038
37.229702
37.007932
36.781175
36.558192
36.340753
36.136423
35.956688
35.804135
35.675894
35.569745
35.480125
35.413568
35.276639
34.332382
28.012566
10.371849
36.732805
36.880586
37.322148
37.87696
38.397044
38.823221
39.148376
39.382738
39.526358
39.62994
39.619198
39.565036
39.449762
39.286988
39.094638
38.890493
38.686142
38.48739
38.282639
38.068086
37.842411
37.603591
37.350843
37.087675
36.819052
36.597283
36.377492
36.152552
35.943036
35.765077
35.621385
35.504123
35.408294
35.214816
33.745989
25.985373
9.0489729
36.73452
36.964915
37.615613
38.370646
39.023265
39.52777
39.896897
40.143788
40.295026
40.370002
40.343823
40.260135
40.112318
39.894542
39.619784
39.32169
39.033115
38.762698
38.575658
38.357386
38.10279
37.825722
37.53346
37.230739
36.923219
36.615401
36.369077
36.141862
35.930867
35.752484
35.608606
35.492408
35.381399
35.039525
32.635155
23.384614
7.7988024
36.734702
37.05103
37.883557
38.778155
39.497758
40.041655
40.423657
40.653283
40.818145
40.812941
40.765194
40.644153
40.453079
40.278668
39.994184
39.611995
39.217903
38.86677
38.569794
38.342371
38.078465
37.79284
37.493011
37.183583
36.869189
36.565661
36.313484
36.087943
35.881004
35.708591
35.572335
35.462053
35.310302
34.668213
30.723156
20.572245
6.6959601
36.733909
37.12915
38.103327
39.072277
39.810259
40.374438
40.739063
40.930431
41.012319
41.009177
40.976459
40.844469
40.571036
40.259097
39.948685
39.547643
39.1465
38.795502
38.506252
38.260332
37.976963
37.675597
37.362527
37.043811
36.731383
36.445553
36.203797
35.988576
35.796494
35.642206
35.523398
35.40772
35.164078
33.707446
28.12456
17.795275
5.7200046
36.731239
37.186492
38.247596
39.234874
39.961995
40.525894
40.847859
41.007279
41.041207
41.001682
40.937494
40.76007
40.463335
40.122894
39.751617
39.328779
38.945082
38.626197
38.353506
38.084531
37.78308
37.469401
37.149553
36.834499
36.540345
36.281643
36.059251
35.862746
35.696437
35.569912
35.465896
35.305106
34.745362
31.802784
25.05894
15.206606
4.8614098
36.729027
37.208301
38.294356
39.279897
39.996933
40.553283
40.855991
40.942156
40.968033
40.889369
40.740503
40.482085
40.15141
39.781617
39.386457
39.000775
38.672287
38.388277
38.11428
37.821033
37.507167
37.189513
36.876859
36.583011
36.320191
36.092608
35.895771
35.728377
35.597779
35.498603
35.373937
35.054213
33.397762
29.036071
21.757382
12.846325
4.1006795
36.725995
37.174918
38.19417
39.114538
39.737372
40.204515
40.513375
40.640686
40.664142
40.502287
40.290061
39.996613
39.658438
39.300264
38.949646
38.633596
38.351501
38.076209
37.786144
37.477921
37.164597
36.859324
36.572279
36.31358
36.087694
35.894014
35.732473
35.607737
35.516065
35.411012
35.153959
34.025531
30.987012
25.639309
18.48172
10.747348
3.4354403
36.720304
37.090807
38.000556
38.84691
39.403036
39.772406
39.997601
40.07612
40.080684
39.872036
39.658576
39.381296
39.083928
38.785419
38.501739
38.23269
37.962338
37.677156
37.37729
37.073823
36.7801
36.505489
36.257389
36.040607
35.857262
35.709806
35.600233
35.517357
35.406836
35.131286
34.161165
31.750841
27.594518
21.887877
15.369444
8.8730846
2.8433908
36.711724
36.951636
37.677136
38.406544
38.894481
39.177985
39.327042
39.371136
39.302205
39.16154
38.973572
38.749733
38.512348
38.269204
38.021363
37.76224
37.48704
37.199956
36.911984
36.635253
36.379072
36.15009
35.953686
35.793565
35.671293
35.581387
35.497494
35.348794
34.973636
33.977745
31.802498
28.29932
23.593855
18.154168
12.568301
7.2439256
2.3298124
36.703669
36.793039
37.255053
37.803736
38.232375
38.482728
38.5921
38.619881
38.552414
38.445836
38.29365
38.112674
37.909282
37.686425
37.44516
37.188269
36.923485
36.662173
36.415717
36.193225
36.001022
35.842733
35.718104
35.620554
35.530001
35.40294
35.159807
34.600786
33.377634
31.195814
28.000282
23.941178
19.348507
14.625518
10.069477
5.8092113
1.874431
36.693149
36.67968
36.834531
37.092724
37.372629
37.598887
37.732311
37.771419
37.720292
37.63471
37.508099
37.351546
37.170138
36.970543
36.760353
36.5489
36.345944
36.159611
35.995013
35.852561
35.727191
35.608394
35.488315
35.335738
35.08437
34.612694
33.704283
32.107735
29.724609
26.651907
23.041544
19.141942
15.209774
11.427845
7.8724946
4.5547071
1.4743946
36.687542
36.648415
36.637339
36.628202
36.620725
36.615083
36.610064
36.603757
36.589543
36.542129
36.472836
36.380532
36.270798
36.147591
36.014151
35.872011
35.722484
35.572012
35.411599
35.22761
34.997035
34.681757
34.207229
33.473543
32.357333
30.727763
28.517077
25.887676
22.988445
19.905366
16.78977
13.763403
10.896283
8.2046498
5.6761811
3.2977301
1.0709301
36.749649
36.825172
36.885835
36.902725
36.903434
36.845308
36.732181
36.577425
36.385545
36.156253
35.890531
35.583774
35.229164
34.81785
34.338016
33.774917
33.106065
32.294426
31.3099
30.119581
28.695195
27.020978
25.107208
23.001396
20.735602
18.432006
16.233422
14.155954
12.209043
10.41212
8.7723337
7.2695922
5.8573936
4.4911397
3.1577119
1.8574298
0.60767285
36.965312
37.790461
38.659056
39.078606
39.178341
39.184921
39.174494
39.163286
39.151889
39.140897
39.130504
39.1184
39.1016
39.07624
39.035438
38.974176
38.882987
38.745745
38.537032
38.216446
37.721017
36.958459
35.798026
34.090792
31.777283
28.867376
25.542018
22.124348
18.728505
15.436781
12.371061
9.6050924
7.1850092
5.119044
3.3690408
1.8823744
0.59775451
37.255969
38.520383
39.182328
39.284754
39.311887
39.323657
39.325328
39.290752
39.260917
39.228689
39.204626
39.190158
39.183743
39.178262
39.176988
39.17669
39.176522
39.176349
39.17594
39.174867
39.165168
39.138642
39.06306
38.863017
38.376442
37.308312
35.397223
32.496927
28.881384
24.864199
20.708614
16.647334
12.845474
9.3892286
6.302057
3.5673195
1.1400016
37.502598
38.911797
39.369168
39.463975
39.578117
39.642945
39.657476
39.595296
39.520058
39.427377
39.338249
39.263841
39.211393
39.185739
39.177323
39.176223
39.176008
39.175761
39.176154
39.176585
39.17722
39.177831
39.177982
39.171402
39.153209
38.936462
38.302921
36.72378
34.027288
30.356021
26.019586
21.365601
16.729332
12.351823
8.351173
4.7512543
1.5218492
37.682329
39.104603
39.494004
39.701013
39.944804
40.082773
40.121607
40.058512
39.941746
39.798228
39.639439
39.491033
39.366397
39.27458
39.216291
39.185809
39.176716
39.175099
39.174889
39.174654
39.174705
39.175244
39.176049
39.176817
39.176924
39.169748
39.122206
38.683391
37.369411
34.649124
30.718153
25.902695
20.651386
15.406432
10.471257
5.9706599
1.9124262
37.790857
39.206494
39.601677
39.947006
40.307957
40.517938
40.58972
40.594508
40.420458
40.250124
40.036485
39.818862
39.616111
39.447144
39.32285
39.24375
39.200488
39.180857
39.175228
39.174373
39.174144
39.174071
39.174191
39.174676
39.175328
39.175714
39.172426
39.144652
38.835177
37.481084
34.506375
30.062976
24.561039
18.590944
12.716815
7.2643829
2.3247732
37.857831
39.258077
39.68889
40.157911
40.617443
40.903174
41.032729
41.058752
40.903974
40.716155
40.474596
40.211812
39.947737
39.704103
39.500985
39.35249
39.259446
39.209159
39.185252
39.176049
39.173923
39.173629
39.17354
39.173588
39.173984
39.174489
39.174822
39.172615
39.147969
38.836626
37.220119
33.66999
28.391705
21.955944
15.167431
8.6866066
2.7770845
37.862415
39.275385
39.74469
40.297443
40.83773
41.214174
41.410185
41.463826
41.340826
41.143812
40.889314
40.604353
40.307194
40.014529
39.745731
39.522259
39.361668
39.263372
39.211047
39.186202
39.176187
39.173397
39.173011
39.172876
39.173002
39.173449
39.173927
39.174204
39.171861
39.136383
38.683978
36.42765
31.869391
25.37328
17.797747
10.232707
3.2664846
37.862259
39.254355
39.771585
40.398542
41.025104
41.418291
41.699807
41.791522
41.715688
41.511587
41.249082
40.951117
40.64016
40.3247
40.019805
39.739325
39.510178
39.350964
39.256864
39.207635
39.184759
39.175503
39.17285
39.172443
39.172268
39.172489
39.173023
39.17352
39.173669
39.168719
39.093337
38.211812
34.790153
28.724091
20.61815
11.939426
3.8076876
37.861701
39.189935
39.761903
40.38443
41.022185
41.548613
41.885339
41.967486
41.983145
41.79667
41.537244
41.229228
40.915928
40.591204
40.275795
39.968567
39.689262
39.469259
39.325004
39.242342
39.200565
39.181482
39.174332
39.172416
39.172003
39.171838
39.172116
39.172714
39.173114
39.172571
39.157306
38.935794
36.971869
31.805821
23.562853
13.807968
4.4020221
37.860353
39.090723
39.727317
40.328637
40.96694
41.506648
41.861776
42.029367
42.052727
41.952342
41.729554
41.418021
41.117192
40.791459
40.477811
40.168881
39.868742
39.602855
39.410242
39.289713
39.224105
39.192014
39.177755
39.173365
39.171959
39.171682
39.171547
39.171821
39.172439
39.172798
39.16958
39.108304
38.357452
34.46185
26.575945
15.876133
5.0670126
37.860036
38.966362
39.659251
40.230439
40.827523
41.363344
41.746681
41.955672
42.029507
41.987041
41.794849
41.493185
41.223388
40.911718
40.607253
40.308171
40.013254
39.725447
39.497732
39.342999
39.252598
39.206308
39.183166
39.17502
39.172403
39.171649
39.171401
39.171353
39.171625
39.172017
39.171769
39.154562
38.892663
36.534018
29.529618
18.159075
5.8134265
37.861172
38.825451
39.554136
40.099757
40.62894
41.119902
41.499708
41.730931
41.842248
41.796257
41.652108
41.49804
41.247736
40.948106
40.652805
40.367969
40.092468
39.806621
39.565023
39.388721
39.278993
39.221058
39.189803
39.177149
39.173414
39.171653
39.171191
39.171185
39.171228
39.171569
39.171905
39.167224
39.061559
37.916435
32.279528
20.679532
6.6639299
37.865608
38.674085
39.409014
39.938876
40.396231
40.811338
41.148891
41.369329
41.511227
41.48859
41.403019
41.241338
41.033643
40.812254
40.57995
40.375296
40.110655
39.830554
39.589054
39.408679
39.292798
39.23008
39.194598
39.179046
39.174534
39.172222
39.170899
39.170574
39.171064
39.171212
39.17138
39.170684
39.133038
38.591488
34.630425
23.397256
7.632109
37.872988
38.520603
39.223766
39.741186
40.140449
40.472937
40.742382
40.922154
41.063567
41.056181
41.008705
40.906692
40.766188
40.595847
40.399167
40.171307
39.932476
39.709586
39.522979
39.380111
39.294036
39.232073
39.195205
39.179855
39.174829
39.173802
39.171343
39.169969
39.170322
39.170973
39.17122
39.171301
39.157111
38.888979
36.406179
26.210905
8.7463828
37.882835
38.372864
38.999698
39.491166
39.849054
40.115883
40.317735
40.447259
40.557999
40.556676
40.53272
40.468603
40.367057
40.229737
40.064051
39.881206
39.70004
39.536521
39.404498
39.30974
39.242204
39.205815
39.182966
39.17565
39.173582
39.173625
39.173414
39.171003
39.1697
39.170219
39.171032
39.171324
39.166345
39.04039
37.491829
28.876553
10.026628
37.89644
38.234195
38.737205
39.167987
39.485024
39.706444
39.858941
39.949186
40.020448
40.017236
39.990889
39.928041
39.834212
39.719178
39.596378
39.482878
39.384232
39.306844
39.25143
39.220197
39.195043
39.182148
39.178321
39.171689
39.171627
39.171607
39.172034
39.17345
39.171039
39.169813
39.170528
39.171256
39.169266
39.105596
38.122028
31.07821
11.439209
37.913539
38.092805
38.408993
38.708941
38.938472
39.095237
39.194811
39.248956
39.279727
39.273294
39.255306
39.231941
39.210772
39.195389
39.181393
39.180939
39.179964
39.173169
39.173763
39.182105
39.174479
39.173534
39.174267
39.171015
39.169916
39.170203
39.171131
39.173246
39.173643
39.170752
39.170376
39.171151
39.170408
39.133061
38.455182
32.582529
12.779782
37.961801
37.995606
38.075725
38.183568
38.3225
38.462818
38.590972
38.703568
38.802039
38.889216
38.966618
39.030009
39.084459
39.127031
39.136441
39.196594
39.1657
39.163604
39.173108
39.176537
39.177067
39.173232
39.176077
39.175851
39.170393
39.169923
39.170825
39.172466
39.175378
39.175185
39.172516
39.172384
39.171948
39.146699
38.595424
33.255963
13.537911
41.851529
41.831849
41.867351
41.928426
41.98388
42.035868
42.086369
42.134548
42.178611
42.216258
42.246397
42.268317
42.277914
42.27112
42.251141
42.216815
42.171394
42.102368
42.006531
41.882502
41.724462
41.539532
41.336966
41.121435
40.897183
40.670948
40.44968
40.237562
40.03949
39.857135
39.692766
39.551995
39.437487
39.323195
38.639607
33.031217
13.264958
42.304694
42.230409
42.23702
42.298353
42.413981
42.550391
42.683727
42.799654
42.892101
42.95241
42.99867
42.99539
42.980676
42.953093
42.915603
42.870383
42.819171
42.762373
42.699087
42.626337
42.543137
42.431391
42.278006
42.080487
41.840805
41.56651
41.268541
40.95878
40.650629
40.354113
40.080893
39.840689
39.638657
39.473508
38.520125
32.028942
12.198547
42.311148
42.212605
42.263614
42.471014
42.780626
43.097543
43.375634
43.598353
43.761727
43.861643
43.918118
43.900516
43.841373
43.739547
43.608445
43.462936
43.316483
43.179221
43.057367
42.950396
42.855311
42.758613
42.640491
42.474295
42.251705
41.977054
41.660049
41.315331
40.959289
40.609307
40.28307
39.991833
39.74653
39.46782
38.096146
30.173113
10.779642
42.316568
42.205957
42.338584
42.739555
43.223358
43.670591
44.040781
44.326389
44.522592
44.642121
44.685891
44.652268
44.554861
44.398096
44.193725
43.960591
43.720114
43.493307
43.288279
43.119519
42.988575
42.880567
42.768269
42.664235
42.478721
42.209471
41.876991
41.504536
41.11552
40.733317
40.37724
40.061387
39.787843
39.39734
37.273024
27.693158
9.4061476
42.321001
42.198348
42.441877
43.00595
43.608617
44.139244
44.570063
44.892805
45.097938
45.248888
45.236169
45.172753
45.038198
44.83995
44.585952
44.281365
43.966319
43.671973
43.452931
43.238682
43.062312
42.930858
42.809288
42.660711
42.469123
42.192808
41.854246
41.477868
41.087909
40.706623
40.354589
40.048415
39.765235
39.181185
35.854986
24.950347
8.2328215
42.324787
42.191338
42.562906
43.252628
43.935175
44.527798
45.005176
45.343593
45.561596
45.671968
45.637909
45.529091
45.336161
45.083998
44.78642
44.489398
44.111736
43.742676
43.446531
43.227413
43.050426
42.917915
42.791416
42.632588
42.421405
42.126497
41.77507
41.393095
41.005
40.633513
40.30093
40.019159
39.686906
38.70983
33.838225
22.269093
7.2406132
42.327978
42.184636
42.690439
43.468077
44.203775
44.846337
45.35309
45.687001
45.917959
45.935912
45.881477
45.723364
45.538542
45.231773
44.853515
44.470117
44.077692
43.701592
43.403354
43.184081
43.013335
42.882028
42.745913
42.568774
42.328754
42.012036
41.649722
41.26747
40.889154
40.538621
40.237821
39.969382
39.524597
37.792912
31.468112
19.831811
6.4027222
42.330737
42.178237
42.818152
43.647063
44.420823
45.101792
45.615512
45.928942
46.11228
46.091699
46.032794
45.833321
45.529214
45.199846
44.801083
44.384589
43.971361
43.602347
43.321768
43.117054
42.960032
42.828279
42.6762
42.472345
42.200347
41.864243
41.496268
41.120607
40.761052
40.442433
40.176893
39.88735
39.219239
36.331181
28.960988
17.69619
5.6949698
42.333211
42.172216
42.940331
43.788345
44.591122
45.294263
45.792448
46.06789
46.189469
46.167859
46.023962
45.798141
45.465575
45.092477
44.663465
44.227029
43.815508
43.473866
43.22364
43.041085
42.896651
42.757468
42.581586
42.345625
42.044475
41.695464
41.328977
40.967827
40.6367
40.358106
40.116475
39.74344
38.571027
34.487105
26.482337
15.85071
5.0951737
42.335469
42.166453
43.052859
43.893399
44.716488
45.421601
45.887338
46.118446
46.210189
46.140435
45.965147
45.687468
45.321895
44.911012
44.461902
44.024624
43.638481
43.338584
43.123757
42.962951
42.823111
42.666897
42.460778
42.192586
41.869531
41.515816
41.158597
40.82055
40.526565
40.287229
40.035931
39.489911
37.466035
32.396881
24.135608
14.256207
4.5823469
42.33749
42.160963
43.15079
43.963389
44.794585
45.481701
45.91578
46.125925
46.165454
46.047859
45.827302
45.504917
45.108966
44.671347
44.219422
43.804264
43.462407
43.210159
43.028448
42.88195
42.735112
42.553049
42.314201
42.01857
41.682768
41.332724
40.993155
40.687775
40.437856
40.226912
39.906145
38.937153
35.983574
30.178233
21.964823
12.865439
4.1370878
42.339274
42.155965
43.22491
43.998825
44.821539
45.494932
45.863658
46.018824
46.056624
45.880331
45.617732
45.259081
44.839565
44.392916
43.960493
43.588585
43.301086
43.093956
42.936749
42.792579
42.627119
42.41384
42.144456
41.829427
41.49052
41.152988
40.840776
40.577121
40.368814
40.146902
39.648198
38.005333
34.201451
27.930927
19.981696
11.640385
3.7454642
42.341011
42.151556
43.266758
44.008153
44.794054
45.402237
45.764326
45.875072
45.887944
45.640195
45.34554
44.960165
44.531228
44.098712
43.708047
43.393122
43.160011
42.988371
42.842582
42.687461
42.494683
42.249555
41.955885
41.631201
41.299022
40.983663
40.708912
40.492231
40.310454
40.015271
39.100317
36.711659
32.204266
25.725103
18.175344
10.549039
3.396327
42.342796
42.146766
43.279601
43.973593
44.71697
45.274095
45.593984
45.690555
45.591911
45.34456
45.020971
44.624067
44.20677
43.812322
43.479588
43.224915
43.037249
42.886516
42.737288
42.559912
42.335984
42.06316
41.754274
41.430443
41.115396
40.833409
40.606387
40.433578
40.228746
39.702838
38.217016
35.096261
30.079479
23.606778
16.528877
9.5681233
3.0821138
42.344396
42.139248
43.259369
43.912758
44.591902
45.081687
45.339896
45.409788
45.255847
45.001102
44.660565
44.273391
43.891118
43.55322
43.284229
43.08255
42.924933
42.778375
42.612248
42.40588
42.152441
41.859893
41.546474
41.234723
40.948753
40.712239
40.535911
40.375111
40.046245
39.1161
36.9827
33.223332
27.904599
21.59983
15.023677
8.6796806
2.79713
42.345795
42.11897
43.223559
43.816811
44.422974
44.843338
45.041769
45.085861
44.886558
44.624826
44.288293
43.93396
43.605795
43.33253
43.121639
42.957544
42.811506
42.653492
42.46127
42.225015
41.948525
41.646755
41.340681
41.053846
40.810549
40.627475
40.484023
40.259958
39.658739
38.198843
35.419396
31.169672
25.740034
19.71309
13.64313
7.8702786
2.5372311
42.34836
42.085928
43.1695
43.694246
44.216272
44.564727
44.705549
44.726996
44.495024
44.240585
43.931292
43.628463
43.363545
43.150808
42.982924
42.836736
42.684511
42.503581
42.282082
42.020682
41.731146
41.432523
41.147538
40.900443
40.71087
40.572308
40.40585
39.999474
38.984363
36.9314
33.579972
29.01147
23.628891
17.948502
12.375128
7.1309438
2.2997036
42.356374
42.034784
43.097581
43.55066
43.980622
44.26102
44.3493
44.35214
44.103549
43.876869
43.612674
43.370234
43.165268
42.998419
42.853097
42.705295
42.533322
42.324267
42.076565
41.7993
41.509442
41.22865
40.980773
40.786748
40.64834
40.513023
40.225773
39.500714
37.96903
35.331021
31.532206
26.813247
21.598572
16.304033
11.209861
6.4545362
2.0822895
42.374227
41.960221
43.003973
43.394291
43.725701
43.945729
44.010021
43.925157
43.750075
43.554677
43.345224
43.159531
43.00016
42.858269
42.714629
42.549855
42.351151
42.11561
41.85028
41.570199
41.295761
41.05013
40.854597
40.715663
40.597642
40.384081
39.849983
38.684591
36.592717
33.440791
29.344804
24.625248
19.666112
14.776447
10.139291
5.8352583
1.8831412
42.4118
41.855428
42.880653
43.234343
43.467018
43.618772
43.659214
43.571553
43.442449
43.285069
43.12708
42.983334
42.84842
42.709611
42.550839
42.36065
42.135771
41.881915
41.612508
41.346593
41.106404
40.912978
40.775275
40.668064
40.500705
40.092295
39.181286
37.494813
34.863435
31.315648
27.079024
22.484261
17.84071
13.36051
9.1553114
5.2675038
1.7004531
42.485546
41.714251
42.709484
43.072278
43.230915
43.331906
43.356229
43.280263
43.183051
43.062721
42.940601
42.817214
42.684423
42.531057
42.347938
42.132465
41.889715
41.631909
41.376888
41.145933
40.959427
40.826917
40.728469
40.589664
40.261445
39.520885
38.123376
35.891265
32.800373
29.0046
24.776836
20.406276
16.116516
12.041444
8.2437759
4.7421472
1.5312193
42.625339
41.534107
42.456206
42.886622
43.011887
43.077905
43.093258
43.032849
42.958877
42.862506
42.754283
42.629356
42.481183
42.30389
42.096328
41.8639
41.618539
41.377709
41.162092
40.990537
40.870054
40.780235
40.655633
40.373777
39.730862
38.515378
36.560286
33.819542
30.398232
26.517347
22.433967
18.365813
14.456764
10.783442
7.3771453
4.2426304
1.3700467
42.894741
41.328191
42.071602
42.614352
42.779949
42.833975
42.848535
42.799808
42.734252
42.640261
42.52232
42.376684
42.201855
41.99976
41.778059
41.550205
41.333972
41.147879
41.004688
40.902157
40.814168
40.683457
40.402983
39.781427
38.614487
36.782929
34.248927
31.099527
27.518426
23.725527
19.915835
16.226638
12.737294
9.485445
6.4829599
3.7263878
1.2030949
43.423315
41.148948
41.551304
42.109725
42.413969
42.497719
42.511629
42.465943
42.393592
42.284845
42.147501
41.984181
41.801991
41.611262
41.425356
41.257699
41.117143
41.002095
40.896894
40.78252
40.593679
40.21035
39.456608
38.152183
36.204536
33.670021
30.642207
27.285526
23.780134
20.281905
16.901227
13.703647
10.721712
7.9668642
5.4373021
3.1227464
1.0077833
44.457447
41.088343
41.110913
41.26151
41.659634
41.928211
42.025888
42.032869
41.933037
41.832754
41.70045
41.553695
41.400397
41.248915
41.10424
40.964118
40.814614
40.625447
40.342254
39.861681
39.052644
37.77254
35.916293
33.49231
30.692667
27.634615
24.456793
21.288644
18.228548
15.33948
12.654064
10.183633
7.9258597
5.8697453
3.9990519
2.2953258
0.74068666
46.430818
41.828385
41.089648
40.57592
40.423832
40.401114
40.394356
40.376133
40.246734
40.086546
39.858464
39.571037
39.209209
38.749632
38.158721
37.392751
36.39951
35.122706
33.510578
31.533415
29.217249
26.656199
24.010083
21.449401
18.987536
16.624967
14.419862
12.393984
10.551712
8.8837998
7.3729414
5.997528
4.734519
3.5625066
2.4649103
1.4327389
0.46590297
49.511635
48.060881
47.382209
45.822854
44.491116
43.406701
42.705321
42.175706
41.732951
41.319711
40.903457
40.459753
39.972676
39.432266
38.830149
38.162832
37.433957
36.656933
35.857124
35.072563
34.350883
33.73988
33.274761
32.964533
32.787026
32.701659
32.637145
32.477334
32.063765
31.206353
29.705047
27.381296
24.12648
19.938458
14.92426
9.27708
3.2340165
)
;

boundaryField
{
    inner_wall
    {
        type            zeroGradient;
    }
    outer_wall
    {
        type            fixedValue;
        value           uniform 0;
    }
    side_outlet
    {
        type            zeroGradient;
    }
    inlet
    {
        type            fixedValue;
        value           uniform 50;
    }
    bottom
    {
        type            zeroGradient;
    }
    front
    {
        type            wedge;
    }
    back
    {
        type            wedge;
    }
}


// ************************************************************************* //
