/*--------------------------------*- C++ -*----------------------------------*\
| =========                 |                                                 |
| \\      /  F ield         | OpenFOAM: The Open Source CFD Toolbox           |
|  \\    /   O peration     | Version:  2506                                  |
|   \\  /    A nd           | Website:  www.openfoam.com                      |
|    \\/     M anipulation  |                                                 |
\*---------------------------------------------------------------------------*/
FoamFile
{
    version     2.0;
    format      ascii;
    arch        "LSB;label=32;scalar=64";
    class       volScalarField;
    location    "513";
    object      p;
}
// * * * * * * * * * * * * * * * * * * * * * * * * * * * * * * * * * * * * * //

dimensions      [0 2 -2 0 0 0 0];

internalField   nonuniform List<scalar> 
3072
(
-0.000123967151
-9.41515227e-05
-9.04856996e-05
-8.44512021e-05
-7.46945487e-05
-6.29698096e-05
-5.10207649e-05
-3.99856133e-05
-2.77742581e-05
-1.40153798e-05
-7.56288082e-06
-7.76018671e-06
-7.6220449e-06
-6.31046445e-06
-4.47204406e-06
-2.49540733e-06
-5.35730872e-07
1.32378812e-06
3.02536806e-06
4.52418508e-06
5.80686456e-06
7.01603681e-06
8.0422961e-06
8.74649926e-06
9.27238411e-06
9.66435072e-06
9.94257381e-06
1.01314822e-05
1.02633897e-05
1.03857691e-05
1.05659023e-05
1.08151612e-05
-0.000264310381
-0.00018645209
-0.000160138653
-0.000141512734
-0.000123474774
-0.000104850637
-8.642101e-05
-6.86357397e-05
-5.08429993e-05
-3.39336249e-05
-2.18125376e-05
-1.4469991e-05
-8.57002427e-06
-3.29991642e-06
1.33040367e-06
5.32477258e-06
8.74335287e-06
1.164488e-05
1.40880807e-05
1.6149825e-05
1.77775578e-05
1.92003208e-05
2.04184762e-05
2.12384695e-05
2.18514244e-05
2.23315799e-05
2.27116225e-05
2.30231759e-05
2.330431e-05
2.36021525e-05
2.3947374e-05
2.42410722e-05
-0.000326423796
-0.000221781199
-0.000176574358
-0.00014611302
-0.000121669593
-0.000100771866
-8.23237213e-05
-6.56797219e-05
-5.03713962e-05
-3.65146849e-05
-2.47568546e-05
-1.50290442e-05
-6.70555238e-06
5.3328276e-07
6.82420929e-06
1.22633837e-05
1.69345351e-05
2.09092558e-05
2.42731823e-05
2.72005473e-05
2.95866348e-05
3.14880778e-05
3.30811533e-05
3.43169142e-05
3.52851883e-05
3.6047205e-05
3.66469229e-05
3.71230326e-05
3.75126446e-05
3.7854138e-05
3.81780546e-05
3.84492247e-05
-0.000386212927
-0.000266915195
-0.000210788364
-0.000168760907
-0.000135763029
-0.000109664208
-8.78522472e-05
-6.89316074e-05
-5.21829851e-05
-3.72967369e-05
-2.41971307e-05
-1.27467127e-05
-2.72757864e-06
6.04068728e-06
1.3690068e-05
2.03248379e-05
2.60363786e-05
3.09110043e-05
3.50378837e-05
3.85009159e-05
4.14022746e-05
4.3757357e-05
4.56285839e-05
4.71510673e-05
4.8363007e-05
4.93170603e-05
5.0067428e-05
5.06623352e-05
5.11448479e-05
5.15569632e-05
5.19302944e-05
5.22253775e-05
-0.00044202545
-0.000315680854
-0.000246465844
-0.000194678312
-0.000154290748
-0.000122039061
-9.5436351e-05
-7.29131858e-05
-5.34565377e-05
-3.64583255e-05
-2.15552246e-05
-8.48032056e-06
2.98965285e-06
1.30327101e-05
2.17905271e-05
2.93832268e-05
3.59220193e-05
4.15135238e-05
4.62355584e-05
5.00709085e-05
5.32998198e-05
5.60636354e-05
5.82580921e-05
6.00108939e-05
6.14107845e-05
6.25243911e-05
6.34105676e-05
6.41221747e-05
6.47075476e-05
6.52151682e-05
6.56822473e-05
6.60574509e-05
-0.000490655569
-0.000359350265
-0.000280091362
-0.000220370462
-0.000173455098
-0.000135074613
-0.000103461402
-7.69815272e-05
-5.44126237e-05
-3.49372264e-05
-1.80135716e-05
-3.25700722e-06
9.62064786e-06
2.08409665e-05
3.05813736e-05
3.89918549e-05
4.62065225e-05
5.23489359e-05
5.75294809e-05
6.18424678e-05
6.54207635e-05
6.83737752e-05
7.07722026e-05
7.27057739e-05
7.42588299e-05
7.55059564e-05
7.65134066e-05
7.73399285e-05
7.80400611e-05
7.86710461e-05
7.92766317e-05
7.97778277e-05
-0.000531925761
-0.000396360077
-0.000311284929
-0.000245353393
-0.000191929353
-0.000147979302
-0.000111621489
-8.11857692e-05
-5.53783349e-05
-3.32741997e-05
-1.42176297e-05
2.27295875e-06
1.65600962e-05
2.89246904e-05
3.95928056e-05
4.87542144e-05
5.65746964e-05
6.32035285e-05
6.87777814e-05
7.34252803e-05
7.72691301e-05
8.04239424e-05
8.29931479e-05
8.50736083e-05
8.67550058e-05
8.81189731e-05
8.92384919e-05
9.01781278e-05
9.09987133e-05
9.17668559e-05
9.25329978e-05
9.318362e-05
-0.000566132827
-0.000427474189
-0.000338406754
-0.00026779677
-0.000209055515
-0.000160191555
-0.000119500829
-8.533947e-05
-5.63985135e-05
-3.17025857e-05
-1.05252474e-05
7.68777302e-06
2.33651034e-05
3.68457656e-05
4.8405701e-05
5.8276888e-05
6.66602427e-05
7.3734331e-05
7.96608846e-05
8.45884583e-05
8.86545721e-05
9.19861688e-05
9.46997862e-05
9.69025027e-05
9.86922205e-05
0.000100157633
0.00010137781
0.000102422616
0.000103358705
0.000104261535
0.00010518759
0.000105987786
-0.000594146977
-0.000453435407
-0.000361224089
-0.000286857484
-0.000223987974
-0.000171079299
-0.00012666198
-8.91943038e-05
-5.740081e-05
-3.02971862e-05
-7.12039167e-06
1.27315544e-05
2.97379e-05
4.42864332e-05
5.66976253e-05
6.7242679e-05
7.61563116e-05
8.36457411e-05
8.98967259e-05
9.50776513e-05
9.93421321e-05
0.000102830491
0.000105670756
0.000107979557
0.000109862715
0.000111415531
0.000112722603
0.000113858481
0.000114894837
0.000115914654
0.000116979419
0.000117909139
-0.00061649019
-0.000474436993
-0.000379939721
-0.000302668671
-0.000236574408
-0.000180405105
-0.000132888652
-9.2599046e-05
-5.83160487e-05
-2.90710158e-05
-4.08752551e-06
1.72640731e-05
3.54984159e-05
5.10407785e-05
6.42481811e-05
7.54253862e-05
8.48370164e-05
9.27161649e-05
9.9270662e-05
0.000104687353
0.000109135149
0.000112767042
0.000115721615
0.000118124174
0.000120087689
0.000121713349
0.000123090577
0.000124297903
0.000125411047
0.00012651871
0.00012768615
0.000128710986
-0.000633726451
-0.000490848381
-0.00039479926
-0.000315366481
-0.000246804025
-0.000188073273
-0.000138060141
-9.54447305e-05
-5.9068878e-05
-2.79909342e-05
-1.43668449e-06
2.12367352e-05
4.05664283e-05
5.70046111e-05
7.09362585e-05
8.26930962e-05
9.25644697e-05
0.000100805441
0.000107642843
0.000113279674
0.000117898348
0.000121663063
0.00012472162
0.000127206868
0.000129237908
0.00013092091
0.000132349297
0.000133604829
0.000134766242
0.000135925962
0.000137151761
0.000138229499
-0.000646482482
-0.000503163759
-0.000406150003
-0.000325165615
-0.000254771212
-0.000194090748
-0.000142131278
-9.76636751e-05
-5.95900885e-05
-2.69997041e-05
8.70528555e-07
2.46668975e-05
4.49391661e-05
6.21575155e-05
7.6727027e-05
8.89998198e-05
9.92845315e-05
0.000107853793
0.000114949873
0.000120789059
0.000125564946
0.000129451033
0.000132602737
0.000135159091
0.000137244163
0.000138968089
0.000140427429
0.000141706434
0.000142885851
0.000144059886
0.000145297665
0.000146384369
-0.000655394709
-0.00051191301
-0.000414397853
-0.000332349317
-0.000260647138
-0.00019853697
-0.00014511448
-9.92251954e-05
-5.98240455e-05
-2.60315891e-05
2.90026476e-06
2.76151963e-05
4.86687291e-05
6.65419187e-05
8.16534109e-05
9.43698019e-05
0.000105013954
0.000113871718
0.000121197189
0.000127216917
0.000132133198
0.000136126756
0.000139358908
0.000141973426
0.000144098135
0.000145846107
0.000147316209
0.000148594476
0.000149762789
0.000150915386
0.000152121771
0.000153176665
-0.000661078696
-0.000517622825
-0.000419969053
-0.000337236222
-0.000264647587
-0.000201538524
-0.000147064387
-0.000100129196
-5.97323241e-05
-2.50233977e-05
4.73011437e-06
3.01660147e-05
5.18410423e-05
7.02419136e-05
8.57956889e-05
9.88785215e-05
0.000109823091
0.00011892455
0.000126445475
0.000132619806
0.00013765614
0.000141740403
0.000145038141
0.000147696466
0.000149845798
0.000151601192
0.000153063049
0.000154318582
0.000155450062
0.000156550347
0.000157688549
0.000158677403
-0.00066411114
-0.000520794218
-0.000423284837
-0.000340155166
-0.000267010832
-0.000203250546
-0.000148064834
-0.000100400992
-5.92952231e-05
-2.39218824e-05
6.43688987e-06
3.24118029e-05
5.45579489e-05
7.33642101e-05
8.92621468e-05
0.000102633671
0.000113817627
0.00012311521
0.000130794549
0.000137094471
0.000142227713
0.000146383601
0.000149730382
0.000152417262
0.000154576223
0.00015632346
0.000157760256
0.000158974491
0.000160048252
0.000161071978
0.000162113835
0.000163010829
-0.000665020908
-0.000521895654
-0.000424751993
-0.000341432036
-0.000267982647
-0.000203844193
-0.000148219729
-0.000100087117
-5.85118417e-05
-2.26884976e-05
8.08797781e-06
3.44411533e-05
5.69230002e-05
7.60223049e-05
9.21723937e-05
0.000105758093
0.000117121603
0.000126567555
0.000134367256
0.000140762347
0.000145967898
0.000150175112
0.000153553662
0.000156253792
0.000158408184
0.000160133492
0.000161531344
0.000162689897
0.000163690639
0.000164620912
0.000165547594
0.000166335874
-0.000664283302
-0.000521352626
-0.000424745576
-0.000341375417
-0.000267805097
-0.00020349667
-0.000147645839
-9.92504948e-05
-5.7398834e-05
-2.13015385e-05
9.73600857e-06
3.6330828e-05
5.90312784e-05
7.832469e-05
9.46444005e-05
0.000108376116
0.000119863361
0.000129412214
0.000137295362
0.000143755622
0.000149008997
0.000153247352
0.000156640781
0.000159339735
0.000161476928
0.000163168944
0.00016451736
0.000165610308
0.000166528422
0.0001673556
0.000168157252
0.000168828477
-0.00066231162
-0.000519540843
-0.000423607246
-0.000340271644
-0.00026670834
-0.000202382882
-0.000146465366
-9.79649734e-05
-5.59872863e-05
-1.97554126e-05
1.14171748e-05
3.81419067e-05
6.09636032e-05
8.03674858e-05
9.67858704e-05
0.000110603996
0.000122165303
0.000131775908
0.000139708573
0.000146206099
0.000151484384
0.000155735062
0.000159127908
0.000161812968
0.000163922511
0.00016557267
0.00016686469
0.000167886478
0.000168717675
0.000169438657
0.000170113331
0.000170666557
-0.000659462434
-0.000516782769
-0.00042163974
-0.000338377887
-0.000264903116
-0.000200667885
-0.00014479895
-9.63093425e-05
-5.43181224e-05
-1.80576615e-05
1.31524951e-05
3.99193594e-05
6.27845166e-05
8.22310205e-05
9.86896285e-05
0.000112544327
0.000124137522
0.000133774448
0.000141727044
0.000148237305
0.000153520304
0.000157766846
0.000161145879
0.000163806642
0.000165880634
0.000167483301
0.000168715375
0.000169664406
0.000170409003
0.000171026151
0.000171578308
0.000172018494
-0.000656030879
-0.000513345163
-0.000419106804
-0.000335921464
-0.000262577761
-0.000198502543
-0.000142760688
-9.43625476e-05
-5.24377733e-05
-1.62255233e-05
1.49503661e-05
4.16935063e-05
6.45425616e-05
8.39789634e-05
0.000100431917
0.000114283526
0.000125874549
0.00013550881
0.000143456901
0.000149959528
0.000155230505
0.000159459444
0.000162814162
0.000165442854
0.000167476071
0.000169028438
0.000170200074
0.000171078102
0.000171740123
0.000172260003
0.000172698878
0.000173035292
-0.000652249173
-0.000509468477
-0.000416222616
-0.000333097155
-0.000259899601
-0.000196022874
-0.00014045545
-9.22001912e-05
-5.03945559e-05
-1.42822551e-05
1.68104726e-05
4.34839704e-05
6.62717568e-05
8.56576121e-05
0.000102071758
0.000115891265
0.000127454426
0.000137063709
0.000144988306
0.000151467426
0.000156713427
0.000160914551
0.000164237352
0.000166828877
0.000168818652
0.000170320435
0.000171433695
0.000172245096
0.000172831298
0.000173263408
0.000173601409
0.000173846104
-0.000648309743
-0.000505543609
-0.000413023469
-0.00033001587
-0.000257004719
-0.000193345043
-0.000137973973
-8.98896415e-05
-4.82337329e-05
-1.22515298e-05
1.87306439e-05
4.53086298e-05
6.79954565e-05
8.72933434e-05
0.000103649629
0.0001174195
0.000128937753
0.000138506635
0.000146394382
0.000152838781
0.000158050754
0.000162217178
0.000165503346
0.000168055162
0.00017000114
0.000171454184
0.000172513119
0.000173264157
0.000173783109
0.000174138709
0.000174389973
0.000174556474
-0.000644358547
-0.000501785422
-0.00040959449
-0.000326787795
-0.000254003334
-0.000190564531
-0.000135394615
-8.74930645e-05
-4.60032187e-05
-1.01708179e-05
2.067571e-05
4.71294731e-05
6.97231114e-05
8.89480872e-05
0.000105226676
0.000118924182
0.000130380558
0.000139896085
0.000147736569
0.000154137956
0.000159309606
0.000163436975
0.000166684067
0.000169195647
0.000171099253
0.000172506954
0.000173516949
0.000174215017
0.000174676232
0.000174967331
0.000175146467
0.000175248757
-0.000640495689
-0.000498119712
-0.000406181872
-0.000323534698
-0.000250976531
-0.000187753376
-0.000132779068
-8.50583787e-05
-4.37366309e-05
-8.06408493e-06
2.26387794e-05
4.89666885e-05
7.1475607e-05
9.06230468e-05
0.000106806862
0.000120423226
0.000131811453
0.000141268052
0.000149056473
0.00015541106
0.000160539748
0.000164626687
0.000167834728
0.00017030759
0.00017217178
0.000173538744
0.000174506139
0.000175159232
0.000175572512
0.000175811133
0.000175932292
0.000175983405
-0.000636798159
-0.000494583922
-0.000402825978
-0.000320370302
-0.000247993651
-0.000184958575
-0.000130165791
-8.26124666e-05
-4.14408257e-05
-5.94853089e-06
2.46307506e-05
5.08473679e-05
7.32423906e-05
9.22822414e-05
0.000108381233
0.000121924865
0.000133248159
0.00014264678
0.00015038348
0.000156691599
0.000161777981
0.000165825786
0.000168997104
0.000171434732
0.000173261992
0.00017459259
0.000175524646
0.000176141107
0.00017651608
0.000176713799
0.000176790515
0.000176801507
-0.000633314663
-0.000491225592
-0.000399594498
-0.000317331441
-0.000245109941
-0.0001822297
-0.00012759626
-8.0201511e-05
-3.91854439e-05
-3.79629464e-06
2.66462415e-05
5.27503605e-05
7.50346828e-05
9.39665252e-05
0.000109983128
0.000123455645
0.000134715162
0.000144056925
0.000151743127
0.000158006186
0.000163051987
0.000167062742
0.000170199525
0.000172604459
0.000174402651
0.000175704365
0.000176606324
0.000177193094
0.000177538292
0.000177705119
0.000177749536
0.000177732816
-0.000630067249
-0.000488068984
-0.000396541905
-0.000314418681
-0.000242329732
-0.000179585391
-0.000125090488
-7.78322789e-05
-3.69471352e-05
-1.67633228e-06
2.86574291e-05
5.46624118e-05
7.68382417e-05
9.56700295e-05
0.000111612619
0.000125020406
0.000136221132
0.0001455102
0.000153149569
0.000159370977
0.000164379568
0.000168356842
0.000171463195
0.000173840169
0.000175612484
0.00017688982
0.000177768509
0.00017833294
0.00017865638
0.00017880139
0.000178823653
0.000178788295
-0.000627058976
-0.000485121289
-0.000393674165
-0.000311654103
-0.000239673484
-0.000177043101
-0.000122664698
-7.5521757e-05
-3.47479736e-05
4.18321404e-07
3.06599126e-05
5.65758132e-05
7.8654182e-05
9.74000583e-05
0.000113277228
0.000126626652
0.000137774099
0.000147015345
0.000154612234
0.000160796014
0.000165771261
0.000169718936
0.000172798928
0.000175152311
0.000176903375
0.000178161451
0.000179022568
0.000179570864
0.000179879352
0.000180010201
0.000180018883
0.000179972548
-0.0006242799
-0.000482377967
-0.000390987508
-0.000309042646
-0.000237147013
-0.000174608372
-0.000120325076
-7.32776934e-05
-3.25979303e-05
2.47728164e-06
3.26341127e-05
5.84783534e-05
8.04898234e-05
9.91681443e-05
0.000114984245
0.000128279091
0.000139378038
0.000148576305
0.000156135247
0.000162285653
0.000167231643
0.000171153735
0.000174211402
0.000176545341
0.000178279502
0.000179522922
0.00018037138
0.000180908806
0.000181208026
0.000181330995
0.00018133304
0.000181281883
-0.000621710938
-0.000479825215
-0.000388471397
-0.000306578346
-0.000234746533
-0.000172278957
-0.000118070751
-7.11003165e-05
-3.04979835e-05
4.49940041e-06
3.45787332e-05
6.03561054e-05
8.233393e-05
0.000100977841
0.000116736067
0.000129977978
0.000141032419
0.000150192437
0.000157718034
0.000163839419
0.000168760302
0.000172660811
0.000175700065
0.000178018447
0.000179739634
0.000180972425
0.000181812392
0.000182343293
0.000182637818
0.000182757845
0.000182758614
0.000182707342
-0.000619327384
-0.000477443052
-0.000386109652
-0.000304248691
-0.000232461969
-0.000170046416
-0.00011589401
-6.89812406e-05
-2.84363399e-05
6.50555697e-06
3.65278094e-05
6.22297399e-05
8.41650251e-05
0.000102791803
0.000118507891
0.00013170803
0.000142726588
0.000151855559
0.000159353971
0.000165451677
0.000170352172
0.000174235355
0.000177260121
0.000179566644
0.000181278415
0.000182504062
0.000183339006
0.000183866864
0.000184160243
0.000184281047
0.00018428447
0.000184236473
-0.00061710222
-0.00047520853
-0.000383883155
-0.000302038091
-0.000230280873
-0.000167901145
-0.000113787812
-6.69157553e-05
-2.64108578e-05
8.49415246e-06
3.84771377e-05
6.41166168e-05
8.59992974e-05
0.000104601135
0.000120289801
0.000133461766
0.000144454114
0.000153559495
0.000161036943
0.000167116293
0.000172001005
0.000175870913
0.000178884814
0.000181182781
0.000182888197
0.000184109586
0.000184942265
0.000185469751
0.0001857646
0.000185888819
0.000185897587
0.00018585513
-0.000615008212
-0.000473097843
-0.000381771741
-0.000299929662
-0.000228189868
-0.000165833403
-0.000111746303
-6.49026989e-05
-2.44273839e-05
1.04477247e-05
4.03993731e-05
6.6008609e-05
8.78594635e-05
0.000106429206
0.000122092086
0.000135242146
0.000146214419
0.000155301488
0.000162762651
0.000168827846
0.000173700532
0.000177560514
0.000180566549
0.000182858659
0.00018456017
0.000185779544
0.000186612025
0.000187141056
0.000187439174
0.000187568531
0.000187584313
0.000187548746
-0.000613018949
-0.000471087388
-0.000379755027
-0.000297905616
-0.000226174163
-0.00016383123
-0.000109760076
-6.29348582e-05
-2.24802016e-05
1.2371958e-05
4.23004891e-05
6.79010304e-05
8.97393291e-05
0.000108274144
0.000123908109
0.000137042492
0.000148001217
0.000157075186
0.000164524406
0.000170579223
0.00017544319
0.000179296134
0.000182296827
0.000184585285
0.000186284823
0.000187503871
0.000188337634
0.000188869501
0.000189172015
0.000189307496
0.000189331149
0.0001893031
-0.000611109704
-0.000469154727
-0.000377813439
-0.000295948378
-0.000224218878
-0.000161882293
-0.000107819077
-6.1004176e-05
-2.05625115e-05
1.427388e-05
4.41867329e-05
6.97855825e-05
9.16208542e-05
0.000110130197
0.000125740376
0.000138863225
0.000149812068
0.000158876405
0.000166316874
0.000172364176
0.000177221957
0.000181070085
0.00018406736
0.000186353821
0.000188052785
0.000189272677
0.000190108675
0.000190644134
0.000190951612
0.000191093612
0.000191125357
0.000191104897
-0.0006092582
-0.000467279375
-0.000375929028
-0.000294041337
-0.000222309795
-0.000159974558
-0.000105913086
-5.91018714e-05
-1.86661319e-05
1.61625953e-05
4.60671373e-05
7.16592088e-05
9.34865468e-05
0.000111987092
0.000127589107
0.000140702914
0.000151643309
0.000160700213
0.000168134285
0.000174176241
0.00017902976
0.000182874751
0.000185870047
0.000188155707
0.000189855062
0.000191076537
0.000191915297
0.000192454674
0.00019276725
0.000192915706
0.000192955276
0.000192942044
-0.000607445209
-0.00046544344
-0.000374086198
-0.0002921696
-0.000220434363
-0.000158097597
-0.000104033582
-5.72213594e-05
-1.67866634e-05
1.80395657e-05
4.7940701e-05
7.35284185e-05
9.53490278e-05
0.000113845524
0.000129445211
0.000142553418
0.000153488131
0.000162540131
0.000169970059
0.000176008609
0.000180859516
0.000184702746
0.000187697182
0.000189982918
0.000191683306
0.000192906783
0.00019374851
0.000194291806
0.000194609285
0.000194763791
0.000194810558
0.000194803868
-0.000605654756
-0.000463631855
-0.000372271969
-0.000290320095
-0.000218581846
-0.000156242443
-0.000102173151
-5.53568025e-05
-1.49199231e-05
1.99071342e-05
4.9808187e-05
7.53944701e-05
9.72103595e-05
0.000115704877
0.000131305019
0.000144410464
0.00015534203
0.000164391271
0.000171818875
0.00017785556
0.000182705136
0.000186547646
0.000189542029
0.000191828422
0.000193530205
0.000194755835
0.000195600476
0.000196147442
0.000196469383
0.000196629286
0.000196682359
0.00019668129
-0.000603874099
-0.000461832464
-0.00037047607
-0.000288481498
-0.000216743573
-0.000154401693
-0.000100325607
-5.35033516e-05
-1.30623996e-05
2.17674671e-05
5.16703967e-05
7.72571531e-05
9.90706746e-05
0.000117565193
0.000133167188
0.000146271621
0.000157201792
0.000166249813
0.000173676415
0.000179712355
0.000184561525
0.00018840404
0.000191398897
0.000193686276
0.00019538959
0.000196617315
0.000197464623
0.000198014831
0.000198340621
0.000198505104
0.000198563427
0.000198566899
-0.000602093584
-0.000460036209
-0.000368690518
-0.00028664424
-0.000214913129
-0.000152569346
-9.84858663e-05
-5.16570258e-05
-1.12111306e-05
2.36225928e-05
5.35285104e-05
7.91169594e-05
0.000100929891
0.000119425711
0.000135030275
0.000148134859
0.000159064837
0.000168112711
0.000175539234
0.00018157521
0.000186424599
0.000190267586
0.000193263217
0.000195551712
0.000197256514
0.00019848612
0.000199335712
0.00019988861
0.00020021753
0.000200385676
0.000200448103
0.000200454951
-0.000600306304
-0.000458237207
-0.000366905253
-0.000284804629
-0.000213086407
-0.000150740448
-9.66499157e-05
-4.98147554e-05
-9.36380815e-06
2.54741335e-05
5.53835414e-05
8.09743858e-05
0.000102787947
0.000121285751
0.00013689314
0.000149998673
0.000160929273
0.000169977713
0.000177404772
0.00018344129
0.00018829129
0.000192135008
0.000195131535
0.000197421126
0.000199127248
0.000200358414
0.000201209818
0.000201764786
0.000202096062
0.000202266894
0.000202332209
0.000202341363
-0.000598507325
-0.000456430981
-0.000365097486
-0.00028297839
-0.000211261424
-0.00014891154
-9.48151206e-05
-4.79744468e-05
-7.51878671e-06
2.73232807e-05
5.72362591e-05
8.28298408e-05
0.00010464482
0.000123144853
0.000138755043
0.000151862087
0.000162793859
0.000171843327
0.000179271308
0.000185308678
0.000190159505
0.000194004067
0.00019700149
0.000199292051
0.00020099924
0.000202231582
0.000203084279
0.000203640673
0.000203973517
0.000204145994
0.000204212766
0.000204224038
-0.000596695714
-0.000454616219
-0.000363279625
-0.000281153058
-0.000209434011
-0.000147080349
-9.29794626e-05
-4.61344121e-05
-5.67474768e-06
2.917099e-05
5.90872969e-05
8.46836854e-05
0.000106500554
0.000125002843
0.000140615714
0.000153724684
0.000164657998
0.00017370879
0.000181137929
0.000187176325
0.000192028079
0.0001958735
0.000198871734
0.000201163079
0.000202871035
0.000204104138
0.000204957597
0.000205514759
0.000205848385
0.000206021617
0.000206088937
0.000206101156
-0.000594871864
-0.000452792512
-0.000361454264
-0.000279327529
-0.000207603741
-0.000145246511
-9.11423646e-05
-4.42940592e-05
-3.8311697e-06
3.10176581e-05
6.09368693e-05
8.65358335e-05
0.000108354845
0.000126859794
0.000142475567
0.000155586702
0.000166521736
0.000175574019
0.000183004456
0.000189043973
0.000193896689
0.00019774293
0.000200741855
0.000203033771
0.000204742185
0.000205975638
0.000206829341
0.000207386642
0.0002077203
0.000207893474
0.000207960737
0.000207972625
-0.000593037586
-0.000450961671
-0.000359620974
-0.000277502911
-0.000205771543
-0.000143410825
-8.93045425e-05
-4.24539404e-05
-1.9884731e-06
3.28629433e-05
6.27845687e-05
8.8385353e-05
0.000110205928
0.000128715619
0.000144336456
0.000157449541
0.000168385955
0.000177439657
0.000184871426
0.000190912098
0.000195765777
0.000199612786
0.000202612282
0.00020490457
0.000206613155
0.000207846578
0.000208700051
0.000209256915
0.000209589924
0.000209762294
0.00020982884
0.000209839322
-0.000591195765
-0.000449126497
-0.000357772455
-0.000275688483
-0.000203940822
-0.000141575383
-8.74677256e-05
-4.06152957e-05
-1.47367052e-07
3.47067623e-05
6.46311628e-05
9.02338019e-05
0.000112053629
0.000130568757
0.000146197903
0.000159313379
0.000170251099
0.00017930631
0.000186739585
0.000192781568
0.000197636307
0.000201484114
0.000204484134
0.000206776661
0.000208485195
0.000209718276
0.000210571114
0.00021112705
0.000211458825
0.000211629672
0.000211694585
0.000211703245
-0.000589351702
-0.000447291583
-0.000355922184
-0.000273877148
-0.00020211439
-0.000139743128
-8.5634063e-05
-3.87796445e-05
1.69126977e-06
3.65490183e-05
6.64776468e-05
9.20837736e-05
0.000113901371
0.000132419094
0.000148057013
0.000161176721
0.00017211695
0.000181174454
0.000188609828
0.000194653574
0.000199509699
0.000203358509
0.000206359144
0.000208651894
0.000210360259
0.00021159278
0.000212444674
0.000212999285
0.00021332934
0.000213498024
0.000213560426
0.000213567036
-0.000587511951
-0.000445462333
-0.00035408195
-0.000272068126
-0.000200295266
-0.00013791791
-8.38066401e-05
-3.69494451e-05
3.5253913e-06
3.83878294e-05
6.83217939e-05
9.3932662e-05
0.00011575021
0.000134270446
0.000149916146
0.000163041301
0.00017398527
0.000183045975
0.000190484155
0.000196530234
0.000201388188
0.000205238319
0.000208239769
0.000210532831
0.000212241008
0.00021347285
0.000214323586
0.000214876573
0.000215204523
0.00021537056
0.000215429848
0.00021543381
-0.000585683952
-0.000443645338
-0.000352257973
-0.000270267936
-0.000198487798
-0.00013610399
-8.19890626e-05
-3.51275932e-05
5.35266782e-06
4.02212347e-05
7.01616843e-05
9.57783572e-05
0.00011759906
0.000136124735
0.000151778778
0.000164909988
0.000175858575
0.000184923354
0.000192365119
0.000198414203
0.000203274542
0.000207126431
0.000210129016
0.000212422594
0.00021413068
0.000215361837
0.000216211313
0.000216762489
0.000217088068
0.000217251106
0.000217306825
0.000217307649
-0.000583876087
-0.000441848393
-0.000350456538
-0.000268484041
-0.000196697279
-0.000134305949
-8.01851588e-05
-3.33170526e-05
7.17099975e-06
4.20480451e-05
7.19972307e-05
9.76219011e-05
0.000119448256
0.000137981628
0.000153645516
0.000166784107
0.000177738668
0.000186808774
0.000194255223
0.000200308252
0.000205171761
0.000209026046
0.000212030261
0.00021432472
0.000216032958
0.000217263563
0.000218111815
0.000218661125
0.000218984201
0.000219144028
0.000219195876
0.000219193218
-0.000582097536
-0.000440080083
-0.000348684772
-0.000266724073
-0.000194929686
-0.000132528791
-7.83990844e-05
-3.15210857e-05
8.97800883e-06
4.38667405e-05
7.38277772e-05
9.94634755e-05
0.000121298528
0.00013984203
0.000155517451
0.000168665172
0.000179627531
0.00018870462
0.000196157192
0.000202215397
0.000207083118
0.00021094066
0.000213947201
0.000216243086
0.000217951887
0.000219182233
0.000220029449
0.000220576992
0.000220897586
0.000221054151
0.000221101998
0.000221095676
-0.000580358111
-0.000438349527
-0.000346950441
-0.000264995805
-0.000193191411
-0.000130777836
-7.66352293e-05
-2.97431448e-05
1.07711637e-05
4.5675672e-05
7.5652529e-05
0.000101303188
0.000123150894
0.000141707134
0.000157395601
0.000170554553
0.000181527118
0.000190613337
0.00019807386
0.000204138806
0.000209012064
0.000212873971
0.000215883754
0.00021818181
0.000219891771
0.000221122327
0.000221968868
0.000222514914
0.000222833221
0.000222986656
0.000223030572
0.000223020589
-0.000578668047
-0.000436666153
-0.000345261692
-0.000263307053
-0.000191489023
-0.000129058558
-7.48980898e-05
-2.79867523e-05
1.25479276e-05
4.74733088e-05
7.74711129e-05
0.000103142262
0.000125008297
0.000143578196
0.000159279092
0.000172452351
0.000183438802
0.000192537123
0.000200007977
0.000206081639
0.000210962095
0.000214829756
0.000217843935
0.000220145121
0.000221857037
0.000223088464
0.000223934882
0.000224479896
0.000224796312
0.000224946966
0.000224987254
0.000224973824
-0.000577037708
-0.000435039419
-0.000343626761
-0.000261665473
-0.000189829039
-0.000127376435
-7.31922217e-05
-2.62555857e-05
1.43054605e-05
4.92575957e-05
7.92822068e-05
0.000104980272
0.00012687181
0.000145457013
0.000161169491
0.000174360518
0.000185365052
0.000194478885
0.000201962764
0.000208047373
0.000212936904
0.000216811906
0.00021983182
0.000222137275
0.000223852123
0.000225085269
0.000225932312
0.000226476965
0.00022679211
0.000226940575
0.000226977818
0.000226961409
-0.000575477193
-0.000433478432
-0.000342053589
-0.000260078259
-0.000188217617
-0.000125736698
-7.15220856e-05
-2.45534858e-05
1.60403322e-05
5.10251022e-05
8.10814789e-05
0.000106811114
0.000128737285
0.000147349061
0.000163076003
0.000176284453
0.000187310026
0.000196442545
0.000203942071
0.000210039816
0.000214940315
0.000218824301
0.000221851386
0.00022416237
0.000225881272
0.000227117156
0.000227965763
0.000228510942
0.000228825675
0.000228972822
0.000229007915
0.000228989281
-0.000573995863
-0.000431991492
-0.000340549372
-0.000258551694
-0.000186660051
-0.000124143733
-6.98912545e-05
-2.28833019e-05
1.77503087e-05
5.27740934e-05
8.28674946e-05
0.000108633158
0.000130602453
0.000149253894
0.000165000951
0.000178227165
0.000189276944
0.000198431206
0.000205948965
0.000212062075
0.000216975498
0.000220870201
0.000223906001
0.000226223907
0.000227948145
0.000229187965
0.000230039284
0.000230586111
0.000230901554
0.000231048553
0.000231082734
0.00023106294
-0.000572601856
-0.000430585615
-0.000339120131
-0.000257090712
-0.000185160358
-0.000122600702
-6.83020451e-05
-2.12465195e-05
1.94347643e-05
5.45050871e-05
8.46426425e-05
0.000110449995
0.000132463159
0.000151160041
0.000166941404
0.000180194077
0.000191270578
0.000200448257
0.000207986244
0.000214116748
0.000219044982
0.00022295213
0.000225998243
0.000228324568
0.000230055561
0.000231300693
0.000232156082
0.000232705917
0.000233023466
0.0002331718
0.000233206665
0.000233187101
-0.000571301609
-0.00042926605
-0.000337770324
-0.000255698457
-0.00018372095
-0.000121109367
-6.67555432e-05
-1.96435619e-05
2.10939224e-05
5.62190466e-05
8.64089408e-05
0.000112264998
0.000134322657
0.000153066374
0.000168894346
0.000182184335
0.000193290582
0.000202493718
0.000210054239
0.000216204419
0.000221149553
0.000225071055
0.000228129252
0.00023046567
0.000232205035
0.000233457069
0.000234318122
0.00023487259
0.000235193934
0.000235345417
0.000235382932
0.000235365317
-0.000570099318
-0.000428035656
-0.000336502485
-0.000254375758
-0.000182342262
-0.000119669869
-6.52514877e-05
-1.80738011e-05
2.27286954e-05
5.79169776e-05
8.81672934e-05
0.000114079976
0.00013618887
0.000154980582
0.000170857405
0.000184191365
0.000195332259
0.000204564745
0.00021215107
0.000218323738
0.000223288226
0.00022722627
0.000230298558
0.000232646962
0.00023439653
0.000235657287
0.000236525851
0.000237086858
0.000237413995
0.000237570792
0.000237613312
0.000237599703
-0.000568996276
-0.000426894136
-0.000335317417
-0.000253120159
-0.000181022242
-0.000118280594
-6.37881414e-05
-1.65353367e-05
2.43409494e-05
5.96003349e-05
8.99183257e-05
0.000115894423
0.000138060912
0.000156904015
0.00017283298
0.000186215496
0.000197394607
0.000206659935
0.000214275139
0.000220472954
0.000225459152
0.00022941589
0.00023250429
0.000234866632
0.000236628347
0.000237899818
0.00023877795
0.000239347648
0.000239682878
0.000239847516
0.000239897811
0.000239890628
-0.000567990115
-0.000425837635
-0.000334216341
-0.000251921418
-0.000179753444
-0.000116936774
-6.23608702e-05
-1.50238571e-05
2.59324473e-05
6.12712201e-05
9.16637525e-05
0.000117709004
0.000139938251
0.0001588365
0.000174821725
0.000188256456
0.000199475871
0.000208776732
0.0002164234
0.000222648658
0.00022765865
0.000231636049
0.000234742494
0.000237120784
0.000238896769
0.000240180998
0.000241071005
0.000241651907
0.000241997877
0.000242173253
0.000242234482
0.000242236475
-0.000567073942
-0.000424859587
-0.000333197096
-0.000250756566
-0.000178519115
-0.000115624988
-6.09567871e-05
-1.35301069e-05
2.7494118e-05
6.29258128e-05
9.34017137e-05
0.000119523013
0.000141821036
0.000160776173
0.000176819574
0.000190310264
0.000201572027
0.000210910775
0.000218591071
0.000224845707
0.000229881315
0.000233881179
0.000237007587
0.000239404163
0.000241197184
0.000242493324
0.000243397023
0.000243992482
0.000244352441
0.000244541908
0.000244617543
0.000244631637
-0.000566233666
-0.000423946978
-0.000332188771
-0.00024968201
-0.000177346805
-0.000114347522
-5.958118e-05
-1.20563212e-05
2.90817139e-05
6.45938728e-05
9.51501063e-05
0.000121349019
0.000143719541
0.000162726876
0.000178821925
0.000192370909
0.000203678122
0.00021305624
0.000220771156
0.00022705614
0.000232118374
0.000236141792
0.000239289243
0.00024170463
0.000243514805
0.000244831217
0.000245752175
0.000246363435
0.000246739823
0.000246946723
0.00024704135
0.000247073037
-0.000565448575
-0.000423078013
-0.000331186391
-0.000248646141
-0.000176187598
-0.000113071146
-5.82021427e-05
-1.05790142e-05
3.06559389e-05
6.62573621e-05
9.68974501e-05
0.000123175675
0.000145622388
0.000164684674
0.000180829761
0.000194435906
0.000205788633
0.000215205638
0.000222954779
0.000229270028
0.000234359146
0.000238406725
0.000241576251
0.000244012188
0.000245841956
0.000247177711
0.000248117869
0.000248748576
0.000249145098
0.000249373515
0.000249491827
0.000249545311
-0.000564692395
-0.000422224422
-0.000330204896
-0.000247588938
-0.000175013794
-0.000111783885
-5.68106428e-05
-9.08854221e-06
3.22404356e-05
6.79292111e-05
9.86475949e-05
0.000124996265
0.000147523189
0.000166664977
0.000182858813
0.000196502189
0.000207895764
0.000217349202
0.000225130355
0.000231474129
0.000236589028
0.00024066028
0.000243851995
0.00024630924
0.000248159987
0.000249516861
0.000250478698
0.000251131941
0.000251552245
0.000251806587
0.000251953518
0.00025203219
-0.000563926871
-0.000421347558
-0.000329200702
-0.000246487198
-0.000173798228
-0.000110458342
-5.53825218e-05
-7.56371287e-06
3.38563807e-05
6.96304246e-05
0.000100427831
0.000126846298
0.00014943209
0.000168631157
0.000184866635
0.000198541612
0.000209975481
0.000219465184
0.000227277187
0.000233647982
0.000238787358
0.000242881416
0.000246095003
0.000248573857
0.000250446538
0.000251826177
0.000252812003
0.000253490756
0.00025393852
0.000254223293
0.000254404109
0.000254512661
-0.000563101425
-0.000420402351
-0.000328123637
-0.000245305269
-0.000172506146
-0.000109062186
-5.38907426e-05
-5.98367269e-06
3.55180699e-05
7.13681287e-05
0.000102237369
0.000128718192
0.000151331417
0.000170563667
0.000186850052
0.000200559236
0.000212024895
0.000221542808
0.000229379519
0.000235772512
0.000240932596
0.000245046712
0.000248280427
0.000250780115
0.000252674894
0.000254078363
0.000255090107
0.000255797123
0.000256275915
0.000256595587
0.000256815646
0.000256959254
-0.000562152067
-0.000419360768
-0.000326902937
-0.000243992634
-0.000171096702
-0.000107559017
-5.23048956e-05
-4.32574982e-06
3.72389365e-05
7.31432638e-05
0.000104058247
0.000130577855
0.000153222675
0.000172498136
0.000188825692
0.000202554133
0.000214033711
0.000223565673
0.000231416443
0.000237823428
0.000242997883
0.000247127329
0.00025037789
0.000252896444
0.000254812558
0.000256240213
0.000257279269
0.000258016909
0.000258530026
0.000258888906
0.000259153514
0.000259337277
-0.000561015115
-0.000418291259
-0.000325368288
-0.000242461347
-0.000169515296
-0.000105902314
-5.05846035e-05
-2.55612721e-06
3.90474265e-05
7.49818142e-05
0.000105918651
0.000132455567
0.000155126095
0.000174417612
0.000190746258
0.000204479548
0.00021596286
0.000225498313
0.000233353224
0.000239765644
0.000244947413
0.000249086608
0.000252349857
0.00025488448
0.000256820423
0.000258271964
0.000259339161
0.000260109301
0.000260659621
0.00026106165
0.000261375793
0.000261604514
-0.000559602623
-0.000416989425
-0.000323543312
-0.000240665561
-0.000167701338
-0.000104039641
-4.8686922e-05
-6.40451072e-07
4.09697146e-05
7.69027927e-05
0.000107832692
0.000134359916
0.000157019995
0.000176291323
0.00019259756
0.000206316422
0.000217786945
0.000227310848
0.00023515659
0.000241563096
0.000246742788
0.000250884203
0.000254154359
0.000256700892
0.000258653999
0.000260128139
0.000261223444
0.000262027192
0.000262616894
0.000263065353
0.000263433385
0.000263711312
-0.000557822682
-0.000415296456
-0.00032138176
-0.000238542499
-0.000165585561
-0.000101911485
-4.656425e-05
1.45772697e-06
4.30313068e-05
7.89203764e-05
0.000109801955
0.000136279109
0.000158889081
0.000178110509
0.00019436957
0.000208046136
0.000219479118
0.000228970592
0.000236789582
0.000243175459
0.000248340954
0.000252474827
0.000255744252
0.000258296971
0.000260263234
0.000261757499
0.000262879807
0.000263717279
0.00026434759
0.000264844801
0.000265270095
0.000265600625
-0.00055557118
-0.000413106961
-0.000318786237
-0.000236006043
-0.000163091802
-9.94534907e-05
-4.41645797e-05
3.77839705e-06
4.52606832e-05
8.10521406e-05
0.000111833938
0.000138212377
0.000160727176
0.000179858765
0.000196034902
0.00020963664
0.000221003525
0.000230438018
0.000238209366
0.00024455704
0.000249693767
0.000253808228
0.000257067465
0.000259619046
0.000261593021
0.000263103613
0.000264250566
0.000265120657
0.000265791578
0.000266338586
0.000266823142
0.000267208466
-0.000552728384
-0.000410310106
-0.000315650587
-0.000232961186
-0.000160138509
-9.65973817e-05
-4.14329939e-05
6.36325331e-06
4.76868103e-05
8.33150853e-05
0.000113934682
0.000140156071
0.000162522117
0.000181515499
0.000197565543
0.000211054292
0.000222321778
0.000231670584
0.000239369837
0.000245658719
0.000250749553
0.000254830551
0.000258068242
0.000260609668
0.000262584355
0.000264106002
0.000265273796
0.00026617394
0.000266883965
0.000267480183
0.000268024196
0.000268464864
-0.000549162097
-0.000406783703
-0.000311860905
-0.000229306927
-0.0001566392
-9.32713374e-05
-3.83123949e-05
9.25496207e-06
5.03385933e-05
8.57253103e-05
0.000116108619
0.000142104194
0.000164258694
0.000183057374
0.000198931148
0.000212262849
0.000223392679
0.000232622943
0.000240222178
0.000246428771
0.000251454133
0.000255485501
0.000258688421
0.000261208969
0.000263175748
0.000264701573
0.00026588476
0.000266810684
0.000267556517
0.000268199422
0.000268800645
0.000269293915
-0.000544729994
-0.000402396646
-0.000307296239
-0.000224937136
-0.000152503628
-8.94012179e-05
-3.47446725e-05
1.24961141e-05
5.32440133e-05
8.82973614e-05
0.000118358194
0.000144048487
0.000165919323
0.000184458784
0.0002000993
0.0002132242
0.000224173407
0.00023324839
0.000240716483
0.000246814636
0.000251752709
0.000255716352
0.000258869548
0.00026135688
0.000263305549
0.000264827066
0.000266018513
0.00026696413
0.00026774053
0.000268425529
0.000269078971
0.000269616021
-0.000539281649
-0.000397010998
-0.000301830527
-0.000219742217
-0.000147639499
-8.49121643e-05
-3.06721221e-05
1.61280453e-05
5.64292153e-05
9.10436276e-05
0.0001206836
0.000145978534
0.000167484521
0.000185692606
0.000201036541
0.000213899697
0.0002246211
0.000233500664
0.000240803734
0.000246765035
0.000251592092
0.000255468228
0.000258555172
0.000260995382
0.000262914093
0.000264421022
0.000265611595
0.00026656847
0.000267366968
0.000268085115
0.000268785398
0.000269377113
-0.000532660883
-0.000390484202
-0.000295334936
-0.000213611256
-0.000141954498
-7.97304542e-05
-2.60390428e-05
2.01895408e-05
5.99175728e-05
9.39737976e-05
0.000123082655
0.000147882075
0.000168933632
0.000186731325
0.000201709842
0.000214251953
0.00022469497
0.000233336333
0.000240438443
0.000246232839
0.000250923794
0.000254691434
0.000257694441
0.000260072429
0.000261948029
0.000263428611
0.000264607482
0.00026556541
0.000266376203
0.000267117181
0.000267850195
0.000268479693
-0.000524708534
-0.000382671666
-0.000287680543
-0.000206434505
-0.000135358627
-7.37856025e-05
-2.07935391e-05
2.47154137e-05
6.37286984e-05
9.70943489e-05
0.00012555079
0.000149745485
0.000170245799
0.000187548451
0.000202088439
0.000214247044
0.000224358811
0.000232717568
0.000239581623
0.000245178196
0.000249707238
0.000253344681
0.000256245255
0.00025854492
0.00026036299
0.000261803858
0.000262958187
0.000263904463
0.000264714818
0.000265465559
0.000266215645
0.000266857
-0.000515265561
-0.000373429678
-0.000278741338
-0.000198106225
-0.000127766846
-6.70127406e-05
-1.48895444e-05
2.97349115e-05
6.78773568e-05
0.000100408014
0.000128081089
0.0001515544
0.000171401139
0.000188120209
0.000202145989
0.000213857082
0.000223583939
0.000231615407
0.000238204332
0.000243572317
0.000247913764
0.000251399303
0.000254178703
0.000256383383
0.000258128562
0.000259515002
0.00026063017
0.000261549785
0.000262343675
0.000263086306
0.000263834813
0.000264477784
-0.000504176488
-0.000362618602
-0.000268397583
-0.000188527894
-0.000119102048
-5.93552778e-05
-8.28912421e-06
3.52698729e-05
7.23721724e-05
0.000103913105
0.000130664268
0.000153294335
0.00017238198
0.000188427354
0.000201862893
0.000213062984
0.000222352352
0.000230013225
0.000236291412
0.000241401422
0.000245530759
0.000248843529
0.000251483468
0.000253576518
0.000255232998
0.00025654932
0.000257609195
0.000258485126
0.000259244125
0.000259957962
0.000260681674
0.000261305768
-0.000491293057
-0.000350106219
-0.000256539442
-0.000177611765
-0.000109298327
-5.0767812e-05
-9.65076934e-07
4.13325356e-05
7.72139922e-05
0.000107602536
0.000133288401
0.000154951122
0.00017317398
0.000188456906
0.000201228592
0.000211857253
0.000220659913
0.000227910269
0.000233845308
0.000238670807
0.00024256591
0.00024568691
0.000248170403
0.000250135865
0.000251687843
0.000252917684
0.00025390479
0.000254718062
0.000255421199
0.000256082327
0.000256753883
0.000257334232
-0.000476477791
-0.00033577089
-0.000243070701
-0.00016528494
-9.83049333e-05
-4.12197008e-05
7.09571879e-06
4.79226048e-05
8.23935596e-05
0.000111462225
0.000135938106
0.000156510888
0.000173766837
0.000188203524
0.000200243506
0.00021024639
0.000218519141
0.000225324732
0.000230889331
0.000235408213
0.000239050611
0.000241963701
0.000244275797
0.000246098964
0.000247531193
0.00024865803
0.000249553894
0.000250283969
0.000250908159
0.000251489904
0.000252078511
0.000252586957
-0.000459606867
-0.000319504351
-0.000227914255
-0.00015149766
-8.6092907e-05
-3.0699353e-05
1.58871146e-05
5.50222745e-05
8.78875503e-05
0.000115468216
0.0001385927
0.000157959165
0.000174154285
0.000187670276
0.000198920478
0.000208252922
0.000215961776
0.000222296838
0.000227471316
0.00023166815
0.000235045132
0.00023773904
0.000239868975
0.000241539011
0.000242839559
0.000243847994
0.000244632896
0.000245257892
0.000245777024
0.000246249105
0.000246720271
0.000247125623
-0.00044056919
-0.000301212809
-0.000211024274
-0.000136245217
-7.26518049e-05
-1.91956842e-05
2.53847808e-05
6.25918958e-05
9.36542573e-05
0.000119583165
0.000141223498
0.000159279061
0.000174333091
0.000186868332
0.000197284994
0.00020591598
0.000213039509
0.00021888948
0.000223663819
0.00022753115
0.00023063601
0.000233102962
0.000235040426
0.00023654488
0.000237699501
0.000238557633
0.000239216117
0.000239732472
0.00024012539
0.000240458417
0.000240775965
0.000241044315
-0.000419248625
-0.000280799008
-0.000192374681
-0.000119563669
-5.79336661e-05
-6.63741756e-06
3.55471252e-05
7.0568212e-05
9.96307926e-05
0.000123752935
0.000143790831
0.000160449004
0.000174301436
0.000185815886
0.000195374545
0.000203290943
0.000209823925
0.000215188572
0.000219565123
0.000223105964
0.000225940491
0.000228179128
0.000229916786
0.000231248404
0.000232299161
0.000233073714
0.000233547763
0.000233848889
0.000234077989
0.000234248886
0.000234380724
0.00023447817
-0.000395503811
-0.0002581142
-0.000171839377
-0.000101296547
-4.21233172e-05
6.54825323e-06
4.61256341e-05
7.87971355e-05
0.000105694168
0.000127878096
0.000146227813
0.000161433821
0.000174053698
0.00018453527
0.000193237693
0.00020045014
0.000206409717
0.000211309975
0.000215311264
0.000218548526
0.000221136876
0.00022317619
0.000224753745
0.000225930626
0.000226712678
0.000227241501
0.000227654296
0.000227894324
0.000227954968
0.00022791024
0.000227807877
0.00022770095
-0.00036931367
-0.000233137302
-0.00014957091
-8.1533732e-05
-2.55642626e-05
2.00943977e-05
5.70921648e-05
8.71121349e-05
0.000111700546
0.000131813967
0.000148443272
0.000162185435
0.000173578523
0.000183048077
0.00019092518
0.000197471272
0.00020289579
0.000207368267
0.000211027674
0.000213989578
0.000216351673
0.000218197553
0.000219599565
0.000220618823
0.000221309435
0.000221740729
0.000221939599
0.000221939809
0.000221797014
0.000221531785
0.000221171121
0.000220825435
-0.000340648966
-0.000205809237
-0.000125741628
-6.04224354e-05
-8.09011607e-06
3.38442834e-05
6.7972813e-05
9.53078942e-05
0.000117443159
0.000135513145
0.000150371425
0.000162657089
0.000172866729
0.000181382992
0.000188500267
0.000194447121
0.000199403246
0.000203511859
0.000206888857
0.00020962964
0.000211814234
0.000213510577
0.000214777756
0.000215667732
0.000216227727
0.000216503003
0.000216536295
0.000216360393
0.000216006675
0.000215490497
0.000214835305
0.00021421881
-0.000309512911
-0.00017640987
-0.000100545821
-3.8704167e-05
9.95129172e-06
4.81539214e-05
7.8692305e-05
0.000103074011
0.000122710043
0.000138698975
0.000151850771
0.000162765077
0.000171888676
0.000179555898
0.000186018505
0.000191468025
0.000196052158
0.000199886645
0.000203063829
0.000205658831
0.000207734083
0.000209342764
0.000210530737
0.000211338565
0.000211803578
0.000211960593
0.000211843355
0.000211484055
0.000210908204
0.000210121287
0.000209142826
0.000208226526
-0.000275798823
-0.000145528304
-7.36996377e-05
-1.64994491e-05
2.77462986e-05
6.19534028e-05
8.87842099e-05
0.000110067776
0.000127188373
0.000141165468
0.000152734425
0.000162423666
0.000170614617
0.000177584659
0.000183537629
0.000188625365
0.000192962837
0.000196638691
0.00019972259
0.000202270355
0.000204327629
0.000205932547
0.000207117718
0.00020791199
0.000208341002
0.000208429239
0.000208201674
0.000207684445
0.000206896624
0.000205831884
0.000204504093
0.000203257196
-0.000239285744
-0.000113208352
-4.55478392e-05
5.78633194e-06
4.47201936e-05
7.44649178e-05
9.7507984e-05
0.000115737239
0.000130477493
0.000142639144
0.000152848897
0.000161540476
0.000169016541
0.000175491005
0.00018111766
0.000186009281
0.000190250299
0.000193905174
0.000197023904
0.0001996457
0.000201801541
0.000203516082
0.000204809023
0.000205696027
0.000206189542
0.000206300181
0.000206039369
0.000205421127
0.000204452368
0.000203109875
0.000201406895
0.000199787797
-0.000199685081
-7.9172963e-05
-1.72899565e-05
2.71752057e-05
6.0127157e-05
8.49735101e-05
0.000104202629
0.000119570258
0.000132223341
0.000142899206
0.000152078088
0.000160077995
0.000167113466
0.000173333174
0.000178843565
0.000183723355
0.000188032489
0.000191817582
0.000195115048
0.000197952813
0.000200351497
0.000202325668
0.000203884577
0.000205031305
0.000205762528
0.000206067774
0.000205931005
0.000205343179
0.000204286547
0.000202700554
0.000200574679
0.000198500845
-0.000156252891
-4.34454306e-05
1.01053767e-05
4.62736124e-05
7.25360618e-05
9.2417537e-05
0.000108134214
0.000121103632
0.000132173264
0.000141844948
0.000150424243
0.000158104183
0.000165011274
0.000171234766
0.000176842876
0.000181890164
0.000186421827
0.000190476001
0.000194084195
0.000197270206
0.000200049763
0.000202434518
0.000204434284
0.000206044854
0.000207254393
0.000208037681
0.000208321765
0.000208040625
0.000207128141
0.000205446183
0.00020287867
0.000200262169
-0.000107439326
-6.95942343e-06
3.45272386e-05
6.10018798e-05
8.03946051e-05
9.58115455e-05
0.000108789421
0.000120163233
0.000130370472
0.000139644442
0.000148116914
0.000155869903
0.000162954601
0.000169415769
0.000175301395
0.000180658161
0.000185531558
0.00018996701
0.000194009045
0.000197694499
0.000201044245
0.000204089845
0.000206880646
0.000209401249
0.000211625228
0.000213569168
0.000215047615
0.000215787985
0.000215620763
0.000214323806
0.000211483985
0.000208438815
-4.24564912e-05
2.91307193e-05
5.17422619e-05
6.76973488e-05
8.12783037e-05
9.37782783e-05
0.000105534607
0.000116610119
0.000126994731
0.000136679153
0.000145665206
0.000153946474
0.00016152501
0.000168437176
0.000174737471
0.000180480014
0.00018572183
0.000190529404
0.000194984266
0.000199158272
0.00020303826
0.000206574341
0.00020988026
0.000213282784
0.000217066324
0.000220850148
0.000223678772
0.000225484108
0.000227043145
0.000228190277
0.000227837624
0.00022577695
6.46121467e-05
6.4862808e-05
6.23759422e-05
6.80881002e-05
7.77933506e-05
8.91344209e-05
0.000100943613
0.000112572433
0.000123663231
0.000134102385
0.00014388015
0.000152905072
0.000161080284
0.000168464196
0.000175161522
0.000181237579
0.000186754846
0.000191794699
0.000196499035
0.000201024577
0.000205401896
0.000209573587
0.000213608755
0.000217814972
0.00022289648
0.000229750891
0.000238626638
0.00025012736
0.000265206321
0.000285366606
0.00031426197
0.000349257796
)
;

boundaryField
{
    inner_wall
    {
        type            zeroGradient;
    }
    outer_wall
    {
        type            zeroGradient;
    }
    top
    {
        type            zeroGradient;
    }
    bottom
    {
        type            fixedValue;
        value           uniform 0;
    }
    front
    {
        type            wedge;
    }
    back
    {
        type            wedge;
    }
}


// ************************************************************************* //
