/*--------------------------------*- C++ -*----------------------------------*\
| =========                 |                                                 |
| \\      /  F ield         | OpenFOAM: The Open Source CFD Toolbox           |
|  \\    /   O peration     | Version:  2506                                  |
|   \\  /    A nd           | Website:  www.openfoam.com                      |
|    \\/     M anipulation  |                                                 |
\*---------------------------------------------------------------------------*/
FoamFile
{
    version     2.0;
    format      ascii;
    arch        "LSB;label=32;scalar=64";
    class       volScalarField;
    location    "330";
    object      C;
}
// * * * * * * * * * * * * * * * * * * * * * * * * * * * * * * * * * * * * * //

dimensions      [0 0 0 0 0 0 0];

internalField   nonuniform List<scalar> 
3072
(
2.18867258e-09
-3.19209597e-07
-1.42255329e-06
2.03648715e-05
6.17273487e-05
-8.3865091e-05
-0.000702223153
-0.00179353221
-0.00319738777
-0.00503550911
-0.00818907109
-0.0184280915
-0.0375121443
-0.0524390497
-0.0157892896
0.143533481
0.433827377
0.746603528
0.959136878
1.03533351
1.02864793
1.00650054
0.997229081
0.997945574
1.00160468
1.00586106
1.00777267
1.00185786
0.978725924
0.899028456
0.676691912
0.260814105
-1.56614486e-09
2.16439095e-07
1.1310696e-05
-1.65105633e-05
-0.000250153871
-0.000374533922
0.000750265347
0.00377934869
0.00753977703
0.00946885707
0.00658797761
-0.00351966536
-0.0257036744
-0.051471446
-0.0240854893
0.140494757
0.44425987
0.764514508
0.97144373
1.03740168
1.02571741
1.00429009
0.99688879
0.998312893
1.00200587
1.00619891
1.00779264
1.00120716
0.97708652
0.895541164
0.671430694
0.256739707
9.42065929e-09
2.54218049e-06
-2.22772167e-06
-0.000160703266
-0.000193321534
0.00166029789
0.00665551883
0.0125167592
0.0156401692
0.0155155525
0.0137098685
0.00707709862
-0.0142650624
-0.0486412417
-0.0308984156
0.135395708
0.447578217
0.772889565
0.977107701
1.03782026
1.02400155
1.00328711
0.996838817
0.998520882
1.00220104
1.00636025
1.00778584
1.00090429
0.976505582
0.894830148
0.671659252
0.259539083
1.36359173e-08
3.491565e-06
-2.15153364e-05
-0.000260656709
0.00018227586
0.00404661224
0.0110896653
0.0161198675
0.016584267
0.0158030552
0.0142084152
0.0120615707
-0.00631163897
-0.046308158
-0.0327408296
0.140645012
0.46288193
0.790058858
0.986093754
1.03814628
1.0215436
1.00198617
0.996796232
0.998787871
1.00245061
1.00656389
1.00777238
1.00052235
0.975762896
0.893767963
0.671161501
0.261980057
8.57843704e-10
3.86576781e-06
-2.3329331e-05
-0.000279425762
0.000251849561
0.00462314935
0.0123496167
0.0172969883
0.0176632182
0.016733599
0.0131468985
0.011936394
-0.00746619537
-0.0476697213
-0.0229735502
0.169878911
0.503828982
0.822434749
0.999021014
1.03746526
1.01801464
1.00051197
0.996867145
0.999128896
1.00275378
1.00680272
1.00772419
1.00002499
0.974810717
0.892341972
0.670293133
0.264875607
-1.02317102e-07
4.1615186e-06
-1.52247267e-05
-0.000267755213
3.1389721e-05
0.0034956844
0.0100231518
0.0148665475
0.0167328666
0.0145915217
0.0118492831
0.00885613754
-0.0162378604
-0.0505719603
0.00561083591
0.237217976
0.581161062
0.873844981
1.01541061
1.03465654
1.01298543
0.998863889
0.997114352
0.999595859
1.00317173
1.00711959
1.00760478
0.999255233
0.973281783
0.889692303
0.667541235
0.266591599
-1.37749813e-08
4.45056554e-06
-1.91124178e-06
-0.000224229766
-0.000230920066
0.00173846073
0.00588081775
0.0094673801
0.0107826483
0.00905879603
0.00846615269
0.000486578019
-0.0319082299
-0.0435557583
0.0734223313
0.356447132
0.695353064
0.937450876
1.02977373
1.02818468
1.00688796
0.99749557
0.99763429
1.00019374
1.00373619
1.00752152
1.00734823
0.998073913
0.970913464
0.885295925
0.662193231
0.266474089
-1.0536326e-06
2.93099048e-06
9.7591905e-06
-0.000155329762
-0.0003449542
0.00037894343
0.00222966366
0.00406617949
0.00431028296
0.0043362039
0.00290905074
-0.0168603926
-0.0443902963
0.00373193461
0.209004059
0.532145286
0.830594888
0.996079164
1.03455492
1.01788963
1.00115557
0.996975438
0.998420476
1.00089876
1.00447325
1.00798223
1.00685235
0.996331386
0.967456265
0.878692507
0.653665819
0.263984776
3.24192539e-06
6.62902535e-06
2.33183924e-05
-7.35038911e-05
-0.000284924533
-0.000224998271
0.000251944371
0.000702958764
0.000950061793
0.00118351129
-0.0114440271
-0.0369480825
-0.0145055034
0.140920105
0.430346645
0.742120041
0.952727585
1.02972082
1.02630388
1.00651935
0.997633871
0.997509686
0.999311672
1.00170339
1.00540183
1.00842092
1.00597145
0.993872569
0.962681882
0.86953087
0.641665207
0.258931962
-1.91016984e-05
-1.95322258e-05
-1.57331699e-06
-3.79182345e-05
-0.000174312178
-0.00029689931
-0.000309520835
-0.000381092133
-0.000115505475
-0.0109173412
-0.0312581774
-0.00773631522
0.134624643
0.403334709
0.706386271
0.928062813
1.02334779
1.03025752
1.01066569
0.998736797
0.99713635
0.998606826
1.00011577
1.00267682
1.0065103
1.00868428
1.00452343
0.99054195
0.956366856
0.857530676
0.626104187
0.251361805
9.71592201e-05
0.000106063669
0.000130363225
0.000113825984
5.27428587e-05
-7.19309437e-05
-0.000138720168
-0.000183482237
-0.0122850522
-0.0238025158
0.022946952
0.185823604
0.453605006
0.737391355
0.939475641
1.02565869
1.03116771
1.0115529
0.99897494
0.996970552
0.998428366
0.999477131
1.00087741
1.00394627
1.00769745
1.00854229
1.00231536
0.986197124
0.948290514
0.842486751
0.607096015
0.241523677
-0.000544729128
-0.000596492885
-0.000618361676
-0.000484991174
-0.000440325291
4.17761809e-06
-0.00108706124
-0.0132274226
0.00216067856
0.10393616
0.314155828
0.586070585
0.831612758
0.98370452
1.03572485
1.0285045
1.00825987
0.997722858
0.99690107
0.998650957
0.999405757
0.999935628
1.00192875
1.0055473
1.00872563
1.00772157
0.999185918
0.98072375
0.938243601
0.82429563
0.584951895
0.229820271
0.0033204941
0.00362477322
0.00374926551
0.00251521949
0.00163709109
-0.00363317086
0.0122385331
0.108002914
0.300739031
0.552470227
0.792219192
0.958672067
1.03288517
1.03909702
1.01856947
1.0013062
0.995891007
0.997347676
0.999284934
0.999606014
0.999491464
1.00060297
1.00352475
1.00727922
1.00925534
1.00597671
0.99504996
0.974046486
0.926054225
0.803009736
0.560192514
0.216766103
-0.0243178015
-0.0268848428
-0.0268570842
-0.00571889613
0.0709975884
0.226332642
0.445373972
0.678657043
0.873841809
0.997661303
1.04697113
1.04430431
1.0214479
1.00221812
0.994862945
0.995904714
0.998857162
1.00014803
0.999775547
0.99922689
0.999780977
1.0019904
1.0055076
1.00875981
1.00895715
1.00316843
0.989927637
0.966136305
0.911638032
0.778909542
0.533554209
0.202945244
0.328394674
0.422991544
0.559343602
0.719878438
0.865025441
0.975935132
1.04275495
1.06612456
1.05714177
1.03288693
1.00935247
0.995634543
0.992482068
0.99532279
0.998973396
1.0007283
1.00056281
0.999637679
0.999003516
0.999298686
1.00092039
1.00391058
1.00746653
1.00961273
1.00761855
0.999316862
0.983948563
0.957023105
0.895075975
0.752574981
0.505974015
0.188967168
1.02866541
1.0456512
1.05253227
1.04866233
1.03676819
1.0207549
1.00511534
0.993766941
0.988721588
0.989462392
0.993516393
0.997927721
1.00072211
1.0014987
1.00097553
1.00007542
0.999332316
0.998931903
0.999081096
1.00018371
1.00257062
1.00595707
1.00903619
1.00957907
1.00520928
0.994617658
0.977332266
0.946826236
0.876708487
0.724925016
0.47853927
0.175420733
0.99610943
0.993354585
0.991442634
0.990971522
0.991964809
0.994151933
0.996971835
0.999673913
1.00156861
1.00231034
1.00203199
1.00122418
1.00042305
0.999912689
0.999642528
0.999402587
0.999113997
0.999019714
0.999631704
1.00143005
1.00443274
1.00783513
1.0099441
1.00857385
1.00191487
0.989408741
0.970357608
0.935807548
0.85721136
0.697189487
0.452397277
0.162829832
1.00067368
1.00117645
1.00159271
1.00178963
1.00172859
1.00141568
1.00091161
1.00033683
0.999845803
0.999570399
0.999557295
0.999735224
0.99993718
0.999975835
0.999745814
0.999316417
0.998977284
0.999196417
1.00045342
1.00294978
1.00628393
1.00926722
1.01006508
1.00674291
0.998100014
0.98409164
0.963343453
0.92442631
0.837600052
0.670790349
0.428635224
0.151616114
0.999869628
0.999769801
0.999680545
0.999629758
0.999625866
0.999668638
0.999751032
0.99986105
0.999984435
1.0001051
1.00019973
1.00022855
1.00013399
0.999865434
0.999439484
0.999016967
0.998941016
0.999666038
1.00154295
1.00451161
1.00784399
1.01011388
1.00950268
1.00441678
0.994198093
0.979051147
0.956646628
0.913346871
0.819119103
0.647142993
0.40815488
0.142073942
1.00002665
1.00004773
1.00006814
1.00008189
1.00008434
1.0000714
1.0000451
1.00001858
1.00001312
1.00004286
1.00009185
1.00009991
0.99997846
0.999669008
0.999230142
0.998906449
0.999113834
1.00029419
1.00265362
1.00587994
1.00898973
1.01043647
1.00851614
1.00198397
0.990601169
0.974605836
0.950650221
0.903354537
0.803022896
0.627428764
0.391572495
0.134360593
0.999994123
0.999989599
0.999985916
0.999984142
0.999981916
0.99997636
0.999970557
0.999977307
1.00001263
1.00007728
1.00013536
1.00010988
0.999915024
0.999528202
0.999074982
0.998871165
0.999361692
1.00093157
1.00363404
1.00695226
1.0097361
1.01040503
1.0074029
0.999782073
0.987592209
0.9709833
0.94571409
0.895187054
0.790317905
0.612410777
0.379167732
0.128501879
1.00000112
1.00000227
1.00000405
1.00000593
1.00000449
0.999996591
0.999986828
0.999990917
1.00002626
1.00008965
1.00013541
1.00007744
0.999833797
0.99940898
0.998975955
0.998895759
0.99962084
1.00147728
1.0043946
1.00770993
1.01017361
1.01021339
1.00640872
0.9980344
0.985322249
0.968306494
0.942095497
0.889351445
0.781567165
0.60234989
0.370889956
0.124410962
0.999999576
0.999999437
1.00000002
1.00000104
0.999998978
0.999990824
0.999982194
0.999990178
1.00003174
1.0000991
1.00013844
1.00005774
0.999780167
0.999332224
0.99892101
0.998935804
0.999826889
1.00187189
1.00491274
1.0081931
1.01040995
1.01001264
1.00568164
0.996838117
0.983821692
0.966588428
0.939882921
0.886013825
0.776827947
0.597035153
0.366413771
0.121916581
0.999999922
1.00000008
1.00000096
1.00000219
1.00000008
0.999991602
0.999982906
0.999991934
1.00003561
1.00010382
1.00013837
1.00004414
0.999747684
0.999288563
0.998893364
0.998966266
0.999953907
1.00210386
1.00520765
1.00845861
1.01052921
1.00988718
1.00527285
0.996187141
0.983029092
0.965742796
0.938983436
0.885005535
0.775726086
0.595899814
0.365223139
0.120794244
0.999999841
0.999999923
1.00000074
1.00000194
0.999999813
0.99999128
0.999982584
0.999991977
1.00003651
1.00010535
1.00013867
1.0000399
0.99973645
0.999272697
0.998882732
0.998976632
0.99999985
1.00218876
1.00531649
1.00855903
1.01058217
1.00986264
1.00516253
0.996008548
0.982826087
0.965612515
0.93916657
0.885925126
0.777618811
0.5981757
0.366700496
0.120795876
0.999999859
0.999999946
1.00000076
1.00000201
1.00000002
0.999991563
0.999982645
0.999991441
1.00003539
1.00010438
1.00013925
1.00004317
0.999742101
0.999278136
0.99888337
0.998967414
0.999977753
1.00215553
1.00528068
1.00853638
1.01059328
1.00992753
1.00529217
0.996197272
0.983067282
0.965999958
0.940129402
0.888282329
0.781790878
0.603037287
0.37018142
0.121658701
0.999999856
0.999999924
1.0000007
1.00000199
1.00000023
0.999992008
0.99998276
0.999990246
1.00003249
1.00010136
1.00014007
1.00005239
0.999760933
0.999300102
0.998892842
0.998943712
0.99990496
1.00203464
1.00513817
1.00842345
1.01057375
1.01005696
1.00559336
0.996640587
0.983593514
0.966692541
0.941573832
0.891616459
0.787553415
0.609684315
0.375040596
0.123131445
0.999999858
0.999999912
1.00000064
1.00000198
1.0000005
0.99999261
0.99998301
0.999988801
1.00002862
1.00009693
1.00014052
1.00006467
0.999787742
0.999333162
0.998909878
0.998913802
0.999802894
1.00185937
1.00492609
1.00824767
1.01052601
1.01021696
1.00599436
0.997242401
0.984304577
0.967566824
0.943251718
0.895437725
0.794221606
0.617450131
0.380807612
0.125031019
0.999999861
0.999999898
1.00000058
1.00000195
1.00000077
0.999993278
0.99998337
0.999987331
1.00002431
1.00009161
1.00014028
1.00007775
0.9998182
0.999372577
0.998933115
0.998884373
0.99968939
1.00165754
1.00467556
1.00803219
1.01045283
1.01038081
1.00643738
0.997922205
0.98511017
0.96851606
0.944977626
0.899390109
0.801270184
0.625786997
0.387076864
0.127193511
0.999999863
0.999999887
1.00000052
1.00000191
1.00000103
0.999993957
0.999983818
0.999985997
1.00002
1.00008592
1.00013923
1.00009009
0.999848967
0.999414357
0.998960738
0.998859518
0.999577239
1.00145033
1.00441143
1.00779702
1.01035947
1.01053123
1.00688033
0.998619128
0.985943113
0.969467876
0.946630655
0.903225786
0.808313
0.63428282
0.393539364
0.129490465
0.999999866
0.999999877
1.00000046
1.00000186
1.00000126
0.999994605
0.99998432
0.999984872
1.00001598
1.00008025
1.00013749
1.00010085
0.999877862
0.999455466
0.998990672
0.998840861
0.999474202
1.00125212
1.00415202
1.00755859
1.01025311
1.01065979
1.00729634
0.999290627
0.986754544
0.970374436
0.948142457
0.906795753
0.815093374
0.642647233
0.399970425
0.131824307
0.999999869
0.999999869
1.0000004
1.00000182
1.00000145
0.999995196
0.999984838
0.999983971
1.00001238
1.00007488
1.00013528
1.00010981
0.999903848
0.999494021
0.999021031
0.998828271
0.999383899
1.00107132
1.0039095
1.00732937
1.01014151
1.0107646
1.00767085
0.999910059
0.987511934
0.971207036
0.949482327
0.910025439
0.821459108
0.650693695
0.406220035
0.134126057
0.999999872
0.999999863
1.00000036
1.00000177
1.0000016
0.999995716
0.999985339
0.999983277
1.00000927
1.00006998
1.00013283
1.00011703
0.99992645
0.99952884
0.999050223
0.998820742
0.99930735
1.00091214
1.00369123
1.00711817
1.01003181
1.01084763
1.007998
1.00046297
0.98819556
0.971950172
0.950643516
0.912891607
0.827335829
0.658316483
0.412197698
0.136350195
0.999999874
0.999999857
1.00000032
1.00000173
1.00000173
0.999996159
0.999985799
0.999982756
1.00000668
1.00006571
1.00013037
1.00012267
0.99994548
0.999559169
0.999076964
0.998816947
0.99924411
1.00077602
1.00350102
1.00693067
1.00992988
1.01091275
1.00827752
1.00094362
0.988795431
0.972597363
0.951633054
0.915403138
0.832703237
0.665469598
0.417858303
0.138469483
0.999999876
0.999999852
1.00000028
1.00000169
1.00000183
0.999996526
0.999986199
0.99998237
1.00000456
1.0000621
1.00012809
1.00012699
0.999961096
0.999584777
0.999100429
0.998815559
0.999192876
1.00066249
1.00334
1.00676979
1.00983994
1.01096426
1.0085124
1.00135224
0.989308808
0.973148396
0.952465229
0.917587456
0.837577109
0.672150211
0.423190917
0.140470899
0.999999878
0.999999848
1.00000025
1.00000166
1.00000191
0.999996821
0.999986531
0.999982084
1.00000287
1.00005916
1.00012612
1.00013027
0.99997361
0.999605746
0.999120171
0.998815453
0.999152019
1.00056998
1.00320742
1.00663629
1.0097645
1.01100619
1.00870735
1.00169296
0.989738179
0.973607462
0.953157623
0.919481305
0.841995927
0.67838573
0.428209726
0.142352119
0.99999988
0.999999844
1.00000023
1.00000164
1.00000197
0.999997053
0.999986795
0.999981868
1.00000155
1.00005682
1.0001245
1.00013276
0.999983436
0.999622417
0.999136106
0.998815785
0.999119823
1.0004962
1.00310117
1.00652916
1.00970452
1.01104183
1.00886783
1.00197237
0.99008981
0.973981976
0.953729003
0.921125129
0.846011956
0.684224895
0.432947847
0.144119283
0.999999882
0.99999984
1.00000021
1.00000162
1.00000202
0.999997231
0.999986993
0.9999817
1.00000054
1.00005503
1.00012325
1.00013467
0.999991022
0.99963533
0.999148473
0.998816003
0.999094613
1.00043845
1.00301814
1.00644603
1.00965957
1.01107369
1.00899951
1.0021986
0.990372607
0.974281697
0.954198161
0.922559591
0.849684895
0.689731009
0.437452476
0.14578525
0.999999884
0.999999837
1.0000002
1.00000161
1.00000207
0.999997365
0.999987135
0.999981562
0.999999778
1.00005369
1.00012234
1.00013617
0.9999968
0.999645093
0.999157705
0.998815814
0.999074875
1.00039389
1.00295469
1.0063836
1.00962822
1.01110348
1.00910792
1.00238053
0.990597112
0.974517905
0.954583193
0.923823303
0.853076994
0.694976187
0.441780542
0.147367866
0.999999885
0.999999833
1.00000018
1.0000016
1.0000021
0.999997464
0.99998723
0.999981443
0.999999202
1.00005272
1.00012173
1.00013737
1.00000118
0.999652342
0.999164347
0.998815114
0.999059278
1.00035969
1.00290693
1.00633805
1.00960831
1.0111323
1.0091983
1.00252727
0.990774717
0.974702707
0.954901072
0.924951502
0.856249514
0.7000368
0.445995187
0.148888517
0.999999887
0.999999829
1.00000017
1.0000016
1.00000213
0.999997538
0.99998729
0.999981336
0.999998763
1.00005202
1.00012134
1.00013837
1.00000453
0.999657714
0.999169009
0.998813936
0.999046659
1.00033318
1.00287094
1.00630531
1.00959728
1.01116074
1.00927547
1.00264781
0.990917067
0.974848469
0.955167399
0.925975339
0.85926023
0.704989952
0.450163037
0.150371068
0.999999889
0.999999825
1.00000016
1.0000016
1.00000216
0.999997595
0.999987327
0.999981236
0.999998415
1.0000515
1.00012111
1.00013925
1.0000072
0.999661828
0.999172324
0.9988124
0.999035996
1.00031181
1.00284289
1.00628127
1.00959235
1.01118907
1.00934386
1.00275077
0.991035623
0.974967381
0.955396278
0.926921571
0.862161742
0.709910839
0.45435211
0.151841085
0.99999989
0.999999821
1.00000016
1.0000016
1.00000219
0.999997645
0.999987352
0.99998114
0.999998113
1.00005107
1.00012096
1.00014006
1.00000951
0.999665269
0.999174919
0.998810673
0.999026392
1.00029322
1.00281914
1.00626195
1.00959071
1.01121733
1.0094075
1.00284425
0.991141346
0.975071126
0.955600258
0.927812485
0.865000287
0.714870643
0.458629107
0.153322119
0.999999892
0.999999817
1.00000015
1.00000161
1.00000222
0.999997693
0.999987375
0.999981044
0.999997819
1.00005066
1.00012082
1.00014085
1.00001175
0.999668578
0.999177385
0.998808946
0.99901706
1.00027526
1.00279632
1.00624358
1.00958966
1.01124541
1.00946999
1.00293571
0.991244467
0.975170648
0.95579033
0.928665949
0.867814837
0.719934825
0.463060393
0.154840143
0.999999895
0.999999813
1.00000014
1.00000161
1.00000224
0.999997748
0.999987408
0.999980949
0.999997499
1.00005019
1.00012062
1.00014165
1.00001416
0.999672242
0.999180273
0.998807418
0.999007329
1.00025601
1.00277134
1.00622269
1.00958661
1.01127309
1.00953451
1.00303188
0.99135436
0.975276034
0.955976022
0.92949567
0.8706369
0.725162343
0.467709577
0.156419468
0.999999897
0.999999809
1.00000013
1.0000016
1.00000227
0.999997814
0.999987459
0.999980853
0.999997123
1.0000496
1.00012031
1.00014251
1.00001696
0.999676691
0.999184077
0.998806295
0.998996634
1.00023379
1.00274147
1.00619612
1.00957919
1.01130007
1.0096038
1.00313876
0.991479486
0.975396489
0.956165561
0.930311569
0.87349071
0.730606037
0.47263939
0.158084883
0.9999999
0.999999805
1.00000011
1.0000016
1.0000023
0.999997898
0.999987537
0.999980757
0.999996664
1.00004883
1.00011981
1.00014342
1.00002034
0.999682318
0.999189265
0.998805795
0.998984517
1.00020713
1.00270428
1.00616104
1.00956518
1.01132594
1.00968013
1.00326151
0.991627306
0.97554029
0.956365994
0.931120041
0.876393034
0.736311867
0.477910788
0.159860441
0.999999903
0.999999801
1.0000001
1.00000159
1.00000234
0.999998004
0.99998765
0.999980664
0.999996101
1.00004783
1.00011908
1.0001444
1.00002446
0.999689467
0.99919626
0.998806151
0.998970649
1.00017485
1.00265772
1.00611501
1.00954258
1.01135016
1.00976525
1.00340439
0.991804133
0.975714642
0.956583231
0.931924147
0.879352674
0.742317474
0.483582469
0.161770011
0.999999907
0.999999798
1.00000008
1.00000158
1.00000237
0.999998135
0.999987806
0.999980575
0.999995423
1.00004655
1.00011806
1.00014543
1.0000294
0.999698375
0.999205394
0.9988076
0.998954875
1.00013614
1.00260027
1.00605607
1.00950967
1.01137208
1.00986026
1.00357054
0.992014901
0.975925485
0.956822061
0.932723854
0.882370096
0.748650831
0.489710403
0.163838075
0.999999911
0.999999795
1.00000006
1.00000156
1.00000241
0.999998293
0.999988008
0.999980496
0.999994624
1.00004498
1.00011671
1.00014648
1.00003521
0.999709171
0.999216902
0.998810377
0.998937233
1.00009059
1.00253096
1.00598284
1.00946506
1.01139094
1.00996557
1.00376185
0.992262981
0.976177305
0.957086178
0.93351643
0.885437379
0.755329025
0.496346336
0.166088187
0.999999915
0.999999793
1.00000004
1.00000153
1.00000245
0.999998479
0.99998826
0.999980434
0.999993708
1.00004311
1.00011501
1.00014752
1.00004184
0.999721895
0.999230926
0.998814715
0.998917934
1.00003823
1.00244945
1.00589455
1.00940775
1.01140583
1.01008086
1.00397891
0.992550009
0.976472922
0.957378181
0.93429695
0.88853842
0.7623571
0.503537299
0.168543657
0.99999992
0.999999791
1.00000002
1.0000015
1.00000249
0.999998691
0.999988564
0.999980396
0.999992687
1.00004095
1.00011294
1.00014848
1.00004921
0.99973648
0.999247503
0.998820826
0.998897365
0.999979485
1.00235602
1.00579112
1.00933719
1.01141584
1.01020507
1.00422083
0.992875667
0.976813199
0.95769947
0.935058855
0.891649312
0.769726622
0.511324158
0.171227405
0.999999925
0.99999979
0.999999993
1.00000146
1.00000253
0.999998926
0.99998892
0.999980389
0.999991584
1.00003852
1.00011049
1.00014929
1.00005718
0.999752745
0.999266542
0.998828871
0.998876059
0.999915253
1.00225168
1.00567332
1.00925346
1.01142009
1.01033641
1.00448518
0.993237425
0.977196643
0.958049992
0.935794518
0.894739004
0.777414058
0.519739636
0.174161648
0.999999931
0.99999979
0.999999965
1.00000141
1.00000257
0.99999918
0.999989321
0.99998042
0.999990426
1.00003586
1.00010769
1.0001499
1.00006555
0.999770395
0.999287797
0.998838917
0.998854668
0.999846871
1.00213827
1.00554285
1.00915743
1.01141794
1.01047237
1.00476782
0.993630233
0.977618916
0.958427814
0.936495811
0.897770381
0.785379154
0.528805705
0.177367239
0.999999937
0.99999979
0.999999935
1.00000136
1.0000026
0.999999446
0.999989761
0.999980494
0.999989251
1.00003304
1.0001046
1.00015025
1.00007405
0.999788971
0.999310799
0.998850866
0.998833922
0.999776173
1.00201852
1.00540265
1.00905102
1.01140914
1.01060987
1.00506284
0.994046238
0.978072315
0.95882854
0.937154613
0.900701987
0.793563796
0.538530694
0.180862726
0.999999943
0.999999792
0.999999905
1.0000013
1.00000263
0.999999716
0.999990226
0.999980611
0.999988098
1.00003017
1.00010131
1.00015031
1.00008239
0.999807837
0.999334803
0.998864382
0.998814559
0.999705448
1.00189617
1.005257
1.00893748
1.01139416
1.01074537
1.00536258
0.994474652
0.978545394
0.959244684
0.937763239
0.903490604
0.801892193
0.548906902
0.184663651
0.99999995
0.999999794
0.999999876
1.00000125
1.00000265
0.999999981
0.9999907
0.999980765
0.999987011
1.00002734
1.00009795
1.00015009
1.00009024
0.999826241
0.999358825
0.99887885
0.998797207
0.999637302
1.00177586
1.00511151
1.00882144
1.01137433
1.01087516
1.00565783
0.99490184
0.979022842
0.959665117
0.938314665
0.906094602
0.810272855
0.55990935
0.188782723
0.999999957
0.999999797
0.999999847
1.00000119
1.00000266
1.00000023
0.999991161
0.999980946
0.999986027
1.00002468
1.0000947
1.00014966
1.00009732
0.999843353
0.999381644
0.998893341
0.998782305
0.999574524
1.00166295
1.00497311
1.00870906
1.01135211
1.01099563
1.00593808
0.995311513
0.979485521
0.960074564
0.938802335
0.908477407
0.818601826
0.571495101
0.193230884
0.999999964
0.999999801
0.99999982
1.00000113
1.00000267
1.00000046
0.999991584
0.999981131
0.999985182
1.00002232
1.00009175
1.00014911
1.00010334
0.999858296
0.999401873
0.998906645
0.998770035
0.999519941
1.00156339
1.00484987
1.00860792
1.01133116
1.01110344
1.00619175
0.995684892
0.979910576
0.960453176
0.939219458
0.910610583
0.82676671
0.583602795
0.198019624
0.999999971
0.999999804
0.999999796
1.00000108
1.00000268
1.00000064
0.999991939
0.999981293
0.999984506
1.00002042
1.00008936
1.00014862
1.00010808
0.999870133
0.999417951
0.99891728
0.99876036
0.999476464
1.00148376
1.00475106
1.00852715
1.01131633
1.01119548
1.00640603
0.996000543
0.980271286
0.960776012
0.939557685
0.912475801
0.834650484
0.596150854
0.203164027
0.999999978
0.999999807
0.999999776
1.00000104
1.00000269
1.00000078
0.999992191
0.999981397
0.999984029
1.00001913
1.00008781
1.00014838
1.00011126
0.999877785
0.999428047
0.998923482
0.998753144
0.999447335
1.00143157
1.00468746
1.00847748
1.01131365
1.01126866
1.0065665
0.996233829
0.980536592
0.961012437
0.939805199
0.914065387
0.842135838
0.609034772
0.208686834
0.999999984
0.999999809
0.99999976
1.00000102
1.0000027
1.00000086
0.999992303
0.999981406
0.999983786
1.00001865
1.0000874
1.00014861
1.00011257
0.999880032
0.999430118
0.998923313
0.998748322
0.999436342
1.00141545
1.0046714
1.00847126
1.01133006
1.01131939
1.0066565
0.996356231
0.980670522
0.961125604
0.939943862
0.915380491
0.849113979
0.622126726
0.214622732
0.999999989
0.999999808
0.999999749
1.00000102
1.00000272
1.00000087
0.99999224
0.999981286
0.999983817
1.00001915
1.00008842
1.00014945
1.00011163
0.999875622
0.999422142
0.99891495
0.998746126
0.999447865
1.00144505
1.00471656
1.00852214
1.01137314
1.01134335
1.0066567
0.996334755
0.98063162
0.961071511
0.939942196
0.916421672
0.855509626
0.635289497
0.221019118
0.999999995
0.999999805
0.999999743
1.00000104
1.00000275
1.00000081
0.999991989
0.999981027
0.999984157
1.00002078
1.00009111
1.00015098
1.00010791
0.999863073
0.999401969
0.998896831
0.998747702
0.999487866
1.00153186
1.00483815
1.0086444
1.0114498
1.01133405
1.00654392
0.996130423
0.980369743
0.960792428
0.939727827
0.917149556
0.861350973
0.648387058
0.227824676
1
0.999999802
0.99999974
1.00000108
1.00000279
1.00000065
0.999991497
0.999980607
0.999984951
1.00002391
1.00009587
1.00015309
1.00010011
0.999839666
0.999366345
0.998867483
0.998756441
0.999566884
1.00169323
1.00505629
1.00885372
1.01156327
1.01127641
1.0062836
0.995693481
0.979828388
0.960234988
0.939259817
0.917534991
0.866607323
0.661315597
0.234995393
1.00000001
0.999999798
0.999999744
1.00000115
1.00000283
1.00000036
0.99999071
0.999980044
0.999986428
1.00002901
1.00010308
1.00015533
1.00008619
0.999801798
0.999311783
0.998826759
0.998779122
0.999700485
1.00195162
1.00539409
1.00916477
1.0117109
1.01114525
1.00582855
0.994960839
0.978938133
0.959334029
0.938490166
0.917561655
0.87123635
0.673930289
0.242498823
1.00000001
0.999999791
0.999999755
1.00000125
1.00000288
0.999999887
0.999989567
0.999979409
0.999988967
1.0000367
1.00011297
1.00015654
1.00006284
0.999744725
0.999234921
0.99877722
0.998828412
0.999912284
1.00233695
1.00587792
1.00958841
1.01187855
1.01089817
1.00511226
0.993851693
0.977616019
0.958015508
0.93736469
0.917208716
0.875211637
0.686095223
0.25027724
1.00000002
0.999999783
0.999999776
1.0000014
1.00000291
0.999999169
0.999988014
0.999978878
0.999993163
1.00004773
1.00012548
1.00015436
1.00002479
0.999662037
0.999133094
0.9987265
0.998926762
1.00023797
1.0028887
1.0065359
1.01012619
1.01203207
1.01046594
1.00404017
0.992261086
0.975761521
0.956194447
0.935822946
0.916454052
0.878516107
0.697679178
0.258253619
1.00000002
0.999999772
0.999999811
1.00000159
1.00000289
0.999998113
0.999986027
0.999978801
0.999999902
1.00006294
1.00013975
1.00014439
0.99996407
0.999546064
0.999006911
0.998692113
0.999112113
1.00072944
1.00365585
1.0073922
1.01075933
1.01210324
1.00973852
1.00247861
0.990052932
0.973253608
0.953774889
0.93379934
0.915273935
0.881143088
0.708561956
0.266332007
1.00000002
0.99999976
0.999999864
1.00000182
1.00000277
0.999996608
0.999983659
0.999979803
1.0000104
1.00008294
1.00015329
1.00011905
0.999869696
0.999390034
0.998865649
0.998709255
0.999445309
1.00145788
1.00469228
1.00845379
1.01142915
1.01196813
1.00854593
1.00024094
0.987052381
0.969948168
0.950650463
0.931225008
0.913644313
0.883095556
0.718637757
0.274400329
1.00000002
0.999999748
0.999999941
1.00000209
1.00000247
0.999994538
0.999981114
0.9999829
1.00002615
1.00010746
1.00016064
1.00006631
0.999728193
0.999192309
0.998736022
0.998841972
1.00001846
1.00251317
1.00604348
1.0096852
1.0120049
1.01141525
1.00663257
0.997071018
0.98303785
0.965676157
0.946705762
0.928030175
0.911542111
0.884384479
0.727814514
0.282330257
1.00000002
0.999999736
1.00000005
1.00000239
1.00000189
0.999991815
0.999978859
0.999989599
1.00004859
1.0001342
1.00015152
0.99996886
0.999526905
0.998966287
0.998677528
0.999197805
1.00095955
1.00399049
1.00771306
1.01096057
1.01223208
1.01010076
1.00362609
0.992626785
0.977736017
0.960245165
0.941820312
0.924148101
0.908947635
0.885027808
0.736013038
0.289978129
1.00000002
0.999999727
1.00000018
1.00000269
1.0000009
0.999988436
0.999977763
1.00000188
1.00007834
1.00015685
1.00010884
0.999805608
0.999263376
0.998758883
0.998804242
0.999940187
1.00242129
1.00594797
1.00959337
1.01198181
1.01165634
1.00749203
0.999005449
0.986469188
0.970823937
0.953446927
0.935876351
0.919520973
0.905847965
0.885049932
0.743165337
0.297185816
1.00000002
0.999999722
1.00000035
1.00000294
0.999999369
0.999984571
0.999979222
1.00002189
1.0001137
1.00016249
1.000008
0.999558825
0.998964825
0.998678918
0.999307072
1.00128258
1.00452991
1.00830929
1.01133984
1.01215345
1.00952485
1.00280852
0.99207919
0.978066065
0.961944488
0.94507397
0.928771603
0.914107997
0.902241253
0.884481482
0.749211694
0.303778827
1.00000001
0.999999722
1.00000055
1.00000309
0.999997178
0.99998067
0.999985177
1.0000512
1.00014825
1.00012928
0.999820659
0.999231916
0.998721069
0.998930139
1.0004564
1.00342938
1.00725266
1.01067666
1.01217239
1.0104184
1.00468467
0.994985197
0.981996362
0.966826138
0.950743412
0.934948823
0.920438003
0.907895674
0.898141741
0.88335964
0.754099878
0.309573292
1.00000001
0.99999973
1.00000077
1.00000306
0.99999428
0.99997756
0.999997914
1.00008926
1.00016816
1.00002671
0.999527834
0.998882468
0.998726585
0.999825363
1.00253868
1.00640393
1.01013161
1.01203059
1.01061762
1.00509782
0.995533279
0.982708221
0.9678251
0.952182726
0.936936227
0.922967972
0.910866189
0.900909671
0.893585007
0.88172927
0.757802932
0.314502715
1.00000001
0.999999746
1.000001
1.00000278
0.999990745
0.999976466
1.00001949
1.00013143
1.00015021
0.999822443
0.999147496
0.998668275
0.999307795
1.00172661
1.00564928
1.00969329
1.01185765
1.01035445
1.00428546
0.993853813
0.980129949
0.964600847
0.948742459
0.933745007
0.920408619
0.909158665
0.900132873
0.893225906
0.888631238
0.879626127
0.760138248
0.318099953
1
0.99999977
1.00000123
1.0000022
0.999986806
0.999978905
1.00005073
1.00016685
1.00006349
0.999500197
0.998776347
0.998885492
1.00087829
1.0048222
1.00925971
1.01169376
1.00977655
1.00237742
0.989922459
0.973997819
0.95662725
0.939646016
0.924367099
0.911518862
0.901342033
0.893740457
0.888426483
0.884980169
0.883369776
0.877110295
0.761092411
0.320234255
0.999999999
0.999999801
1.00000143
1.00000129
0.999982871
0.999986383
1.00009005
1.00017769
0.999877465
0.99908953
0.998630635
0.999948275
1.00373483
1.00866209
1.01157481
1.00914355
0.99968728
0.983884863
0.964154642
0.943431091
0.924162088
0.907875483
0.895209026
0.886157214
0.880328944
0.877165449
0.876053428
0.876363028
0.877908723
0.874232831
0.760632003
0.320839463
0.999999996
0.999999838
1.00000159
1.00000007
0.999979475
0.999999933
1.00013246
1.00014142
0.999578102
0.998698506
0.999047944
1.00223767
1.00763468
1.01151636
1.00898908
0.997120797
0.976655046
0.951246683
0.925327503
0.902344604
0.884135507
0.871174799
0.863089979
0.859131515
0.858407987
0.860092962
0.863429115
0.867646274
0.872433627
0.871057753
0.758499971
0.319487877
0.999999994
0.999999878
1.00000169
0.999998614
0.999977185
1.00001961
1.00016965
1.00003734
0.999187702
0.998525018
1.00039776
1.00578376
1.01126345
1.00997281
0.996415978
0.97056411
0.93763203
0.904492449
0.8762544
0.855162603
0.841301526
0.833734202
0.83122178
0.832634509
0.837054589
0.843554
0.851245678
0.859255881
0.867170573
0.867624487
0.754448372
0.315880295
0.999999993
0.999999918
1.00000173
0.999997025
0.999976441
1.00004416
1.00019176
0.999856298
0.998776671
0.998813668
1.00287788
1.0098963
1.0120377
0.999616287
0.96948234
0.92792425
0.8856185
0.850717721
0.826133679
0.811050136
0.803420379
0.801383668
0.803739465
0.809633653
0.818264794
0.828780133
0.840239627
0.851631295
0.862364349
0.863931452
0.748079385
0.309638553
0.999999992
0.999999957
1.00000172
0.999995435
0.999977413
1.00007114
1.00019072
0.999609534
0.998450699
0.999741607
1.00627341
1.01309855
1.00696233
0.977555247
0.928622617
0.875484214
0.832309823
0.803955733
0.7881169
0.780555977
0.778182739
0.779660577
0.784511966
0.792607757
0.803631965
0.816838512
0.831131213
0.845240368
0.858267175
0.859894815
0.738805079
0.300338841
0.999999992
0.999999991
1.00000166
0.999993967
0.999979913
1.00009745
1.00016431
0.999330601
0.998304803
1.00126898
1.0098808
1.01380661
0.994905099
0.946166479
0.882431026
0.827588072
0.793689585
0.777130233
0.770367224
0.768128883
0.768159252
0.769928485
0.774316421
0.782263162
0.793915049
0.808479104
0.824557358
0.840554581
0.855154895
0.85523848
0.725588402
0.287361967
0.999999992
1.00000002
1.00000156
0.999992712
0.999983399
1.00012026
1.00011891
0.999066919
0.998359498
1.00304908
1.0127891
1.01173245
0.979206466
0.915013536
0.845478928
0.798330417
0.777512213
0.769865713
0.767340541
0.767192168
0.767061119
0.767493738
0.770489142
0.777598509
0.789137605
0.804204613
0.821148953
0.838078873
0.853099123
0.84933467
0.706686097
0.269542873
0.999999992
1.00000004
1.00000146
0.999991722
0.999987061
1.00013762
1.00006949
0.998865393
0.998521604
1.00448896
1.01439947
1.00892579
0.96788909
0.897486994
0.829811723
0.790572502
0.776297118
0.770077525
0.767234602
0.767491204
0.766650162
0.767123896
0.770294108
0.777629897
0.789345726
0.804476708
0.821348669
0.838249019
0.8526729
0.840325623
0.678711845
0.247335909
0.999999993
1.00000006
1.00000138
0.99999104
0.999989891
1.00014825
1.00003685
0.998764525
0.998615889
1.00493893
1.01461485
1.00874955
0.969440575
0.903496268
0.839417316
0.799265191
0.781993561
0.77470202
0.77021652
0.768619859
0.769228542
0.771342506
0.776224096
0.784526706
0.796181395
0.810382685
0.826200596
0.842753126
0.854002826
0.822230232
0.634522155
0.219698749
0.999999993
1.00000007
1.00000133
0.999990716
0.999990811
1.00015042
1.00004376
0.998806749
0.998495251
1.00384216
1.01319986
1.01265546
0.986439608
0.934375248
0.874658004
0.828108428
0.802364513
0.791447877
0.786187729
0.78231207
0.780795229
0.783338163
0.78847047
0.796670845
0.807718497
0.821550774
0.837575284
0.852181162
0.849298266
0.781251766
0.565414052
0.184651337
0.999999993
1.00000007
1.00000133
0.999990983
0.999988448
1.00013713
1.00011817
0.999090076
0.998150385
1.00118526
1.00946628
1.01601436
1.00888204
0.981219508
0.937467148
0.890090579
0.851344466
0.827537184
0.818539999
0.820314458
0.827576067
0.835827813
0.843666709
0.850224204
0.858898069
0.866832664
0.869820251
0.857532605
0.808377512
0.686328266
0.456282441
0.139180166
0.999999993
1.00000006
1.00000138
0.999992796
0.999979801
1.00009747
1.00022058
0.999594493
0.998248069
0.9984835
1.0030553
1.01139953
1.01851539
1.01785987
1.00524686
0.980559192
0.946825493
0.908223175
0.868523017
0.830456707
0.795742357
0.765339392
0.739530291
0.717050907
0.693122314
0.666090464
0.631762523
0.583363837
0.510524527
0.400894372
0.2480782
0.0718006785
0.999999993
1.00000001
1.00000143
0.999996632
0.999973655
1.00003222
1.00023205
1.00013277
0.999170768
0.997804508
0.997724216
1.00063811
1.00696569
1.01560156
1.02462918
1.03219031
1.03695609
1.03814352
1.03528075
1.02791663
1.01536382
0.996485519
0.969509053
0.931862438
0.880073873
0.809895164
0.717050142
0.598717294
0.456329562
0.299523088
0.149417792
0.0332495428
0.999999995
0.999999944
1.00000109
1.0000012
0.999979368
0.999971363
1.0001035
1.0003225
1.00023899
0.999470059
0.998063258
0.996524618
0.995521282
0.995587087
0.997012441
0.999892888
1.00423466
1.01004235
1.01736055
1.02626501
1.03679575
1.04880502
1.06166272
1.07372706
1.08146351
1.07813323
1.05218509
0.98610455
0.857770944
0.648451605
0.363993168
0.0734925061
0.999999999
0.999999924
1.00000034
1.00000338
0.999995776
0.999961921
0.999958218
1.00008179
1.0003335
1.00057964
1.000645
1.00041278
0.999856033
0.999015885
0.997967797
0.996801576
0.995621482
0.994564725
0.993836844
0.993765136
0.994870589
0.997947738
1.00410839
1.01466993
1.03062284
1.05118664
1.07073623
1.07346196
1.02666081
0.878114207
0.57409299
0.137661558
1
0.999999971
0.999999759
1.00000156
1.00000598
0.999996841
0.999959582
0.99991384
0.99990222
0.999955933
1.00007908
1.00025451
1.00045543
1.00065271
1.00081635
1.00091296
1.00090183
1.00073158
1.00034143
0.999674621
0.998720625
0.997615989
0.996845506
0.997569309
1.00199413
1.01336395
1.03443217
1.06206551
1.07488473
1.01395011
0.770912821
0.251171546
1
1.00000001
0.999999874
0.999999395
1.00000138
1.00000823
1.00001425
1.00000989
0.999990491
0.999958361
0.999919663
0.99988138
0.999850029
0.999831717
0.999832611
0.99985922
0.999917796
1.0000118
1.00013549
1.00026089
1.00031602
1.00016073
0.999594939
0.998498792
0.997297132
0.997924956
1.00498042
1.02494497
1.05749118
1.06910103
0.942764007
0.446253091
1
0.999999998
1.00000005
1.00000003
0.999999153
0.99999776
0.999997721
1.00000048
1.00000597
1.00001309
1.00002046
1.00002681
1.00003101
1.00003196
1.00002854
1.00001962
1.00000437
0.999983268
0.999960254
0.999946646
0.999965427
1.00004796
1.00020173
1.00032241
1.00008982
0.999126611
0.998030167
1.00054297
1.01467071
1.04431075
1.04582447
0.770400674
)
;

boundaryField
{
    inner_wall
    {
        type            zeroGradient;
    }
    outer_wall
    {
        type            fixedValue;
        value           uniform 0;
    }
    top
    {
        type            fixedValue;
        value           uniform 1;
    }
    bottom
    {
        type            inletOutlet;
        inletValue      uniform 0;
        value           nonuniform List<scalar> 
32
(
0
0
0
0
0
0
0
0
0
0
-0.00818907109
-0.0184280915
-0.0375121443
-0.0524390497
-0.0157892896
0.143533481
0.433827377
0.746603528
0.959136878
1.03533351
1.02864793
1.00650054
0.997229081
0.997945574
1.00160468
1.00586106
1.00777267
1.00185786
0.978725924
0.899028456
0.676691912
0.260814105
)
;
    }
    front
    {
        type            wedge;
    }
    back
    {
        type            wedge;
    }
}


// ************************************************************************* //
