/*--------------------------------*- C++ -*----------------------------------*\
| =========                 |                                                 |
| \\      /  F ield         | OpenFOAM: The Open Source CFD Toolbox           |
|  \\    /   O peration     | Version:  2506                                  |
|   \\  /    A nd           | Website:  www.openfoam.com                      |
|    \\/     M anipulation  |                                                 |
\*---------------------------------------------------------------------------*/
FoamFile
{
    version     2.0;
    format      ascii;
    arch        "LSB;label=32;scalar=64";
    class       volScalarField;
    location    "276";
    object      p;
}
// * * * * * * * * * * * * * * * * * * * * * * * * * * * * * * * * * * * * * //

dimensions      [0 2 -2 0 0 0 0];

internalField   nonuniform List<scalar> 
3072
(
-0.000123967155
-9.41515295e-05
-9.04857022e-05
-8.44512076e-05
-7.46945488e-05
-6.29698106e-05
-5.1020764e-05
-3.99856143e-05
-2.77742578e-05
-1.40153792e-05
-7.56287972e-06
-7.76018488e-06
-7.6220426e-06
-6.31046153e-06
-4.47204125e-06
-2.49540431e-06
-5.35728131e-07
1.32379094e-06
3.02537057e-06
4.52418744e-06
5.80686687e-06
7.01603917e-06
8.04229819e-06
8.74650123e-06
9.27238591e-06
9.66435241e-06
9.94257547e-06
1.01314839e-05
1.02633914e-05
1.03857707e-05
1.05659036e-05
1.08151623e-05
-0.000264310425
-0.000186452126
-0.000160138691
-0.000141512756
-0.000123474802
-0.000104850648
-8.64210266e-05
-6.86357496e-05
-5.08430113e-05
-3.39336332e-05
-2.18125423e-05
-1.44699929e-05
-8.5700226e-06
-3.29991443e-06
1.3304078e-06
5.32477598e-06
8.74335746e-06
1.16448839e-05
1.40880852e-05
1.61498287e-05
1.7777562e-05
1.92003248e-05
2.04184802e-05
2.12384731e-05
2.18514279e-05
2.23315833e-05
2.2711626e-05
2.30231793e-05
2.33043136e-05
2.36021558e-05
2.3947377e-05
2.42410748e-05
-0.000326423848
-0.000221781267
-0.000176574432
-0.000146113118
-0.000121669665
-0.000100771947
-8.2323779e-05
-6.56797802e-05
-5.03714402e-05
-3.65147268e-05
-2.47568899e-05
-1.50290762e-05
-6.70557914e-06
5.3326033e-07
6.82419105e-06
1.22633691e-05
1.69345234e-05
2.0909247e-05
2.42731754e-05
2.72005423e-05
2.95866315e-05
3.14880762e-05
3.30811524e-05
3.43169142e-05
3.52851888e-05
3.60472061e-05
3.66469244e-05
3.71230345e-05
3.75126466e-05
3.78541403e-05
3.81780574e-05
3.84492278e-05
-0.00038621295
-0.000266915206
-0.000210788376
-0.000168760906
-0.000135763075
-0.000109664235
-8.78522986e-05
-6.89316391e-05
-5.21830252e-05
-3.7296763e-05
-2.41971607e-05
-1.27467335e-05
-2.72760097e-06
6.04067197e-06
1.36900526e-05
2.03248278e-05
2.60363693e-05
3.09109992e-05
3.50378795e-05
3.85009143e-05
4.1402273e-05
4.37573574e-05
4.5628585e-05
4.71510697e-05
4.83630099e-05
4.93170641e-05
5.00674319e-05
5.06623396e-05
5.11448522e-05
5.1556968e-05
5.19302997e-05
5.22253832e-05
-0.000442025334
-0.00031568074
-0.000246465706
-0.000194678189
-0.000154290628
-0.000122038966
-9.54362659e-05
-7.29131163e-05
-5.34564776e-05
-3.64582733e-05
-2.15551808e-05
-8.48028131e-06
2.98968543e-06
1.30327397e-05
2.17905519e-05
2.93832497e-05
3.5922039e-05
4.15135424e-05
4.62355753e-05
5.00709246e-05
5.32998345e-05
5.60636491e-05
5.82581053e-05
6.00109068e-05
6.14107971e-05
6.25244033e-05
6.34105796e-05
6.41221864e-05
6.47075591e-05
6.52151793e-05
6.5682258e-05
6.60574613e-05
-0.000490655537
-0.000359350204
-0.000280091287
-0.000220370344
-0.000173454998
-0.000135074507
-0.000103461303
-7.69814324e-05
-5.44125337e-05
-3.49371464e-05
-1.80134958e-05
-3.25694209e-06
9.62070901e-06
2.08410186e-05
3.05814221e-05
3.89918963e-05
4.62065607e-05
5.23489687e-05
5.75295112e-05
6.18424945e-05
6.54207885e-05
6.83737975e-05
7.07722236e-05
7.2705793e-05
7.42588478e-05
7.55059729e-05
7.65134224e-05
7.73399435e-05
7.80400759e-05
7.86710605e-05
7.92766456e-05
7.97778412e-05
-0.000531925745
-0.000396360086
-0.000311284943
-0.000245353446
-0.000191929348
-0.000147979315
-0.000111621467
-8.11857567e-05
-5.53783035e-05
-3.32741739e-05
-1.42175941e-05
2.27299012e-06
1.65601325e-05
2.89247228e-05
3.959284e-05
4.87542451e-05
5.65747276e-05
6.32035562e-05
6.87778086e-05
7.34253046e-05
7.72691538e-05
8.04239638e-05
8.29931685e-05
8.50736272e-05
8.67550237e-05
8.81189895e-05
8.92385075e-05
9.01781428e-05
9.09987282e-05
9.17668704e-05
9.25330115e-05
9.31836331e-05
-0.00056613284
-0.000427474203
-0.000338406804
-0.000267796791
-0.000209055579
-0.000160191589
-0.00011950088
-8.53394987e-05
-5.63985453e-05
-3.17026039e-05
-1.05252632e-05
7.68776554e-06
2.33650995e-05
3.68457665e-05
4.84057051e-05
5.82768945e-05
6.66602515e-05
7.37343406e-05
7.96608955e-05
8.45884692e-05
8.86545838e-05
9.198618e-05
9.46997978e-05
9.69025137e-05
9.86922314e-05
0.000100157644
0.00010137782
0.000102422626
0.000103358714
0.000104261544
0.000105187599
0.000105987795
-0.000594146917
-0.000453435357
-0.000361224026
-0.000286857459
-0.000223987933
-0.000171079285
-0.000126661965
-8.91943008e-05
-5.74008116e-05
-3.02971911e-05
-7.12040019e-06
1.27315465e-05
2.97378903e-05
4.42864253e-05
5.6697617e-05
6.72426726e-05
7.61563054e-05
8.36457365e-05
8.98967218e-05
9.50776484e-05
9.93421296e-05
0.000102830489
0.000105670755
0.000107979557
0.000109862714
0.00011141553
0.000112722603
0.00011385848
0.000114894837
0.000115914654
0.000116979419
0.00011790914
-0.000616490151
-0.000474436939
-0.000379939669
-0.00030266859
-0.000236574344
-0.00018040503
-0.000132888591
-9.25989868e-05
-5.83160013e-05
-2.90709738e-05
-4.08749281e-06
1.72641007e-05
3.54984363e-05
5.10407951e-05
6.42481925e-05
7.54253951e-05
8.48370216e-05
9.27161685e-05
9.92706632e-05
0.000104687353
0.000109135147
0.00011276704
0.000115721612
0.000118124171
0.000120087684
0.000121713345
0.000123090572
0.000124297897
0.000125411041
0.000126518704
0.000127686144
0.000128710981
-0.000633726408
-0.000490848342
-0.000394799203
-0.000315366444
-0.000246803956
-0.00018807322
-0.000138060068
-9.54446705e-05
-5.90688105e-05
-2.79908779e-05
-1.43662727e-06
2.12367822e-05
4.05664732e-05
5.7004647e-05
7.09362913e-05
8.26931213e-05
9.25644917e-05
0.000100805457
0.000107642856
0.000113279682
0.000117898354
0.000121663065
0.00012472162
0.000127206865
0.000129237904
0.000130920903
0.000132349289
0.000133604821
0.000134766233
0.000135925952
0.00013715175
0.000138229488
-0.000646482497
-0.000503163768
-0.000406150026
-0.000325165618
-0.000254771233
-0.000194090754
-0.000142131289
-9.7663679e-05
-5.959009e-05
-2.69997044e-05
8.70532286e-07
2.46668988e-05
4.49391705e-05
6.21575159e-05
7.67270292e-05
8.89998174e-05
9.92845298e-05
0.000107853787
0.000114949867
0.000120789049
0.000125564936
0.000129451019
0.000132602723
0.000135159075
0.000137244147
0.00013896807
0.00014042741
0.000141706413
0.000142885831
0.000144059864
0.000145297641
0.000146384344
-0.00065539474
-0.000511913052
-0.000414397899
-0.000332349386
-0.000260647199
-0.000198537045
-0.000145114549
-9.92252699e-05
-5.98241153e-05
-2.6031659e-05
2.90019914e-06
2.76151326e-05
4.86686693e-05
6.65418611e-05
8.16533564e-05
9.43697493e-05
0.000105013904
0.000113871668
0.000121197142
0.00012721687
0.000132133153
0.00013612671
0.000139358863
0.000141973382
0.000144098091
0.000145846063
0.000147316165
0.000148594432
0.000149762745
0.000150915342
0.000152121728
0.000153176623
-0.000661078724
-0.000517622851
-0.000419969086
-0.000337236248
-0.00026464763
-0.000201538562
-0.000147064439
-0.000100129243
-5.97323819e-05
-2.5023452e-05
4.73005302e-06
3.01659565e-05
5.18409795e-05
7.02418536e-05
8.57956261e-05
9.88784611e-05
0.000109823029
0.00011892449
0.000126445414
0.000132619746
0.00013765608
0.000141740344
0.000145038082
0.000147696407
0.00014984574
0.000151601134
0.00015306299
0.000154318524
0.000155450003
0.000156550288
0.000157688491
0.000158677346
-0.000664111149
-0.000520794222
-0.000423284828
-0.000340155159
-0.000267010809
-0.000203250532
-0.000148064815
-0.000100400984
-5.92952173e-05
-2.39218863e-05
6.43688078e-06
3.2411785e-05
5.45579257e-05
7.33641795e-05
8.92621117e-05
0.00010263363
0.000113817582
0.000123115161
0.000130794497
0.000137094415
0.000142227655
0.00014638354
0.000149730319
0.000152417198
0.000154576157
0.000156323393
0.000157760188
0.000158974423
0.000160048184
0.000161071909
0.000162113765
0.000163010759
-0.000665020972
-0.000521895713
-0.000424752048
-0.000341432082
-0.000267982691
-0.000203844233
-0.000148219765
-0.000100087156
-5.85118767e-05
-2.26885395e-05
8.08793831e-06
3.44411058e-05
5.69229536e-05
7.60222506e-05
9.21723393e-05
0.000105758032
0.000117121542
0.000126567488
0.000134367188
0.000140762274
0.000145967825
0.000150175035
0.000153553584
0.000156253712
0.000158408103
0.000160133409
0.000161531261
0.000162689813
0.000163690555
0.000164620827
0.000165547508
0.000166335786
-0.000664283427
-0.00052135276
-0.000424745723
-0.000341375574
-0.000267805252
-0.000203496828
-0.000147645988
-9.92506443e-05
-5.73989737e-05
-2.13016767e-05
9.73587837e-06
3.63306995e-05
5.90311558e-05
7.83245687e-05
9.46442833e-05
0.000108376
0.000119863247
0.000129412101
0.00013729525
0.000143755511
0.000149008887
0.000153247241
0.000156640671
0.000159339625
0.000161476818
0.000163168834
0.00016451725
0.000165610199
0.000166528313
0.000167355491
0.000168157144
0.000168828369
-0.000662311739
-0.000519540969
-0.000423607379
-0.000340271782
-0.000266708491
-0.000202383029
-0.000146465525
-9.79651241e-05
-5.59874434e-05
-1.97555613e-05
1.14170227e-05
3.8141762e-05
6.09634568e-05
8.03673454e-05
9.67857294e-05
0.000110603859
0.000122165166
0.000131775775
0.00013970844
0.000146205969
0.000151484254
0.000155734933
0.00015912778
0.000161812841
0.000163922384
0.000165572543
0.000166864564
0.000167886352
0.000168717548
0.000169438531
0.000170113206
0.000170666432
-0.000659462535
-0.00051678286
-0.000421639815
-0.000338377954
-0.000264903182
-0.000200667952
-0.000144799024
-9.63094228e-05
-5.43182112e-05
-1.80577564e-05
1.31523931e-05
3.99192522e-05
6.2784404e-05
8.22309037e-05
9.86895077e-05
0.000112544203
0.000124137395
0.000133774319
0.000141726913
0.000148237172
0.00015352017
0.000157766711
0.000161145743
0.000163806505
0.000165880495
0.000167483162
0.000168715236
0.000169664267
0.000170408864
0.000171026012
0.000171578169
0.000172018354
-0.000656031016
-0.000513345294
-0.000419106925
-0.000335921584
-0.000262577865
-0.000198502651
-0.000142760787
-9.43626552e-05
-5.24378776e-05
-1.62256374e-05
1.4950253e-05
4.16933846e-05
6.45424395e-05
8.3978834e-05
0.000100431787
0.00011428339
0.000125874412
0.000135508668
0.000143456758
0.000149959382
0.000155230358
0.000159459295
0.000162814012
0.000165442704
0.00016747592
0.000169028286
0.000170199921
0.000171077949
0.000171739969
0.000172259849
0.000172698724
0.000173035137
-0.000652249352
-0.000509468671
-0.000416222845
-0.000333097387
-0.000259899832
-0.000196023101
-0.000140455666
-9.22004035e-05
-5.03947584e-05
-1.42824548e-05
1.68102811e-05
4.348378e-05
6.62715724e-05
8.56574286e-05
0.000102071578
0.000115891085
0.000127454248
0.000137063531
0.00014498813
0.00015146725
0.000156713251
0.000160914375
0.000164237177
0.000166828702
0.000168818477
0.000170320261
0.00017143352
0.000172244922
0.000172831124
0.000173263234
0.000173601236
0.000173845932
-0.000648309929
-0.000505543804
-0.000413023676
-0.000330016086
-0.000257004949
-0.000193345271
-0.000137974208
-8.9889868e-05
-4.82339614e-05
-1.22517492e-05
1.87304231e-05
4.53084156e-05
6.79952444e-05
8.72931393e-05
0.000103649425
0.0001174193
0.000128937553
0.000138506439
0.000146394186
0.000152838588
0.000158050561
0.000162216987
0.000165503156
0.000168054972
0.000170000951
0.000171453996
0.000172512931
0.000173263969
0.000173782921
0.000174138521
0.000174389786
0.000174556287
-0.000644358712
-0.000501785583
-0.000409594646
-0.000326787949
-0.000254003488
-0.000190564688
-0.00013539478
-8.74932317e-05
-4.60033935e-05
-1.01709951e-05
2.06755261e-05
4.71292878e-05
6.97229225e-05
8.89478973e-05
0.000105226483
0.000118923989
0.000130380364
0.00013989589
0.000147736373
0.000154137759
0.000159309408
0.000163436777
0.000166683868
0.000169195448
0.000171099055
0.000172506755
0.00017351675
0.000174214818
0.000174676033
0.000174967133
0.000175146269
0.000175248558
-0.00064049589
-0.000498119908
-0.000406182061
-0.000323534882
-0.000250976706
-0.000187753553
-0.000132779239
-8.50585566e-05
-4.37368076e-05
-8.06426949e-06
2.26385959e-05
4.89664998e-05
7.14754163e-05
9.06228496e-05
0.000106806664
0.000120423025
0.000131811252
0.000141267848
0.000149056269
0.000155410855
0.000160539542
0.00016462648
0.00016783452
0.000170307382
0.000172171572
0.000173538536
0.00017450593
0.000175159024
0.000175572304
0.000175810924
0.000175932082
0.000175983195
-0.000636798412
-0.000494584179
-0.000402826238
-0.000320370564
-0.000247993911
-0.000184958833
-0.000130166045
-8.2612717e-05
-4.14410722e-05
-5.94877417e-06
2.46305113e-05
5.08471313e-05
7.32421573e-05
9.2282009e-05
0.000108381003
0.000121924636
0.000133247931
0.000142646553
0.000150383254
0.000156691373
0.000161777756
0.000165825562
0.00016899688
0.000171434508
0.000173261768
0.000174592367
0.000175524423
0.000176140885
0.000176515857
0.000176713577
0.000176790293
0.000176801285
-0.000633314912
-0.000491225844
-0.000399594754
-0.000317331701
-0.000245110209
-0.000182229966
-0.000127596529
-8.02017744e-05
-3.91857082e-05
-3.79655289e-06
2.66459825e-05
5.27501069e-05
7.50344304e-05
9.39662777e-05
0.000109982881
0.000123455402
0.00013471492
0.000144056686
0.000151742888
0.000158005949
0.000163051751
0.000167062507
0.000170199291
0.000172604226
0.000174402418
0.000175704133
0.000176606092
0.000177192862
0.00017753806
0.000177704887
0.000177749305
0.000177732585
-0.000630067467
-0.0004880692
-0.000396542118
-0.000314418893
-0.000242329945
-0.000179585606
-0.000125090706
-7.78324994e-05
-3.69473606e-05
-1.67656057e-06
2.86571949e-05
5.46621774e-05
7.68380064e-05
9.56697941e-05
0.000111612382
0.000125020169
0.000136220894
0.000145509963
0.00015314933
0.000159370739
0.00016437933
0.000168356604
0.000171462957
0.000173839931
0.000175612245
0.000176889582
0.000177768271
0.000178332702
0.000178656142
0.000178801152
0.000178823415
0.000178788057
-0.000627059215
-0.000485121524
-0.000393674397
-0.000311654331
-0.000239673707
-0.000177043325
-0.000122664918
-7.55219821e-05
-3.47481989e-05
4.18091606e-07
3.06596824e-05
5.65755797e-05
7.86539479e-05
9.7399821e-05
0.00011327699
0.000126626412
0.000137773859
0.000147015103
0.000154611993
0.000160795772
0.000165771018
0.000169718693
0.000172798685
0.000175152067
0.000176903131
0.000178161207
0.000179022324
0.00017957062
0.000179879108
0.000180009957
0.000180018639
0.000179972303
-0.000624280177
-0.000482378247
-0.000390987791
-0.000309042932
-0.000237147296
-0.000174608654
-0.000120325353
-7.32779697e-05
-3.25982006e-05
2.47701423e-06
3.26338527e-05
5.84780927e-05
8.04895623e-05
9.91678839e-05
0.000114983986
0.000128278833
0.000139377781
0.000148576049
0.000156134992
0.000162285398
0.000167231388
0.000171153481
0.000174211148
0.000176545087
0.000178279249
0.00017952267
0.000180371128
0.000180908554
0.000181207774
0.000181330743
0.000181332788
0.000181281632
-0.000621711211
-0.000479825491
-0.000388471677
-0.000306578627
-0.00023474682
-0.000172279241
-0.000118071038
-7.11005996e-05
-3.04982671e-05
4.49912256e-06
3.4578457e-05
6.03558333e-05
8.23336581e-05
0.000100977572
0.000116735799
0.000129977712
0.000141032154
0.000150192174
0.000157717772
0.000163839158
0.000168760041
0.000172660552
0.000175699806
0.000178018188
0.000179739377
0.000180972167
0.000181812135
0.000182343036
0.000182637561
0.000182757589
0.000182758358
0.000182707086
-0.000619327633
-0.000477443299
-0.000386109896
-0.000304248934
-0.000232462213
-0.000170046661
-0.000115894258
-6.89814898e-05
-2.84365937e-05
6.5053017e-06
3.65275501e-05
6.22294819e-05
8.41647663e-05
0.000102791543
0.000118507631
0.000131707771
0.000142726328
0.000151855299
0.000159353711
0.000165451417
0.000170351911
0.000174235095
0.000177259861
0.000179566384
0.000181278155
0.000182503802
0.000183338746
0.000183866605
0.000184159983
0.000184280787
0.000184284211
0.000184236213
-0.000617102481
-0.000475208788
-0.000383883411
-0.000302038344
-0.000230281122
-0.000167901395
-0.000113788059
-6.69160052e-05
-2.64111073e-05
8.49389908e-06
3.84768833e-05
6.411636e-05
8.59990401e-05
0.000104600876
0.000120289542
0.000133461506
0.000144453854
0.000153559234
0.000161036682
0.000167116032
0.000172000743
0.00017587065
0.000178884552
0.000181182518
0.000182887935
0.000184109324
0.000184942003
0.000185469489
0.000185764338
0.000185888557
0.000185897325
0.000185854867
-0.0006150085
-0.000473098132
-0.000381772032
-0.000299929955
-0.000228190159
-0.000165833693
-0.00011174659
-6.49029836e-05
-2.44276644e-05
1.04474453e-05
4.03990958e-05
6.60083322e-05
8.78591892e-05
0.000106428933
0.000122091814
0.000135241875
0.000146214149
0.000155301218
0.000162762381
0.000168827577
0.000173700264
0.000177560246
0.000180566281
0.000182858391
0.000184559903
0.000185779277
0.000186611758
0.000187140789
0.000187438908
0.000187568265
0.000187584047
0.00018754848
-0.000613019232
-0.000471087673
-0.000379755314
-0.000297905905
-0.000226174456
-0.000163831521
-0.000109760369
-6.29351475e-05
-2.24804911e-05
1.23716728e-05
4.23002045e-05
6.79007491e-05
8.97390488e-05
0.000108273866
0.000123907832
0.000137042217
0.000148000942
0.000157074912
0.000164524133
0.000170578951
0.000175442919
0.000179295864
0.000182296556
0.000184585016
0.000186284553
0.000187503602
0.000188337365
0.000188869233
0.000189171746
0.000189307228
0.000189330881
0.000189302832
-0.000611109968
-0.000469154989
-0.000377813699
-0.000295948637
-0.000224219137
-0.000161882553
-0.000107819341
-6.100444e-05
-2.05627779e-05
1.42736136e-05
4.41864647e-05
6.9785314e-05
9.16205849e-05
0.000110129929
0.000125740107
0.000138862955
0.000149811798
0.000158876136
0.000166316604
0.000172363906
0.000177221688
0.000181069815
0.00018406709
0.000186353552
0.000188052516
0.000189272408
0.000190108406
0.000190643865
0.000190951343
0.000191093343
0.000191125088
0.000191104628
-0.000609258471
-0.000467279644
-0.000375929294
-0.000294041601
-0.000222310056
-0.000159974819
-0.000105913346
-5.91021337e-05
-1.86663938e-05
1.61623311e-05
4.60668725e-05
7.1658942e-05
9.34862795e-05
0.000111986824
0.000127588839
0.000140702645
0.00015164304
0.000160699944
0.000168134016
0.000174175971
0.000179029491
0.000182874481
0.000185869777
0.000188155437
0.000189854792
0.000191076267
0.000191915027
0.000192454404
0.000192766981
0.000192915436
0.000192955006
0.000192941774
-0.000607445498
-0.00046544373
-0.00037408649
-0.000292169892
-0.000220434654
-0.000158097887
-0.000104033869
-5.72216454e-05
-1.67869472e-05
1.80392828e-05
4.79404204e-05
7.35281393e-05
9.5348749e-05
0.000113845245
0.000129444933
0.000142553141
0.000153487855
0.000162539855
0.000169969785
0.000176008335
0.000180859242
0.000184702473
0.000187696909
0.000189982646
0.000191683034
0.000192906511
0.000193748238
0.000194291534
0.000194609013
0.000194763519
0.000194810286
0.000194803597
-0.000605655041
-0.000463632141
-0.000372272258
-0.000290320385
-0.000218582138
-0.000156242733
-0.000102173442
-5.5357091e-05
-1.49202116e-05
1.99068485e-05
4.98079021e-05
7.53941879e-05
9.72100781e-05
0.000115704597
0.000131304739
0.000144410185
0.000155341752
0.000164390995
0.000171818599
0.000177855284
0.000182704861
0.000186547372
0.000189541755
0.000191828148
0.000193529932
0.000194755562
0.000195600203
0.00019614717
0.00019646911
0.000196629014
0.000196682087
0.000196681018
-0.000603874367
-0.000461832731
-0.000370476336
-0.000288481764
-0.000216743839
-0.000154401959
-0.000100325875
-5.35036201e-05
-1.30626694e-05
2.1767197e-05
5.16701252e-05
7.72568811e-05
9.90704027e-05
0.000117564922
0.000133166917
0.00014627135
0.000157201519
0.000166249541
0.000173676142
0.000179712083
0.000184561253
0.000188403768
0.000191398625
0.000193686004
0.000195389318
0.000196617043
0.000197464351
0.000198014559
0.00019834035
0.000198504832
0.000198563156
0.000198566627
-0.000602093856
-0.00046003648
-0.000368690787
-0.000286644506
-0.000214913393
-0.000152569611
-9.84861315e-05
-5.16572923e-05
-1.12113971e-05
2.36223248e-05
5.35282419e-05
7.91166896e-05
0.000100929621
0.00011942544
0.000135030004
0.000148134588
0.000159064566
0.000168112439
0.000175538962
0.000181574938
0.000186424328
0.000190267314
0.000193262945
0.00019555144
0.000197256242
0.000198485848
0.00019933544
0.000199888338
0.000200217259
0.000200385404
0.000200447831
0.000200454679
-0.000600306589
-0.000458237494
-0.00036690554
-0.000284804917
-0.000213086695
-0.000150740735
-9.66502012e-05
-4.98150397e-05
-9.36409106e-06
2.54738517e-05
5.53832612e-05
8.09741068e-05
0.000102787669
0.000121285473
0.000136892862
0.000149998396
0.000160928997
0.000169977438
0.000177404497
0.000183441015
0.000188291015
0.000192134734
0.000195131262
0.000197420852
0.000199126974
0.000200358141
0.000201209545
0.000201764513
0.000202095789
0.000202266621
0.000202331937
0.00020234109
-0.000598507607
-0.000456431265
-0.000365097772
-0.000282978677
-0.000211261711
-0.000148911827
-9.48154073e-05
-4.79747322e-05
-7.51907153e-06
2.73229977e-05
5.72359769e-05
8.28295605e-05
0.000104644541
0.000123144575
0.000138754765
0.00015186181
0.000162793582
0.000171843051
0.000179271032
0.000185308403
0.00019015923
0.000194003793
0.000197001216
0.000199291778
0.000200998966
0.000202231309
0.000203084006
0.0002036404
0.000203973244
0.000204145722
0.000204212494
0.000204223765
-0.000596695983
-0.000454616488
-0.000363279893
-0.000281153325
-0.000209434279
-0.000147080617
-9.2979731e-05
-4.6134681e-05
-5.67501729e-06
2.917072e-05
5.90870259e-05
8.46834139e-05
0.000106500282
0.000125002572
0.000140615443
0.000153724412
0.000164657727
0.000173708518
0.000181137657
0.000187176053
0.000192027808
0.000195873228
0.000198871462
0.000201162807
0.000202870763
0.000204103866
0.000204957325
0.000205514487
0.000205848114
0.000206021346
0.000206088666
0.000206100885
-0.000594872135
-0.000452792782
-0.000361454533
-0.000279327796
-0.000207604008
-0.000145246777
-9.11426312e-05
-4.42943264e-05
-3.83143709e-06
3.10173897e-05
6.09366006e-05
8.65355639e-05
0.000108354575
0.000126859524
0.000142475297
0.000155586432
0.000166521466
0.000175573748
0.000183004185
0.000189043702
0.000193896418
0.000197742658
0.000200741584
0.0002030335
0.000204741914
0.000205975367
0.00020682907
0.000207386371
0.000207720028
0.000207893203
0.000207960466
0.000207972354
-0.000593037869
-0.000450961954
-0.000359621257
-0.000277503194
-0.000205771826
-0.000143411108
-8.93048243e-05
-4.24542214e-05
-1.98875311e-06
3.28626642e-05
6.2784291e-05
8.83850763e-05
0.000110205652
0.000128715343
0.00014433618
0.000157449266
0.000168385681
0.000177439383
0.000184871152
0.000190911825
0.000195765504
0.000199612513
0.00020261201
0.000204904298
0.000206612883
0.000207846306
0.000208699779
0.000209256644
0.000209589653
0.000209762023
0.000209828569
0.00020983905
-0.000591196045
-0.000449126777
-0.000357772736
-0.000275688766
-0.000203941105
-0.000141575666
-8.74680082e-05
-4.0615577e-05
-1.47647842e-07
3.4706483e-05
6.46308839e-05
9.02335243e-05
0.000112053352
0.000130568481
0.000146197627
0.000159313104
0.000170250825
0.000179306036
0.000186739312
0.000192781294
0.000197636034
0.000201483842
0.000204483862
0.000206776389
0.000208484924
0.000209718004
0.000210570843
0.000211126779
0.000211458553
0.000211629401
0.000211694313
0.000211702974
-0.000589351971
-0.000447291851
-0.000355922451
-0.000273877415
-0.000202114657
-0.000139743395
-8.56343305e-05
-3.87799123e-05
1.69100136e-06
3.65487496e-05
6.64773772e-05
9.20835037e-05
0.0001139011
0.000132418824
0.000148056743
0.000161176451
0.00017211668
0.000181174183
0.000188609557
0.000194653303
0.000199509429
0.000203358239
0.000206358873
0.000208651624
0.000210359989
0.00021159251
0.000212444403
0.000212999015
0.000213329069
0.000213497754
0.000213560156
0.000213566766
-0.000587512222
-0.000445462602
-0.000354082218
-0.000272068393
-0.000200295531
-0.000137918176
-8.38069058e-05
-3.69497116e-05
3.52512474e-06
3.83875619e-05
6.83215266e-05
9.39323941e-05
0.000115749942
0.000134270178
0.000149915877
0.000163041032
0.000173985001
0.000183045705
0.000190483886
0.000196529964
0.000201387919
0.000205238049
0.000208239499
0.000210532561
0.000212240739
0.000213472581
0.000214323316
0.000214876303
0.000215204254
0.00021537029
0.000215429578
0.000215433541
-0.00058568423
-0.000443645617
-0.000352258252
-0.000270268215
-0.000198488077
-0.000136104269
-8.19893405e-05
-3.51278704e-05
5.35239145e-06
4.0220959e-05
7.01614096e-05
9.57780831e-05
0.000117598787
0.000136124462
0.000151778506
0.000164909716
0.000175858304
0.000184923082
0.000192364848
0.000198413932
0.000203274272
0.000207126161
0.000210128746
0.000212422324
0.00021413041
0.000215361567
0.000216211044
0.000216762219
0.000217087799
0.000217250836
0.000217306555
0.000217307379
-0.000583876362
-0.000441848669
-0.000350456815
-0.000268484319
-0.000196697558
-0.000134306227
-8.01854372e-05
-3.33173298e-05
7.17072278e-06
4.20477695e-05
7.19969551e-05
9.76216264e-05
0.000119447982
0.000137981354
0.000153645243
0.000166783835
0.000177738397
0.000186808503
0.000194254952
0.000200307981
0.000205171491
0.000209025776
0.000212029991
0.000214324451
0.000216032689
0.000217263294
0.000218111546
0.000218660856
0.000218983932
0.000219143759
0.000219195607
0.000219192949
-0.000582097802
-0.00044008035
-0.000348685038
-0.000266724338
-0.000194929952
-0.000132529056
-7.83993509e-05
-3.15213522e-05
8.97774168e-06
4.38664734e-05
7.38275093e-05
9.94632075e-05
0.00012129826
0.000139841762
0.000155517183
0.000168664903
0.000179627263
0.000188704352
0.000196156923
0.000202215129
0.00020708285
0.000210940391
0.000213946932
0.000216242818
0.000217951619
0.000219181965
0.000220029181
0.000220576724
0.000220897318
0.000221053882
0.00022110173
0.000221095408
-0.000580358379
-0.000438349794
-0.000346950707
-0.00026499607
-0.000193191676
-0.0001307781
-7.66354936e-05
-2.97434099e-05
1.07708987e-05
4.56754061e-05
7.56522634e-05
0.000101302921
0.000123150628
0.000141706868
0.000157395334
0.000170554286
0.000181526851
0.000190613069
0.000198073593
0.000204138538
0.000209011796
0.000212873704
0.000215883486
0.000218181543
0.000219891504
0.000221122059
0.0002219686
0.000222514647
0.000222832954
0.000222986389
0.000223030304
0.000223020321
-0.000578668321
-0.000436666427
-0.000345261967
-0.000263307328
-0.000191489298
-0.000129058833
-7.48983633e-05
-2.79870251e-05
1.25476554e-05
4.7473037e-05
7.74708419e-05
0.000103141991
0.000125008027
0.000143577926
0.000159278822
0.000172452082
0.000183438534
0.000192536855
0.000200007708
0.000206081371
0.000210961827
0.000214829489
0.000217843667
0.000220144853
0.00022185677
0.000223088197
0.000223934615
0.000224479629
0.000224796045
0.000224946699
0.000224986987
0.000224973557
-0.000577037979
-0.000435039691
-0.000343627034
-0.000261665747
-0.000189829313
-0.000127376709
-7.31924956e-05
-2.62558586e-05
1.43051875e-05
4.92573238e-05
7.92819349e-05
0.000104980001
0.000126871539
0.000145456743
0.000161169221
0.000174360249
0.000185364784
0.000194478617
0.000201962496
0.000208047105
0.000212936637
0.000216811638
0.000219831553
0.000222137007
0.000223851856
0.000225085003
0.000225932045
0.000226476699
0.000226791843
0.000226940309
0.000226977552
0.000226961142
-0.000575477458
-0.000433478697
-0.000342053853
-0.000260078523
-0.000188217882
-0.000125736963
-7.15223506e-05
-2.45537509e-05
1.60400665e-05
5.10248366e-05
8.10812128e-05
0.000106810848
0.000128737019
0.000147348795
0.000163075737
0.000176284187
0.000187309759
0.000196442279
0.000203941805
0.00021003955
0.000214940049
0.000218824035
0.00022185112
0.000224162104
0.000225881006
0.00022711689
0.000227965497
0.000228510677
0.000228825409
0.000228972557
0.00022900765
0.000228989015
-0.000573996129
-0.000431991757
-0.000340549636
-0.000258551958
-0.000186660314
-0.000124143997
-6.98915173e-05
-2.28835654e-05
1.77500454e-05
5.27738296e-05
8.28672308e-05
0.000108632894
0.000130602188
0.000149253629
0.000165000687
0.0001782269
0.000189276679
0.000198430941
0.0002059487
0.00021206181
0.000216975233
0.000220869936
0.000223905736
0.000226223642
0.00022794788
0.0002291877
0.000230039019
0.000230585846
0.000230901289
0.000231048288
0.000231082469
0.000231062675
-0.000572602126
-0.000430585886
-0.000339120401
-0.000257090982
-0.000185160628
-0.000122600972
-6.83023142e-05
-2.1246788e-05
1.94344963e-05
5.45048195e-05
8.46423754e-05
0.000110449728
0.000132462892
0.000151159775
0.000166941138
0.000180193812
0.000191270313
0.000200447991
0.000207985978
0.000214116483
0.000219044717
0.000222951865
0.000225997978
0.000228324303
0.000230055296
0.000231300428
0.000232155817
0.000232705652
0.000233023201
0.000233171535
0.000233206401
0.000233186837
-0.000571301877
-0.000429266318
-0.000337770593
-0.000255698727
-0.000183721219
-0.000121109636
-6.67558127e-05
-1.96438307e-05
2.10936537e-05
5.62187786e-05
8.6408673e-05
0.000112264731
0.00013432239
0.000153066108
0.00016889408
0.000182184069
0.000193290316
0.000202493453
0.000210053974
0.000216204154
0.000221149288
0.000225070791
0.000228128988
0.000230465406
0.000232204771
0.000233456805
0.000234317858
0.000234872326
0.00023519367
0.000235345153
0.000235382669
0.000235365053
-0.000570099581
-0.000428035919
-0.000336502747
-0.000254376021
-0.000182342525
-0.000119670131
-6.5251751e-05
-1.80740643e-05
2.27284316e-05
5.7916714e-05
8.81670295e-05
0.000114079712
0.000136188607
0.000154980318
0.000170857141
0.000184191101
0.000195331996
0.000204564481
0.000212150807
0.000218323475
0.000223287962
0.000227226007
0.000230298295
0.000232646699
0.000234396267
0.000235657024
0.000236525588
0.000237086595
0.000237413732
0.000237570529
0.000237613049
0.00023759944
-0.000568996539
-0.000426894399
-0.000335317679
-0.000253120421
-0.000181022503
-0.000118280855
-6.37884023e-05
-1.6535598e-05
2.43406881e-05
5.96000731e-05
8.99180639e-05
0.000115894161
0.000138060649
0.000156903752
0.000172832718
0.000186215234
0.000197394344
0.000206659673
0.000214274877
0.000220472692
0.000225458889
0.000229415628
0.000232504028
0.000234866369
0.000236628084
0.000237899556
0.000238777688
0.000239347385
0.000239682615
0.000239847254
0.000239897549
0.000239890366
-0.000567990381
-0.000425837901
-0.000334216607
-0.000251921684
-0.00017975371
-0.000116937039
-6.23611352e-05
-1.50241217e-05
2.59321833e-05
6.12709566e-05
9.16634892e-05
0.000117708741
0.000139937988
0.000158836237
0.000174821462
0.000188256193
0.000199475608
0.000208776469
0.000216423138
0.000222648396
0.000227658388
0.000231635787
0.000234742232
0.000237120522
0.000238896507
0.000240180736
0.000241070743
0.000241651645
0.000241997616
0.000242172991
0.000242234221
0.000242236213
-0.000567074206
-0.000424859852
-0.000333197361
-0.000250756832
-0.000178519381
-0.000115625254
-6.09570532e-05
-1.35303726e-05
2.74938541e-05
6.29255495e-05
9.34014507e-05
0.00011952275
0.000141820773
0.000160775911
0.000176819311
0.000190310002
0.000201571764
0.000210910513
0.000218590809
0.000224845445
0.000229881054
0.000233880918
0.000237007326
0.000239403902
0.000241196923
0.000242493063
0.000243396762
0.000243992221
0.00024435218
0.000244541647
0.000244617282
0.000244631376
-0.000566233927
-0.000423947239
-0.000332189031
-0.00024968227
-0.000177347066
-0.000114347783
-5.95814412e-05
-1.20565823e-05
2.90814526e-05
6.45936118e-05
9.51498452e-05
0.000121348758
0.000143719279
0.000162726615
0.000178821664
0.000192370648
0.000203677861
0.000213055979
0.000220770895
0.00022705588
0.000232118113
0.000236141531
0.000239288982
0.00024170437
0.000243514545
0.000244830956
0.000245751914
0.000246363174
0.000246739563
0.000246946462
0.00024704109
0.000247072777
-0.000565448835
-0.000423078273
-0.000331186651
-0.0002486464
-0.000176187857
-0.000113071405
-5.82024016e-05
-1.05792735e-05
3.06556797e-05
6.62571024e-05
9.68971904e-05
0.000123175415
0.000145622128
0.000164684414
0.000180829501
0.000194435646
0.000205788373
0.000215205378
0.000222954519
0.000229269768
0.000234358886
0.000238406465
0.000241575991
0.000244011929
0.000245841696
0.000247177451
0.000248117609
0.000248748316
0.000249144839
0.000249373255
0.000249491567
0.000249545051
-0.000564692657
-0.000422224684
-0.000330205158
-0.000247589199
-0.000175014056
-0.000111784146
-5.68109037e-05
-9.08880284e-06
3.22401751e-05
6.79289508e-05
9.86473347e-05
0.000124996005
0.000147522929
0.000166664718
0.000182858553
0.000196501929
0.000207895504
0.000217348942
0.000225130096
0.000231473869
0.000236588769
0.00024066002
0.000243851736
0.000246308981
0.000248159727
0.000249516602
0.000250478439
0.000251131682
0.000251551986
0.000251806328
0.000251953259
0.000252031931
-0.000563927131
-0.000421347819
-0.000329200962
-0.000246487459
-0.000173798489
-0.000110458603
-5.53827827e-05
-7.56397359e-06
3.38561201e-05
6.96301643e-05
0.000100427571
0.000126846038
0.00014943183
0.000168630897
0.000184866375
0.000198541352
0.000209975221
0.000219464925
0.000227276928
0.000233647723
0.000238787099
0.000242881157
0.000246094745
0.000248573598
0.000250446279
0.000251825918
0.000252811744
0.000253490498
0.000253938261
0.000254223034
0.000254403851
0.000254512403
-0.000563101684
-0.000420402609
-0.000328123895
-0.000245305527
-0.000172506404
-0.000109062444
-5.38910012e-05
-5.98393105e-06
3.55178112e-05
7.13678702e-05
0.00010223711
0.000128717933
0.000151331159
0.000170563408
0.000186849793
0.000200558978
0.000212024637
0.00022154255
0.000229379261
0.000235772254
0.000240932338
0.000245046454
0.000248280169
0.000250779857
0.000252674636
0.000254078105
0.000255089849
0.000255796865
0.000256275657
0.000256595329
0.000256815388
0.000256958996
-0.000562152325
-0.000419361026
-0.000326903194
-0.000243992892
-0.000171096959
-0.000107559275
-5.23051525e-05
-4.32600705e-06
3.72386794e-05
7.31430065e-05
0.00010405799
0.000130577598
0.000153222418
0.000172497879
0.000188825435
0.000202553875
0.000214033454
0.000223565415
0.000231416186
0.000237823171
0.000242997626
0.000247127072
0.000250377633
0.000252896186
0.000254812301
0.000256239956
0.000257279011
0.000258016652
0.000258529769
0.000258888649
0.000259153256
0.00025933702
-0.000561015374
-0.000418291518
-0.000325368546
-0.000242461605
-0.000169515554
-0.000105902572
-5.05848614e-05
-2.55638482e-06
3.9047169e-05
7.49815568e-05
0.000105918394
0.00013245531
0.000155125838
0.000174417355
0.000190746001
0.000204479291
0.000215962603
0.000225498056
0.000233352967
0.000239765387
0.000244947157
0.000249086351
0.0002523496
0.000254884224
0.000256820166
0.000258271708
0.000259338905
0.000260109044
0.000260659365
0.000261061394
0.000261375536
0.000261604258
-0.00055960288
-0.000416989683
-0.000323543569
-0.000240665819
-0.000167701595
-0.000104039899
-4.86871796e-05
-6.40708574e-07
4.09694573e-05
7.69025355e-05
0.000107832435
0.000134359659
0.000157019738
0.000176291066
0.000192597303
0.000206316166
0.000217786689
0.000227310592
0.000235156334
0.00024156284
0.000246742532
0.000250883947
0.000254154103
0.000256700636
0.000258653743
0.000260127883
0.000261223188
0.000262026936
0.000262616639
0.000263065097
0.000263433129
0.000263711057
-0.000557822938
-0.000415296712
-0.000321382016
-0.000238542754
-0.000165585817
-0.000101911741
-4.65645062e-05
1.45747098e-06
4.30310505e-05
7.89201204e-05
0.000109801699
0.000136278853
0.000158888825
0.000178110253
0.000194369314
0.000208045881
0.000219478863
0.000228970337
0.000236789327
0.000243175204
0.000248340699
0.000252474571
0.000255743996
0.000258296715
0.000260262979
0.000261757243
0.000262879552
0.000263717024
0.000264347334
0.000264844546
0.00026526984
0.00026560037
-0.000555571435
-0.000413107216
-0.000318786492
-0.000236006299
-0.000163092057
-9.94537458e-05
-4.41648345e-05
3.778142e-06
4.52604283e-05
8.10518855e-05
0.000111833683
0.000138212122
0.000160726921
0.00017985851
0.000196034647
0.000209636385
0.00022100327
0.000230437762
0.000238209111
0.000244556785
0.000249693512
0.000253807973
0.00025706721
0.000259618791
0.000261592766
0.000263103358
0.000264250312
0.000265120402
0.000265791323
0.000266338331
0.000266822887
0.000267208211
-0.00055272864
-0.000410310361
-0.000315650843
-0.000232961441
-0.000160138765
-9.65976367e-05
-4.1433249e-05
6.36299844e-06
4.76865554e-05
8.33148305e-05
0.000113934428
0.000140155817
0.000162521863
0.000181515244
0.000197565288
0.000211054038
0.000222321524
0.000231670329
0.000239369583
0.000245658464
0.000250749299
0.000254830296
0.000258067987
0.000260609414
0.000262584101
0.000264105748
0.000265273541
0.000266173686
0.000266883711
0.000267479928
0.000268023942
0.00026846461
-0.000549162351
-0.000406783958
-0.00031186116
-0.000229307182
-0.000156639455
-9.32715923e-05
-3.83126497e-05
9.25470734e-06
5.03383387e-05
8.57250558e-05
0.000116108365
0.00014210394
0.00016425844
0.00018305712
0.000198930894
0.000212262595
0.000223392425
0.000232622689
0.000240221924
0.000246428517
0.000251453879
0.000255485247
0.000258688167
0.000261208715
0.000263175494
0.000264701319
0.000265884506
0.00026681043
0.000267556263
0.000268199168
0.000268800391
0.000269293662
-0.000544730248
-0.0004023969
-0.000307296494
-0.00022493739
-0.000152503882
-8.94014717e-05
-3.47449267e-05
1.24958602e-05
5.32437592e-05
8.82971075e-05
0.00011835794
0.000144048233
0.000165919069
0.00018445853
0.000200099047
0.000213223947
0.000224173153
0.000233248137
0.000240716229
0.000246814383
0.000251752456
0.000255716099
0.000258869295
0.000261356627
0.000263305295
0.000264826813
0.000266018259
0.000266963877
0.000267740277
0.000268425275
0.000269078718
0.000269615767
-0.000539281902
-0.000397011251
-0.00030183078
-0.000219742471
-0.000147639752
-8.49124177e-05
-3.06723753e-05
1.6127792e-05
5.64289621e-05
9.10433744e-05
0.000120683347
0.000145978281
0.000167484268
0.000185692353
0.000201036287
0.000213899444
0.000224620847
0.000233500411
0.000240803481
0.000246764782
0.000251591839
0.000255467975
0.000258554919
0.000260995129
0.00026291384
0.000264420769
0.000265611342
0.000266568217
0.000267366715
0.000268084862
0.000268785146
0.00026937686
-0.000532661137
-0.000390484455
-0.000295335189
-0.000213611509
-0.000141954751
-7.9730707e-05
-2.60392957e-05
2.0189288e-05
5.991732e-05
9.39735448e-05
0.000123082402
0.000147881822
0.000168933379
0.000186731073
0.000201709589
0.000214251701
0.000224694718
0.00023333608
0.00024043819
0.000246232586
0.000250923541
0.000254691181
0.000257694188
0.000260072176
0.000261947777
0.000263428358
0.000264607229
0.000265565157
0.00026637595
0.000267116928
0.000267849943
0.000268479441
-0.000524708787
-0.000382671919
-0.000287680795
-0.000206434758
-0.000135358879
-7.37858552e-05
-2.07937916e-05
2.47151611e-05
6.37284459e-05
9.70940965e-05
0.000125550537
0.000149745233
0.000170245547
0.000187548198
0.000202088186
0.000214246792
0.000224358558
0.000232717316
0.00023958137
0.000245177944
0.000249706986
0.000253344429
0.000256245003
0.000258544668
0.000260362738
0.000261803606
0.000262957935
0.000263904211
0.000264714566
0.000265465307
0.000266215393
0.000266856748
-0.000515265813
-0.000373429931
-0.00027874159
-0.000198106477
-0.000127767098
-6.70129927e-05
-1.48897967e-05
2.97346594e-05
6.78771046e-05
0.000100407762
0.000128080837
0.000151554148
0.000171400887
0.000188119957
0.000202145737
0.00021385683
0.000223583687
0.000231615155
0.00023820408
0.000243572065
0.000247913512
0.000251399051
0.000254178451
0.000256383131
0.00025812831
0.00025951475
0.000260629918
0.000261549533
0.000262343424
0.000263086054
0.000263834561
0.000264477532
-0.00050417674
-0.000362618854
-0.000268397835
-0.000188528146
-0.0001191023
-5.93555295e-05
-8.2893759e-06
3.52696212e-05
7.23719207e-05
0.000103912853
0.000130664016
0.000153294083
0.000172381728
0.000188427103
0.000201862641
0.000213062732
0.0002223521
0.000230012974
0.000236291161
0.00024140117
0.000245530508
0.000248843277
0.000251483216
0.000253576266
0.000255232746
0.000256549069
0.000257608943
0.000258484875
0.000259243873
0.000259957711
0.000260681423
0.000261305517
-0.000491293309
-0.00035010647
-0.000256539693
-0.000177612016
-0.000109298578
-5.07680632e-05
-9.65328256e-07
4.13322844e-05
7.72137409e-05
0.000107602285
0.00013328815
0.000154950871
0.000173173729
0.000188456655
0.00020122834
0.000211857002
0.000220659661
0.000227910018
0.000233845057
0.000238670556
0.000242565659
0.000245686659
0.000248170152
0.000250135614
0.000251687592
0.000252917433
0.000253904539
0.000254717811
0.000255420948
0.000256082076
0.000256753632
0.00025733398
-0.000476478042
-0.000335771141
-0.000243070952
-0.000165285191
-9.83051843e-05
-4.12199519e-05
7.09546781e-06
4.79223538e-05
8.23933086e-05
0.000111461974
0.000135937855
0.000156510637
0.000173766586
0.000188203273
0.000200243255
0.000210246139
0.00021851889
0.000225324481
0.00023088908
0.000235407962
0.000239050361
0.00024196345
0.000244275546
0.000246098713
0.000247530942
0.000248657779
0.000249553643
0.000250283718
0.000250907908
0.000251489653
0.00025207826
0.000252586706
-0.000459607118
-0.000319504602
-0.000227914506
-0.000151497911
-8.60931578e-05
-3.06996038e-05
1.58868638e-05
5.50220237e-05
8.78872995e-05
0.000115467965
0.000138592449
0.000157958914
0.000174154035
0.000187670025
0.000198920227
0.000208252671
0.000215961525
0.000222296587
0.000227471065
0.000231667899
0.000235044881
0.00023773879
0.000239868725
0.000241538761
0.000242839309
0.000243847743
0.000244632646
0.000245257641
0.000245776773
0.000246248854
0.000246720021
0.000247125373
-0.00044056944
-0.000301213059
-0.000211024525
-0.000136245468
-7.26520554e-05
-1.91959347e-05
2.53845303e-05
6.25916453e-05
9.36540068e-05
0.000119582915
0.000141223248
0.00015927881
0.000174332841
0.000186868081
0.000197284744
0.000205915729
0.000213039259
0.00021888923
0.000223663568
0.000227530899
0.00023063576
0.000233102712
0.000235040176
0.00023654463
0.000237699251
0.000238557383
0.000239215866
0.000239732222
0.00024012514
0.000240458166
0.000240775714
0.000241044065
-0.000419248876
-0.000280799258
-0.000192374932
-0.000119563919
-5.79339163e-05
-6.63766776e-06
3.5546875e-05
7.05679618e-05
9.96305424e-05
0.000123752684
0.000143790581
0.000160448754
0.000174301186
0.000185815636
0.000195374295
0.000203290693
0.000209823675
0.000215188322
0.000219564873
0.000223105713
0.000225940241
0.000228178878
0.000229916536
0.000231248154
0.00023229891
0.000233073464
0.000233547513
0.000233848639
0.000234077739
0.000234248636
0.000234380474
0.00023447792
-0.000395504061
-0.00025811445
-0.000171839627
-0.000101296797
-4.21235672e-05
6.54800323e-06
4.61253841e-05
7.87968855e-05
0.000105693918
0.000127877846
0.000146227563
0.000161433571
0.000174053448
0.00018453502
0.000193237443
0.00020044989
0.000206409467
0.000211309725
0.000215311014
0.000218548276
0.000221136626
0.00022317594
0.000224753495
0.000225930376
0.000226712428
0.000227241252
0.000227654046
0.000227894074
0.000227954718
0.00022790999
0.000227807627
0.0002277007
-0.00036931392
-0.000233137552
-0.00014957116
-8.15339819e-05
-2.55645124e-05
2.00941478e-05
5.7091915e-05
8.71118851e-05
0.000111700296
0.000131813718
0.000148443022
0.000162185185
0.000173578273
0.000183047827
0.000190924931
0.000197471022
0.000202895541
0.000207368017
0.000211027424
0.000213989328
0.000216351423
0.000218197303
0.000219599316
0.000220618573
0.000221309186
0.000221740479
0.000221939349
0.000221939559
0.000221796764
0.000221531535
0.000221170871
0.000220825186
-0.000340649216
-0.000205809487
-0.000125741878
-6.04226851e-05
-8.09036578e-06
3.38440337e-05
6.79725633e-05
9.53076445e-05
0.000117442909
0.000135512896
0.000150371176
0.00016265684
0.00017286648
0.000181382743
0.000188500017
0.000194446871
0.000199402996
0.000203511609
0.000206888607
0.00020962939
0.000211813984
0.000213510327
0.000214777507
0.000215667482
0.000216227478
0.000216502753
0.000216536045
0.000216360144
0.000216006425
0.000215490248
0.000214835056
0.00021421856
-0.00030951316
-0.00017641012
-0.00010054607
-3.87044166e-05
9.95104218e-06
4.81536719e-05
7.86920555e-05
0.000103073762
0.000122709793
0.000138698725
0.000151850522
0.000162764828
0.000171888427
0.000179555649
0.000186018255
0.000191467776
0.000196051908
0.000199886395
0.000203063579
0.000205658582
0.000207733833
0.000209342514
0.000210530488
0.000211338315
0.000211803328
0.000211960343
0.000211843105
0.000211483806
0.000210907955
0.000210121038
0.000209142577
0.000208226277
-0.000275799073
-0.000145528553
-7.36998872e-05
-1.64996985e-05
2.77460492e-05
6.19531533e-05
8.87839605e-05
0.000110067527
0.000127188124
0.000141165219
0.000152734175
0.000162423417
0.000170614367
0.00017758441
0.00018353738
0.000188625116
0.000192962588
0.000196638442
0.000199722341
0.000202270105
0.000204327379
0.000205932297
0.000207117468
0.000207911741
0.000208340753
0.00020842899
0.000208201425
0.000207684196
0.000206896374
0.000205831634
0.000204503844
0.000203256947
-0.000239285994
-0.000113208602
-4.55480885e-05
5.78608258e-06
4.47199442e-05
7.44646685e-05
9.75077346e-05
0.00011573699
0.000130477243
0.000142638895
0.000152848647
0.000161540227
0.000169016291
0.000175490755
0.000181117411
0.000186009032
0.00019025005
0.000193904925
0.000197023655
0.00019964545
0.000201801292
0.000203515833
0.000204808774
0.000205695778
0.000206189292
0.000206299931
0.00020603912
0.000205420878
0.000204452118
0.000203109626
0.000201406646
0.000199787548
-0.00019968533
-7.91732123e-05
-1.72902058e-05
2.71749565e-05
6.01269077e-05
8.49732609e-05
0.000104202379
0.000119570008
0.000132223092
0.000142898957
0.000152077838
0.000160077746
0.000167113217
0.000173332925
0.000178843316
0.000183723106
0.00018803224
0.000191817333
0.000195114799
0.000197952564
0.000200351248
0.000202325419
0.000203884328
0.000205031055
0.000205762279
0.000206067525
0.000205930756
0.00020534293
0.000204286298
0.000202700304
0.00020057443
0.000198500596
-0.00015625314
-4.34456798e-05
1.01051275e-05
4.62733632e-05
7.25358126e-05
9.24172878e-05
0.000108133965
0.000121103383
0.000132173015
0.000141844699
0.000150423994
0.000158103933
0.000165011024
0.000171234516
0.000176842626
0.000181889915
0.000186421578
0.000190475752
0.000194083946
0.000197269957
0.000200049514
0.000202434269
0.000204434035
0.000206044604
0.000207254144
0.000208037432
0.000208321516
0.000208040376
0.000207127892
0.000205445934
0.000202878421
0.00020026192
-0.000107439575
-6.95967261e-06
3.45269894e-05
6.10016307e-05
8.03943559e-05
9.58112963e-05
0.000108789172
0.000120162984
0.000130370223
0.000139644193
0.000148116665
0.000155869653
0.000162954352
0.00016941552
0.000175301146
0.000180657912
0.000185531309
0.000189966761
0.000194008796
0.00019769425
0.000201043996
0.000204089596
0.000206880397
0.000209401
0.000211624979
0.000213568919
0.000215047366
0.000215787736
0.000215620514
0.000214323557
0.000211483736
0.000208438566
-4.24567404e-05
2.91304702e-05
5.17420127e-05
6.76970997e-05
8.12780546e-05
9.37780292e-05
0.000105534358
0.00011660987
0.000126994482
0.000136678904
0.000145664957
0.000153946225
0.000161524761
0.000168436927
0.000174737222
0.000180479765
0.00018572158
0.000190529154
0.000194984017
0.000199158023
0.000203038011
0.000206574092
0.000209880011
0.000213282535
0.000217066075
0.000220849899
0.000223678523
0.000225483859
0.000227042895
0.000228190028
0.000227837375
0.000225776701
6.46118975e-05
6.48625589e-05
6.23756931e-05
6.80878511e-05
7.77931015e-05
8.91341718e-05
0.000100943364
0.000112572184
0.000123662982
0.000134102136
0.0001438799
0.000152904823
0.000161080035
0.000168463947
0.000175161273
0.00018123733
0.000186754597
0.00019179445
0.000196498786
0.000201024328
0.000205401647
0.000209573338
0.000213608505
0.000217814723
0.000222896231
0.000229750642
0.000238626389
0.000250127111
0.000265206072
0.000285366357
0.000314261721
0.000349257547
)
;

boundaryField
{
    inner_wall
    {
        type            zeroGradient;
    }
    outer_wall
    {
        type            zeroGradient;
    }
    top
    {
        type            zeroGradient;
    }
    bottom
    {
        type            fixedValue;
        value           uniform 0;
    }
    front
    {
        type            wedge;
    }
    back
    {
        type            wedge;
    }
}


// ************************************************************************* //
