/*--------------------------------*- C++ -*----------------------------------*\
| =========                 |                                                 |
| \\      /  F ield         | OpenFOAM: The Open Source CFD Toolbox           |
|  \\    /   O peration     | Version:  2506                                  |
|   \\  /    A nd           | Website:  www.openfoam.com                      |
|    \\/     M anipulation  |                                                 |
\*---------------------------------------------------------------------------*/
FoamFile
{
    version     2.0;
    format      ascii;
    arch        "LSB;label=32;scalar=64";
    class       volScalarField;
    location    "154";
    object      C;
}
// * * * * * * * * * * * * * * * * * * * * * * * * * * * * * * * * * * * * * //

dimensions      [0 0 0 0 0 0 0];

internalField   nonuniform List<scalar> 
3072
(
3.22195713e-09
-4.15483458e-07
-7.2898244e-07
2.65832647e-05
5.4903629e-05
-0.000165743427
-0.000838799871
-0.00171145703
-0.00248244443
-0.00358063701
-0.00660763243
-0.0172802754
-0.03690853
-0.052279803
-0.0158455767
0.143447595
0.433785051
0.746597354
0.959141833
1.0353343
1.02864306
1.0065032
0.997262146
0.997998244
1.00154853
1.00544163
1.00690256
1.00131159
0.980622772
0.905320248
0.685279607
0.26489498
-3.94024679e-09
5.20239571e-07
1.27790166e-05
-3.74556204e-05
-0.000309440459
-0.000260060005
0.00153693052
0.00558540779
0.0101357529
0.0122279653
0.00899541463
-0.00184597977
-0.0248707458
-0.0512467272
-0.0241331507
0.140409068
0.44421948
0.764510094
0.971448785
1.03740173
1.02571227
1.00429431
0.996925136
0.998364694
1.00193279
1.00574254
1.00689466
1.00071027
0.979161387
0.902078376
0.680196728
0.260862937
1.00947488e-08
3.22193819e-06
-1.06029302e-05
-0.000213417863
-0.000113816755
0.00254999771
0.00903667355
0.0163077072
0.0201331722
0.0199279382
0.0172621701
0.00934916402
-0.0131917405
-0.0483510581
-0.0309370784
0.135310163
0.447538461
0.772885904
0.977112703
1.0378199
1.02399634
1.00329232
0.996876931
0.998571706
1.00211814
1.00588473
1.00687543
1.00043116
0.978652835
0.901458168
0.680515326
0.263764476
1.57799866e-08
4.1719413e-06
-3.86801742e-05
-0.000326905103
0.00044891006
0.00568512105
0.0148288205
0.0216486835
0.0229991084
0.0219127857
0.0188125142
0.0148499513
-0.00505316339
-0.0459766722
-0.0327759165
0.14056099
0.462844833
0.790056664
0.98609861
1.03814531
1.02153835
1.00199281
0.996836689
0.998837173
1.00235469
1.00606392
1.00684678
1.00007949
0.978001597
0.900513261
0.680128484
0.26631942
-1.10931839e-09
4.68451912e-06
-4.16690802e-05
-0.000349645405
0.000553637315
0.00645309079
0.016510041
0.023429971
0.0250966551
0.0234064528
0.0179857636
0.014744239
-0.0062614919
-0.0473806185
-0.0230207863
0.169800762
0.503798958
0.822434969
0.999025402
1.03746338
1.01800948
1.00052079
0.996910617
0.999175315
1.00263992
1.00627204
1.00678278
0.999624008
0.977160883
0.899216922
0.67936819
0.269339113
-1.19770864e-07
5.32684844e-06
-3.09410074e-05
-0.000343416366
0.000231222256
0.0049586336
0.0134985171
0.0200956017
0.0227907162
0.0200533784
0.0157586349
0.0110289229
-0.015384188
-0.0504182328
0.00554420893
0.237155018
0.581142852
0.873848075
1.01541391
1.03465339
1.01298079
0.998876312
0.997161928
0.999636462
1.00302998
1.00654516
1.00664579
0.998922883
0.975797693
0.896744211
0.676728463
0.271166892
-6.5610133e-08
6.01083806e-06
-1.26507116e-05
-0.000299237293
-0.000175146867
0.00258740852
0.00807641007
0.0128772473
0.0146456777
0.0124451751
0.010774994
0.00165763933
-0.0315360502
-0.0435518303
0.0733505036
0.356408182
0.695347824
0.937455656
1.02977507
1.02818009
1.00688477
0.997513717
0.997686768
1.00022279
1.00355133
1.00688612
1.00637321
0.997852561
0.973672887
0.89258788
0.671494016
0.271136181
-1.16192696e-06
4.74591045e-06
4.92791637e-06
-0.0002181895
-0.000390695576
0.000695906511
0.00322260256
0.00567533673
0.00608935261
0.00580082568
0.00379463488
-0.0165142068
-0.0443607738
0.00366493909
0.208954705
0.532131816
0.830598188
0.996083067
1.03455367
1.01788402
1.0011557
0.997002027
0.99847722
1.00090592
1.00422419
1.00726694
1.00587108
0.996282031
0.970557358
0.88629704
0.663077003
0.26869769
3.05584903e-06
8.42372165e-06
2.37872409e-05
-0.000115468364
-0.000363056397
-0.000207905059
0.00049492493
0.00114429812
0.00141246992
0.00149693922
-0.0113348614
-0.0369805001
-0.014578476
0.140870726
0.430331292
0.742122296
0.952732249
1.02972183
1.02630011
1.006514
0.997640361
0.997547425
0.999368575
1.00167139
1.00506174
1.00760956
1.00500872
0.994077737
0.966236962
0.877518752
0.651174477
0.26365277
-1.93793963e-05
-1.80716919e-05
2.30174636e-06
-5.78958203e-05
-0.000235050233
-0.000370321449
-0.00035838264
-0.000410883151
-0.000154432892
-0.0109850228
-0.0313412404
-0.00780501824
0.134587857
0.403325492
0.706389658
0.928067377
1.02334948
1.03025553
1.01066033
0.998734278
0.997153423
0.998656778
1.00016222
1.00257947
1.00604866
1.00777014
1.00362657
0.991107427
0.960494961
0.865960425
0.635686466
0.256043677
9.67886322e-05
0.000106948937
0.000135238456
0.000110010727
2.51993015e-05
-0.000125597665
-0.000212238657
-0.000262290728
-0.0123584043
-0.0238606582
0.022911325
0.185810109
0.453605541
0.737396193
0.939479182
1.02565987
1.0311666
1.01154881
0.998969802
0.996975214
0.99846047
0.999535547
1.00089268
1.00374806
1.00708535
1.00753723
1.00156104
0.98725027
0.953107235
0.851394517
0.616711338
0.246118973
-0.000545182549
-0.000596270587
-0.000614524106
-0.00048134553
-0.000443544323
-9.5996579e-06
-0.00110804529
-0.0132468583
0.00214820419
0.103932215
0.314158186
0.58607509
0.831616138
0.983705952
1.03572511
1.0285038
1.00825697
0.997717588
0.996899765
0.998668833
0.999454723
0.999989365
1.00187946
1.00520672
1.00794505
1.00666599
0.998683381
0.982406309
0.943848113
0.833686923
0.59454584
0.234283667
0.00331998052
0.0036244337
0.00375102892
0.0025189925
0.00164151986
-0.00362915342
0.0122422362
0.108006711
0.300742791
0.552473271
0.792220887
0.958672452
1.03288499
1.03909698
1.01856925
1.00130421
0.995886217
0.997343776
0.999293788
0.99964261
0.999551493
1.00062517
1.00336599
1.00675743
1.00831138
1.0049472
0.994937552
0.976500805
0.932514799
0.812854627
0.569699683
0.22105778
-0.0243184066
-0.0268855226
-0.0268572212
-0.00571820743
0.0709987507
0.226333643
0.445374586
0.6786572
0.873841528
0.997660739
1.04697061
1.04430422
1.02144832
1.00221837
0.994861468
0.995900317
0.998852108
1.00015146
0.999801972
0.999282149
0.999833228
1.00193971
1.00519031
1.00803389
1.00788927
1.00227836
0.990360141
0.969486026
0.918978959
0.789143141
0.542904661
0.207033877
0.328394139
0.422991065
0.559343233
0.719878193
0.865025258
0.975934964
1.04275478
1.06612439
1.05714166
1.032887
1.00935287
0.995635233
0.992482428
0.995321488
0.998969237
1.00072267
1.00056283
0.999656394
0.999051192
0.999361238
1.00093102
1.0037372
1.00695086
1.00868946
1.006505
0.998706075
0.985075676
0.961352068
0.903269799
0.763104284
0.515101767
0.192832305
1.02866545
1.04565124
1.05253233
1.04866239
1.03676823
1.02075491
1.00511531
0.993766893
0.988721654
0.989462738
0.993517014
0.997928088
1.000721
1.00149483
1.0009696
1.00007296
0.999344801
0.998971439
0.999144596
1.00022858
1.00249582
1.0056156
1.00830642
1.00850208
1.0041593
0.994430804
0.979272465
0.952161425
0.885677021
0.735641671
0.487391254
0.179054145
0.996109431
0.993354586
0.99144264
0.990971521
0.991964778
0.994151852
0.996971737
0.999673928
1.00156892
1.00231099
1.00203252
1.00122345
1.00041967
0.999906696
0.999638009
0.999409381
0.999144814
0.999078761
0.999694596
1.00142318
1.00423063
1.00729919
1.00901713
1.00741818
1.00104837
0.989767317
0.973174839
0.94211189
0.866836684
0.707986089
0.460940779
0.166235581
1.00067368
1.00117646
1.00159273
1.00178963
1.00172854
1.00141558
1.00091157
1.00033705
0.999846407
0.999571101
0.999557103
0.99973266
0.999931579
0.999969722
0.999747104
0.99933751
0.999027409
0.999265599
1.00049236
1.00285838
1.00592769
1.00853801
1.00898691
1.00559709
0.997520612
0.985068649
0.967034291
0.931604355
0.847743273
0.681576329
0.436862072
0.154809325
0.999869634
0.99976981
0.999680555
0.99962974
0.999625789
0.999668541
0.999751088
0.999861479
0.999985198
1.0001055
1.00019835
1.00022407
1.00012723
0.999861886
0.999450133
0.999054015
0.999005951
0.999731399
1.00153598
1.00431482
1.00732918
1.00921785
1.00833374
1.00335946
0.993969701
0.980657102
0.961142031
0.921261718
0.829641607
0.657856
0.416081486
0.145078529
1.00002666
1.00004774
1.00006814
1.00008186
1.00008425
1.00007133
1.00004526
1.00001918
1.0000139
1.00004273
1.00008919
1.00009396
0.999971895
0.999670054
0.999251463
0.998957577
0.999186203
1.00034305
1.00258769
1.00557399
1.00833249
1.00941413
1.00731298
1.00106509
0.99073655
0.976790111
0.955830406
0.911850232
0.813803888
0.638038886
0.399236007
0.137206366
0.999994128
0.999989608
0.999985923
0.999984108
0.999981816
0.999976308
0.999970815
0.999978013
1.00001331
1.00007657
1.00013159
1.00010308
0.999909636
0.999534538
0.999106099
0.998932586
0.999434744
1.00095693
1.00350782
1.00654872
1.008965
1.00929788
1.00620493
0.999015563
0.988056116
0.973648545
0.951430491
0.904109352
0.801263948
0.622917526
0.386619565
0.131221511
1.00000113
1.00000228
1.00000406
1.00000589
1.00000439
0.999996562
0.999987154
0.999991685
1.00002682
1.00008843
1.00013083
1.00007027
0.999829925
0.999420083
0.999014708
0.998963612
0.999690635
1.0014789
1.00421664
1.0072298
1.00932072
1.00905513
1.00523415
0.997402659
0.986045414
0.971329618
0.948192649
0.898561986
0.79261309
0.612774175
0.37818839
0.12703725
0.99999958
0.999999446
1.00000003
1.00000099
0.999998872
0.999990811
0.999982564
0.999990976
1.00003219
1.00009752
1.00013335
1.00005048
0.999777609
0.999346852
0.9989649
0.999007176
0.99989253
1.00185466
1.00469723
1.0076606
1.00950467
1.00882647
1.00453131
0.99630362
0.984718944
0.969841215
0.946215265
0.895396608
0.787931745
0.60740949
0.373617178
0.124480308
0.999999925
1.00000009
1.00000097
1.00000214
0.999999971
0.999991596
0.999983297
0.999992746
1.000036
1.00010204
1.00013301
1.00003688
0.999745954
0.999305265
0.998940124
0.999039325
1.00001655
1.0020751
1.00497028
1.00789672
1.00959575
1.00868746
1.0041376
0.995705347
0.984015605
0.969107604
0.945425462
0.894467667
0.786861613
0.606259608
0.372384819
0.123322754
0.999999844
0.999999933
1.00000075
1.00000189
0.999999706
0.999991273
0.999982979
0.999992792
1.00003689
1.00010351
1.00013323
1.00003263
0.999735002
0.999290126
0.998930513
0.999050297
1.00006143
1.00215597
1.00507159
1.00798722
1.00963936
1.00865812
1.00403026
0.995537929
0.983828408
0.968991447
0.94561707
0.895394724
0.788769534
0.60855329
0.373865443
0.123312224
0.999999862
0.999999956
1.00000077
1.00000196
0.999999908
0.99999155
0.999983028
0.999992254
1.0000358
1.0001026
1.00013387
1.00003588
0.999740462
0.999295188
0.998930728
0.999040971
1.00004009
1.00212496
1.00503976
1.00796986
1.00965534
1.00872415
1.00415245
0.995704897
0.984028512
0.969317963
0.946511433
0.897706027
0.792946871
0.613459423
0.377384405
0.124180432
0.999999859
0.999999933
1.00000071
1.00000195
1.00000012
0.999991983
0.99998312
0.99999105
1.00003296
1.00009974
1.00013486
1.00004507
0.999758737
0.999315911
0.998938631
0.999016544
0.999969336
1.00201088
1.00490974
1.00787348
1.00965129
1.00885938
1.00443922
0.996103485
0.984473493
0.969896435
0.947833248
0.900958095
0.798709903
0.62017095
0.382306177
0.125670952
0.999999861
0.999999921
1.00000065
1.00000194
1.0000004
0.999992572
0.999983338
0.999989589
1.00002915
1.00009551
1.00013557
1.00005734
0.999784806
0.999347213
0.998953339
0.998985374
0.999869847
1.001845
1.0047153
1.0077214
1.00962616
1.00902909
1.00482285
0.996648043
0.985080274
0.970624919
0.949354367
0.9046722
0.805373409
0.628014049
0.38815283
0.127597354
0.999999863
0.999999907
1.00000059
1.00000192
1.00000067
0.999993225
0.999983663
0.999988097
1.00002491
1.00009043
1.00013564
1.00007046
0.999814481
0.999384648
0.998973828
0.998954243
0.999758881
1.0016535
1.00448477
1.00753335
1.00957985
1.00920585
1.00524871
0.997266191
0.985771854
0.971413608
0.950905827
0.908502576
0.81241306
0.636435347
0.394512137
0.129792628
0.999999866
0.999999895
1.00000053
1.00000188
1.00000093
0.999993891
0.999984076
0.999986736
1.00002067
1.00008497
1.00013492
1.00008288
0.999844521
0.999424445
0.998998562
0.998927375
0.999648879
1.00145641
1.00424093
1.00732668
1.00951522
1.00937147
1.0056766
0.997902717
0.986490741
0.972202881
0.952379572
0.912209747
0.81944378
0.645018558
0.401070045
0.132125879
0.999999868
0.999999885
1.00000047
1.00000184
1.00000116
0.999994528
0.999984544
0.999985582
1.0000167
1.00007951
1.00013351
1.00009376
0.999872792
0.999463708
0.999025674
0.998906543
0.999547463
1.00126741
1.00400074
1.00711592
1.00943756
1.00951649
1.00608043
0.998518473
0.987194364
0.972953637
0.953716642
0.915651413
0.826210305
0.653470524
0.407598159
0.13449766
0.999999871
0.999999876
1.00000042
1.0000018
1.00000135
0.99999511
0.999985031
0.999984651
1.00001314
1.00007432
1.0001316
1.00010289
0.999898269
0.99950062
0.999053407
0.998891755
0.999458267
1.00109463
1.0037756
1.00691234
1.00935323
1.009638
1.00644569
0.999088482
0.987853773
0.973642578
0.95489265
0.918758013
0.832561911
0.661603041
0.413943976
0.136837655
0.999999874
0.999999869
1.00000037
1.00000175
1.00000151
0.999995623
0.999985506
0.999983928
1.00001007
1.00006959
1.00012942
1.00011027
0.99992047
0.999534025
0.999080244
0.998882119
0.999382395
1.00094218
1.00357251
1.00672405
1.00926847
1.00973715
1.00676616
0.999598791
0.988450884
0.974257063
0.955904659
0.921509784
0.838425583
0.669309562
0.420015463
0.139099436
0.999999876
0.999999864
1.00000033
1.00000171
1.00000164
0.99999606
0.999985944
0.999983381
1.00000749
1.00006544
1.0001272
1.00011607
0.999939194
0.999563173
0.999104946
0.998876396
0.999319512
1.00081159
1.00339522
1.00655643
1.00918862
1.00981712
1.007041
1.00004346
0.988976052
0.974791675
0.956761582
0.923917753
0.843782137
0.676543836
0.425766703
0.141255201
0.999999878
0.999999858
1.00000029
1.00000168
1.00000174
0.999996422
0.999986325
0.999982973
1.00000538
1.00006194
1.00012512
1.00012054
0.999954582
0.999587818
0.999126693
0.998873315
0.99926842
1.00070251
1.00324494
1.00641235
1.00911763
1.0098818
1.00727265
1.00042215
0.989426072
0.975246035
0.95747816
0.926010382
0.848648158
0.683303159
0.431186499
0.143291622
0.99999988
0.999999854
1.00000027
1.00000165
1.00000183
0.999996715
0.999986643
0.999982668
1.00000371
1.00005908
1.00012331
1.00012395
0.999966927
0.999608018
0.999145029
0.998871778
0.999227584
1.00061353
1.00312111
1.00629272
1.00905804
1.00993496
1.00746532
1.00073823
0.989802487
0.975623362
0.958071397
0.927824562
0.85306261
0.689615293
0.436289177
0.145206272
0.999999882
0.99999985
1.00000024
1.00000163
1.00000189
0.999996944
0.999986895
0.999982437
1.0000024
1.00005681
1.00012182
1.00012655
0.999976629
0.999624089
0.999159843
0.998870943
0.999195354
1.00054253
1.00302184
1.00619679
1.00901097
1.00997987
1.00762407
1.00099751
0.990110351
0.975929587
0.958558753
0.929400176
0.857077923
0.695529475
0.4411083
0.147005349
0.999999883
0.999999846
1.00000023
1.00000161
1.00000194
0.99999712
0.999987084
0.999982256
1.00000139
1.00005507
1.00012067
1.00012854
0.999984121
0.999636538
0.999171337
0.998870242
0.9991701
1.00048694
1.00294431
1.00612252
1.00897629
1.01001911
1.00775429
1.00120731
0.990357215
0.976172667
0.958957213
0.930776776
0.860753678
0.701109581
0.44569174
0.148701895
0.999999885
0.999999842
1.00000021
1.0000016
1.00000198
0.999997253
0.99998722
0.999982109
1.00000063
1.00005377
1.00011984
1.0001301
0.999989829
0.999645948
0.999179901
0.998869349
0.999150335
1.00044405
1.00288514
1.006067
1.00895295
1.01005463
1.00786135
1.00137577
0.990552231
0.976361926
0.959282765
0.931991483
0.864151764
0.706428335
0.450097272
0.150314042
0.999999886
0.999999838
1.0000002
1.0000016
1.00000202
0.999997351
0.99998731
0.999981984
1.00000005
1.00005283
1.00011928
1.00013134
0.99999415
0.999652929
0.999186038
0.998868122
0.999134738
1.00041118
1.00284071
1.00602682
1.00893923
1.01008778
1.00795037
1.00151132
0.990705418
0.976507471
0.959550128
0.933077798
0.867332901
0.711562719
0.454389002
0.151863539
0.999999888
0.999999834
1.00000019
1.0000016
1.00000205
0.999997424
0.999987366
0.999981873
0.999999619
1.00005215
1.00011894
1.00013238
0.999997456
0.999658094
0.999190317
0.998866554
0.999122145
1.00038573
1.00280735
1.00599828
1.00893301
1.01011949
1.00802613
1.00162234
0.990827111
0.976619706
0.959772624
0.934065008
0.870354187
0.716590434
0.458634598
0.153374666
0.999999889
0.99999983
1.00000018
1.0000016
1.00000208
0.99999748
0.9999874
0.999981769
0.999999273
1.00005164
1.00011874
1.00013328
1.00000009
0.999662041
0.99919333
0.998864718
0.999111529
1.00036524
1.00278146
1.00597767
1.00893196
1.01015036
1.00809309
1.00171689
0.990927543
0.976708953
0.959962135
0.934977974
0.873267453
0.721587239
0.462903169
0.15487345
0.999999891
0.999999826
1.00000017
1.0000016
1.00000211
0.999997528
0.999987422
0.99998167
0.999998974
1.00005123
1.00011862
1.00013411
1.00000237
0.999665337
0.999195665
0.998862741
0.999101983
1.00034745
1.00275962
1.00596135
1.0089337
1.01018076
1.00815528
1.00180258
0.991016548
0.976785159
0.960129113
0.935837123
0.876118108
0.726624835
0.467262512
0.156383872
0.999999893
0.999999822
1.00000016
1.0000016
1.00000214
0.999997576
0.999987443
0.999981571
0.999998683
1.00005084
1.0001185
1.00013492
1.00000457
0.999668506
0.999197883
0.998860772
0.999092708
1.00033026
1.00273863
1.00594588
1.00893591
1.01021092
1.00821636
1.00188646
0.991103342
0.976857687
0.960282619
0.936658555
0.87894427
0.731769148
0.471780118
0.1579324
0.999999895
0.999999818
1.00000015
1.0000016
1.00000216
0.999997629
0.999987473
0.999981473
0.999998365
1.00005039
1.00011834
1.00013575
1.00000694
0.999672022
0.999200499
0.998858975
0.999083018
1.00031181
1.00271561
1.00592808
1.00893638
1.01024092
1.00827957
1.00197488
0.991196402
0.976935217
0.960430441
0.937454331
0.881776572
0.737079533
0.476520704
0.159543816
0.999999897
0.999999814
1.00000014
1.0000016
1.00000219
0.999997695
0.99998752
0.999981373
0.999997991
1.00004981
1.00011806
1.00013663
1.00000971
0.999676301
0.999203985
0.998857523
0.999072336
1.00029046
1.00268793
1.00590506
1.00893306
1.01027073
1.0083477
1.00207352
0.991303406
0.977025719
0.960579261
0.938232848
0.884638361
0.742609161
0.481548129
0.161243403
0.9999999
0.99999981
1.00000013
1.0000016
1.00000223
0.999997778
0.999987594
0.999981272
0.999997534
1.00004906
1.00011761
1.00013758
1.00001305
0.999681725
0.999208781
0.998856601
0.999060188
1.0002648
1.00265332
1.00587421
1.00892402
1.01030018
1.00842311
1.00218732
0.991431161
0.977136413
0.960734784
0.938999127
0.887545503
0.748404248
0.486924478
0.163055704
0.999999904
0.999999806
1.00000012
1.00000159
1.00000226
0.999997883
0.999987702
0.999981172
0.999996973
1.00004808
1.00011693
1.00013861
1.00001713
0.99968863
0.999215292
0.998856416
0.999046229
1.00023364
1.00260981
1.00583327
1.0089075
1.01032898
1.00850762
1.00232033
0.991585458
0.97727365
0.960901817
0.939755027
0.890505903
0.75450259
0.492709571
0.165005096
0.999999907
0.999999803
1.0000001
1.00000158
1.0000023
0.999998013
0.999987851
0.999981074
0.999996296
1.00004684
1.00011598
1.00013971
1.00002203
0.999697249
0.999223836
0.998857183
0.999030288
1.00019621
1.00255595
1.00578043
1.00888197
1.01035666
1.00860243
1.0024756
0.991770864
0.977442739
0.96108431
0.94049953
0.893519151
0.760932206
0.498960488
0.167116588
0.999999911
0.9999998
1.00000008
1.00000156
1.00000234
0.99999817
0.999988046
0.999980984
0.999995497
1.00004531
1.00011471
1.00014085
1.0000278
0.999707709
0.999234639
0.998859123
0.999012385
1.00015208
1.00249081
1.00571437
1.00884618
1.01038259
1.00870805
1.00265502
0.991990552
0.977647778
0.961285413
0.941229169
0.8965765
0.767710099
0.505730045
0.169414262
0.999999915
0.999999797
1.00000006
1.00000153
1.00000238
0.999998354
0.99998829
0.999980908
0.99999458
1.00004348
1.00011311
1.000142
1.00003439
0.999720054
0.999247844
0.998862462
0.998992718
1.00010127
1.00241403
1.00563435
1.00879918
1.01040598
1.00882426
1.00285921
0.992246134
0.977891465
0.961507498
0.941938576
0.899661091
0.774841085
0.513066292
0.171921967
0.99999992
0.999999795
1.00000003
1.0000015
1.00000242
0.999998565
0.999988584
0.999980853
0.999993557
1.00004136
1.00011115
1.00014308
1.00004174
0.999734221
0.999263493
0.998867411
0.998971655
1.00004417
1.00232586
1.00554026
1.00874041
1.01042594
1.00895012
1.00308744
0.992537454
0.978174819
0.961752094
0.942621088
0.902748389
0.782316352
0.521011039
0.174663172
0.999999925
0.999999794
1.00000001
1.00000146
1.00000247
0.999998799
0.999988929
0.999980827
0.999992448
1.00003898
1.00010883
1.00014404
1.00004969
0.999750041
0.999281507
0.998874137
0.998949722
0.999981631
1.00222722
1.00543273
1.00866985
1.01044158
1.00908389
1.00333751
0.992862338
0.978496809
0.962019667
0.943269386
0.905806909
0.790111839
0.52959784
0.177660652
0.999999931
0.999999793
0.99999998
1.00000142
1.0000025
0.999999052
0.999989319
0.999980838
0.999991283
1.00003637
1.00010617
1.00014482
1.00005805
0.999767227
0.999301662
0.998882728
0.998927566
0.999914941
1.0021198
1.00531332
1.00858818
1.01045211
1.00922314
1.00360556
0.993216298
0.978853891
0.962309241
0.943876135
0.908799387
0.798186614
0.538849345
0.180935811
0.999999937
0.999999793
0.999999951
1.00000137
1.00000254
0.999999318
0.999989747
0.999980889
0.999990098
1.00003361
1.00010322
1.00014534
1.00006657
0.999785338
0.999323516
0.998893118
0.998905926
0.999845875
1.00200621
1.00518469
1.00849702
1.01045706
1.00936475
1.00388604
0.99359225
0.979239516
0.96261786
0.944434571
0.911684612
0.80648177
0.548774356
0.184507733
0.999999944
0.999999795
0.999999921
1.00000131
1.00000257
0.999999588
0.999990201
0.999980983
0.999988934
1.00003078
1.00010007
1.00014559
1.00007494
0.999803753
0.999346365
0.99890502
0.998885562
0.999776663
1.00188999
1.00505075
1.00839916
1.01045651
1.0095051
1.00417167
0.993980371
0.979643755
0.962939975
0.944938978
0.914420125
0.814920651
0.559365394
0.188392466
0.99999995
0.999999797
0.999999891
1.00000125
1.00000259
0.999999853
0.999990663
0.999981114
0.999987834
1.00002799
1.00009685
1.00014556
1.00008283
0.999821738
0.999369267
0.998917883
0.998867146
0.999709862
1.00177554
1.00491673
1.00829869
1.0104513
1.00964028
1.00445362
0.994368159
0.980053151
0.96326687
0.945384925
0.916965658
0.82341091
0.570597437
0.192603216
0.999999957
0.999999799
0.999999862
1.0000012
1.00000261
1.0000001
0.999991114
0.999981271
0.999986836
1.00002537
1.00009372
1.0001453
1.00008996
0.999838477
0.999391053
0.998930857
0.998851181
0.999648229
1.00166801
1.00478905
1.00820109
1.01044321
1.00976633
1.00472173
0.994740588
0.980450729
0.96358613
0.945769047
0.91928669
0.831847835
0.582427219
0.197151438
0.999999964
0.999999802
0.999999835
1.00000114
1.00000262
1.00000033
0.999991528
0.999981436
0.999985977
1.00002305
1.00009089
1.00014492
1.00009604
0.999853108
0.999410386
0.998942817
0.998837931
0.999594575
1.00157312
1.00467527
1.00811317
1.01043509
1.00987945
1.00496473
0.995080243
0.980816077
0.963881177
0.946088308
0.921357588
0.840118484
0.594792752
0.202049226
0.99999997
0.999999805
0.999999811
1.0000011
1.00000263
1.00000052
0.999991875
0.999981582
0.999985289
1.00002117
1.00008859
1.00014456
1.00010083
0.999864702
0.999425754
0.99895238
0.998827458
0.999551814
1.00149721
1.00458412
1.00804319
1.01043084
1.00997594
1.00517004
0.995367167
0.981125221
0.964130779
0.946338678
0.923163649
0.848105632
0.607611502
0.207312461
0.999999977
0.999999807
0.99999979
1.00000106
1.00000264
1.00000066
0.999992122
0.999981674
0.999984804
1.0000199
1.0000871
1.00014441
1.00010404
0.999872195
0.99943539
0.998957893
0.998819742
0.999523195
1.00144755
1.0045257
1.00800088
1.01043539
1.01005196
1.00532348
0.995578359
0.98135022
0.96430852
0.946513254
0.924701722
0.855692275
0.620777634
0.212965002
0.999999984
0.999999808
0.999999774
1.00000104
1.00000266
1.00000074
0.999992231
0.999981678
0.999984559
1.00001943
1.00008671
1.00014466
1.00010535
0.999874378
0.999437314
0.998957537
0.998814844
0.999512507
1.00143246
1.00451163
1.00799744
1.01045439
1.01010309
1.00540865
0.995687162
0.981458669
0.964382364
0.946599416
0.925978355
0.862770705
0.634161654
0.219043109
0.99999999
0.999999808
0.999999763
1.00000104
1.00000268
1.00000075
0.999992168
0.999981561
0.999984595
1.00001992
1.00008771
1.00014545
1.00010437
0.999870019
0.999429574
0.998949608
0.9988131
0.999524095
1.00146123
1.00455477
1.00804527
1.01049408
1.01012412
1.00540653
0.995662718
0.98141318
0.964313768
0.946571738
0.927000188
0.869268188
0.647624779
0.22559614
0.999999996
0.999999805
0.999999757
1.00000105
1.0000027
1.00000068
0.99999192
0.999981313
0.999984948
1.00002154
1.00009032
1.00014685
1.00010057
0.999857664
0.999410101
0.998932665
0.998815737
0.999563803
1.00154487
1.00466935
1.00815728
1.01055997
1.01010778
1.00529454
0.995468622
0.981168361
0.964051431
0.946364409
0.927734163
0.875219434
0.661030723
0.232572249
1
0.999999802
0.999999755
1.00000109
1.00000274
1.00000052
0.999991436
0.999980917
0.999985763
1.00002464
1.00009494
1.00014873
1.00009266
0.999834665
0.9993758
0.998905437
0.998826243
0.999641915
1.00169987
1.00487395
1.0083472
1.01065355
1.01003837
1.00503949
0.995058991
0.980673908
0.963549653
0.945944421
0.92815794
0.880598357
0.674275945
0.239926914
1
0.999999797
0.999999759
1.00000116
1.00000278
1.00000023
0.999990662
0.99998039
0.999987271
1.00002968
1.00010191
1.0001506
1.00007859
0.999797531
0.999323397
0.998867999
0.9988514
0.999773484
1.00194742
1.0051897
1.00862741
1.01077041
1.00989059
1.00459662
0.994376107
0.979868362
0.962752733
0.945273294
0.928263631
0.88536775
0.687215042
0.247627771
1.00000001
0.999999791
0.999999771
1.00000127
1.00000282
0.999999753
0.99998954
0.999979809
0.999989846
1.00003726
1.00011144
1.0001513
1.00005514
0.999741706
0.999249825
0.99882314
0.998903707
0.999981165
1.00231548
1.0056402
1.00900596
1.01089482
1.00962291
1.00390367
0.993346876
0.978679131
0.961598139
0.944307803
0.92803964
0.889507163
0.699712067
0.2556166
1.00000002
0.999999782
0.999999793
1.00000141
1.00000285
0.999999033
0.999988019
0.999979352
0.999994076
1.00004811
1.00012341
1.00014846
1.00001717
0.999661089
0.999152828
0.998778689
0.999005086
1.00029891
1.00284046
1.00624978
1.00948118
1.01099161
1.00916881
1.00287324
0.991877555
0.977019477
0.960015176
0.943000311
0.927474102
0.893006163
0.711636077
0.263815451
1.00000002
0.999999772
0.999999829
1.0000016
1.00000281
0.999997977
0.999986081
0.99997937
1.00000083
1.00006301
1.00013694
1.00013774
0.999956931
0.999548494
0.99903352
0.998752153
0.999192233
1.00077563
1.00356679
1.00703759
1.01003086
1.01099305
1.00842429
1.00138349
0.989848417
0.974786821
0.957925671
0.941300138
0.926554499
0.895865253
0.722867524
0.272126997
1.00000002
0.999999761
0.999999883
1.00000182
1.00000268
0.999996477
0.999983785
0.999980487
1.00001129
1.00008251
1.00014947
1.00011167
0.999863891
0.999397836
0.998901666
0.998778146
0.999523395
1.00147748
1.00454167
1.00800446
1.01059376
1.0107791
1.00723119
0.999266906
0.987108407
0.971861808
0.955245436
0.939155719
0.925268845
0.898094879
0.733301553
0.280437359
1.00000002
0.999999749
0.999999961
1.00000209
1.00000236
0.999994422
0.999981341
0.999983709
1.0000269
1.00010626
1.00015557
1.00005853
0.9997253
0.999208371
0.998784165
0.998918875
1.00008572
1.00248632
1.00580144
1.00910837
1.01103954
1.01014891
1.00535554
0.99629772
0.98347038
0.968108588
0.951886721
0.93651729
0.9236069
0.899713533
0.742847198
0.288615939
1.00000002
0.999999738
1.00000007
1.00000238
1.00000177
0.999991732
0.999979221
0.999990514
1.000049
1.00013188
1.00014509
0.999961606
0.999529599
0.998994382
0.998739672
0.999277487
1.00099833
1.00388529
1.00733854
1.01021903
1.01112173
1.00878222
1.00246305
0.992181218
0.978710327
0.963378881
0.947763251
0.933340977
0.921562323
0.900746401
0.75142632
0.29651631
1.00000002
0.99999973
1.0000002
1.00000267
1.00000076
0.999988411
0.999978294
1.00000283
1.00007812
1.00015302
1.00010129
0.999800889
0.999275721
0.998803017
0.998878903
1.00000838
1.00239937
1.00571637
1.00903495
1.01104245
1.01041098
1.00619359
0.998097187
0.98655076
0.972574762
0.957522147
0.942798782
0.92959449
0.919135577
0.901224387
0.758971683
0.303977051
1.00000002
0.999999725
1.00000037
1.0000029
0.999999222
0.999984639
0.999979941
1.00002273
1.00011241
1.00015687
1.0000004
0.999560233
0.998992092
0.998741143
0.999384316
1.00130863
1.004394
1.00788611
1.0105452
1.01100969
1.00821361
1.00169071
0.991672341
0.978982146
0.964802112
0.95040455
0.936939987
0.925264433
0.916337412
0.90118334
0.765423722
0.310819746
1.00000001
0.999999726
1.00000057
1.00000303
0.999997032
0.999980871
0.99998607
1.00005163
1.0001454
1.00012203
0.999815518
0.99924491
0.998768151
0.999005464
1.00050916
1.00335716
1.00692527
1.00999045
1.01111857
1.00914001
1.00349943
0.994364332
0.982504751
0.969039914
0.955165293
0.941939135
0.930173963
0.920364923
0.913192631
0.900663675
0.770729466
0.316856082
1.00000001
0.999999734
1.00000079
1.00000298
0.999994151
0.999977935
0.9999989
1.00008888
1.0001633
1.00001896
0.999529693
0.998913597
0.99879354
0.999892421
1.00251132
1.00614651
1.00952387
1.01104482
1.00938409
1.00392948
0.994898347
0.983160503
0.969914817
0.956372627
0.943541352
0.932127755
0.922549279
0.914946544
0.909743596
0.899710668
0.774860311
0.322017404
1.00000001
0.99999975
1.00000102
1.00000269
0.999990656
0.999977046
1.00002039
1.0001297
1.00014336
0.999817006
0.999162949
0.998721957
0.999380901
1.00173463
1.00545007
1.00914798
1.01092489
1.00917336
1.00320459
0.993390134
0.980874784
0.967108831
0.953438265
0.940869253
0.930007645
0.921110503
0.914196767
0.90910322
0.906051595
0.898357203
0.777628014
0.32582492
1
0.999999775
1.00000124
1.00000209
0.999986785
0.999979693
1.00005127
1.00016326
1.00005553
0.999502023
0.998812384
0.998956731
1.00091677
1.00468124
1.00877697
1.01081299
1.00866475
1.00146701
0.989848755
0.975458863
0.960227227
0.945778087
0.933163747
0.922868284
0.914950104
0.909211635
0.905344378
0.902975771
0.902198393
0.896655769
0.779014487
0.328143344
0.999999998
0.999999806
1.00000143
1.00000117
0.999982944
0.999987341
1.00008984
1.00017197
0.999870759
0.999105401
0.998690014
1.00001106
1.00365923
1.0082567
1.01075685
1.00811946
0.999033149
0.984458565
0.966874468
0.949029005
0.93301456
0.919955193
0.910146418
0.903365085
0.899142063
0.896955325
0.896310409
0.89674188
0.898276076
0.894646469
0.778980426
0.328903317
0.999999996
0.999999843
1.00000159
0.999999941
0.999979668
1.00000097
1.00013106
1.00013386
0.999576719
0.998735036
0.999121153
1.00223321
1.0073335
1.01077925
1.00804347
0.996741876
0.97807473
0.955804684
0.934046986
0.915642667
0.901760692
0.892340816
0.886718716
0.884096376
0.88372313
0.885012448
0.887480915
0.89063157
0.894431129
0.892366867
0.77725127
0.327663465
0.999999994
0.999999883
1.00000168
0.999998482
0.999977509
1.00002059
1.00016671
1.00002904
0.999196979
0.998584605
1.000454
1.00561988
1.01064458
1.00905666
0.996155255
0.972722841
0.944294868
0.917322165
0.89591503
0.881167989
0.87224416
0.867729425
0.86636643
0.867323652
0.87011853
0.874302041
0.879425417
0.88497232
0.890828681
0.88982579
0.77356243
0.324114184
0.999999992
0.999999924
1.00000172
0.999996901
0.999976896
1.00004491
1.0001871
0.99984922
0.998801759
0.998889566
1.00286187
1.00947395
1.01114038
0.999144904
0.971705556
0.936018893
0.902491533
0.877838707
0.863035957
0.855601429
0.852539973
0.851909211
0.852985309
0.855652874
0.859938943
0.865728381
0.872643612
0.880053456
0.887630755
0.886982139
0.76749394
0.31786433
0.999999992
0.999999962
1.0000017
0.999995325
0.999977985
1.0000715
1.00018445
0.999606142
0.998494435
0.999815498
1.00611702
1.01236986
1.00608666
0.978781666
0.936144191
0.8940824
0.865270243
0.851696109
0.848190609
0.848558478
0.84912671
0.849130882
0.849170127
0.85046499
0.853937689
0.859777933
0.867490832
0.876135352
0.884984894
0.883704257
0.758429765
0.308475202
0.999999992
0.999999997
1.00000163
0.999993874
0.999980578
1.00009731
1.0001568
0.999333082
0.998366058
1.00131538
1.00953229
1.01283265
0.994611979
0.950672175
0.898126274
0.860542503
0.846723853
0.848791332
0.855866595
0.860684622
0.861064223
0.857597388
0.853126686
0.850555113
0.851567291
0.856378159
0.864128924
0.873438718
0.883048134
0.8796606
0.745292951
0.295306656
0.999999992
1.00000003
1.00000154
0.999992638
0.999984127
1.00011957
1.00011067
0.999076289
0.998433435
1.00304809
1.01224697
1.01066968
0.980000602
0.923639979
0.870048709
0.845323389
0.848489645
0.86142299
0.873050624
0.878642245
0.876008292
0.867665916
0.858503934
0.852423598
0.851282836
0.855090052
0.862644028
0.872175412
0.881747733
0.874152245
0.726282463
0.277157144
0.999999992
1.00000005
1.00000144
0.999991666
0.999987828
1.00013645
1.00006096
0.998880828
0.998602138
1.00444204
1.01372679
1.00790337
0.969633225
0.908902602
0.859407667
0.84423328
0.854335666
0.868099044
0.878538652
0.883274834
0.877618092
0.868377941
0.858851209
0.85273354
0.851672883
0.855535986
0.863038492
0.872568316
0.881575947
0.865251629
0.697909564
0.254479761
0.999999993
1.00000007
1.00000135
0.999990997
0.999990678
1.00014678
1.00002824
0.998783113
0.99869831
1.00487718
1.01392856
1.00775496
0.971074666
0.913931304
0.865948261
0.846703839
0.850474058
0.860153933
0.866319815
0.868431928
0.866252262
0.860892981
0.855649245
0.852912632
0.853841306
0.858398908
0.866070301
0.876155889
0.882585055
0.846809935
0.652816191
0.226185691
0.999999993
1.00000008
1.0000013
0.999990679
0.999991608
1.00014892
1.00003509
0.998823326
0.998575199
1.00382053
1.01267349
1.01167257
0.986720659
0.939867925
0.890442983
0.858142956
0.847673199
0.849896404
0.853596738
0.853920149
0.852317234
0.851351121
0.850772227
0.852149444
0.85615282
0.86337041
0.873634152
0.883535427
0.876813344
0.804676369
0.58204048
0.190229699
0.999999993
1.00000008
1.0000013
0.999990938
0.999989234
1.00013614
1.00010962
0.999095723
0.998216283
1.001248
1.00924079
1.01523704
1.00792051
0.981559148
0.941551052
0.900503451
0.869846233
0.854494847
0.85294361
0.860199919
0.870569896
0.879625334
0.88641252
0.890690875
0.896522996
0.901396463
0.901354523
0.886083801
0.833627975
0.707051522
0.470046732
0.143504443
0.999999993
1.00000007
1.00000135
0.999992713
0.999980494
1.00009772
1.00021356
0.999587218
0.998280613
0.998576043
1.00310396
1.0111616
1.01776809
1.0166356
1.00396265
0.979947129
0.947720012
0.911334613
0.87429564
0.839034981
0.807015
0.779015441
0.755207891
0.734239577
0.711222812
0.684559448
0.650022668
0.60071842
0.526032123
0.413281112
0.255873889
0.0741212113
0.999999993
1.00000002
1.00000141
0.9999965
0.999974061
1.00003354
1.00022922
1.00012097
0.999165536
0.997843471
0.997830446
1.00077609
1.00703443
1.01547306
1.02420255
1.03142743
1.03588575
1.0368422
1.0338461
1.0264455
1.01393966
0.995174104
0.968359437
0.930909999
0.879342801
0.809399765
0.716797396
0.598703927
0.456534752
0.29989459
0.149843826
0.0334361328
0.999999995
0.999999947
1.0000011
1.00000106
0.999979338
0.999972624
1.00010496
1.00031807
1.00022413
0.999452104
0.998062705
0.996565383
0.995618765
0.995742391
0.997214219
1.00012326
1.00447509
1.01027734
1.01757891
1.02645963
1.03696266
1.04894239
1.0617701
1.0738049
1.08151295
1.07815605
1.05218385
0.986083114
0.857735193
0.648410574
0.363960264
0.0734839059
0.999999999
0.999999925
1.00000035
1.00000332
0.999995495
0.999962077
0.999960065
1.00008468
1.00033356
1.00057168
1.00062563
1.00038186
0.999816195
0.998970999
0.997921648
0.996757116
0.995580653
0.994528603
0.993805894
0.993739439
0.994850014
0.997932043
1.00409727
1.01466304
1.03061976
1.05118689
1.07073921
1.07346692
1.02666672
0.878119784
0.57409672
0.13766233
1
0.99999997
0.999999768
1.00000158
1.00000585
0.999996388
0.999959294
0.999914848
0.999905529
0.999961811
1.00008706
1.00026375
1.00046505
1.00066206
1.00082497
1.00092063
1.00090844
1.00073714
1.00034598
0.999678216
0.998723336
0.997617891
0.996846673
0.997569826
1.00199409
1.01336346
1.03443136
1.06206453
1.07488375
1.0139493
0.770912355
0.25117147
1
1.00000001
0.999999872
0.999999414
1.00000144
1.00000818
1.00001385
1.00000894
0.999988991
0.999956465
0.999917575
0.99987928
0.999848044
0.999829919
0.999831034
0.99985787
0.999916667
1.00001088
1.00013477
1.00026034
1.00031563
1.00016049
0.999594829
0.998498791
0.997297218
0.997925105
1.00498061
1.02494516
1.05749135
1.06910115
0.942764061
0.446253096
1
0.999999998
1.00000005
1.00000002
0.999999149
0.999997804
0.999997864
1.00000074
1.00000632
1.00001349
1.00002087
1.00002721
1.00003137
1.00003228
1.00002882
1.00001985
1.00000457
0.999983425
0.999960376
0.999946736
0.999965487
1.00004799
1.00020174
1.0003224
1.00008979
0.999126577
0.998030129
1.00054294
1.01467068
1.04431073
1.04582447
0.770400674
)
;

boundaryField
{
    inner_wall
    {
        type            zeroGradient;
    }
    outer_wall
    {
        type            fixedValue;
        value           uniform 0;
    }
    top
    {
        type            fixedValue;
        value           uniform 1;
    }
    bottom
    {
        type            inletOutlet;
        inletValue      uniform 0;
        value           nonuniform List<scalar> 
32
(
0
0
0
0
0
0
0
0
0
0
-0.00660763243
-0.0172802754
-0.03690853
-0.052279803
-0.0158455767
0.143447595
0.433785051
0.746597354
0.959141833
1.0353343
1.02864306
1.0065032
0.997262146
0.997998244
1.00154853
1.00544163
1.00690256
1.00131159
0.980622772
0.905320248
0.685279607
0.26489498
)
;
    }
    front
    {
        type            wedge;
    }
    back
    {
        type            wedge;
    }
}


// ************************************************************************* //
