/*--------------------------------*- C++ -*----------------------------------*\
| =========                 |                                                 |
| \\      /  F ield         | OpenFOAM: The Open Source CFD Toolbox           |
|  \\    /   O peration     | Version:  2506                                  |
|   \\  /    A nd           | Website:  www.openfoam.com                      |
|    \\/     M anipulation  |                                                 |
\*---------------------------------------------------------------------------*/
FoamFile
{
    version     2.0;
    format      ascii;
    arch        "LSB;label=32;scalar=64";
    class       volScalarField;
    location    "154";
    object      p;
}
// * * * * * * * * * * * * * * * * * * * * * * * * * * * * * * * * * * * * * //

dimensions      [0 2 -2 0 0 0 0];

internalField   nonuniform List<scalar> 
3072
(
-0.000123967133
-9.41515059e-05
-9.04856826e-05
-8.44511905e-05
-7.4694545e-05
-6.29698181e-05
-5.10207707e-05
-3.99856182e-05
-2.77742617e-05
-1.40153861e-05
-7.56288686e-06
-7.76019597e-06
-7.62205454e-06
-6.31047649e-06
-4.47205511e-06
-2.49541926e-06
-5.35741683e-07
1.32377687e-06
3.02535783e-06
4.52417529e-06
5.80685477e-06
7.01602668e-06
8.04228678e-06
8.74649036e-06
9.27237562e-06
9.66434249e-06
9.94256546e-06
1.01314737e-05
1.0263381e-05
1.03857607e-05
1.05658947e-05
1.08151546e-05
-0.000264310292
-0.000186451991
-0.000160138552
-0.00014151262
-0.000123474722
-0.000104850587
-8.64209789e-05
-6.86356999e-05
-5.08429647e-05
-3.39335909e-05
-2.18125222e-05
-1.44699799e-05
-8.57002852e-06
-3.29991935e-06
1.33039157e-06
5.32476367e-06
8.74333825e-06
1.16448675e-05
1.40880645e-05
1.61498112e-05
1.77775408e-05
1.92003037e-05
2.04184583e-05
2.12384523e-05
2.18514069e-05
2.23315622e-05
2.27116035e-05
2.30231564e-05
2.33042894e-05
2.36021328e-05
2.39473553e-05
2.42410546e-05
-0.000326423592
-0.00022178099
-0.000176574115
-0.000146112768
-0.000121669329
-0.000100771631
-8.23235053e-05
-6.56795318e-05
-5.03712305e-05
-3.65145357e-05
-2.47567145e-05
-1.50289196e-05
-6.70544106e-06
5.33375185e-07
6.82428805e-06
1.22634459e-05
1.69345863e-05
2.09092931e-05
2.4273212e-05
2.72005674e-05
2.95866463e-05
3.14880794e-05
3.30811517e-05
3.4316907e-05
3.52851775e-05
3.604719e-05
3.66469052e-05
3.71230129e-05
3.75126244e-05
3.78541159e-05
3.81780295e-05
3.84491969e-05
-0.000386213024
-0.000266915261
-0.000210788414
-0.000168760896
-0.000135762979
-0.000109664144
-8.78521732e-05
-6.89315552e-05
-5.21829262e-05
-3.72967025e-05
-2.41970831e-05
-1.2746686e-05
-2.72754168e-06
6.04070397e-06
1.36900899e-05
2.03248421e-05
2.60363837e-05
3.09109941e-05
3.50378724e-05
3.85008947e-05
4.14022559e-05
4.37573289e-05
4.56285537e-05
4.71510305e-05
4.83629689e-05
4.93170169e-05
5.00673839e-05
5.06622884e-05
5.11448014e-05
5.15569139e-05
5.19302416e-05
5.22253216e-05
-0.000442025721
-0.0003156812
-0.000246466298
-0.000194678858
-0.000154291208
-0.000122039524
-9.54367489e-05
-7.29135713e-05
-5.34568724e-05
-3.64586445e-05
-2.15555026e-05
-8.4805798e-06
2.98942425e-06
1.30324987e-05
2.17903379e-05
2.93830517e-05
3.59218595e-05
4.1513374e-05
4.62354175e-05
5.0070774e-05
5.32996937e-05
5.60635167e-05
5.82579765e-05
6.00107813e-05
6.14106737e-05
6.25242827e-05
6.34104601e-05
6.41220689e-05
6.47074423e-05
6.52150647e-05
6.56821461e-05
6.60573518e-05
-0.00049065571
-0.000359350444
-0.000280091658
-0.000220370754
-0.000173455474
-0.000135074909
-0.000103461776
-7.69818432e-05
-5.44129783e-05
-3.49375252e-05
-1.80138854e-05
-3.25727372e-06
9.62037657e-06
2.08407318e-05
3.05811386e-05
3.89916472e-05
4.62063172e-05
5.23487508e-05
5.75292988e-05
6.1842299e-05
6.54205969e-05
6.83736182e-05
7.07720482e-05
7.27056256e-05
7.42586839e-05
7.55058138e-05
7.65132647e-05
7.73397877e-05
7.80399198e-05
7.86709066e-05
7.92764946e-05
7.97776928e-05
-0.000531925642
-0.000396359919
-0.000311284635
-0.000245353134
-0.000191929126
-0.000147979132
-0.000111621353
-8.11856735e-05
-5.53782785e-05
-3.32741702e-05
-1.42176353e-05
2.27293322e-06
1.65600436e-05
2.89246226e-05
3.95927184e-05
4.87541157e-05
5.65745849e-05
6.3203409e-05
6.87776539e-05
7.34251467e-05
7.72689908e-05
8.04237987e-05
8.29930001e-05
8.50734576e-05
8.6754852e-05
8.81188176e-05
8.92383348e-05
9.01779701e-05
9.09985553e-05
9.17666967e-05
9.25328364e-05
9.31834567e-05
-0.000566133004
-0.000427474295
-0.000338406815
-0.000267796735
-0.000209055472
-0.000160191503
-0.000119500772
-8.53394438e-05
-5.63984831e-05
-3.17025984e-05
-1.05252599e-05
7.6877187e-06
2.33650459e-05
3.68456736e-05
4.84056044e-05
5.82767651e-05
6.66601152e-05
7.37341844e-05
7.96607342e-05
8.45882946e-05
8.86544057e-05
9.1985993e-05
9.46996087e-05
9.69023185e-05
9.86920346e-05
0.000100157442
0.000101377618
0.000102422422
0.00010335851
0.000104261338
0.000105187389
0.000105987583
-0.000594147453
-0.000453435933
-0.000361224636
-0.000286858106
-0.000223988524
-0.000171079878
-0.000126662474
-8.91948001e-05
-5.74012406e-05
-3.02976105e-05
-7.12077039e-06
1.27311839e-05
2.97375598e-05
4.42861004e-05
5.66973122e-05
6.72423716e-05
7.61560167e-05
8.36454505e-05
8.9896443e-05
9.50773715e-05
9.9341857e-05
0.000102830218
0.000105670486
0.000107979289
0.000109862448
0.000111415265
0.000112722338
0.000113858217
0.000114894574
0.000115914393
0.000116979159
0.000117908881
-0.000616490589
-0.000474437418
-0.000379940228
-0.000302669158
-0.00023657501
-0.000180405649
-0.000132889258
-9.25995833e-05
-5.83166096e-05
-2.90715149e-05
-4.08802963e-06
1.72636184e-05
3.54979636e-05
5.10403636e-05
6.4247771e-05
7.54250034e-05
8.48366385e-05
9.27158064e-05
9.92703078e-05
0.000104687012
0.000109134812
0.000112766714
0.00011572129
0.000118123855
0.000120087372
0.000121713036
0.000123090265
0.000124297592
0.000125410735
0.0001265184
0.000127685842
0.00012871068
-0.000633726573
-0.000490848485
-0.000394799301
-0.000315366544
-0.000246804077
-0.000188073363
-0.000138060268
-9.54448881e-05
-5.90690794e-05
-2.79911548e-05
-1.43694003e-06
2.1236468e-05
4.05661371e-05
5.70043128e-05
7.0935945e-05
8.26927783e-05
9.25641426e-05
0.000100805111
0.000107642508
0.000113279338
0.000117898008
0.000121662722
0.000124721277
0.000127206524
0.000129237563
0.000130920565
0.000132348951
0.000133604485
0.000134765897
0.000135925617
0.000137151415
0.000138229153
-0.00064648282
-0.000503164053
-0.000406150259
-0.000325165819
-0.000254771377
-0.000194090915
-0.000142131424
-9.76638584e-05
-5.95902687e-05
-2.69999293e-05
8.7029863e-07
2.46666282e-05
4.493889e-05
6.21572094e-05
7.67267146e-05
8.89994862e-05
9.92841927e-05
0.00010785344
0.000114949517
0.000120788693
0.000125564577
0.000129450658
0.000132602361
0.000135158712
0.000137243783
0.000138967706
0.000140427046
0.000141706048
0.000142885467
0.000144059499
0.000145297276
0.000146383978
-0.000655395341
-0.000511913675
-0.000414398551
-0.000332350051
-0.000260647831
-0.00019853767
-0.000145115115
-9.92258263e-05
-5.98246215e-05
-2.60321599e-05
2.8997321e-06
2.76146681e-05
4.86682256e-05
6.65414188e-05
8.16529265e-05
9.43693206e-05
0.000105013483
0.000113871248
0.000121196726
0.000127216455
0.000132132741
0.0001361263
0.000139358453
0.000141972974
0.000144097683
0.000145845657
0.00014731576
0.000148594028
0.000149762342
0.000150914941
0.000152121327
0.000153176222
-0.000661079274
-0.000517623429
-0.000419969704
-0.000337236884
-0.000264648326
-0.000201539234
-0.000147065141
-0.000100129898
-5.97330405e-05
-2.50240626e-05
4.72944967e-06
3.01653922e-05
5.18404247e-05
7.02413279e-05
8.5795109e-05
9.88779647e-05
0.00010982254
0.000118924015
0.000126444945
0.000132619286
0.000137655624
0.000141739895
0.000145037636
0.000147695966
0.000149845301
0.000151600698
0.000153062556
0.000154318091
0.00015544957
0.000156549857
0.00015768806
0.000158676916
-0.000664111558
-0.000520794612
-0.000423285191
-0.000340155508
-0.000267011175
-0.000203250901
-0.000148065226
-0.0001004014
-5.92956702e-05
-2.39223394e-05
6.43640415e-06
3.24113126e-05
5.45574404e-05
7.33637001e-05
8.9261626e-05
0.00010263315
0.0001138171
0.000123114685
0.00013079402
0.000137093944
0.000142227184
0.000146383072
0.000149729853
0.000152416734
0.000154575694
0.000156322933
0.000157759729
0.000158973966
0.000160047727
0.000161071453
0.00016211331
0.000163010304
-0.000665021462
-0.000521896181
-0.000424752481
-0.000341432499
-0.00026798306
-0.000203844614
-0.000148220123
-0.000100087542
-5.85122596e-05
-2.26889512e-05
8.08752167e-06
3.44406675e-05
5.69225093e-05
7.60217925e-05
9.21718766e-05
0.000105757562
0.000117121068
0.000126567011
0.00013436671
0.000140761795
0.000145967345
0.000150174556
0.000153553105
0.000156253234
0.000158407625
0.000160132932
0.000161530785
0.000162689338
0.000163690079
0.000164620352
0.000165547033
0.000166335311
-0.000664284089
-0.000521353435
-0.00042474642
-0.000341376274
-0.000267805938
-0.000203497503
-0.000147646625
-9.92512679e-05
-5.73995629e-05
-2.13022577e-05
9.73532089e-06
3.63301467e-05
5.90306175e-05
7.83240338e-05
9.46437571e-05
0.000108375477
0.000119862729
0.000129411585
0.000137294738
0.000143755001
0.000149008379
0.000153246736
0.000156640167
0.000159339122
0.000161476317
0.000163168335
0.000164516752
0.000165609702
0.000166527816
0.000167354995
0.000168156649
0.000168827875
-0.000662312351
-0.000519541603
-0.000423608041
-0.00034027246
-0.000266709205
-0.000202383728
-0.00014646624
-9.79658071e-05
-5.59881268e-05
-1.97562104e-05
1.14163799e-05
3.81411475e-05
6.09628499e-05
8.03667597e-05
9.67851505e-05
0.000110603296
0.000122164608
0.000131775228
0.000139707897
0.000146205434
0.000151483722
0.000155734407
0.000159127256
0.00016181232
0.000163921865
0.000165572027
0.00016686405
0.000167885839
0.000168717036
0.000169438019
0.000170112694
0.000170665921
-0.000659463061
-0.000516783366
-0.000421640292
-0.000338378413
-0.000264903662
-0.000200668432
-0.000144799539
-9.63099394e-05
-5.43187555e-05
-1.80582979e-05
1.3151835e-05
3.99186998e-05
6.2783843e-05
8.22303492e-05
9.86889497e-05
0.000112543651
0.000124136842
0.000133773772
0.000141726367
0.000148236631
0.000153519629
0.000157766175
0.000161145207
0.000163805972
0.000165879964
0.000167482633
0.000168714708
0.000169663741
0.000170408338
0.000171025486
0.000171577644
0.000172017831
-0.000656031587
-0.000513345846
-0.000419107437
-0.00033592209
-0.000262578331
-0.00019850313
-0.000142761249
-9.43631393e-05
-5.24383601e-05
-1.62261398e-05
1.49497469e-05
4.16928651e-05
6.45419157e-05
8.39783024e-05
0.000100431252
0.000114282852
0.000125873872
0.000135508127
0.000143456217
0.000149958841
0.000155229818
0.000159458756
0.000162813473
0.000165442166
0.000167475383
0.00016902775
0.000170199387
0.000171077415
0.000171739436
0.000172259316
0.000172698191
0.000173034604
-0.000652250015
-0.000509469342
-0.000416223538
-0.000333098074
-0.000259900511
-0.000196023765
-0.000140456306
-9.22010318e-05
-5.03953649e-05
-1.42830544e-05
1.68096968e-05
4.34831992e-05
6.62710011e-05
8.56568598e-05
0.000102071014
0.000115890524
0.00012745369
0.000137062976
0.000144987576
0.000151466699
0.000156712701
0.000160913827
0.000164236629
0.000166828156
0.000168817933
0.000170319718
0.000171432978
0.00017224438
0.000172830583
0.000173262694
0.000173600696
0.000173845392
-0.000648310563
-0.000505544451
-0.000413024336
-0.000330016756
-0.000257005642
-0.000193345954
-0.000137974899
-8.98905375e-05
-4.82346274e-05
-1.22523924e-05
1.87297852e-05
4.53077956e-05
6.79946318e-05
8.72925422e-05
0.000103648832
0.000117418718
0.000128936975
0.000138505868
0.000146393618
0.000152838025
0.000158050001
0.00016221643
0.000165502601
0.00016805442
0.000170000401
0.000171453447
0.000172512384
0.000173263422
0.000173782375
0.000174137976
0.00017438924
0.000174555742
-0.000644359266
-0.00050178613
-0.000409595186
-0.000326788484
-0.000254004037
-0.000190565237
-0.00013539535
-8.74937994e-05
-4.60039769e-05
-1.01715735e-05
2.06749376e-05
4.7128706e-05
6.97223371e-05
8.89473185e-05
0.000105225903
0.000118923414
0.00013037979
0.000139895321
0.000147735805
0.000154137196
0.000159308846
0.000163436218
0.000166683311
0.000169194893
0.000171098501
0.000172506203
0.000173516199
0.000174214268
0.000174675484
0.000174966584
0.00017514572
0.00017524801
-0.000640496455
-0.000498120466
-0.000406182608
-0.000323535422
-0.00025097723
-0.00018775408
-0.00013277976
-8.50590893e-05
-4.37373408e-05
-8.06481377e-06
2.26380499e-05
4.89659485e-05
7.14748616e-05
9.06222908e-05
0.000106806104
0.000120422465
0.000131810691
0.000141267289
0.000149055709
0.000155410297
0.000160538985
0.000164625924
0.000167833965
0.000170306828
0.000172171019
0.000173537984
0.00017450538
0.000175158474
0.000175571754
0.000175810375
0.000175931533
0.000175982646
-0.000636799038
-0.000494584806
-0.000402826869
-0.000320371191
-0.000247994533
-0.000184959446
-0.000130166649
-8.2613314e-05
-4.14416624e-05
-5.94935892e-06
2.46299325e-05
5.08465568e-05
7.32415874e-05
9.22814413e-05
0.000108380438
0.000121924073
0.00013324737
0.000142645994
0.000150382697
0.000156690818
0.000161777201
0.000165825008
0.000168996327
0.000171433957
0.000173261218
0.000174591817
0.000175523875
0.000176140337
0.00017651531
0.000176713029
0.000176789746
0.000176800738
-0.000633315523
-0.000491226459
-0.000399595376
-0.000317332326
-0.000245110843
-0.000182230595
-0.000127597159
-8.02023931e-05
-3.91863238e-05
-3.79715665e-06
2.66453815e-05
5.27495154e-05
7.50338437e-05
9.39656994e-05
0.000109982307
0.000123454834
0.000134714354
0.000144056124
0.000151742329
0.000158005393
0.000163051196
0.000167061955
0.00017019874
0.000172603677
0.000174401869
0.000175703586
0.000176605545
0.000177192317
0.000177537515
0.000177704342
0.00017774876
0.00017773204
-0.000630068026
-0.000488069756
-0.00039654267
-0.000314419444
-0.000242330502
-0.000179586164
-0.000125091272
-7.78330629e-05
-3.69479311e-05
-1.67712815e-06
2.86566219e-05
5.46616086e-05
7.68374365e-05
9.5669229e-05
0.000111611817
0.000125019608
0.000136220334
0.000145509406
0.000153148775
0.000159370187
0.000164378778
0.000168356054
0.000171462408
0.000173839385
0.0001756117
0.000176889038
0.000177767728
0.000178332159
0.0001786556
0.00017880061
0.000178822873
0.000178787515
-0.00062705977
-0.000485122075
-0.000393674942
-0.000311654874
-0.000239674241
-0.00017704386
-0.00012266545
-7.55225186e-05
-3.4748736e-05
4.17549711e-07
3.06591384e-05
5.65750339e-05
7.86534014e-05
9.73992739e-05
0.000113276442
0.000126625865
0.000137773312
0.000147014557
0.000154611447
0.000160795227
0.000165770475
0.00016971815
0.000172798143
0.000175151526
0.000176902591
0.000178160668
0.000179021785
0.000179570082
0.000179878571
0.000180009419
0.000180018102
0.000179971766
-0.000624280756
-0.000482378827
-0.000390988372
-0.000309043511
-0.000237147872
-0.000174609226
-0.000120325919
-7.32785319e-05
-3.25987572e-05
2.47646142e-06
3.26333061e-05
5.84775475e-05
8.04890177e-05
9.91673405e-05
0.000114983444
0.000128278293
0.000139377242
0.000148575511
0.000156134454
0.000162284862
0.000167230853
0.000171152946
0.000174210615
0.000176544555
0.000178278717
0.000179522138
0.000180370597
0.000180908023
0.000181207243
0.000181330212
0.000181332258
0.000181281102
-0.000621711777
-0.00047982606
-0.000388472248
-0.0003065792
-0.000234747398
-0.000172279815
-0.000118071614
-7.1101169e-05
-3.04988345e-05
4.49856316e-06
3.45779023e-05
6.03552833e-05
8.23331095e-05
0.000100977029
0.000116735257
0.000129977174
0.000141031617
0.00015019164
0.000157717239
0.000163838627
0.000168759511
0.000172660023
0.000175699278
0.000178017661
0.00017973885
0.000180971641
0.00018181161
0.000182342511
0.000182637036
0.000182757064
0.000182757834
0.000182706562
-0.000619328168
-0.000477443831
-0.000386110427
-0.000304249463
-0.000232462746
-0.000170047193
-0.000115894796
-6.89820257e-05
-2.84371346e-05
6.50476328e-06
3.65270088e-05
6.22289445e-05
8.41642286e-05
0.000102791009
0.000118507097
0.000131707239
0.000142725797
0.000151854771
0.000159353183
0.000165450892
0.000170351387
0.000174234572
0.000177259339
0.000179565863
0.000181277635
0.000182503283
0.000183338227
0.000183866086
0.000184159465
0.000184280269
0.000184283693
0.000184235695
-0.000617103006
-0.000475209311
-0.00038388393
-0.000302038862
-0.000230281635
-0.000167901909
-0.000113788571
-6.69165191e-05
-2.6411622e-05
8.49338174e-06
3.84763643e-05
6.41158411e-05
8.59985205e-05
0.000104600355
0.000120289022
0.000133460987
0.000144453335
0.000153558717
0.000161036165
0.000167115516
0.000172000228
0.000175870136
0.000178884038
0.000181182005
0.000182887422
0.000184108812
0.000184941491
0.000185468977
0.000185763827
0.000185888046
0.000185896814
0.000185854357
-0.000615009031
-0.000473098663
-0.000381772563
-0.000299930484
-0.000228190687
-0.000165834219
-0.000111747111
-6.49035024e-05
-2.44281797e-05
1.04469312e-05
4.03985833e-05
6.60078206e-05
8.78586787e-05
0.000106428424
0.000122091305
0.000135241367
0.000146213641
0.000155300711
0.000162761875
0.000168827072
0.000173699759
0.000177559741
0.000180565778
0.000182857888
0.0001845594
0.000185778775
0.000186611256
0.000187140287
0.000187438406
0.000187567763
0.000187583545
0.000187547978
-0.000613019753
-0.000471088195
-0.000379755837
-0.000297906429
-0.000226174982
-0.000163832045
-0.000109760893
-6.29356677e-05
-2.24810095e-05
1.23711583e-05
4.22996918e-05
6.79002395e-05
8.97385408e-05
0.000108273361
0.000123907328
0.000137041714
0.000148000441
0.000157074412
0.000164523634
0.000170578453
0.000175442421
0.000179295367
0.00018229606
0.000184584519
0.000186284057
0.000187503107
0.00018833687
0.000188868738
0.000189171252
0.000189306733
0.000189330386
0.000189302338
-0.000611110469
-0.000469155489
-0.000377814199
-0.000295949136
-0.000224219639
-0.000161883054
-0.000107819844
-6.10049424e-05
-2.05632825e-05
1.42731114e-05
4.41859619e-05
6.97848135e-05
9.16200845e-05
0.000110129431
0.000125739609
0.000138862459
0.000149811303
0.000158875642
0.000166316111
0.000172363415
0.000177221196
0.000181069325
0.000184066601
0.000186353063
0.000188052028
0.000189271921
0.000190107919
0.000190643378
0.000190950856
0.000191092856
0.000191124601
0.000191104141
-0.000609258961
-0.000467280133
-0.000375929782
-0.000294042087
-0.000222310539
-0.000159975303
-0.00010591383
-5.91026185e-05
-1.86668789e-05
1.61618453e-05
4.60663861e-05
7.16584553e-05
9.34857928e-05
0.000111986338
0.000127588353
0.00014070216
0.000151642555
0.000160699459
0.000168133532
0.000174175488
0.000179029008
0.000182873999
0.000185869295
0.000188154956
0.000189854311
0.000191075787
0.000191914547
0.000192453925
0.000192766501
0.000192914957
0.000192954527
0.000192941295
-0.000607445984
-0.000465444216
-0.000374086975
-0.000292170376
-0.000220435136
-0.000158098368
-0.000104034348
-5.72221234e-05
-1.6787424e-05
1.80388069e-05
4.79399449e-05
7.35276642e-05
9.5348274e-05
0.000113844771
0.000129444459
0.000142552668
0.000153487381
0.000162539383
0.000169969312
0.000176007863
0.00018085877
0.000184702002
0.000187696438
0.000189982175
0.000191682563
0.00019290604
0.000193747768
0.000194291064
0.000194608543
0.000194763049
0.000194809815
0.000194803126
-0.00060565552
-0.000463632619
-0.000372272737
-0.000290320864
-0.000218582618
-0.000156243212
-0.00010217392
-5.53575668e-05
-1.49206862e-05
1.99063756e-05
4.98074306e-05
7.53937179e-05
9.72096087e-05
0.000115704129
0.000131304271
0.000144409718
0.000155341286
0.000164390529
0.000171818134
0.00017785482
0.000182704396
0.000186546908
0.000189541291
0.000191827684
0.000193529468
0.000194755099
0.00019559974
0.000196146707
0.000196468648
0.000196628551
0.000196681624
0.000196680555
-0.000603874834
-0.000461833198
-0.000370476803
-0.000288482231
-0.000216744307
-0.000154402427
-0.000100326343
-5.35040875e-05
-1.30631371e-05
2.17667307e-05
5.16696591e-05
7.72564168e-05
9.90699387e-05
0.000117564459
0.000133166454
0.000146270888
0.000157201059
0.000166249082
0.000173675683
0.000179711625
0.000184560795
0.000188403311
0.000191398169
0.000193685548
0.000195388862
0.000196616587
0.000197463896
0.000198014104
0.000198339894
0.000198504377
0.0001985627
0.000198566172
-0.000602094312
-0.000460036936
-0.000368691242
-0.000286644961
-0.000214913847
-0.000152570065
-9.84865855e-05
-5.16577465e-05
-1.12118514e-05
2.36218706e-05
5.35277875e-05
7.91162355e-05
0.000100929167
0.000119424987
0.000135029551
0.000148134135
0.000159064113
0.000168111988
0.000175538511
0.000181574487
0.000186423877
0.000190266864
0.000193262495
0.00019555099
0.000197255793
0.000198485399
0.000199334991
0.000199887889
0.00020021681
0.000200384956
0.000200447383
0.000200454232
-0.000600307037
-0.00045823794
-0.000366905987
-0.000284805362
-0.000213087139
-0.000150741179
-9.66506449e-05
-4.9815483e-05
-9.36453394e-06
2.54734091e-05
5.53828185e-05
8.09736642e-05
0.000102787226
0.000121285031
0.00013689242
0.000149997954
0.000160928555
0.000169976996
0.000177404055
0.000183440574
0.000188290574
0.000192134293
0.000195130821
0.000197420412
0.000199126534
0.000200357701
0.000201209105
0.000201764073
0.000202095349
0.000202266181
0.000202331497
0.00020234065
-0.000598508049
-0.000456431707
-0.000365098213
-0.000282979118
-0.000211262152
-0.000148912267
-9.48158471e-05
-4.79751713e-05
-7.51950993e-06
2.732256e-05
5.72355399e-05
8.28291239e-05
0.000104644104
0.000123144139
0.000138754329
0.000151861375
0.000162793147
0.000171842616
0.000179270598
0.000185307969
0.000190158796
0.000194003359
0.000197000782
0.000199291344
0.000200998532
0.000202230875
0.000203083573
0.000203639967
0.000203972811
0.000204145288
0.000204212061
0.000204223332
-0.000596696419
-0.000454616924
-0.000363280329
-0.000281153761
-0.000209434715
-0.000147081053
-9.29801669e-05
-4.61351163e-05
-5.67545226e-06
2.91702858e-05
5.90865924e-05
8.46829814e-05
0.00010649985
0.00012500214
0.000140615012
0.000153723982
0.000164657296
0.000173708089
0.000181137228
0.000187175625
0.000192027379
0.0001958728
0.000198871035
0.00020116238
0.000202870336
0.000204103439
0.000204956898
0.00020551406
0.000205847687
0.000206020919
0.000206088239
0.000206100458
-0.000594872561
-0.000452793208
-0.000361454959
-0.000279328223
-0.000207604434
-0.000145247204
-9.11430573e-05
-4.42947523e-05
-3.83186287e-06
3.10169643e-05
6.09361753e-05
8.6535139e-05
0.000108354151
0.0001268591
0.000142474873
0.000155586008
0.000166521042
0.000175573325
0.000183003762
0.000189043279
0.000193895996
0.000197742237
0.000200741162
0.000203033079
0.000204741493
0.000205974946
0.000206828649
0.00020738595
0.000207719608
0.000207892782
0.000207960045
0.000207971933
-0.000593038286
-0.000450962371
-0.000359621674
-0.00027750361
-0.000205772242
-0.000143411523
-8.93052392e-05
-4.24546361e-05
-1.98916773e-06
3.28622497e-05
6.27838763e-05
8.83846616e-05
0.000110205237
0.000128714929
0.000144335766
0.000157448852
0.000168385267
0.000177438969
0.000184870738
0.000190911411
0.00019576509
0.000199612099
0.000202611596
0.000204903884
0.000206612469
0.000207845893
0.000208699365
0.00020925623
0.000209589239
0.000209761609
0.000209828155
0.000209838636
-0.000591196457
-0.000449127189
-0.000357773148
-0.000275689177
-0.000203941516
-0.000141576076
-8.74684185e-05
-4.06159871e-05
-1.48057642e-07
3.47060733e-05
6.46304747e-05
9.02331151e-05
0.000112052943
0.000130568072
0.000146197218
0.000159312696
0.000170250416
0.000179305627
0.000186738903
0.000192780886
0.000197635626
0.000201483434
0.000204483454
0.000206775981
0.000208484515
0.000209717596
0.000210570434
0.000211126371
0.000211458145
0.000211628993
0.000211693905
0.000211702566
-0.000589352379
-0.00044729226
-0.00035592286
-0.000273877824
-0.000202115066
-0.000139743804
-8.56347395e-05
-3.87803207e-05
1.69059308e-06
3.65483421e-05
6.647697e-05
9.20830972e-05
0.000113900694
0.000132418418
0.000148056337
0.000161176046
0.000172116275
0.000181173779
0.000188609153
0.000194652899
0.000199509025
0.000203357835
0.00020635847
0.000208651221
0.000210359586
0.000211592107
0.000212444001
0.000212998612
0.000213328667
0.000213497351
0.000213559753
0.000213566363
-0.000587512623
-0.000445463004
-0.00035408262
-0.000272068795
-0.000200295933
-0.000137918578
-8.38073075e-05
-3.69501132e-05
3.52472337e-06
3.83871609e-05
6.83211256e-05
9.39319933e-05
0.000115749541
0.000134269777
0.000149915477
0.000163040632
0.000173984602
0.000183045306
0.000190483487
0.000196529566
0.00020138752
0.000205237651
0.000208239101
0.000210532163
0.000212240341
0.000213472183
0.000214322918
0.000214875905
0.000215203856
0.000215369893
0.000215429181
0.000215433143
-0.000585684624
-0.00044364601
-0.000352258645
-0.000270268607
-0.000198488469
-0.000136104661
-8.19897322e-05
-3.51282619e-05
5.35199976e-06
4.02205674e-05
7.01610177e-05
9.57776914e-05
0.000117598395
0.00013612407
0.000151778114
0.000164909324
0.000175857912
0.00018492269
0.000192364456
0.00019841354
0.00020327388
0.000207125769
0.000210128354
0.000212421932
0.000214130019
0.000215361175
0.000216210652
0.000216761827
0.000217087407
0.000217250444
0.000217306163
0.000217306987
-0.000583876751
-0.000441849058
-0.000350457204
-0.000268484708
-0.000196697946
-0.000134306615
-8.01858248e-05
-3.33177176e-05
7.17033533e-06
4.20473818e-05
7.19965678e-05
9.76212391e-05
0.000119447595
0.000137980967
0.000153644856
0.000166783448
0.000177738009
0.000186808115
0.000194254565
0.000200307594
0.000205171103
0.000209025388
0.000212029604
0.000214324063
0.000216032301
0.000217262906
0.000218111158
0.000218660468
0.000218983545
0.000219143371
0.00021919522
0.000219192562
-0.00058209819
-0.000440080737
-0.000348685426
-0.000266724726
-0.00019493034
-0.000132529444
-7.83997386e-05
-3.15217394e-05
8.97735443e-06
4.38660867e-05
7.38271228e-05
9.94628216e-05
0.000121297874
0.000139841377
0.000155516798
0.000168664519
0.000179626878
0.000188703967
0.000196156539
0.000202214745
0.000207082466
0.000210940008
0.000213946549
0.000216242435
0.000217951236
0.000219181582
0.000220028797
0.00022057634
0.000220896934
0.000221053499
0.000221101346
0.000221095025
-0.000580358761
-0.000438350176
-0.000346951089
-0.000264996453
-0.000193192058
-0.000130778483
-7.6635876e-05
-2.97437922e-05
1.07705166e-05
4.56750244e-05
7.56518816e-05
0.00010130254
0.000123150246
0.000141706486
0.000157394953
0.000170553905
0.00018152647
0.000190612689
0.000198073213
0.000204138158
0.000209011416
0.000212873324
0.000215883107
0.000218181163
0.000219891124
0.00022112168
0.000221968221
0.000222514267
0.000222832574
0.00022298601
0.000223029925
0.000223019942
-0.000578668696
-0.000436666802
-0.000345262341
-0.000263307702
-0.000191489672
-0.000129059206
-7.48987372e-05
-2.79873988e-05
1.25472814e-05
4.74726632e-05
7.74704677e-05
0.000103141617
0.000125007653
0.000143577552
0.000159278448
0.000172451708
0.000183438159
0.00019253648
0.000200007334
0.000206080996
0.000210961452
0.000214829114
0.000217843293
0.000220144479
0.000221856395
0.000223087822
0.00022393424
0.000224479254
0.00022479567
0.000224946324
0.000224986612
0.000224973182
-0.000577038351
-0.000435040062
-0.000343627405
-0.000261666118
-0.000189829684
-0.00012737708
-7.31928658e-05
-2.62562292e-05
1.43048173e-05
4.92569532e-05
7.92815646e-05
0.00010497963
0.000126871169
0.000145456372
0.00016116885
0.000174359878
0.000185364413
0.000194478246
0.000201962125
0.000208046734
0.000212936265
0.000216811267
0.000219831182
0.000222136636
0.000223851484
0.000225084631
0.000225931674
0.000226476327
0.000226791472
0.000226939938
0.00022697718
0.000226960771
-0.000575477829
-0.000433479068
-0.000342054225
-0.000260078895
-0.000188218253
-0.000125737334
-7.15227219e-05
-2.45541217e-05
1.60396958e-05
5.10244662e-05
8.10808426e-05
0.000106810478
0.000128736649
0.000147348425
0.000163075368
0.000176283818
0.00018730939
0.00019644191
0.000203941436
0.000210039182
0.000214939681
0.000218823667
0.000221850752
0.000224161736
0.000225880638
0.000227116522
0.000227965129
0.000228510309
0.000228825041
0.000228972189
0.000229007282
0.000228988647
-0.000573996495
-0.000431992124
-0.000340550003
-0.000258552325
-0.000186660682
-0.000124144364
-6.98918849e-05
-2.28839327e-05
1.77496781e-05
5.27734625e-05
8.28668638e-05
0.000108632527
0.000130601822
0.000149253263
0.000165000321
0.000178226534
0.000189276313
0.000198430576
0.000205948335
0.000212061444
0.000216974867
0.000220869571
0.000223905371
0.000226223277
0.000227947515
0.000229187335
0.000230038654
0.000230585481
0.000230900924
0.000231047923
0.000231082104
0.000231062311
-0.000572602487
-0.000430586246
-0.000339120761
-0.000257091342
-0.000185160988
-0.000122601332
-6.83026746e-05
-2.12471484e-05
1.94341356e-05
5.45044588e-05
8.46420144e-05
0.000110449367
0.000132462531
0.000151159413
0.000166940777
0.00018019345
0.000191269951
0.00020044763
0.000207985617
0.000214116121
0.000219044355
0.000222951504
0.000225997616
0.000228323941
0.000230054935
0.000231300067
0.000232155456
0.000232705291
0.000233022839
0.000233171174
0.000233206039
0.000233186475
-0.000571302235
-0.000429266676
-0.000337770951
-0.000255699085
-0.000183721577
-0.000121109994
-6.675617e-05
-1.96441884e-05
2.10932962e-05
5.62184208e-05
8.64083153e-05
0.000112264373
0.000134322032
0.00015306575
0.000168893722
0.000182183711
0.000193289958
0.000202493095
0.000210053615
0.000216203795
0.00022114893
0.000225070432
0.000228128629
0.000230465047
0.000232204412
0.000233456446
0.000234317499
0.000234871968
0.000235193311
0.000235344794
0.00023538231
0.000235364694
-0.000570099939
-0.000428036277
-0.000336503106
-0.000254376379
-0.000182342884
-0.00011967049
-6.52521095e-05
-1.80744225e-05
2.27280736e-05
5.79163562e-05
8.81666718e-05
0.000114079355
0.000136188249
0.000154979961
0.000170856784
0.000184190744
0.000195331639
0.000204564125
0.00021215045
0.000218323118
0.000223287606
0.000227225651
0.000230297938
0.000232646342
0.000234395911
0.000235656667
0.000236525232
0.000237086239
0.000237413375
0.000237570172
0.000237612692
0.000237599084
-0.000568996894
-0.000426894754
-0.000335318035
-0.000253120777
-0.000181022859
-0.000118281212
-6.37887585e-05
-1.6535954e-05
2.43403321e-05
5.95997174e-05
8.99177083e-05
0.000115893805
0.000138060294
0.000156903397
0.000172832363
0.000186214879
0.00019739399
0.000206659318
0.000214274522
0.000220472337
0.000225458535
0.000229415273
0.000232503673
0.000234866015
0.00023662773
0.000237899202
0.000238777334
0.000239347031
0.000239682261
0.000239846899
0.000239897195
0.000239890012
-0.000567990732
-0.000425838251
-0.000334216957
-0.000251922034
-0.00017975406
-0.000116937389
-6.23614857e-05
-1.50244722e-05
2.59318324e-05
6.12706055e-05
9.1663138e-05
0.00011770839
0.000139937637
0.000158835886
0.000174821111
0.000188255842
0.000199475257
0.000208776118
0.000216422787
0.000222648045
0.000227658037
0.000231635435
0.00023474188
0.000237120171
0.000238896156
0.000240180384
0.000241070391
0.000241651293
0.000241997264
0.00024217264
0.000242233869
0.000242235861
-0.000567074555
-0.0004248602
-0.00033319771
-0.00025075718
-0.000178519728
-0.000115625602
-6.09574009e-05
-1.35307205e-05
2.74935055e-05
6.29252007e-05
9.34011018e-05
0.000119522401
0.000141820424
0.000160775562
0.000176818962
0.000190309652
0.000201571415
0.000210910164
0.000218590459
0.000224845096
0.000229880704
0.000233880568
0.000237006976
0.000239403553
0.000241196573
0.000242492713
0.000243396412
0.000243991872
0.00024435183
0.000244541298
0.000244616932
0.000244631026
-0.000566234276
-0.000423947588
-0.000332189381
-0.000249682619
-0.000177347415
-0.000114348132
-5.95817901e-05
-1.2056931e-05
2.90811039e-05
6.45932632e-05
9.51494966e-05
0.00012134841
0.000143718931
0.000162726267
0.000178821316
0.0001923703
0.000203677513
0.000213055631
0.000220770547
0.000227055532
0.000232117766
0.000236141183
0.000239288634
0.000241704022
0.000243514197
0.000244830609
0.000245751567
0.000246362826
0.000246739215
0.000246946115
0.000247040742
0.000247072429
-0.000565449182
-0.00042307862
-0.000331186998
-0.000248646748
-0.000176188204
-0.000113071753
-5.82027489e-05
-1.05796208e-05
3.06553325e-05
6.62567554e-05
9.68968435e-05
0.000123175068
0.000145621782
0.000164684068
0.000180829155
0.0001944353
0.000205788026
0.000215205031
0.000222954173
0.000229269422
0.00023435854
0.000238406119
0.000241575645
0.000244011582
0.00024584135
0.000247177105
0.000248117263
0.00024874797
0.000249144492
0.000249372909
0.000249491221
0.000249544705
-0.000564693001
-0.000422225028
-0.000330205502
-0.000247589542
-0.0001750144
-0.000111784489
-5.68112474e-05
-9.08914627e-06
3.22398313e-05
6.79286072e-05
9.86469908e-05
0.000124995661
0.000147522585
0.000166664374
0.000182858209
0.000196501585
0.00020789516
0.000217348598
0.000225129751
0.000231473525
0.000236588425
0.000240659676
0.000243851391
0.000246308637
0.000248159383
0.000249516258
0.000250478095
0.000251131338
0.000251551642
0.000251805983
0.000251952915
0.000252031587
-0.000563927473
-0.000421348161
-0.000329201304
-0.000246487801
-0.000173798831
-0.000110458946
-5.53831243e-05
-7.56431569e-06
3.38557783e-05
6.96298221e-05
0.000100427229
0.000126845696
0.000149431488
0.000168630555
0.000184866033
0.00019854101
0.000209974879
0.000219464582
0.000227276586
0.000233647381
0.000238786756
0.000242880814
0.000246094402
0.000248573255
0.000250445936
0.000251825575
0.000252811401
0.000253490155
0.000253937918
0.000254222691
0.000254403508
0.00025451206
-0.000563102026
-0.000420402952
-0.000328124237
-0.000245305869
-0.000172506747
-0.000109062787
-5.38913444e-05
-5.98427382e-06
3.55174685e-05
7.13675278e-05
0.000102236768
0.000128717591
0.000151330816
0.000170563066
0.000186849451
0.000200558636
0.000212024295
0.000221542208
0.000229378919
0.000235771912
0.000240931997
0.000245046112
0.000248279828
0.000250779516
0.000252674295
0.000254077764
0.000255089507
0.000255796523
0.000256275315
0.000256594988
0.000256815046
0.000256958654
-0.000562152665
-0.000419361367
-0.000326903535
-0.000243993233
-0.000171097301
-0.000107559617
-5.23054942e-05
-4.32634876e-06
3.72383378e-05
7.3142665e-05
0.000104057648
0.000130577256
0.000153222076
0.000172497538
0.000188825093
0.000202553534
0.000214033113
0.000223565074
0.000231415845
0.00023782283
0.000242997285
0.000247126731
0.000250377292
0.000252895846
0.00025481196
0.000256239615
0.000257278671
0.000258016311
0.000258529429
0.000258888309
0.000259152916
0.000259336679
-0.000561015717
-0.000418291859
-0.000325368884
-0.000242461942
-0.000169515891
-0.00010590291
-5.05851999e-05
-2.55672326e-06
3.90468301e-05
7.4981218e-05
0.000105918055
0.000132454971
0.000155125499
0.000174417015
0.000190745662
0.000204478952
0.000215962264
0.000225497717
0.000233352628
0.000239765048
0.000244946817
0.000249086012
0.000252349261
0.000254883884
0.000256819827
0.000258271368
0.000259338565
0.000260108705
0.000260659025
0.000261061054
0.000261375197
0.000261603918
-0.00055960322
-0.000416990022
-0.000323543907
-0.000240666157
-0.000167701932
-0.000104040236
-4.86875164e-05
-6.41045956e-07
4.09691201e-05
7.69021979e-05
0.000107832097
0.000134359322
0.000157019401
0.000176290728
0.000192596965
0.000206315827
0.00021778635
0.000227310254
0.000235155995
0.000241562501
0.000246742193
0.000250883609
0.000254153764
0.000256700297
0.000258653405
0.000260127545
0.00026122285
0.000262026598
0.0002626163
0.000263064758
0.00026343279
0.000263710718
-0.000557823278
-0.000415297051
-0.000321382355
-0.000238543092
-0.000165586156
-0.000101912079
-4.65648444e-05
1.45713303e-06
4.30307127e-05
7.89197826e-05
0.000109801361
0.000136278515
0.000158888488
0.000178109916
0.000194368977
0.000208045543
0.000219478525
0.000228969999
0.000236788989
0.000243174866
0.000248340361
0.000252474234
0.000255743659
0.000258296378
0.000260262641
0.000261756906
0.000262879215
0.000263716686
0.000264346997
0.000264844208
0.000265269502
0.000265600032
-0.000555571772
-0.000413107553
-0.000318786829
-0.000236006637
-0.000163092395
-9.94540836e-05
-4.41651722e-05
3.77780431e-06
4.52600907e-05
8.1051548e-05
0.000111833346
0.000138211784
0.000160726584
0.000179858173
0.00019603431
0.000209636048
0.000221002933
0.000230437426
0.000238208774
0.000244556449
0.000249693175
0.000253807636
0.000257066873
0.000259618454
0.000261592429
0.000263103021
0.000264249975
0.000265120065
0.000265790986
0.000266337994
0.00026682255
0.000267207874
-0.000552728975
-0.000410310697
-0.000315651178
-0.000232961777
-0.000160139101
-9.65979723e-05
-4.14335851e-05
6.36266246e-06
4.76862192e-05
8.33144944e-05
0.000113934091
0.000140155481
0.000162521526
0.000181514908
0.000197564952
0.000211053702
0.000222321187
0.000231669993
0.000239369247
0.000245658128
0.000250748963
0.00025482996
0.000258067651
0.000260609078
0.000262583765
0.000264105411
0.000265273205
0.00026617335
0.000266883375
0.000267479592
0.000268023606
0.000268464274
-0.000549162686
-0.000406784293
-0.000311861495
-0.000229307518
-0.00015663979
-9.32719274e-05
-3.83129844e-05
9.25437228e-06
5.03380037e-05
8.57247206e-05
0.000116108029
0.000142103605
0.000164258105
0.000183056785
0.000198930558
0.000212262259
0.000223392089
0.000232622353
0.000240221588
0.000246428181
0.000251453543
0.000255484911
0.000258687831
0.00026120838
0.000263175158
0.000264700983
0.000265884171
0.000266810095
0.000267555927
0.000268198833
0.000268800056
0.000269293326
-0.000544730583
-0.000402397235
-0.000307296829
-0.000224937725
-0.000152504218
-8.94018067e-05
-3.47452617e-05
1.24955252e-05
5.32434243e-05
8.82967726e-05
0.000118357605
0.000144047898
0.000165918735
0.000184458195
0.000200098712
0.000213223612
0.000224172818
0.000233247802
0.000240715894
0.000246814048
0.000251752121
0.000255715764
0.00025886896
0.000261356292
0.00026330496
0.000264826478
0.000266017924
0.000266963542
0.000267739942
0.00026842494
0.000269078383
0.000269615432
-0.000539282236
-0.000397011586
-0.000301831115
-0.000219742806
-0.000147640087
-8.49127527e-05
-3.06727101e-05
1.61274571e-05
5.64286273e-05
9.10430396e-05
0.000120683012
0.000145977947
0.000167483933
0.000185692018
0.000201035953
0.000213899109
0.000224620512
0.000233500076
0.000240803147
0.000246764447
0.000251591505
0.00025546764
0.000258554585
0.000260994795
0.000262913505
0.000264420435
0.000265611007
0.000266567883
0.00026736638
0.000268084527
0.000268784811
0.000269376525
-0.000532661471
-0.000390484789
-0.000295335523
-0.000213611843
-0.000141955085
-7.97310411e-05
-2.603963e-05
2.01889537e-05
5.99169856e-05
9.39732105e-05
0.000123082068
0.000147881488
0.000168933045
0.000186730738
0.000201709255
0.000214251367
0.000224694384
0.000233335746
0.000240437856
0.000246232252
0.000250923207
0.000254690847
0.000257693854
0.000260071842
0.000261947442
0.000263428024
0.000264606895
0.000265564823
0.000266375616
0.000267116594
0.000267849608
0.000268479107
-0.00052470912
-0.000382672253
-0.000287681129
-0.000206435092
-0.000135359213
-7.37861889e-05
-2.07941252e-05
2.47148274e-05
6.37281122e-05
9.70937627e-05
0.000125550203
0.000149744899
0.000170245213
0.000187547865
0.000202087852
0.000214246458
0.000224358224
0.000232716982
0.000239581037
0.00024517761
0.000249706652
0.000253344095
0.000256244669
0.000258544334
0.000260362404
0.000261803272
0.000262957601
0.000263903877
0.000264714232
0.000265464973
0.000266215059
0.000266856414
-0.000515266147
-0.000373430264
-0.000278741924
-0.000198106811
-0.000127767431
-6.70133261e-05
-1.48901302e-05
2.97343259e-05
6.78767711e-05
0.000100407428
0.000128080503
0.000151553814
0.000171400553
0.000188119624
0.000202145403
0.000213856496
0.000223583353
0.000231614822
0.000238203747
0.000243571731
0.000247913179
0.000251398717
0.000254178118
0.000256382797
0.000258127977
0.000259514416
0.000260629585
0.000261549199
0.00026234309
0.000263085721
0.000263834227
0.000264477199
-0.000504177073
-0.000362619187
-0.000268398168
-0.000188528479
-0.000119102633
-5.93558629e-05
-8.28970917e-06
3.52692879e-05
7.23715875e-05
0.00010391252
0.000130663683
0.00015329375
0.000172381395
0.00018842677
0.000201862308
0.000213062399
0.000222351767
0.00023001264
0.000236290828
0.000241400837
0.000245530174
0.000248842944
0.000251482883
0.000253575933
0.000255232413
0.000256548735
0.00025760861
0.000258484542
0.00025924354
0.000259957378
0.00026068109
0.000261305184
-0.000491293642
-0.000350106803
-0.000256540026
-0.000177612349
-0.000109298911
-5.07683963e-05
-9.65661384e-07
4.13319513e-05
7.72134078e-05
0.000107601952
0.000133287817
0.000154950538
0.000173173395
0.000188456322
0.000201228007
0.000211856669
0.000220659328
0.000227909685
0.000233844724
0.000238670223
0.000242565326
0.000245686326
0.000248169819
0.000250135281
0.000251687259
0.0002529171
0.000253904205
0.000254717478
0.000255420615
0.000256081743
0.000256753299
0.000257333647
-0.000476478375
-0.000335771474
-0.000243071285
-0.000165285524
-9.83055171e-05
-4.12202847e-05
7.09513498e-06
4.79220209e-05
8.23929758e-05
0.000111461641
0.000135937522
0.000156510305
0.000173766253
0.00018820294
0.000200242922
0.000210245806
0.000218518557
0.000225324148
0.000230888747
0.000235407629
0.000239050028
0.000241963117
0.000244275213
0.00024609838
0.000247530609
0.000248657447
0.00024955331
0.000250283385
0.000250907575
0.00025148932
0.000252077927
0.000252586373
-0.000459607451
-0.000319504935
-0.000227914839
-0.000151498244
-8.60934905e-05
-3.06999365e-05
1.58865311e-05
5.50216911e-05
8.78869668e-05
0.000115467632
0.000138592116
0.000157958581
0.000174153702
0.000187669693
0.000198919894
0.000208252338
0.000215961193
0.000222296255
0.000227470732
0.000231667567
0.000235044548
0.000237738457
0.000239868392
0.000241538428
0.000242838976
0.00024384741
0.000244632313
0.000245257309
0.00024577644
0.000246248521
0.000246719688
0.00024712504
-0.000440569773
-0.000301213392
-0.000211024857
-0.0001362458
-7.26523879e-05
-1.91962672e-05
2.53841978e-05
6.25913128e-05
9.36536743e-05
0.000119582582
0.000141222915
0.000159278478
0.000174332508
0.000186867749
0.000197284411
0.000205915397
0.000213038927
0.000218888897
0.000223663236
0.000227530567
0.000230635427
0.000233102379
0.000235039844
0.000236544297
0.000237698919
0.000238557051
0.000239215534
0.000239731889
0.000240124807
0.000240457834
0.000240775382
0.000241043732
-0.000419249208
-0.00028079959
-0.000192375264
-0.000119564252
-5.79342487e-05
-6.63800013e-06
3.55465426e-05
7.05676294e-05
9.963021e-05
0.000123752352
0.000143790249
0.000160448421
0.000174300854
0.000185815304
0.000195373963
0.00020329036
0.000209823342
0.00021518799
0.00021956454
0.000223105381
0.000225939909
0.000228178545
0.000229916203
0.000231247822
0.000232298578
0.000233073131
0.000233547181
0.000233848307
0.000234077407
0.000234248304
0.000234380142
0.000234477587
-0.000395504393
-0.000258114782
-0.000171839959
-0.000101297129
-4.21238995e-05
6.54767096e-06
4.61250518e-05
7.87965532e-05
0.000105693586
0.000127877514
0.000146227231
0.000161433238
0.000174053116
0.000184534688
0.000193237111
0.000200449558
0.000206409135
0.000211309393
0.000215310682
0.000218547944
0.000221136294
0.000223175608
0.000224753163
0.000225930044
0.000226712096
0.000227240919
0.000227653714
0.000227893742
0.000227954386
0.000227909658
0.000227807295
0.000227700368
-0.000369314252
-0.000233137884
-0.000149571492
-8.15343141e-05
-2.55648446e-05
2.00938156e-05
5.70915828e-05
8.71115529e-05
0.000111699964
0.000131813385
0.00014844269
0.000162184853
0.000173577941
0.000183047495
0.000190924598
0.00019747069
0.000202895208
0.000207367685
0.000211027092
0.000213988996
0.000216351091
0.000218196971
0.000219598983
0.000220618241
0.000221308853
0.000221740147
0.000221939017
0.000221939227
0.000221796432
0.000221531203
0.000221170539
0.000220824853
-0.000340649548
-0.000205809819
-0.00012574221
-6.04230172e-05
-8.09069787e-06
3.38437016e-05
6.79722312e-05
9.53073125e-05
0.000117442577
0.000135512564
0.000150370844
0.000162656507
0.000172866148
0.000181382411
0.000188499685
0.000194446539
0.000199402664
0.000203511277
0.000206888275
0.000209629058
0.000211813652
0.000213509995
0.000214777174
0.00021566715
0.000216227146
0.000216502421
0.000216535713
0.000216359812
0.000216006093
0.000215489916
0.000214834724
0.000214218228
-0.000309513492
-0.000176410452
-0.000100546402
-3.87047486e-05
9.95071019e-06
4.81533399e-05
7.86917235e-05
0.00010307343
0.000122709461
0.000138698393
0.00015185019
0.000162764496
0.000171888095
0.000179555317
0.000186017923
0.000191467444
0.000196051576
0.000199886063
0.000203063247
0.00020565825
0.000207733501
0.000209342182
0.000210530156
0.000211337984
0.000211802996
0.000211960011
0.000211842773
0.000211483474
0.000210907623
0.000210120706
0.000209142245
0.000208225945
-0.000275799405
-0.000145528885
-7.37002191e-05
-1.65000305e-05
2.77457172e-05
6.19528214e-05
8.87836286e-05
0.000110067195
0.000127187792
0.000141164887
0.000152733843
0.000162423085
0.000170614035
0.000177584078
0.000183537048
0.000188624784
0.000192962256
0.00019663811
0.000199722009
0.000202269773
0.000204327047
0.000205931965
0.000207117136
0.000207911409
0.000208340421
0.000208428658
0.000208201093
0.000207683864
0.000206896042
0.000205831302
0.000204503512
0.000203256615
-0.000239286326
-0.000113208933
-4.55484204e-05
5.78575068e-06
4.47196123e-05
7.44643366e-05
9.75074027e-05
0.000115736658
0.000130476911
0.000142638563
0.000152848315
0.000161539895
0.000169015959
0.000175490424
0.000181117079
0.0001860087
0.000190249718
0.000193904593
0.000197023323
0.000199645119
0.00020180096
0.000203515501
0.000204808442
0.000205695446
0.00020618896
0.000206299599
0.000206038788
0.000205420546
0.000204451787
0.000203109294
0.000201406314
0.000199787216
-0.000199685662
-7.91735441e-05
-1.72905376e-05
2.71746246e-05
6.01265758e-05
8.4972929e-05
0.000104202048
0.000119569677
0.00013222276
0.000142898625
0.000152077507
0.000160077414
0.000167112885
0.000173332593
0.000178842984
0.000183722774
0.000188031908
0.000191817001
0.000195114467
0.000197952232
0.000200350916
0.000202325087
0.000203883996
0.000205030724
0.000205761947
0.000206067193
0.000205930424
0.000205342598
0.000204285966
0.000202699973
0.000200574098
0.000198500264
-0.000156253472
-4.34460116e-05
1.01047957e-05
4.62730314e-05
7.25354808e-05
9.2416956e-05
0.000108133633
0.000121103051
0.000132172683
0.000141844367
0.000150423662
0.000158103602
0.000165010693
0.000171234185
0.000176842295
0.000181889583
0.000186421246
0.00019047542
0.000194083614
0.000197269626
0.000200049182
0.000202433937
0.000204433703
0.000206044273
0.000207253812
0.0002080371
0.000208321184
0.000208040044
0.00020712756
0.000205445602
0.000202878089
0.000200261588
-0.000107439907
-6.9600044e-06
3.45266576e-05
6.10012989e-05
8.03940241e-05
9.58109645e-05
0.00010878884
0.000120162652
0.000130369891
0.000139643861
0.000148116333
0.000155869322
0.00016295402
0.000169415188
0.000175300814
0.000180657581
0.000185530978
0.000189966429
0.000194008464
0.000197693918
0.000201043664
0.000204089264
0.000206880065
0.000209400669
0.000211624647
0.000213568587
0.000215047034
0.000215787405
0.000215620182
0.000214323225
0.000211483405
0.000208438234
-4.24570722e-05
2.91301384e-05
5.1741681e-05
6.76967679e-05
8.12777228e-05
9.37776974e-05
0.000105534026
0.000116609538
0.00012699415
0.000136678572
0.000145664626
0.000153945893
0.00016152443
0.000168436595
0.00017473689
0.000180479433
0.000185721249
0.000190528823
0.000194983686
0.000199157691
0.000203037679
0.00020657376
0.000209879679
0.000213282203
0.000217065744
0.000220849567
0.000223678191
0.000225483527
0.000227042564
0.000228189696
0.000227837044
0.000225776369
6.46115658e-05
6.48622271e-05
6.23753613e-05
6.80875193e-05
7.77927697e-05
8.91338401e-05
0.000100943032
0.000112571853
0.000123662651
0.000134101804
0.000143879569
0.000152904491
0.000161079703
0.000168463616
0.000175160941
0.000181236999
0.000186754265
0.000191794118
0.000196498454
0.000201023996
0.000205401315
0.000209573006
0.000213608174
0.000217814391
0.0002228959
0.000229750311
0.000238626057
0.000250126779
0.000265205741
0.000285366025
0.000314261389
0.000349257215
)
;

boundaryField
{
    inner_wall
    {
        type            zeroGradient;
    }
    outer_wall
    {
        type            zeroGradient;
    }
    top
    {
        type            zeroGradient;
    }
    bottom
    {
        type            fixedValue;
        value           uniform 0;
    }
    front
    {
        type            wedge;
    }
    back
    {
        type            wedge;
    }
}


// ************************************************************************* //
