/*--------------------------------*- C++ -*----------------------------------*\
| =========                 |                                                 |
| \\      /  F ield         | OpenFOAM: The Open Source CFD Toolbox           |
|  \\    /   O peration     | Version:  2506                                  |
|   \\  /    A nd           | Website:  www.openfoam.com                      |
|    \\/     M anipulation  |                                                 |
\*---------------------------------------------------------------------------*/
FoamFile
{
    version     2.0;
    format      ascii;
    arch        "LSB;label=32;scalar=64";
    class       volScalarField;
    location    "452";
    object      p;
}
// * * * * * * * * * * * * * * * * * * * * * * * * * * * * * * * * * * * * * //

dimensions      [0 2 -2 0 0 0 0];

internalField   nonuniform List<scalar> 
3072
(
-0.000123967125
-9.41514966e-05
-9.04856759e-05
-8.44511837e-05
-7.46945431e-05
-6.29698185e-05
-5.10207716e-05
-3.99856178e-05
-2.77742613e-05
-1.40153863e-05
-7.56288719e-06
-7.76019718e-06
-7.62205576e-06
-6.3104784e-06
-4.47205658e-06
-2.49542097e-06
-5.35742927e-07
1.32377552e-06
3.02535687e-06
4.5241745e-06
5.80685401e-06
7.0160258e-06
8.04228616e-06
8.74648987e-06
9.27237527e-06
9.66434225e-06
9.94256518e-06
1.01314735e-05
1.02633806e-05
1.03857604e-05
1.05658948e-05
1.0815155e-05
-0.000264310242
-0.000186451945
-0.000160138505
-0.000141512581
-0.000123474693
-0.000104850568
-8.64209622e-05
-6.86356841e-05
-5.08429488e-05
-3.39335762e-05
-2.1812513e-05
-1.44699722e-05
-8.57002541e-06
-3.29991546e-06
1.33039281e-06
5.32476641e-06
8.74333945e-06
1.16448699e-05
1.40880659e-05
1.61498137e-05
1.77775426e-05
1.92003057e-05
2.04184601e-05
2.12384546e-05
2.18514091e-05
2.23315645e-05
2.27116054e-05
2.30231582e-05
2.33042909e-05
2.36021345e-05
2.39473574e-05
2.42410571e-05
-0.000326423509
-0.000221780898
-0.000176574013
-0.000146112652
-0.000121669225
-0.000100771529
-8.23234209e-05
-6.56794524e-05
-5.03711641e-05
-3.65144736e-05
-2.47566581e-05
-1.50288678e-05
-6.70539464e-06
5.33415995e-07
6.82432411e-06
1.22634772e-05
1.69346141e-05
2.09093169e-05
2.42732335e-05
2.72005863e-05
2.95866626e-05
3.14880931e-05
3.30811643e-05
3.43169182e-05
3.52851876e-05
3.60471991e-05
3.66469136e-05
3.71230208e-05
3.7512632e-05
3.7854123e-05
3.81780359e-05
3.84492027e-05
-0.000386213011
-0.000266915248
-0.000210788397
-0.000168760874
-0.00013576292
-0.000109664094
-8.78521068e-05
-6.89315051e-05
-5.21828706e-05
-3.729666e-05
-2.41970367e-05
-1.2746649e-05
-2.7275025e-06
6.04073519e-06
1.36901218e-05
2.03248676e-05
2.60364087e-05
3.09110137e-05
3.50378911e-05
3.85009102e-05
4.14022717e-05
4.37573418e-05
4.56285658e-05
4.71510406e-05
4.83629784e-05
4.9317025e-05
5.00673916e-05
5.06622953e-05
5.11448084e-05
5.155692e-05
5.19302469e-05
5.22253261e-05
-0.000442025821
-0.00031568131
-0.000246466441
-0.000194679006
-0.000154291338
-0.000122039638
-9.54368447e-05
-7.29136557e-05
-5.3456941e-05
-3.6458706e-05
-2.15555512e-05
-8.48062287e-06
2.98939072e-06
1.30324694e-05
2.17903153e-05
2.93830322e-05
3.59218444e-05
4.15133608e-05
4.62354067e-05
5.00707646e-05
5.32996864e-05
5.60635109e-05
5.82579715e-05
6.00107769e-05
6.14106696e-05
6.25242792e-05
6.34104568e-05
6.41220661e-05
6.47074397e-05
6.52150626e-05
6.56821447e-05
6.6057351e-05
-0.000490655728
-0.000359350489
-0.000280091732
-0.000220370856
-0.000173455581
-0.000135075006
-0.000103461883
-7.69819357e-05
-5.44130743e-05
-3.49376037e-05
-1.80139631e-05
-3.25733561e-06
9.62031717e-06
2.08406849e-05
3.05810945e-05
3.89916125e-05
4.62062854e-05
5.2348726e-05
5.75292763e-05
6.18422812e-05
6.54205805e-05
6.83736053e-05
7.07720366e-05
7.27056163e-05
7.42586757e-05
7.55058071e-05
7.65132587e-05
7.73397823e-05
7.80399145e-05
7.86709018e-05
7.92764904e-05
7.97776893e-05
-0.00053192561
-0.000396359864
-0.000311284555
-0.000245353033
-0.000191929072
-0.000147979074
-0.000111621325
-8.11856454e-05
-5.53782698e-05
-3.32741608e-05
-1.42176379e-05
2.27293178e-06
1.6560035e-05
2.89246157e-05
3.95927076e-05
4.87541068e-05
5.65745742e-05
6.32034003e-05
6.87776447e-05
7.34251392e-05
7.72689832e-05
8.04237924e-05
8.29929939e-05
8.50734525e-05
8.67548473e-05
8.81188139e-05
8.92383316e-05
9.01779674e-05
9.09985526e-05
9.17666942e-05
9.25328342e-05
9.31834547e-05
-0.000566132986
-0.000427474268
-0.000338406753
-0.000267796681
-0.000209055384
-0.000160191437
-0.000119500693
-8.53393846e-05
-5.63984217e-05
-3.17025529e-05
-1.05252169e-05
7.68775012e-06
2.33650737e-05
3.68456936e-05
4.84056211e-05
5.82767769e-05
6.66601246e-05
7.37341911e-05
7.96607394e-05
8.45882984e-05
8.86544086e-05
9.19859953e-05
9.46996104e-05
9.69023201e-05
9.86920361e-05
0.000100157444
0.000101377619
0.000102422423
0.000103358512
0.000104261339
0.000105187391
0.000105987584
-0.000594147524
-0.000453436
-0.000361224715
-0.000286858165
-0.000223988584
-0.000171079922
-0.000126662506
-8.91948241e-05
-5.74012521e-05
-3.02976195e-05
-7.12077089e-06
1.27311832e-05
2.9737564e-05
4.42861036e-05
5.6697318e-05
6.72423763e-05
7.61560226e-05
8.36454555e-05
8.98964485e-05
9.50773764e-05
9.93418621e-05
0.000102830222
0.000105670491
0.000107979294
0.000109862452
0.00011141527
0.000112722343
0.000113858222
0.000114894579
0.000115914398
0.000116979165
0.000117908886
-0.000616490629
-0.000474437473
-0.000379940291
-0.000302669242
-0.000236575096
-0.000180405736
-0.000132889341
-9.25996563e-05
-5.83166755e-05
-2.9071569e-05
-4.08807618e-06
1.72635819e-05
3.54979335e-05
5.1040341e-05
6.42477534e-05
7.54249911e-05
8.483663e-05
9.27158014e-05
9.92703054e-05
0.000104687012
0.000109134813
0.000112766717
0.000115721294
0.000118123861
0.000120087379
0.000121713044
0.000123090273
0.000124297601
0.000125410745
0.000126518409
0.000127685851
0.00012871069
-0.000633726584
-0.00049084849
-0.000394799316
-0.000315366544
-0.000246804103
-0.00018807338
-0.000138060305
-9.54449169e-05
-5.90691195e-05
-2.79911867e-05
-1.4369765e-06
2.12364396e-05
4.0566108e-05
5.70042912e-05
7.09359244e-05
8.26927642e-05
9.25641303e-05
0.000100805104
0.000107642503
0.000113279337
0.000117898009
0.000121662726
0.000124721282
0.000127206532
0.000129237572
0.000130920576
0.000132348963
0.000133604497
0.00013476591
0.00013592563
0.000137151429
0.000138229168
-0.000646482798
-0.000503164032
-0.000406150222
-0.000325165795
-0.000254771332
-0.000194090883
-0.000142131385
-9.76638297e-05
-5.95902416e-05
-2.69999079e-05
8.70315994e-07
2.46666437e-05
4.49389021e-05
6.21572222e-05
7.67267251e-05
8.89994986e-05
9.92842041e-05
0.000107853454
0.00011494953
0.000120788708
0.000125564593
0.000129450676
0.000132602379
0.000135158732
0.000137243804
0.000138967728
0.000140427069
0.000141706072
0.00014288549
0.000144059523
0.000145297301
0.000146384004
-0.000655395332
-0.000511913658
-0.000414398535
-0.000332350016
-0.0002606478
-0.000198537626
-0.00014511507
-9.9225776e-05
-5.98245702e-05
-2.60321079e-05
2.89978376e-06
2.76147184e-05
4.86682747e-05
6.65414663e-05
8.16529726e-05
9.43693655e-05
0.000105013526
0.000113871291
0.000121196768
0.000127216497
0.000132132782
0.000136126341
0.000139358495
0.000141973015
0.000144097725
0.000145845699
0.000147315801
0.00014859407
0.000149762384
0.000150914982
0.000152121368
0.000153176263
-0.00066107926
-0.000517623419
-0.000419969692
-0.00033723688
-0.000264648313
-0.000201539224
-0.000147065121
-0.000100129877
-5.97330109e-05
-2.50240314e-05
4.72948784e-06
3.01654315e-05
5.1840469e-05
7.02413728e-05
8.57951572e-05
9.88780131e-05
0.00010982259
0.000118924066
0.000126444997
0.000132619338
0.000137655677
0.000141739948
0.000145037689
0.00014769602
0.000149845355
0.000151600752
0.000153062611
0.000154318146
0.000155449625
0.000156549912
0.000157688115
0.00015867697
-0.000664111544
-0.0005207946
-0.000423285189
-0.000340155502
-0.000267011184
-0.000203250903
-0.000148065234
-0.0001004014
-5.92956708e-05
-2.39223309e-05
6.43641512e-06
3.24113321e-05
5.45574633e-05
7.33637303e-05
8.92616598e-05
0.00010263319
0.000113817143
0.000123114732
0.00013079407
0.000137093997
0.000142227239
0.00014638313
0.000149729912
0.000152416796
0.000154575757
0.000156322997
0.000157759794
0.000158974031
0.000160047793
0.000161071519
0.000162113377
0.000163010372
-0.000665021401
-0.000521896124
-0.000424752424
-0.000341432449
-0.000267983007
-0.000203844565
-0.000148220075
-0.000100087494
-5.85122141e-05
-2.26889019e-05
8.08756855e-06
3.44407198e-05
5.69225604e-05
7.60218494e-05
9.21719333e-05
0.000105757624
0.000117121131
0.000126567078
0.000134366778
0.000140761866
0.000145967417
0.000150174631
0.000153553181
0.000156253311
0.000158407704
0.000160133013
0.000161530866
0.000162689419
0.000163690161
0.000164620434
0.000165547116
0.000166335395
-0.000664283986
-0.000521353325
-0.000424746301
-0.000341376144
-0.00026780581
-0.000203497369
-0.000147646498
-9.92511391e-05
-5.73994405e-05
-2.13021357e-05
9.73543745e-06
3.63302625e-05
5.90307291e-05
7.83241448e-05
9.46438652e-05
0.000108375584
0.000119862835
0.000129411691
0.000137294843
0.000143755106
0.000149008484
0.000153246841
0.000156640272
0.000159339227
0.000161476422
0.00016316844
0.000164516857
0.000165609807
0.000166527921
0.0001673551
0.000168156753
0.000168827979
-0.000662312248
-0.000519541495
-0.000423607929
-0.000340272344
-0.00026670908
-0.000202383605
-0.000146466108
-9.79656793e-05
-5.59879928e-05
-1.97560814e-05
1.14165129e-05
3.81412761e-05
6.09629808e-05
8.03668873e-05
9.67852793e-05
0.000110603422
0.000122164735
0.000131775353
0.000139708022
0.000146205558
0.000151483846
0.00015573453
0.000159127379
0.000161812443
0.000163921988
0.00016557215
0.000166864172
0.000167885962
0.000168717159
0.000169438142
0.000170112817
0.000170666043
-0.000659462962
-0.000516783275
-0.000421640214
-0.000338378342
-0.000264903595
-0.000200668363
-0.000144799465
-9.6309859e-05
-5.43186687e-05
-1.80582044e-05
1.31519341e-05
3.99188047e-05
6.27839524e-05
8.22304635e-05
9.86890675e-05
0.000112543773
0.000124136967
0.000133773899
0.000141726495
0.000148236762
0.000153519762
0.000157766309
0.000161145343
0.000163806108
0.000165880101
0.000167482771
0.000168714847
0.000169663879
0.000170408476
0.000171025625
0.000171577783
0.00017201797
-0.000656031453
-0.000513345716
-0.000419107314
-0.000335921967
-0.000262578221
-0.000198503018
-0.000142761143
-9.43630265e-05
-5.24382501e-05
-1.62260215e-05
1.49498642e-05
4.169299e-05
6.45420408e-05
8.39784341e-05
0.000100431385
0.00011428299
0.000125874011
0.00013550827
0.000143456361
0.000149958988
0.000155229965
0.000159458906
0.000162813624
0.000165442318
0.000167475535
0.000169027904
0.000170199541
0.00017107757
0.000171739591
0.000172259471
0.000172698347
0.000173034761
-0.000652249847
-0.000509469159
-0.000416223319
-0.000333097852
-0.000259900289
-0.000196023547
-0.000140456098
-9.22008263e-05
-5.03951679e-05
-1.42828591e-05
1.68098849e-05
4.34833869e-05
6.62711835e-05
8.56570422e-05
0.000102071194
0.000115890704
0.000127453868
0.000137063154
0.000144987754
0.000151466876
0.000156712878
0.000160914005
0.000164236807
0.000166828333
0.00016881811
0.000170319895
0.000171433155
0.000172244557
0.000172830761
0.00017326287
0.000173600872
0.000173845568
-0.000648310382
-0.000505544261
-0.000413024136
-0.000330016547
-0.00025700542
-0.000193345734
-0.000137974672
-8.98903169e-05
-4.82344047e-05
-1.2252177e-05
1.87300024e-05
4.53080076e-05
6.79948424e-05
8.72927464e-05
0.000103649037
0.00011741892
0.000128937176
0.000138506067
0.000146393817
0.000152838222
0.000158050197
0.000162216626
0.000165502796
0.000168054614
0.000170000595
0.000171453641
0.000172512577
0.000173263616
0.000173782569
0.000174138169
0.000174389434
0.000174555935
-0.000644359095
-0.000501785963
-0.000409595023
-0.000326788324
-0.000254003876
-0.000190565073
-0.000135395179
-8.74936251e-05
-4.60037957e-05
-1.01713893e-05
2.0675128e-05
4.71288985e-05
6.9722533e-05
8.89475161e-05
0.000105226103
0.000118923616
0.000130379993
0.000139895525
0.00014773601
0.000154137402
0.000159309053
0.000163436425
0.000166683518
0.000169195101
0.000171098709
0.000172506411
0.000173516407
0.000174214476
0.000174675692
0.000174966792
0.000175145928
0.000175248218
-0.000640496245
-0.00049812026
-0.000406182408
-0.000323535227
-0.000250977043
-0.000187753893
-0.000132779577
-8.50588996e-05
-4.37371521e-05
-8.06461727e-06
2.26382455e-05
4.89661492e-05
7.14750642e-05
9.06224999e-05
0.000106806314
0.000120422677
0.000131810904
0.000141267504
0.000149055925
0.000155410515
0.000160539203
0.000164626144
0.000167834185
0.000170307049
0.00017217124
0.000173538206
0.000174505601
0.000175158695
0.000175571975
0.000175810596
0.000175931756
0.000175982869
-0.000636798777
-0.000494584541
-0.0004028266
-0.00032037092
-0.000247994264
-0.000184959179
-0.000130166386
-8.26130535e-05
-4.14414054e-05
-5.94910458e-06
2.46301832e-05
5.08468055e-05
7.3241833e-05
9.22816865e-05
0.000108380681
0.000121924316
0.000133247611
0.000142646235
0.000150382937
0.000156691058
0.000161777441
0.000165825248
0.000168996567
0.000171434197
0.000173261457
0.000174592057
0.000175524114
0.000176140575
0.000176515548
0.000176713267
0.000176789984
0.000176800975
-0.00063331526
-0.000491226194
-0.000399595106
-0.000317332054
-0.000245110562
-0.000182230316
-0.000127596876
-8.02021156e-05
-3.91860449e-05
-3.79688351e-06
2.66456557e-05
5.27497848e-05
7.50341121e-05
9.39659634e-05
0.00010998257
0.000123455094
0.000134714613
0.000144056381
0.000151742585
0.000158005648
0.00016305145
0.000167062208
0.000170198992
0.000172603929
0.000174402121
0.000175703837
0.000176605796
0.000177192567
0.000177537765
0.000177704593
0.000177749011
0.00017773229
-0.000630067789
-0.00048806952
-0.000396542438
-0.000314419211
-0.000242330269
-0.000179585927
-0.000125091032
-7.78328201e-05
-3.69476837e-05
-1.67687733e-06
2.86568782e-05
5.46618658e-05
7.68376947e-05
9.56694876e-05
0.000111612077
0.000125019868
0.000136220595
0.000145509667
0.000153149036
0.000159370448
0.00016437904
0.000168356316
0.000171462671
0.000173839647
0.000175611962
0.0001768893
0.000177767989
0.000178332421
0.000178655861
0.000178800871
0.000178823134
0.000178787776
-0.000627059508
-0.000485121817
-0.000393674687
-0.000311654623
-0.000239673994
-0.000177043613
-0.000122665204
-7.55222694e-05
-3.47484861e-05
4.17804236e-07
3.06593939e-05
5.65752928e-05
7.86536612e-05
9.73995368e-05
0.000113276706
0.000126626131
0.000137773578
0.000147014825
0.000154611715
0.000160795496
0.000165770744
0.00016971842
0.000172798412
0.000175151796
0.000176902861
0.000178160938
0.000179022055
0.000179570352
0.000179878841
0.00018000969
0.000180018372
0.000179972037
-0.000624280456
-0.000482378522
-0.000390988065
-0.000309043201
-0.000237147566
-0.00017460892
-0.000120325618
-7.32782314e-05
-3.2598463e-05
2.47675364e-06
3.26335909e-05
5.84778335e-05
8.04893037e-05
9.91676267e-05
0.000114983729
0.000128278577
0.000139377525
0.000148575794
0.000156134737
0.000162285144
0.000167231135
0.000171153229
0.000174210897
0.000176544836
0.000178278999
0.000179522419
0.000180370878
0.000180908304
0.000181207524
0.000181330493
0.000181332538
0.000181281382
-0.000621711474
-0.000479825755
-0.000388471939
-0.00030657889
-0.000234747081
-0.000172279502
-0.000118071297
-7.11008564e-05
-3.04985212e-05
4.49887051e-06
3.45782078e-05
6.0355585e-05
8.2333411e-05
0.000100977327
0.000116735555
0.000129977469
0.000141031912
0.000150191933
0.000157717531
0.000163838918
0.000168759802
0.000172660313
0.000175699568
0.00017801795
0.000179739139
0.00018097193
0.000181811898
0.000182342799
0.000182637324
0.000182757352
0.000182758122
0.00018270685
-0.000619327885
-0.00047744355
-0.000386110147
-0.000304249184
-0.000232462466
-0.000170046912
-0.000115894512
-6.89817397e-05
-2.84368442e-05
6.50505533e-06
3.65273045e-05
6.22292392e-05
8.41645239e-05
0.000102791304
0.000118507393
0.000131707535
0.000142726093
0.000151855067
0.000159353479
0.000165451188
0.000170351683
0.000174234868
0.000177259634
0.000179566159
0.00018127793
0.000182503578
0.000183338522
0.000183866381
0.00018415976
0.000184280563
0.000184283987
0.000184235989
-0.000617102709
-0.000475209017
-0.000383883639
-0.000302038573
-0.00023028135
-0.000167901624
-0.000113788287
-6.69162329e-05
-2.64113355e-05
8.49367209e-06
3.84766562e-05
6.41161351e-05
8.59988153e-05
0.000104600652
0.000120289319
0.000133461285
0.000144453633
0.000153559015
0.000161036464
0.000167115815
0.000172000527
0.000175870435
0.000178884337
0.000181182304
0.000182887721
0.000184109111
0.00018494179
0.000185469276
0.000185764126
0.000185888345
0.000185897113
0.000185854656
-0.000615008708
-0.000473098339
-0.000381772237
-0.000299930157
-0.000228190363
-0.000165833895
-0.000111746792
-6.49031839e-05
-2.44278658e-05
1.04472449e-05
4.03988947e-05
6.60081322e-05
8.78589881e-05
0.000106428732
0.000122091613
0.000135241675
0.000146213949
0.000155301018
0.000162762182
0.000168827378
0.000173700065
0.000177560047
0.000180566083
0.000182858194
0.000184559706
0.00018577908
0.000186611561
0.000187140592
0.00018743871
0.000187568067
0.000187583849
0.000187548282
-0.000613019431
-0.000471087871
-0.000379755511
-0.000297906102
-0.000226174651
-0.000163831715
-0.000109760562
-6.29353402e-05
-2.24806821e-05
1.23714817e-05
4.23000144e-05
6.79005589e-05
8.97388593e-05
0.000108273677
0.000123907643
0.000137042028
0.000148000754
0.000157074724
0.000164523945
0.000170578764
0.000175442731
0.000179295677
0.000182296369
0.000184584829
0.000186284366
0.000187503416
0.000188337178
0.000188869046
0.00018917156
0.000189307041
0.000189330694
0.000189302646
-0.000611110162
-0.000469155183
-0.000377813894
-0.000295948832
-0.000224219334
-0.000161882748
-0.000107819535
-6.10046327e-05
-2.05629705e-05
1.42734233e-05
4.41862751e-05
6.97851267e-05
9.16203981e-05
0.000110129744
0.000125739922
0.000138862772
0.000149811616
0.000158875955
0.000166316424
0.000172363727
0.000177221509
0.000181069637
0.000184066913
0.000186353375
0.00018805234
0.000189272232
0.00019010823
0.000190643689
0.000190951167
0.000191093167
0.000191124912
0.000191104452
-0.000609258647
-0.000467279821
-0.000375929472
-0.000294041779
-0.000222310234
-0.000159974998
-0.000105913525
-5.91023116e-05
-1.8666572e-05
1.61621543e-05
4.60666959e-05
7.16587668e-05
9.34861048e-05
0.00011198665
0.000127588665
0.000140702473
0.000151642868
0.000160699773
0.000168133846
0.000174175801
0.000179029321
0.000182874313
0.000185869608
0.000188155269
0.000189854625
0.0001910761
0.00019191486
0.000192454237
0.000192766814
0.000192915269
0.00019295484
0.000192941608
-0.000607445655
-0.000465443885
-0.000374086644
-0.000292170044
-0.000220434806
-0.000158098039
-0.000104034022
-5.72217982e-05
-1.67871009e-05
1.80391294e-05
4.79402657e-05
7.35279843e-05
9.53485937e-05
0.000113845091
0.000129444778
0.000142552987
0.000153487699
0.0001625397
0.000169969629
0.00017600818
0.000180859087
0.000184702318
0.000187696754
0.000189982491
0.000191682879
0.000192906356
0.000193748083
0.000194291379
0.000194608858
0.000194763364
0.00019481013
0.000194803441
-0.000605655192
-0.000463632291
-0.000372272406
-0.000290320532
-0.000218582284
-0.000156242879
-0.000102173587
-5.53572366e-05
-1.49203563e-05
1.99067031e-05
4.98077571e-05
7.53940421e-05
9.72099322e-05
0.000115704451
0.000131304593
0.000144410039
0.000155341606
0.000164390848
0.000171818453
0.000177855138
0.000182704715
0.000186547225
0.000189541609
0.000191828001
0.000193529785
0.000194755415
0.000195600056
0.000196147023
0.000196468964
0.000196628867
0.00019668194
0.000196680871
-0.000603874518
-0.000461832882
-0.000370476488
-0.000288481916
-0.000216743992
-0.000154402111
-0.000100326026
-5.35037701e-05
-1.30628187e-05
2.17670491e-05
5.16699784e-05
7.7256736e-05
9.90702576e-05
0.000117564778
0.000133166772
0.000146271207
0.000157201377
0.0001662494
0.000173676001
0.000179711942
0.000184561112
0.000188403629
0.000191398486
0.000193685865
0.000195389179
0.000196616904
0.000197464212
0.00019801442
0.000198340211
0.000198504693
0.000198563017
0.000198566488
-0.000602093994
-0.000460036619
-0.000368690926
-0.000286644647
-0.000214913535
-0.000152569752
-9.84862724e-05
-5.16574322e-05
-1.1211537e-05
2.36221861e-05
5.35281035e-05
7.91165525e-05
0.000100929484
0.000119425305
0.000135029868
0.000148134453
0.000159064431
0.000168112305
0.000175538829
0.000181574805
0.000186424194
0.000190267181
0.000193262812
0.000195551307
0.00019725611
0.000198485716
0.000199335308
0.000199888206
0.000200217127
0.000200385272
0.000200447699
0.000200454548
-0.00060030671
-0.000458237613
-0.000366905658
-0.000284805034
-0.000213086812
-0.000150740852
-9.66503188e-05
-4.98151577e-05
-9.36420974e-06
2.54737326e-05
5.5383141e-05
8.0973986e-05
0.000102787548
0.000121285352
0.000136892741
0.000149998275
0.000160928875
0.000169977316
0.000177404374
0.000183440893
0.000188290893
0.000192134611
0.000195131139
0.00019742073
0.000199126852
0.000200358019
0.000201209422
0.00020176439
0.000202095666
0.000202266498
0.000202331814
0.000202340967
-0.000598507723
-0.00045643138
-0.000365097885
-0.000282978789
-0.000211261823
-0.000148911939
-9.48155188e-05
-4.79748441e-05
-7.51918338e-06
2.73228851e-05
5.72358642e-05
8.28294469e-05
0.000104644427
0.00012314446
0.000138754651
0.000151861695
0.000162793467
0.000171842936
0.000179270917
0.000185308287
0.000190159114
0.000194003677
0.0001970011
0.000199291661
0.00020099885
0.000202231192
0.00020308389
0.000203640283
0.000203973128
0.000204145605
0.000204212377
0.000204223649
-0.000596696102
-0.000454616607
-0.000363280013
-0.000281153445
-0.000209434399
-0.000147080737
-9.29798502e-05
-4.61347993e-05
-5.67513493e-06
2.91706033e-05
5.90869103e-05
8.46832994e-05
0.000106500168
0.000125002458
0.000140615329
0.000153724299
0.000164657614
0.000173708406
0.000181137545
0.000187175942
0.000192027696
0.000195873117
0.000198871351
0.000201162696
0.000202870652
0.000204103756
0.000204957214
0.000205514376
0.000205848003
0.000206021235
0.000206088555
0.000206100774
-0.000594872244
-0.000452792892
-0.000361454644
-0.000279327908
-0.00020760412
-0.00014524689
-9.11427434e-05
-4.42944379e-05
-3.8315484e-06
3.10172794e-05
6.09364906e-05
8.65354548e-05
0.000108354467
0.000126859416
0.000142475189
0.000155586324
0.000166521358
0.000175573641
0.000183004078
0.000189043595
0.000193896311
0.000197742552
0.000200741478
0.000203033394
0.000204741808
0.000205975262
0.000206828964
0.000207386265
0.000207719923
0.000207893098
0.00020796036
0.000207972248
-0.000593037963
-0.000450962047
-0.000359621349
-0.000277503286
-0.000205771918
-0.0001434112
-8.9304917e-05
-4.24543144e-05
-1.98884681e-06
3.286257e-05
6.27841957e-05
8.83849804e-05
0.000110205556
0.000128715247
0.000144336084
0.000157449169
0.000168385584
0.000177439285
0.000184871055
0.000190911727
0.000195765406
0.000199612415
0.000202611912
0.000204904199
0.000206612785
0.000207846208
0.00020869968
0.000209256545
0.000209589554
0.000209761924
0.00020982847
0.000209838951
-0.000591196136
-0.000449126868
-0.000357772826
-0.000275688854
-0.000203941193
-0.000141575753
-8.74680957e-05
-4.06156654e-05
-1.47736335e-07
3.47063935e-05
6.46307945e-05
9.0233434e-05
0.000112053262
0.000130568389
0.000146197535
0.000159313012
0.000170250733
0.000179305943
0.000186739219
0.000192781201
0.000197635941
0.000201483749
0.000204483768
0.000206776295
0.00020848483
0.00020971791
0.000210570749
0.000211126685
0.000211458459
0.000211629307
0.000211694219
0.00021170288
-0.000589352066
-0.000447291947
-0.000355922547
-0.000273877511
-0.000202114754
-0.000139743491
-8.56344264e-05
-3.87800075e-05
1.69090661e-06
3.65486557e-05
6.6477284e-05
9.20834113e-05
0.000113901008
0.000132418732
0.000148056651
0.00016117636
0.000172116589
0.000181174093
0.000188609467
0.000194653213
0.000199509339
0.000203358149
0.000206358784
0.000208651534
0.000210359899
0.00021159242
0.000212444314
0.000212998925
0.00021332898
0.000213497664
0.000213560066
0.000213566676
-0.000587512309
-0.000445462691
-0.000354082308
-0.000272068483
-0.000200295622
-0.000137918267
-8.38069969e-05
-3.6949802e-05
3.52503453e-06
3.83874726e-05
6.83214372e-05
9.39323052e-05
0.000115749853
0.000134270089
0.00014991579
0.000163040944
0.000173984914
0.000183045618
0.000190483799
0.000196529878
0.000201387832
0.000205237963
0.000208239413
0.000210532475
0.000212240653
0.000213472495
0.00021432323
0.000214876217
0.000215204168
0.000215370204
0.000215429492
0.000215433455
-0.000585684306
-0.000443645692
-0.000352258326
-0.000270268289
-0.000198488151
-0.000136104343
-8.19894153e-05
-3.51279454e-05
5.35231557e-06
4.02208828e-05
7.01613324e-05
9.57780056e-05
0.000117598709
0.000136124384
0.000151778427
0.000164909637
0.000175858224
0.000184923003
0.000192364768
0.000198413852
0.000203274191
0.000207126081
0.000210128665
0.000212422244
0.00021413033
0.000215361486
0.000216210963
0.000216762138
0.000217087718
0.000217250755
0.000217306474
0.000217307298
-0.000583876436
-0.000441848743
-0.000350456887
-0.000268484391
-0.000196697629
-0.000134306298
-8.0185508e-05
-3.33174017e-05
7.17065099e-06
4.20476965e-05
7.19968824e-05
9.7621553e-05
0.000119447909
0.00013798128
0.000153645168
0.00016678376
0.000177738321
0.000186808427
0.000194254876
0.000200307904
0.000205171414
0.000209025699
0.000212029914
0.000214324373
0.000216032611
0.000217263216
0.000218111468
0.000218660778
0.000218983854
0.000219143681
0.000219195529
0.000219192871
-0.000582097881
-0.000440080429
-0.000348685118
-0.000266724418
-0.000194930032
-0.000132529136
-7.83994298e-05
-3.15214306e-05
8.97766366e-06
4.38663958e-05
7.38274323e-05
9.94631311e-05
0.000121298184
0.000139841686
0.000155517107
0.000168664828
0.000179627188
0.000188704277
0.000196156848
0.000202215054
0.000207082775
0.000210940317
0.000213946858
0.000216242743
0.000217951545
0.00021918189
0.000220029106
0.000220576649
0.000220897243
0.000221053808
0.000221101655
0.000221095334
-0.000580358452
-0.000438349867
-0.000346950781
-0.000264996145
-0.000193191752
-0.000130778176
-7.66355695e-05
-2.97434851e-05
1.07708235e-05
4.56753318e-05
7.56521888e-05
0.000101302847
0.000123150554
0.000141706794
0.000157395261
0.000170554213
0.000181526778
0.000190612997
0.000198073521
0.000204138466
0.000209011724
0.000212873632
0.000215883414
0.000218181471
0.000219891432
0.000221121987
0.000221968528
0.000222514575
0.000222832882
0.000222986317
0.000223030232
0.000223020249
-0.000578668384
-0.000436666489
-0.000345262029
-0.000263307389
-0.00019148936
-0.000129058894
-7.4898426e-05
-2.7987088e-05
1.25475916e-05
4.74729731e-05
7.74707771e-05
0.000103141926
0.000125007961
0.00014357786
0.000159278756
0.000172452015
0.000183438467
0.000192536788
0.000200007641
0.000206081304
0.000210961759
0.000214829421
0.000217843599
0.000220144785
0.000221856702
0.000223088129
0.000223934547
0.000224479561
0.000224795977
0.00022494663
0.000224986918
0.000224973489
-0.000577038041
-0.000435039753
-0.000343627095
-0.000261665807
-0.000189829373
-0.000127376769
-7.3192555e-05
-2.6255919e-05
1.43051273e-05
4.92572626e-05
7.92818738e-05
0.000104979939
0.000126871477
0.00014545668
0.000161169158
0.000174360185
0.00018536472
0.000194478552
0.000201962431
0.00020804704
0.000212936572
0.000216811573
0.000219831488
0.000222136942
0.00022385179
0.000225084937
0.000225931979
0.000226476633
0.000226791777
0.000226940243
0.000226977486
0.000226961076
-0.000575477524
-0.000433478764
-0.00034205392
-0.000260078591
-0.000188217949
-0.00012573703
-7.15224171e-05
-2.4553817e-05
1.60400009e-05
5.10247712e-05
8.10811478e-05
0.000106810783
0.000128736954
0.000147348731
0.000163075673
0.000176284123
0.000187309695
0.000196442215
0.000203941741
0.000210039487
0.000214939985
0.000218823972
0.000221851057
0.00022416204
0.000225880943
0.000227116826
0.000227965433
0.000228510613
0.000228825345
0.000228972493
0.000229007586
0.000228988951
-0.00057399619
-0.000431991819
-0.000340549699
-0.000258552021
-0.000186660379
-0.000124144061
-6.98915822e-05
-2.28836296e-05
1.7749981e-05
5.27737658e-05
8.2867167e-05
0.000108632831
0.000130602125
0.000149253566
0.000165000624
0.000178226837
0.000189276616
0.000198430879
0.000205948638
0.000212061748
0.000216975171
0.000220869874
0.000223905674
0.000226223581
0.000227947818
0.000229187638
0.000230038958
0.000230585784
0.000230901227
0.000231048226
0.000231082408
0.000231062614
-0.00057260218
-0.000430585939
-0.000339120454
-0.000257091035
-0.000185160682
-0.000122601025
-6.83023686e-05
-2.12468428e-05
1.94344407e-05
5.45047637e-05
8.46423189e-05
0.000110449672
0.000132462835
0.000151159717
0.00016694108
0.000180193754
0.000191270255
0.000200447933
0.00020798592
0.000214116424
0.000219044658
0.000222951806
0.000225997919
0.000228324244
0.000230055237
0.000231300369
0.000232155758
0.000232705593
0.000233023142
0.000233171476
0.000233206341
0.000233186778
-0.000571301931
-0.000429266371
-0.000337770646
-0.000255698779
-0.000183721271
-0.000121109688
-6.67558644e-05
-1.96438832e-05
2.10936012e-05
5.62187254e-05
8.64086196e-05
0.000112264676
0.000134322336
0.000153066053
0.000168894025
0.000182184014
0.000193290261
0.000202493397
0.000210053917
0.000216204097
0.000221149232
0.000225070734
0.000228128931
0.000230465349
0.000232204714
0.000233456747
0.0002343178
0.000234872269
0.000235193612
0.000235345096
0.000235382611
0.000235364996
-0.000570099638
-0.000428035976
-0.000336502805
-0.000254376079
-0.000182342583
-0.000119670189
-6.52518083e-05
-1.80741215e-05
2.2728375e-05
5.79166574e-05
8.81669732e-05
0.000114079656
0.00013618855
0.000154980262
0.000170857085
0.000184191046
0.00019533194
0.000204564425
0.000212150751
0.000218323419
0.000223287907
0.000227225951
0.000230298239
0.000232646643
0.000234396211
0.000235656968
0.000236525532
0.000237086539
0.000237413676
0.000237570473
0.000237612993
0.000237599384
-0.000568996593
-0.000426894453
-0.000335317735
-0.000253120477
-0.00018102256
-0.000118280912
-6.37884593e-05
-1.65356544e-05
2.43406315e-05
5.96000171e-05
8.9918008e-05
0.000115894105
0.000138060594
0.000156903697
0.000172832663
0.000186215179
0.000197394289
0.000206659618
0.000214274822
0.000220472637
0.000225458835
0.000229415573
0.000232503973
0.000234866315
0.00023662803
0.000237899501
0.000238777633
0.000239347331
0.000239682561
0.000239847199
0.000239897495
0.000239890311
-0.000567990429
-0.000425837949
-0.000334216654
-0.000251921731
-0.000179753757
-0.000116937087
-6.2361184e-05
-1.50241709e-05
2.59321333e-05
6.12709061e-05
9.16634384e-05
0.00011770869
0.000139937937
0.000158836186
0.00017482141
0.000188256141
0.000199475557
0.000208776417
0.000216423086
0.000222648344
0.000227658336
0.000231635734
0.000234742179
0.00023712047
0.000238896455
0.000240180683
0.00024107069
0.000241651592
0.000241997563
0.000242172938
0.000242234168
0.00024223616
-0.000567074254
-0.000424859899
-0.000333197408
-0.000250756878
-0.000178519427
-0.0001156253
-6.0957099e-05
-1.35304188e-05
2.74938059e-05
6.29255006e-05
9.34014014e-05
0.0001195227
0.000141820724
0.000160775861
0.000176819261
0.000190309951
0.000201571714
0.000210910463
0.000218590758
0.000224845395
0.000229881003
0.000233880867
0.000237007274
0.000239403851
0.000241196872
0.000242493012
0.00024339671
0.00024399217
0.000244352128
0.000244541596
0.00024461723
0.000244631324
-0.000566233978
-0.00042394729
-0.000332189083
-0.000249682322
-0.000177347118
-0.000114347834
-5.9581492e-05
-1.20566329e-05
2.9081402e-05
6.45935611e-05
9.51497946e-05
0.000121348708
0.000143719229
0.000162726564
0.000178821614
0.000192370598
0.00020367781
0.000213055928
0.000220770845
0.000227055829
0.000232118063
0.000236141481
0.000239288932
0.000241704319
0.000243514494
0.000244830906
0.000245751864
0.000246363124
0.000246739512
0.000246946412
0.000247041039
0.000247072726
-0.000565448884
-0.000423078323
-0.000331186701
-0.000248646451
-0.000176187908
-0.000113071456
-5.82024525e-05
-1.05793241e-05
3.06556291e-05
6.62570522e-05
9.68971403e-05
0.000123175365
0.000145622079
0.000164684365
0.000180829452
0.000194435597
0.000205788323
0.000215205328
0.000222954469
0.000229269718
0.000234358837
0.000238406415
0.000241575942
0.000244011879
0.000245841647
0.000247177402
0.00024811756
0.000248748266
0.000249144789
0.000249373206
0.000249491518
0.000249545002
-0.000564692703
-0.000422224729
-0.000330205203
-0.000247589244
-0.000175014101
-0.000111784191
-5.68109494e-05
-9.08884847e-06
3.22401289e-05
6.79289046e-05
9.86472881e-05
0.000124995958
0.000147522882
0.00016666467
0.000182858506
0.000196501882
0.000207895457
0.000217348895
0.000225130048
0.000231473821
0.000236588721
0.000240659972
0.000243851687
0.000246308933
0.000248159679
0.000249516554
0.000250478391
0.000251131634
0.000251551938
0.00025180628
0.000251953211
0.000252031883
-0.000563927176
-0.000421347863
-0.000329201007
-0.000246487503
-0.000173798533
-0.000110458648
-5.53828266e-05
-7.56401823e-06
3.38560757e-05
6.96301192e-05
0.000100427526
0.000126845992
0.000149431785
0.000168630851
0.000184866329
0.000198541306
0.000209975175
0.000219464878
0.000227276882
0.000233647676
0.000238787052
0.00024288111
0.000246094698
0.000248573551
0.000250446232
0.000251825871
0.000252811697
0.000253490451
0.000253938214
0.000254222987
0.000254403803
0.000254512355
-0.00056310173
-0.000420402656
-0.000328123942
-0.000245305574
-0.000172506452
-0.000109062492
-5.38910491e-05
-5.98397864e-06
3.5517764e-05
7.13678231e-05
0.000102237063
0.000128717886
0.000151331112
0.000170563361
0.000186849747
0.000200558931
0.00021202459
0.000221542503
0.000229379214
0.000235772208
0.000240932292
0.000245046407
0.000248280123
0.00025077981
0.000252674589
0.000254078059
0.000255089802
0.000255796818
0.00025627561
0.000256595283
0.000256815341
0.000256958949
-0.00056215237
-0.000419361072
-0.00032690324
-0.000243992938
-0.000171097006
-0.000107559322
-5.23052e-05
-4.32605432e-06
3.72386321e-05
7.31429595e-05
0.000104057943
0.000130577551
0.000153222371
0.000172497832
0.000188825388
0.000202553829
0.000214033408
0.000223565369
0.00023141614
0.000237823125
0.000242997579
0.000247127026
0.000250377587
0.00025289614
0.000254812255
0.000256239909
0.000257278965
0.000258016606
0.000258529723
0.000258888603
0.00025915321
0.000259336974
-0.000561015422
-0.000418291564
-0.000325368588
-0.000242461646
-0.000169515595
-0.000105902614
-5.05849044e-05
-2.556428e-06
3.90471252e-05
7.49815129e-05
0.00010591835
0.000132455265
0.000155125793
0.00017441731
0.000190745956
0.000204479246
0.000215962558
0.000225498011
0.000233352922
0.000239765342
0.000244947111
0.000249086306
0.000252349555
0.000254884178
0.000256820121
0.000258271662
0.000259338859
0.000260108999
0.000260659319
0.000261061348
0.000261375491
0.000261604212
-0.000559602927
-0.000416989729
-0.000323543612
-0.000240665862
-0.000167701637
-0.000104039941
-4.86872212e-05
-6.40750909e-07
4.09694151e-05
7.69024927e-05
0.000107832392
0.000134359616
0.000157019695
0.000176291022
0.000192597259
0.000206316121
0.000217786644
0.000227310548
0.000235156289
0.000241562795
0.000246742487
0.000250883903
0.000254154058
0.000256700591
0.000258653698
0.000260127838
0.000261223143
0.000262026891
0.000262616594
0.000263065052
0.000263433084
0.000263711011
-0.000557822984
-0.000415296758
-0.000321382062
-0.000238542799
-0.000165585862
-0.000101911786
-4.65645509e-05
1.45742644e-06
4.30310063e-05
7.89200762e-05
0.000109801655
0.000136278809
0.000158888781
0.000178110209
0.00019436927
0.000208045836
0.000219478818
0.000228970292
0.000236789282
0.000243175159
0.000248340654
0.000252474527
0.000255743952
0.000258296671
0.000260262934
0.000261757199
0.000262879508
0.000263716979
0.00026434729
0.000264844501
0.000265269795
0.000265600325
-0.000555571479
-0.00041310726
-0.000318786536
-0.000236006344
-0.000163092102
-9.94537909e-05
-4.41648797e-05
3.77809699e-06
4.52603833e-05
8.10518408e-05
0.000111833639
0.000138212077
0.000160726877
0.000179858466
0.000196034603
0.000209636341
0.000221003226
0.000230437718
0.000238209067
0.000244556741
0.000249693468
0.000253807929
0.000257067166
0.000259618747
0.000261592722
0.000263103314
0.000264250267
0.000265120357
0.000265791279
0.000266338287
0.000266822843
0.000267208167
-0.000552728682
-0.000410310403
-0.000315650885
-0.000232961483
-0.000160138807
-9.65976793e-05
-4.14332921e-05
6.36295534e-06
4.7686512e-05
8.33147871e-05
0.000113934384
0.000140155773
0.000162521819
0.0001815152
0.000197565244
0.000211053994
0.00022232148
0.000231670286
0.000239369539
0.00024565842
0.000250749255
0.000254830253
0.000258067943
0.00026060937
0.000262584057
0.000264105704
0.000265273497
0.000266173642
0.000266883667
0.000267479885
0.000268023898
0.000268464566
-0.000549162393
-0.000406784
-0.000311861202
-0.000229307225
-0.000156639497
-9.32716344e-05
-3.83126915e-05
9.25466512e-06
5.03382965e-05
8.57250132e-05
0.000116108322
0.000142103897
0.000164258397
0.000183057077
0.00019893085
0.000212262551
0.000223392382
0.000232622646
0.000240221881
0.000246428473
0.000251453835
0.000255485203
0.000258688123
0.000261208672
0.00026317545
0.000264701275
0.000265884463
0.000266810387
0.000267556219
0.000268199125
0.000268800348
0.000269293618
-0.000544730291
-0.000402396943
-0.000307296537
-0.000224937433
-0.000152503925
-8.94015148e-05
-3.47449695e-05
1.24958173e-05
5.32437165e-05
8.82970647e-05
0.000118357897
0.00014404819
0.000165919027
0.000184458487
0.000200099004
0.000213223904
0.00022417311
0.000233248094
0.000240716186
0.000246814339
0.000251752413
0.000255716055
0.000258869251
0.000261356583
0.000263305252
0.00026482677
0.000266018216
0.000266963833
0.000267740233
0.000268425232
0.000269078674
0.000269615724
-0.000539281945
-0.000397011294
-0.000301830823
-0.000219742514
-0.000147639795
-8.49124611e-05
-3.06724187e-05
1.61277486e-05
5.64289188e-05
9.10433311e-05
0.000120683304
0.000145978238
0.000167484225
0.00018569231
0.000201036244
0.000213899401
0.000224620804
0.000233500368
0.000240803438
0.000246764739
0.000251591796
0.000255467932
0.000258554876
0.000260995086
0.000262913796
0.000264420726
0.000265611299
0.000266568174
0.000267366672
0.000268084819
0.000268785102
0.000269376817
-0.000532661179
-0.000390484498
-0.000295335232
-0.000213611552
-0.000141954794
-7.97307498e-05
-2.60393387e-05
2.0189245e-05
5.99172769e-05
9.39735018e-05
0.000123082359
0.000147881779
0.000168933336
0.000186731029
0.000201709546
0.000214251658
0.000224694675
0.000233336037
0.000240438147
0.000246232543
0.000250923498
0.000254691138
0.000257694145
0.000260072133
0.000261947734
0.000263428315
0.000264607186
0.000265565114
0.000266375907
0.000267116885
0.000267849899
0.000268479398
-0.000524708829
-0.000382671961
-0.000287680838
-0.000206434801
-0.000135358922
-7.37858976e-05
-2.0793834e-05
2.47151185e-05
6.37284033e-05
9.70940538e-05
0.000125550494
0.00014974519
0.000170245504
0.000187548155
0.000202088143
0.000214246749
0.000224358515
0.000232717273
0.000239581327
0.000245177901
0.000249706943
0.000253344386
0.00025624496
0.000258544624
0.000260362694
0.000261803563
0.000262957892
0.000263904168
0.000264714523
0.000265465264
0.00026621535
0.000266856705
-0.000515265856
-0.000373429973
-0.000278741633
-0.00019810652
-0.00012776714
-6.70130353e-05
-1.48898392e-05
2.97346168e-05
6.7877062e-05
0.000100407719
0.000128080794
0.000151554105
0.000171400844
0.000188119915
0.000202145694
0.000213856787
0.000223583644
0.000231615113
0.000238204037
0.000243572022
0.000247913469
0.000251399008
0.000254178408
0.000256383088
0.000258128267
0.000259514707
0.000260629875
0.00026154949
0.000262343381
0.000263086011
0.000263834518
0.000264477489
-0.000504176782
-0.000362618896
-0.000268397878
-0.000188528188
-0.000119102343
-5.93555723e-05
-8.28941866e-06
3.52695784e-05
7.2371878e-05
0.00010391281
0.000130663974
0.00015329404
0.000172381685
0.00018842706
0.000201862599
0.000213062689
0.000222352057
0.000230012931
0.000236291118
0.000241401128
0.000245530465
0.000248843235
0.000251483173
0.000253576223
0.000255232703
0.000256549026
0.000257608901
0.000258484832
0.00025924383
0.000259957668
0.00026068138
0.000261305474
-0.000491293351
-0.000350106513
-0.000256539736
-0.000177612059
-0.000109298621
-5.0768106e-05
-9.65371075e-07
4.13322416e-05
7.72136981e-05
0.000107602242
0.000133288107
0.000154950828
0.000173173686
0.000188456612
0.000201228298
0.000211856959
0.000220659619
0.000227909976
0.000233845014
0.000238670513
0.000242565616
0.000245686616
0.00024817011
0.000250135571
0.000251687549
0.00025291739
0.000253904496
0.000254717768
0.000255420905
0.000256082033
0.000256753589
0.000257333938
-0.000476478085
-0.000335771183
-0.000243070994
-0.000165285233
-9.8305227e-05
-4.12199946e-05
7.09542508e-06
4.7922311e-05
8.23932659e-05
0.000111461931
0.000135937812
0.000156510595
0.000173766543
0.00018820323
0.000200243212
0.000210246096
0.000218518847
0.000225324438
0.000230889037
0.000235407919
0.000239050318
0.000241963407
0.000244275503
0.00024609867
0.000247530899
0.000248657737
0.0002495536
0.000250283675
0.000250907865
0.000251489611
0.000252078217
0.000252586663
-0.000459607161
-0.000319504645
-0.000227914549
-0.000151497954
-8.60932005e-05
-3.06996465e-05
1.58868211e-05
5.5021981e-05
8.78872568e-05
0.000115467922
0.000138592406
0.000157958871
0.000174153992
0.000187669983
0.000198920184
0.000208252628
0.000215961483
0.000222296545
0.000227471022
0.000231667857
0.000235044838
0.000237738747
0.000239868682
0.000241538718
0.000242839266
0.0002438477
0.000244632603
0.000245257598
0.00024577673
0.000246248811
0.000246719978
0.00024712533
-0.000440569483
-0.000301213102
-0.000211024567
-0.00013624551
-7.26520981e-05
-1.91959775e-05
2.53844876e-05
6.25916026e-05
9.3653964e-05
0.000119582872
0.000141223205
0.000159278768
0.000174332798
0.000186868038
0.000197284701
0.000205915687
0.000213039216
0.000218889187
0.000223663526
0.000227530856
0.000230635717
0.000233102669
0.000235040133
0.000236544587
0.000237699208
0.00023855734
0.000239215824
0.000239732179
0.000240125097
0.000240458124
0.000240775672
0.000241044022
-0.000419248919
-0.000280799301
-0.000192374974
-0.000119563962
-5.79339591e-05
-6.63771055e-06
3.55468322e-05
7.0567919e-05
9.96304996e-05
0.000123752642
0.000143790538
0.000160448711
0.000174301143
0.000185815593
0.000195374253
0.00020329065
0.000209823632
0.000215188279
0.00021956483
0.000223105671
0.000225940199
0.000228178835
0.000229916493
0.000231248112
0.000232298868
0.000233073421
0.00023354747
0.000233848596
0.000234077696
0.000234248593
0.000234380432
0.000234477877
-0.000395504103
-0.000258114492
-0.000171839669
-0.00010129684
-4.212361e-05
6.54796043e-06
4.61253413e-05
7.87968427e-05
0.000105693875
0.000127877803
0.00014622752
0.000161433528
0.000174053405
0.000184534977
0.0001932374
0.000200449848
0.000206409424
0.000211309683
0.000215310971
0.000218548234
0.000221136583
0.000223175897
0.000224753452
0.000225930333
0.000226712386
0.000227241209
0.000227654003
0.000227894031
0.000227954676
0.000227909947
0.000227807585
0.000227700657
-0.000369313962
-0.000233137595
-0.000149571202
-8.15340247e-05
-2.55645552e-05
2.0094105e-05
5.70918722e-05
8.71118423e-05
0.000111700253
0.000131813675
0.000148442979
0.000162185143
0.00017357823
0.000183047785
0.000190924888
0.00019747098
0.000202895498
0.000207367974
0.000211027382
0.000213989285
0.000216351381
0.000218197261
0.000219599273
0.000220618531
0.000221309143
0.000221740437
0.000221939307
0.000221939517
0.000221796722
0.000221531492
0.000221170828
0.000220825143
-0.000340649258
-0.000205809529
-0.000125741921
-6.04227279e-05
-8.09040857e-06
3.38439909e-05
6.79725205e-05
9.53076018e-05
0.000117442866
0.000135512853
0.000150371133
0.000162656797
0.000172866437
0.0001813827
0.000188499974
0.000194446829
0.000199402954
0.000203511566
0.000206888565
0.000209629348
0.000211813942
0.000213510284
0.000214777464
0.000215667439
0.000216227435
0.00021650271
0.000216536003
0.000216360101
0.000216006383
0.000215490205
0.000214835013
0.000214218518
-0.000309513203
-0.000176410162
-0.000100546113
-3.87044594e-05
9.95099938e-06
4.81536291e-05
7.86920127e-05
0.000103073719
0.00012270975
0.000138698682
0.000151850479
0.000162764785
0.000171888384
0.000179555606
0.000186018213
0.000191467733
0.000196051865
0.000199886352
0.000203063537
0.000205658539
0.00020773379
0.000209342472
0.000210530445
0.000211338273
0.000211803286
0.000211960301
0.000211843063
0.000211483763
0.000210907912
0.000210120995
0.000209142534
0.000208226234
-0.000275799116
-0.000145528596
-7.369993e-05
-1.64997413e-05
2.77460064e-05
6.19531105e-05
8.87839177e-05
0.000110067484
0.000127188081
0.000141165176
0.000152734133
0.000162423374
0.000170614324
0.000177584367
0.000183537337
0.000188625073
0.000192962545
0.000196638399
0.000199722298
0.000202270063
0.000204327337
0.000205932255
0.000207117426
0.000207911698
0.000208340711
0.000208428948
0.000208201382
0.000207684153
0.000206896332
0.000205831592
0.000204503801
0.000203256904
-0.000239286037
-0.000113208644
-4.55481313e-05
5.78603978e-06
4.47199014e-05
7.44646257e-05
9.75076918e-05
0.000115736947
0.0001304772
0.000142638852
0.000152848605
0.000161540184
0.000169016249
0.000175490713
0.000181117368
0.000186008989
0.000190250007
0.000193904882
0.000197023612
0.000199645408
0.000201801249
0.00020351579
0.000204808731
0.000205695735
0.00020618925
0.000206299889
0.000206039078
0.000205420836
0.000204452076
0.000203109584
0.000201406603
0.000199787505
-0.000199685373
-7.91732551e-05
-1.72902486e-05
2.71749136e-05
6.01268649e-05
8.49732181e-05
0.000104202337
0.000119569966
0.000132223049
0.000142898914
0.000152077796
0.000160077703
0.000167113174
0.000173332882
0.000178843273
0.000183723063
0.000188032197
0.00019181729
0.000195114757
0.000197952521
0.000200351205
0.000202325376
0.000203884286
0.000205031013
0.000205762236
0.000206067482
0.000205930713
0.000205342887
0.000204286255
0.000202700262
0.000200574387
0.000198500554
-0.000156253183
-4.34457226e-05
1.01050847e-05
4.62733204e-05
7.25357698e-05
9.2417245e-05
0.000108133922
0.00012110334
0.000132172972
0.000141844656
0.000150423951
0.000158103891
0.000165010982
0.000171234474
0.000176842584
0.000181889872
0.000186421535
0.000190475709
0.000194083903
0.000197269915
0.000200049471
0.000202434226
0.000204433993
0.000206044562
0.000207254101
0.00020803739
0.000208321474
0.000208040334
0.000207127849
0.000205445891
0.000202878379
0.000200261877
-0.000107439618
-6.95971541e-06
3.45269466e-05
6.10015879e-05
8.03943131e-05
9.58112535e-05
0.000108789129
0.000120162941
0.00013037018
0.00013964415
0.000148116622
0.000155869611
0.00016295431
0.000169415477
0.000175301103
0.00018065787
0.000185531267
0.000189966718
0.000194008753
0.000197694207
0.000201043953
0.000204089553
0.000206880354
0.000209400958
0.000211624936
0.000213568876
0.000215047323
0.000215787694
0.000215620471
0.000214323514
0.000211483694
0.000208438523
-4.24567832e-05
2.91304274e-05
5.17419699e-05
6.76970569e-05
8.12780118e-05
9.37779864e-05
0.000105534315
0.000116609827
0.000126994439
0.000136678861
0.000145664915
0.000153946182
0.000161524719
0.000168436884
0.000174737179
0.000180479722
0.000185721538
0.000190529112
0.000194983975
0.00019915798
0.000203037969
0.00020657405
0.000209879968
0.000213282492
0.000217066033
0.000220849856
0.00022367848
0.000225483816
0.000227042853
0.000228189985
0.000227837333
0.000225776659
6.46118547e-05
6.48625161e-05
6.23756503e-05
6.80878083e-05
7.77930587e-05
8.9134129e-05
0.000100943321
0.000112572142
0.00012366294
0.000134102093
0.000143879858
0.00015290478
0.000161079992
0.000168463905
0.00017516123
0.000181237288
0.000186754555
0.000191794408
0.000196498743
0.000201024285
0.000205401604
0.000209573295
0.000213608463
0.00021781468
0.000222896189
0.0002297506
0.000238626347
0.000250127068
0.00026520603
0.000285366315
0.000314261678
0.000349257505
)
;

boundaryField
{
    inner_wall
    {
        type            zeroGradient;
    }
    outer_wall
    {
        type            zeroGradient;
    }
    top
    {
        type            zeroGradient;
    }
    bottom
    {
        type            fixedValue;
        value           uniform 0;
    }
    front
    {
        type            wedge;
    }
    back
    {
        type            wedge;
    }
}


// ************************************************************************* //
