/*--------------------------------*- C++ -*----------------------------------*\
| =========                 |                                                 |
| \\      /  F ield         | OpenFOAM: The Open Source CFD Toolbox           |
|  \\    /   O peration     | Version:  2506                                  |
|   \\  /    A nd           | Website:  www.openfoam.com                      |
|    \\/     M anipulation  |                                                 |
\*---------------------------------------------------------------------------*/
FoamFile
{
    version     2.0;
    format      ascii;
    arch        "LSB;label=32;scalar=64";
    class       volScalarField;
    location    "58";
    object      p;
}
// * * * * * * * * * * * * * * * * * * * * * * * * * * * * * * * * * * * * * //

dimensions      [0 2 -2 0 0 0 0];

internalField   nonuniform List<scalar> 
3072
(
-0.0680904201
-0.0585964717
-0.0627346774
-0.0608868089
-0.0584586906
-0.0553447373
-0.0514962358
-0.0469130685
-0.0415012413
-0.0351171936
-0.027968386
-0.0210522076
-0.015462407
-0.0115999832
-0.00990777533
-0.0103593092
-0.0110626271
-0.01033665
-0.00869130436
-0.00668267965
-0.00449845334
-0.00218058048
0.000310941381
0.00301819255
0.00596203012
0.00919613646
0.0128283763
0.0169182937
0.0212760775
0.0252066836
0.0280780249
0.029779422
-0.123575175
-0.0784775344
-0.0939914584
-0.0883595426
-0.0851702937
-0.0809081911
-0.0756171082
-0.0694679072
-0.0626091434
-0.0550950984
-0.0469774206
-0.0385687295
-0.0300974317
-0.0213123856
-0.0130131662
-0.00657579905
-0.00190301766
0.00172498472
0.0043830567
0.00615076774
0.00728483304
0.00793897515
0.00824643615
0.00842838578
0.00866326296
0.00902206835
0.00951381709
0.0101659475
0.0110651037
0.0122892542
0.0136119785
0.0144354309
-0.130441747
-0.0475180238
-0.0733180694
-0.0646708268
-0.0635097479
-0.0616104204
-0.0596416741
-0.0577762814
-0.0559527271
-0.0536302251
-0.0495378614
-0.0426744871
-0.0333733215
-0.0235648192
-0.0146447675
-0.00748835528
-0.00227156396
0.00138883437
0.00395390231
0.00578430334
0.00717261513
0.00829891026
0.00928110415
0.0102562083
0.0112915357
0.0123909217
0.0135217916
0.0146376954
0.0157032661
0.0166910638
0.0175145891
0.0180443641
-0.151215918
-0.0445373074
-0.0776029554
-0.0673252592
-0.068244836
-0.0681899508
-0.0684603939
-0.0687923653
-0.0681617377
-0.0648596414
-0.0576927621
-0.0473178188
-0.0356749195
-0.0246920245
-0.0153574516
-0.0080114269
-0.00250662295
0.00155982824
0.00459578496
0.00687257648
0.00858534763
0.00989681458
0.0109374675
0.0118130409
0.0125958586
0.0133220072
0.0139966171
0.0146013782
0.0151082138
0.0154982922
0.0157765162
0.0159298678
-0.180442667
-0.0580253382
-0.0960895655
-0.0844434864
-0.0866152476
-0.0870864005
-0.087498295
-0.0866906542
-0.0827585073
-0.0744739724
-0.0626352663
-0.048912914
-0.0361052457
-0.0249897597
-0.015964226
-0.00894286954
-0.00358665161
0.000521491823
0.0037288417
0.0062686138
0.00829525198
0.00990590719
0.0111825769
0.0122043789
0.0130383076
0.013730533
0.0143055318
0.0147700215
0.0151215218
0.0153615639
0.015507284
0.0155963748
-0.213571543
-0.0683309387
-0.112442855
-0.098986469
-0.10254354
-0.103458577
-0.103530872
-0.100549313
-0.0925129815
-0.0797512755
-0.0645871986
-0.0494314104
-0.0361942865
-0.0252714379
-0.016653477
-0.0100520959
-0.00503438744
-0.00111971751
0.00206759435
0.0047614646
0.00705763349
0.00897793874
0.010536058
0.0117669551
0.0127214486
0.0134504536
0.0139955318
0.0143877463
0.0146515088
0.0148101592
0.0148899295
0.0149197783
-0.2503755
-0.0798715719
-0.125256773
-0.111767465
-0.117269782
-0.118749159
-0.117997755
-0.11196462
-0.0997231153
-0.0834161478
-0.0661855384
-0.0503771055
-0.0369986249
-0.0262326037
-0.0178861103
-0.0115654278
-0.00692703675
-0.00318354482
-7.01885789e-05
0.00267437972
0.00514686502
0.00733226841
0.0091847039
0.0106840859
0.0118483669
0.0127201464
0.0133489711
0.0137816173
0.0140597844
0.0142205697
0.0142956798
0.0143228133
-0.279749159
-0.100904536
-0.144208763
-0.12979773
-0.135652445
-0.136332658
-0.133179944
-0.123036986
-0.106798124
-0.0879377913
-0.0696264258
-0.0534617496
-0.0399236578
-0.0289909293
-0.0204315007
-0.0138907741
-0.00893038144
-0.00505346092
-0.00184849722
0.000973301525
0.0035467718
0.00588036791
0.00792055748
0.00961862437
0.010956058
0.0119603732
0.012678949
0.0131659496
0.0134736246
0.0136487272
0.0137259425
0.0137434216
-0.293955606
-0.129904197
-0.169701331
-0.153918885
-0.158285584
-0.156671935
-0.149798432
-0.135364339
-0.11602748
-0.0957548226
-0.076950169
-0.0604738621
-0.0464335041
-0.0347205172
-0.0251697924
-0.0175550546
-0.0115722548
-0.00686054268
-0.00306122723
0.00012189042
0.00288149343
0.0053026706
0.0073941795
0.00913539658
0.0105156921
0.0115527059
0.0122885216
0.0127779361
0.0130772628
0.0132372607
0.0133029392
0.0133117109
-0.298812723
-0.159586308
-0.193144269
-0.179572117
-0.18285121
-0.178917124
-0.168301905
-0.150358487
-0.129135298
-0.108280158
-0.0892447508
-0.0723027143
-0.0573555833
-0.0443028654
-0.0330854844
-0.0236336093
-0.015826162
-0.00948270913
-0.00438200058
-0.000293543524
0.00299120212
0.0056374362
0.00776074561
0.00943603753
0.0107158437
0.0116482669
0.0122865448
0.0126890448
0.0129139559
0.0130149316
0.0130419599
0.0130280956
-0.303780255
-0.184101082
-0.215640727
-0.205301312
-0.208160717
-0.202384148
-0.188731942
-0.168462179
-0.146389042
-0.12538475
-0.106180631
-0.0886283342
-0.0725596077
-0.0579115942
-0.0447113909
-0.0330186628
-0.0228797852
-0.0143015892
-0.00724066255
-0.00160151984
0.00276063353
0.00602982231
0.00840880511
0.0100927051
0.0112481277
0.0120062973
0.0124685988
0.0127161236
0.0128167212
0.0128285759
0.0127999916
0.0127578988
-0.315246972
-0.206028686
-0.239870656
-0.231386793
-0.234048282
-0.226615343
-0.210680515
-0.189159855
-0.166921203
-0.146016132
-0.126543767
-0.10833101
-0.0911658432
-0.0749953366
-0.0598887223
-0.0459870215
-0.033456408
-0.0224523067
-0.0130923318
-0.00543376501
0.000548227485
0.00497513013
0.00805959394
0.010073157
0.0112968763
0.0119769534
0.0123029749
0.0124100207
0.012393029
0.012320998
0.0122449774
0.0122019617
-0.343040454
-0.223523929
-0.26623027
-0.256897441
-0.259767191
-0.25086582
-0.233368472
-0.211320208
-0.189188127
-0.168351453
-0.148735432
-0.130030514
-0.11202318
-0.0946521798
-0.0779924098
-0.0622212384
-0.0475775184
-0.0343188088
-0.0226858607
-0.0128675938
-0.00496325717
0.00104910919
0.00532522171
0.00813594903
0.00981790266
0.0107098889
0.0111000312
0.0112017807
0.011158659
0.0110625861
0.010979783
0.0109419416
-0.38667021
-0.23966913
-0.294892601
-0.280523465
-0.284495549
-0.274344777
-0.255923101
-0.233771431
-0.211877054
-0.191195631
-0.171551245
-0.152601226
-0.13411185
-0.11598654
-0.0982669478
-0.0811170914
-0.0647977357
-0.0496206415
-0.0359163314
-0.0239923692
-0.0140744106
-0.00625234278
-0.000450201234
0.00356334237
0.00612542953
0.0076124218
0.00837638127
0.00870174996
0.00879040052
0.00877091425
0.00873167272
0.00870824806
-0.441126477
-0.262496894
-0.319802048
-0.301271392
-0.307619157
-0.296386336
-0.277564678
-0.255557759
-0.233980261
-0.213543678
-0.194033104
-0.175103874
-0.156500142
-0.138082817
-0.119839612
-0.101875444
-0.0844048766
-0.0677288536
-0.0522156749
-0.0382683705
-0.0262551448
-0.016426445
-0.00883727466
-0.00332530927
0.000430411912
0.00282341398
0.00423984943
0.00500829399
0.00537889635
0.0055246542
0.00555711086
0.00553777028
-0.493872307
-0.293122016
-0.344160102
-0.322413798
-0.32980905
-0.317118597
-0.298060252
-0.276242288
-0.254975531
-0.234815773
-0.215530234
-0.196779535
-0.178310378
-0.159952884
-0.141640694
-0.123399
-0.105343549
-0.0876938167
-0.0707700497
-0.0549913873
-0.0408272652
-0.0287303617
-0.0189882732
-0.0116093045
-0.00635323165
-0.0028218378
-0.00058226815
0.000747163043
0.00146605362
0.00179310279
0.00187284939
0.00180510977
-0.532672749
-0.32810026
-0.370066421
-0.345974379
-0.351781593
-0.337165604
-0.317641089
-0.295833683
-0.274731222
-0.254746083
-0.235637831
-0.217075517
-0.198809118
-0.180667385
-0.162545501
-0.144404028
-0.126262577
-0.108211213
-0.0904393545
-0.0732773433
-0.0571924488
-0.0427454242
-0.0304851011
-0.0207473284
-0.0135308339
-0.0085375318
-0.00530496304
-0.00335977496
-0.00230595038
-0.00184703376
-0.00177938915
-0.00194906537
-0.555585202
-0.359568208
-0.396434525
-0.368475823
-0.372575232
-0.356364798
-0.336259086
-0.314300454
-0.293180717
-0.273203129
-0.254128936
-0.235641558
-0.217502913
-0.199552473
-0.181678026
-0.163804052
-0.145881778
-0.127892317
-0.109875205
-0.0919833328
-0.0745550294
-0.0581184297
-0.0433518232
-0.0309223719
-0.021241215
-0.014313429
-0.00977663512
-0.00708654787
-0.00569317662
-0.00515241487
-0.00515424887
-0.00545598703
-0.568573486
-0.382776604
-0.418109771
-0.389398479
-0.39190863
-0.37430182
-0.353618744
-0.331449523
-0.310193125
-0.290089591
-0.270910354
-0.252357758
-0.234209674
-0.216327123
-0.19861042
-0.180978957
-0.163356215
-0.145664287
-0.127837133
-0.109863009
-0.0918633315
-0.0741910321
-0.0574692238
-0.0425017528
-0.0301269161
-0.0208370095
-0.0145729127
-0.0108607803
-0.00901319821
-0.00837625268
-0.00845587787
-0.00885064106
-0.57855015
-0.400236453
-0.436578841
-0.407055825
-0.40915685
-0.390391708
-0.369340007
-0.347028164
-0.325618763
-0.305337609
-0.285976198
-0.267259674
-0.24898698
-0.231040559
-0.213341851
-0.195824882
-0.178417728
-0.161031119
-0.143557912
-0.125891915
-0.107981862
-0.0899452608
-0.0721802791
-0.0553719343
-0.0405843164
-0.0288174934
-0.0204811059
-0.0153817483
-0.0128335245
-0.0119794438
-0.0120872836
-0.0125656008
-0.58864943
-0.414858679
-0.453124947
-0.421757647
-0.424439431
-0.404391007
-0.383228201
-0.360887342
-0.339369502
-0.318925023
-0.299370567
-0.280454501
-0.261997435
-0.243899749
-0.226103426
-0.208563585
-0.191228399
-0.174026584
-0.15685848
-0.13959421
-0.122095431
-0.104293544
-0.086350366
-0.0687577837
-0.0523651706
-0.038407174
-0.0279057261
-0.0211173778
-0.0175645102
-0.0162963778
-0.0163418348
-0.0168862603
-0.59885145
-0.427418843
-0.466944724
-0.434336029
-0.43773501
-0.416092321
-0.395218643
-0.372962957
-0.351395364
-0.330836953
-0.311125103
-0.292025938
-0.273378212
-0.255097068
-0.237140968
-0.219483328
-0.202095376
-0.184934674
-0.167934593
-0.150991796
-0.133960047
-0.116680648
-0.0991046503
-0.081490177
-0.0644004612
-0.0489638124
-0.0365734157
-0.0280261059
-0.0232363457
-0.0213471607
-0.0212182051
-0.021784069
-0.608796438
-0.437191101
-0.478249623
-0.444316385
-0.448126781
-0.425145123
-0.405312117
-0.38315595
-0.361613039
-0.341018645
-0.32121115
-0.301976133
-0.283168293
-0.264715106
-0.246585766
-0.228766708
-0.211248939
-0.194018546
-0.177048084
-0.160280951
-0.143611414
-0.126879069
-0.109920903
-0.0927187032
-0.0756199736
-0.0594883601
-0.0457263203
-0.035610409
-0.0295170263
-0.0268575572
-0.0264472755
-0.0269813877
-0.619555013
-0.442517266
-0.486717511
-0.451651433
-0.454465612
-0.432075367
-0.413513212
-0.391293567
-0.369918387
-0.349380154
-0.329543452
-0.310230629
-0.291310506
-0.272719019
-0.254433417
-0.23644837
-0.218769786
-0.201407267
-0.184368985
-0.167647234
-0.151191867
-0.134880768
-0.118523817
-0.101968217
-0.0853110227
-0.0690548724
-0.0544774432
-0.0431423208
-0.035847868
-0.032361667
-0.0315901935
-0.0320407491
-0.633644002
-0.443759319
-0.490975008
-0.45689936
-0.456450009
-0.437917393
-0.41909871
-0.397271266
-0.376243949
-0.355822242
-0.336012541
-0.316676958
-0.297692798
-0.279001575
-0.260589049
-0.242454549
-0.224614652
-0.20709719
-0.189939641
-0.173177954
-0.156818131
-0.140794297
-0.124936666
-0.109011031
-0.0929131279
-0.0769739029
-0.0621337982
-0.0499309696
-0.0416099423
-0.0373146165
-0.0361343595
-0.0364581881
-0.654023615
-0.444507643
-0.48955097
-0.459359597
-0.456911303
-0.440679149
-0.4221951
-0.401289877
-0.380551774
-0.360263318
-0.340527725
-0.32121271
-0.302203283
-0.283447149
-0.264935225
-0.246672349
-0.228683252
-0.211010065
-0.193714226
-0.176869131
-0.160532227
-0.144695022
-0.12922657
-0.113867977
-0.0983862741
-0.0829172949
-0.0680923975
-0.0553308553
-0.0461858509
-0.0411738653
-0.039583323
-0.0397601137
-0.680280142
-0.448528647
-0.485418066
-0.458991815
-0.455065528
-0.440913673
-0.423214487
-0.403114899
-0.382730822
-0.362656067
-0.343036326
-0.323773097
-0.304765622
-0.285968873
-0.267378802
-0.24900518
-0.230879683
-0.213057569
-0.195620768
-0.178673329
-0.1623185
-0.146603102
-0.131444663
-0.116595325
-0.101730276
-0.0867242962
-0.0719945357
-0.0588862276
-0.0491271473
-0.0435329697
-0.0415653804
-0.0416210689
-0.706912424
-0.458529509
-0.480917357
-0.457046539
-0.451077728
-0.438803645
-0.422132456
-0.402817202
-0.382844697
-0.363018038
-0.343539839
-0.324348323
-0.305360395
-0.28653656
-0.267878272
-0.249402513
-0.231148227
-0.213182952
-0.195606781
-0.178550658
-0.16215796
-0.146523739
-0.131605922
-0.117161464
-0.102795728
-0.0882477535
-0.0737978445
-0.0605603243
-0.0503135511
-0.0441967785
-0.041869378
-0.0418219072
-0.727910202
-0.470668366
-0.4793317
-0.453843251
-0.445415115
-0.434543502
-0.418930564
-0.400422797
-0.380927874
-0.361374531
-0.342051942
-0.322947714
-0.303994683
-0.285156617
-0.266437247
-0.24786177
-0.229478966
-0.211369717
-0.193654678
-0.176497571
-0.160072407
-0.144518091
-0.129818947
-0.115729321
-0.101792648
-0.0876225371
-0.0734409718
-0.0601994776
-0.0496191256
-0.0430656769
-0.040408766
-0.0402405924
-0.740232233
-0.480127457
-0.479270194
-0.448776664
-0.438155778
-0.428191762
-0.413529228
-0.395864199
-0.376924776
-0.357691276
-0.33855342
-0.319556839
-0.300654181
-0.281814557
-0.263044883
-0.244378471
-0.225874578
-0.207633615
-0.189802623
-0.172577419
-0.156099178
-0.140669799
-0.126216899
-0.112484413
-0.098961531
-0.0851454774
-0.0710884286
-0.0577446703
-0.0469815802
-0.0401539046
-0.0372292227
-0.0369379167
-0.744394485
-0.48495194
-0.478264893
-0.441259354
-0.428930518
-0.419476869
-0.405662862
-0.388911063
-0.370641619
-0.35181746
-0.332926898
-0.314082812
-0.295265041
-0.27645208
-0.257656074
-0.238920117
-0.220315463
-0.201964417
-0.184042856
-0.166778178
-0.150415479
-0.135151024
-0.120991875
-0.107644609
-0.0945192957
-0.081003457
-0.067033518
-0.0535865534
-0.0426066991
-0.0355283535
-0.0324124641
-0.0320308925
-0.742285115
-0.485634677
-0.475523416
-0.43139125
-0.417511116
-0.408109626
-0.394989708
-0.379209494
-0.361757311
-0.343483201
-0.324947966
-0.306339099
-0.287673108
-0.268944118
-0.250174077
-0.231420681
-0.212770645
-0.194373592
-0.176441491
-0.159241571
-0.143054385
-0.128081375
-0.114327282
-0.101435595
-0.0887342375
-0.0755147046
-0.0616626239
-0.0480765704
-0.0366497915
-0.0292425167
-0.0260577367
-0.0256589671
-0.734316063
-0.48257438
-0.471368745
-0.419155108
-0.403666253
-0.393814033
-0.38113585
-0.366346987
-0.349879339
-0.33234323
-0.314321365
-0.296075607
-0.277669125
-0.259120421
-0.240468259
-0.221790698
-0.203196134
-0.184864949
-0.167048056
-0.150051336
-0.134182973
-0.119647233
-0.106403147
-0.0940557658
-0.0818260996
-0.0689048349
-0.0550959225
-0.0412005125
-0.0292279229
-0.0215166091
-0.0183240797
-0.0179679374
-0.719259983
-0.476227458
-0.463795424
-0.403222292
-0.386748462
-0.376127464
-0.363667592
-0.349902863
-0.334612146
-0.318045415
-0.300748532
-0.283047142
-0.265058299
-0.246835302
-0.228442312
-0.209983718
-0.191598517
-0.173498748
-0.155972362
-0.139358007
-0.123981054
-0.110034513
-0.0974265822
-0.0857092891
-0.0739675196
-0.0612611307
-0.0472902929
-0.0330745177
-0.0206065026
-0.0123951698
-0.00905630369
-0.00877259421
-0.696973527
-0.465065282
-0.449985644
-0.382582901
-0.366230956
-0.354585845
-0.342216954
-0.329566111
-0.315657308
-0.300322709
-0.284020747
-0.267112705
-0.249766092
-0.232077011
-0.214143721
-0.19610083
-0.178125218
-0.16046017
-0.143423712
-0.127377399
-0.112652288
-0.0994207007
-0.0875509879
-0.0765462529
-0.0653432559
-0.0528996278
-0.0387654757
-0.0239344075
-0.0103837188
-0.00123501612
0.00238867329
0.00253400782
-0.678746723
-0.446074095
-0.427561163
-0.358246857
-0.342387476
-0.329316204
-0.316925365
-0.305393758
-0.292986926
-0.279134454
-0.264147169
-0.248358625
-0.231959702
-0.215085755
-0.197872675
-0.180486834
-0.163136875
-0.146099633
-0.129716076
-0.11436028
-0.10035973
-0.0878666725
-0.0767137006
-0.0663064461
-0.0556584772
-0.0435770319
-0.0294704151
-0.01375433
0.00165840085
0.0125112976
0.0167872513
0.0167205389
-0.685501478
-0.425770486
-0.398519476
-0.333687384
-0.315636578
-0.301388355
-0.289070979
-0.278338414
-0.267250764
-0.254985649
-0.24159605
-0.227270644
-0.212163385
-0.196422563
-0.180209916
-0.163714677
-0.14718314
-0.13090216
-0.115230315
-0.10054657
-0.0871658008
-0.0752174142
-0.0645116139
-0.0544476178
-0.0440533398
-0.032183475
-0.0180326113
-0.00152501962
0.0156916306
0.029358564
0.0353603194
0.0351707812
-0.726523879
-0.431161617
-0.364384491
-0.313879675
-0.288253548
-0.272118973
-0.26000323
-0.249714915
-0.239593521
-0.228865993
-0.217257733
-0.204682552
-0.191179708
-0.176866449
-0.161902236
-0.146485982
-0.130867231
-0.115352911
-0.100300631
-0.0860833799
-0.0730057823
-0.0611864952
-0.0504389905
-0.0401952613
-0.0295355014
-0.0173814436
-0.00270215027
0.0149627027
0.034297487
0.0519145775
0.0608371427
0.060978416
-0.76332467
-0.481917796
-0.381843352
-0.31472538
-0.267546097
-0.242916733
-0.229569693
-0.219473464
-0.210293543
-0.201272205
-0.191719497
-0.18120253
-0.1696055
-0.156978436
-0.143450922
-0.129214626
-0.114524988
-0.0996910824
-0.0850632218
-0.0710038106
-0.0578100961
-0.0455974505
-0.0341821659
-0.0230282031
-0.0112699314
0.00219645674
0.0185167173
0.0384096951
0.0614015359
0.0845015506
0.0977916279
0.0995047027
-0.759010853
-0.520409972
-0.436541096
-0.335853056
-0.256921815
-0.216559666
-0.197346808
-0.186091157
-0.178262063
-0.171733505
-0.164959201
-0.157114315
-0.147918052
-0.137340236
-0.12547789
-0.112526711
-0.0987571406
-0.0844897909
-0.0700717654
-0.0558288582
-0.0419797161
-0.0286458827
-0.0156543655
-0.00251271062
0.011623819
0.0279643782
0.0478847163
0.0723942993
0.101341921
0.130989201
0.151670274
0.158081493
-0.712033148
-0.519349094
-0.450754431
-0.333319059
-0.245024337
-0.191995737
-0.163672914
-0.150028561
-0.143840933
-0.140320753
-0.136786722
-0.132030653
-0.125607319
-0.117352574
-0.107314841
-0.0957218265
-0.0828756096
-0.0690959261
-0.0547011483
-0.0399726647
-0.0250755414
-0.00991283848
0.00555844957
0.0219309172
0.0403452638
0.0624771213
0.0900404074
0.123806257
0.162397504
0.201555003
0.235869923
0.249914281
-0.693622898
-0.486422637
-0.407675126
-0.304689461
-0.221296052
-0.163297556
-0.131145012
-0.117821582
-0.114320205
-0.114325731
-0.114483775
-0.113139204
-0.109520318
-0.103409909
-0.094966008
-0.0844748646
-0.0722320112
-0.0585468437
-0.0437196305
-0.0279774268
-0.0113710334
0.00641733275
0.0262618534
0.0494026765
0.0778491094
0.113765911
0.158605804
0.211862207
0.270118197
0.327258287
0.375050563
0.398416887
-0.734334178
-0.474928407
-0.387066807
-0.268574665
-0.190375732
-0.137125445
-0.107241706
-0.0953742595
-0.0934041861
-0.0952072636
-0.0973777417
-0.0980819372
-0.0961025628
-0.0911376156
-0.0834412766
-0.0732987723
-0.0608464757
-0.0461495354
-0.029246136
-0.010060562
0.0117608622
0.0370766981
0.0672019503
0.104940669
0.153033208
0.213486835
0.285983026
0.366961923
0.449813061
0.526180479
0.586235779
0.61732438
-0.780572498
-0.472974557
-0.364476615
-0.270666717
-0.189507192
-0.139298017
-0.11757611
-0.111999836
-0.113007557
-0.11542462
-0.116199667
-0.114742532
-0.109174835
-0.0996830721
-0.086803421
-0.070788854
-0.0515922856
-0.0288869126
-0.00220728407
0.02912574
0.0662773589
0.11093486
0.165038324
0.229077217
0.303887436
0.388422067
0.479434783
0.571835116
0.659146723
0.734776221
0.791785267
0.821246579
-0.771800836
-0.443232047
-0.343823848
-0.268558341
-0.209746171
-0.181534219
-0.175893102
-0.178548768
-0.182034236
-0.18405234
-0.183793109
-0.179122409
-0.169889882
-0.15541217
-0.135884167
-0.111647746
-0.08269296
-0.0488104812
-0.00966417352
0.035327703
0.0868730608
0.145597524
0.212032074
0.286299544
0.367746915
0.454581007
0.543758672
0.631206506
0.712061047
0.781132061
0.832585402
0.858592128
-0.762936142
-0.443434989
-0.373084464
-0.314555888
-0.273684598
-0.258839163
-0.257799715
-0.258254286
-0.255894547
-0.250282322
-0.24125213
-0.22838912
-0.211757188
-0.191732846
-0.168266955
-0.141094803
-0.110112676
-0.0752220714
-0.0362189721
0.00720187822
0.055449755
0.109047183
0.1685219
0.234209337
0.30595787
0.382763302
0.462406004
0.541368092
0.615192539
0.679145725
0.727407006
0.751591077
-0.771426595
-0.458651277
-0.408654964
-0.378978102
-0.354134494
-0.345006606
-0.342690849
-0.337793843
-0.328468816
-0.315674878
-0.299927669
-0.281196752
-0.259409564
-0.234557234
-0.206636156
-0.175851271
-0.142376432
-0.106365643
-0.0679309631
-0.0271186519
0.0161325447
0.0620565269
0.111066703
0.163674197
0.22031969
0.280984979
0.344681336
0.409124759
0.470875433
0.525801941
0.568217526
0.588335275
-0.775606666
-0.478742576
-0.455330885
-0.449337654
-0.434701549
-0.425645142
-0.41763813
-0.405473801
-0.389414437
-0.370825556
-0.350143168
-0.327262802
-0.302032942
-0.274378511
-0.244309839
-0.211913453
-0.177309573
-0.140747176
-0.102558262
-0.063109626
-0.0227343663
0.0183727044
0.0602703704
0.103333636
0.148179506
0.19537362
0.244930974
0.295809366
0.345752626
0.391331453
0.426758159
0.441860254
-0.776236429
-0.506865406
-0.5075909
-0.511735943
-0.499998995
-0.487473905
-0.47292231
-0.454944256
-0.434644444
-0.412842098
-0.389547341
-0.364533461
-0.337641687
-0.308805016
-0.278019983
-0.245318683
-0.210798587
-0.174673267
-0.137279946
-0.0990728379
-0.0605675214
-0.0222150869
0.0157696012
0.0535575173
0.0917283955
0.131068824
0.172111483
0.214560741
0.256912021
0.296549965
0.324729248
0.335160001
-0.771115905
-0.538574322
-0.555319782
-0.557599184
-0.544791318
-0.528303378
-0.509154513
-0.488063104
-0.465758061
-0.442362358
-0.417668819
-0.391465417
-0.36365134
-0.334219628
-0.303219209
-0.270710901
-0.236779157
-0.201591582
-0.165417382
-0.128653461
-0.0918020773
-0.0553575329
-0.0196188633
0.0155035438
0.0505609655
0.0864050565
0.123763728
0.162758828
0.20177004
0.237625718
0.260064731
0.266046732
-0.758178317
-0.564664944
-0.587845621
-0.582760321
-0.568928366
-0.549725351
-0.52842562
-0.506224527
-0.483230012
-0.459209087
-0.433908778
-0.40717647
-0.378972763
-0.349342214
-0.318377082
-0.286167698
-0.252811341
-0.218455627
-0.183327546
-0.147765841
-0.112201242
-0.0770427369
-0.0424950927
-0.00841716993
0.0258332092
0.0611461762
0.0982983158
0.137301017
0.176045739
0.208766788
0.226464242
0.229583908
-0.732314162
-0.574255147
-0.600399868
-0.586800912
-0.573344089
-0.553307313
-0.531869983
-0.509847421
-0.487088351
-0.463265626
-0.438083684
-0.411425049
-0.383299788
-0.353786233
-0.323006385
-0.291071562
-0.258105582
-0.22427178
-0.189795099
-0.154973979
-0.120137974
-0.0855269093
-0.0511161733
-0.0165125081
0.0190305638
0.0563931321
0.0960553584
0.137231072
0.17638941
0.205563021
0.218437951
0.219424122
-0.689942198
-0.556425982
-0.592891453
-0.569204959
-0.558237155
-0.540059725
-0.520263963
-0.499634016
-0.478057771
-0.45518338
-0.43074757
-0.404656077
-0.376943439
-0.347718802
-0.317102875
-0.285275231
-0.252401034
-0.21867837
-0.184334616
-0.149600108
-0.114636353
-0.0794267397
-0.0436674197
-0.00673539403
0.0321647108
0.0735449945
0.116875602
0.159770106
0.196779705
0.220448628
0.228511886
0.227704457
-0.628079612
-0.513585381
-0.549679197
-0.534547709
-0.524573857
-0.510389622
-0.493946471
-0.475975775
-0.456499611
-0.435274198
-0.412111232
-0.386951687
-0.359840184
-0.330902384
-0.300408671
-0.268499069
-0.235395019
-0.201312802
-0.166431856
-0.130843735
-0.0944762032
-0.0570402414
-0.0180411252
0.0231070272
0.0667211314
0.112190134
0.157336313
0.197871584
0.227961902
0.243780365
0.247324791
0.245220669
-0.542540682
-0.446411425
-0.475929977
-0.474571688
-0.47198844
-0.464560324
-0.453709143
-0.440047742
-0.423824956
-0.405028746
-0.383630527
-0.359662149
-0.333229218
-0.304519702
-0.273796107
-0.241278893
-0.207185638
-0.171677669
-0.134822865
-0.0965605396
-0.0566887208
-0.0149200075
0.02896105
0.0747986825
0.121640862
0.167246233
0.207932733
0.239316806
0.258501241
0.266310274
0.266722599
0.264236978
-0.425332128
-0.354218808
-0.380381127
-0.391510075
-0.400438721
-0.403237016
-0.400725289
-0.393463577
-0.381968006
-0.366531386
-0.347358446
-0.324627592
-0.298542563
-0.269373384
-0.237418019
-0.202902149
-0.166005149
-0.126858092
-0.0855461474
-0.0421478723
0.00316847706
0.0500005346
0.0975395912
0.144289736
0.187888229
0.225364239
0.25389591
0.272012279
0.280663625
0.282904664
0.282041719
0.280173051
-0.291855543
-0.238731681
-0.267643835
-0.291063533
-0.31335372
-0.328757638
-0.336860294
-0.337840087
-0.33232315
-0.320874063
-0.303972316
-0.282040587
-0.255456559
-0.2244324
-0.189403924
-0.150639415
-0.108467949
-0.0632933839
-0.015672796
0.0335555624
0.0831465228
0.131439007
0.176384843
0.215703154
0.247334467
0.270092885
0.284145338
0.291057346
0.293264337
0.293150782
0.292344156
0.291408855
-0.167917783
-0.124818711
-0.15661808
-0.189656328
-0.223313694
-0.250285036
-0.268703552
-0.277974444
-0.278478361
-0.270862165
-0.255833929
-0.233999082
-0.205755415
-0.171760145
-0.132390787
-0.0882665815
-0.0402028401
0.0106868933
0.0628975112
0.114470148
0.163047403
0.206120457
0.241445599
0.267653509
0.284747612
0.294148535
0.298193581
0.299278214
0.299136831
0.298654979
0.298266527
0.298096123
-0.0904896712
-0.0529526961
-0.0831541466
-0.119316399
-0.157862612
-0.190720434
-0.215059432
-0.229597213
-0.23429411
-0.229546972
-0.215895328
-0.193974596
-0.164550393
-0.128360694
-0.0860921838
-0.0387342703
0.0123869479
0.0655267265
0.118472842
0.168610529
0.2131585
0.249609202
0.276344706
0.293228997
0.301771632
0.304617434
0.304562259
0.303667086
0.303023831
0.302818838
0.302820726
0.302939566
-0.0876689144
-0.0496861665
-0.0783285987
-0.112979388
-0.150082387
-0.181865626
-0.205558116
-0.219836778
-0.224543763
-0.219898674
-0.206320178
-0.184802627
-0.155646361
-0.11953112
-0.0773073693
-0.0300135903
0.0209855922
0.0738711818
0.126368471
0.175829281
0.219468016
0.254814317
0.280350125
0.296088715
0.303696059
0.305930941
0.30559485
0.304449121
0.303927806
0.303775487
0.303848776
0.304047577
-0.160062359
-0.114432854
-0.1419549
-0.170589228
-0.200181246
-0.224299514
-0.241179939
-0.250029205
-0.25089089
-0.244115112
-0.230109963
-0.208830807
-0.181092133
-0.147244074
-0.107806325
-0.0635175575
-0.0153670388
0.0353149797
0.0867824855
0.136869538
0.18310548
0.223001463
0.254555951
0.276848856
0.290429597
0.297186331
0.299628056
0.299964461
0.299633825
0.299342869
0.299210261
0.299204405
-0.276311565
-0.218254899
-0.241282939
-0.258743101
-0.27628414
-0.289038252
-0.296413643
-0.29808276
-0.294092307
-0.284540915
-0.269575518
-0.249290664
-0.223756279
-0.19357366
-0.158875334
-0.120058513
-0.0776329157
-0.0322456763
0.0152472662
0.0636896319
0.111573154
0.157058173
0.198086037
0.232653089
0.259267397
0.277470447
0.288086894
0.292979421
0.294386864
0.29418371
0.293434392
0.292707673
-0.400422109
-0.322808198
-0.34291528
-0.34808979
-0.353186594
-0.354730985
-0.352982201
-0.347794731
-0.339083409
-0.326666718
-0.310400699
-0.290253335
-0.26630071
-0.238601725
-0.207562085
-0.173436931
-0.136526153
-0.0971412113
-0.0556053358
-0.0122740897
0.0324061066
0.0778063998
0.122929308
0.16620817
0.205463274
0.238166956
0.262195027
0.276843879
0.283465029
0.284915824
0.283989668
0.282349689
-0.50940341
-0.406030288
-0.430026095
-0.42347911
-0.418660534
-0.411650408
-0.403024684
-0.392634242
-0.380173829
-0.365219202
-0.347449269
-0.326711844
-0.303000834
-0.276429132
-0.247244646
-0.215686531
-0.182029232
-0.146542418
-0.109460167
-0.0709414978
-0.0310399191
0.010283453
0.0530413956
0.0969522179
0.14102115
0.183062253
0.219664963
0.247091052
0.263257558
0.269437406
0.269380143
0.266882839
-0.590045864
-0.466957426
-0.498177631
-0.478820702
-0.46820775
-0.455852164
-0.442770145
-0.428933976
-0.413858801
-0.396968693
-0.377861655
-0.356350962
-0.332413684
-0.306142723
-0.277764645
-0.247419329
-0.215317231
-0.181698852
-0.146825078
-0.110942609
-0.0742114969
-0.0366135445
0.00210306434
0.0423442841
0.0843357741
0.12750402
0.169737569
0.206912114
0.233822347
0.247469137
0.250077411
0.247676843
-0.649602939
-0.506243576
-0.53822784
-0.511082428
-0.500529337
-0.485148608
-0.469505166
-0.453602881
-0.436848944
-0.418619758
-0.398506142
-0.376345664
-0.352144314
-0.325996664
-0.298023597
-0.268358639
-0.237118706
-0.204458357
-0.170594934
-0.135819758
-0.100456738
-0.0647500821
-0.0287040116
0.00803443949
0.0460923411
0.0859680386
0.12727337
0.167715808
0.202030499
0.223407139
0.23022087
0.229086329
-0.691608726
-0.521926566
-0.544500801
-0.527787718
-0.514945998
-0.498223606
-0.481501593
-0.464676745
-0.447110006
-0.428228821
-0.407608144
-0.385121917
-0.3607792
-0.334664329
-0.306893565
-0.277555675
-0.246720035
-0.214483049
-0.181008052
-0.146574322
-0.11158077
-0.0764575137
-0.0414829609
-0.00659236969
0.0286924549
0.0651198509
0.103261667
0.142552243
0.179560166
0.206630397
0.218134465
0.218721191
-0.717728781
-0.512884303
-0.531714953
-0.523363701
-0.509889043
-0.494202252
-0.478042099
-0.461496118
-0.444108626
-0.425389954
-0.404975654
-0.382692999
-0.358521912
-0.332525537
-0.304795702
-0.275413491
-0.244430085
-0.211928243
-0.178069032
-0.1431555
-0.107652286
-0.0721093538
-0.0369829276
-0.00242583365
0.0318656933
0.0665832514
0.10252506
0.139883714
0.176738375
0.207539524
0.223826871
0.226455498
-0.73149348
-0.488703009
-0.499894181
-0.497990265
-0.484961487
-0.47187736
-0.458145814
-0.443177939
-0.427011893
-0.409432469
-0.3900747
-0.368685004
-0.345176364
-0.319566723
-0.291922855
-0.262276873
-0.230702815
-0.197322269
-0.162369557
-0.12623617
-0.0894696216
-0.0526826325
-0.016372834
0.0192666228
0.0544733906
0.0898631862
0.126121694
0.163461685
0.200722114
0.23474355
0.255732745
0.261125994
-0.737811164
-0.460115913
-0.453718628
-0.452144067
-0.439341652
-0.429831982
-0.420863959
-0.409513042
-0.395954706
-0.380553594
-0.363098181
-0.343266698
-0.320889534
-0.295925095
-0.268404998
-0.238414271
-0.206006093
-0.171401497
-0.134954543
-0.0971492061
-0.0585699258
-0.0197930352
0.0187764606
0.0570530851
0.0953269634
0.134152701
0.174010479
0.214790186
0.25533625
0.293761238
0.320398163
0.330143043
-0.737811485
-0.435672865
-0.403802549
-0.390514063
-0.373758248
-0.367078732
-0.36466721
-0.359634796
-0.350994637
-0.339472635
-0.325187078
-0.307872159
-0.287344505
-0.263568528
-0.236574778
-0.20646564
-0.173434811
-0.137804417
-0.0999653896
-0.0603589074
-0.0194332143
0.0224508686
0.0651363865
0.108740153
0.153610892
0.200131845
0.248338963
0.297473008
0.345713464
0.389905467
0.42433293
0.439033711
-0.735563006
-0.419628364
-0.360387472
-0.32273922
-0.29516671
-0.288105667
-0.291390773
-0.293852024
-0.29222075
-0.286714489
-0.277478343
-0.264269152
-0.246937173
-0.225527166
-0.200150781
-0.171134365
-0.138587941
-0.10276401
-0.0639436729
-0.0223181414
0.022027715
0.0691096078
0.119078042
0.172223689
0.228808285
0.288732425
0.351157152
0.414183938
0.474802956
0.529061502
0.571194736
0.59130944
-0.721883679
-0.406298139
-0.329772848
-0.26316876
-0.219447745
-0.20784034
-0.213980495
-0.222875511
-0.228670874
-0.230411768
-0.227815833
-0.220449831
-0.208155048
-0.191210429
-0.169623
-0.143337721
-0.112264499
-0.0764365846
-0.0358874185
0.00945938448
0.0598090588
0.115449269
0.176668734
0.24363303
0.316128459
0.393241407
0.472975497
0.552117484
0.626455772
0.691267606
0.74042695
0.76528078
-0.737298768
-0.407822988
-0.303358406
-0.227051713
-0.17033902
-0.147639514
-0.149795427
-0.160163062
-0.17005696
-0.17689111
-0.179717175
-0.177483727
-0.169467338
-0.155405349
-0.135660101
-0.110320816
-0.0795223158
-0.0432525147
-0.00132612633
0.0465804016
0.100886197
0.162021136
0.230360728
0.305830998
0.387545086
0.474315544
0.563546148
0.651167748
0.732232424
0.801578845
0.853265621
0.879443725
-0.717437185
-0.413944824
-0.320865515
-0.228865615
-0.163988658
-0.136915333
-0.133879973
-0.139767675
-0.147122783
-0.153285787
-0.156469346
-0.155267278
-0.149058323
-0.137873301
-0.121892543
-0.101190922
-0.0759375146
-0.0462381158
-0.011798137
0.0280201602
0.0740003821
0.126156113
0.186170426
0.254502054
0.331150292
0.41482628
0.5030005
0.591575947
0.675026785
0.747284514
0.801507176
0.829160488
-0.698876129
-0.421401738
-0.341173715
-0.240893085
-0.184935672
-0.164864648
-0.161624313
-0.164888967
-0.1701954
-0.174715692
-0.176287058
-0.173691594
-0.166546636
-0.154938746
-0.139134302
-0.119506217
-0.096538851
-0.070720247
-0.0424510927
-0.0118092661
0.0210648737
0.0573359865
0.0981130892
0.14507176
0.199789375
0.263200344
0.33480135
0.411728117
0.488537845
0.558220055
0.612142904
0.639381798
-0.718340468
-0.421513912
-0.356531212
-0.275263413
-0.22820354
-0.212209654
-0.209081055
-0.209601509
-0.210751815
-0.210625703
-0.207627565
-0.200950395
-0.190418859
-0.176163002
-0.158439179
-0.137583239
-0.114009742
-0.0881670842
-0.0604307903
-0.0312924282
-0.00122792486
0.0295312474
0.0610216217
0.0938656048
0.129385417
0.169396979
0.215417062
0.267339861
0.322361377
0.375123798
0.41806576
0.438538839
-0.719027195
-0.424418527
-0.377205849
-0.314925001
-0.27733012
-0.265453731
-0.262302137
-0.259812159
-0.256465356
-0.251535954
-0.24416358
-0.233857528
-0.220524822
-0.204253304
-0.185207494
-0.163624098
-0.139819852
-0.114180683
-0.087200169
-0.0594660384
-0.031490131
-0.00370850882
0.0235815328
0.0503996163
0.0773175483
0.105596276
0.136905959
0.172302177
0.210835892
0.248702069
0.280374194
0.29333702
-0.721726186
-0.432079362
-0.401254627
-0.356913168
-0.328437832
-0.319135205
-0.314311288
-0.308059712
-0.300315975
-0.29115939
-0.280152351
-0.266969267
-0.251515186
-0.233810001
-0.213934244
-0.192042868
-0.168440636
-0.143382214
-0.117319393
-0.0907651835
-0.0642493178
-0.0382881574
-0.0133120408
0.0104796103
0.0333305267
0.0561439169
0.0804333228
0.107579656
0.13755511
0.167745546
0.188522158
0.195338511
-0.723204107
-0.442020288
-0.427824268
-0.397482546
-0.375660094
-0.366764626
-0.358957171
-0.348927536
-0.337594694
-0.325283769
-0.311694386
-0.296559867
-0.279756398
-0.261250908
-0.241080959
-0.219364221
-0.196244849
-0.172009617
-0.146984838
-0.121575558
-0.0962572587
-0.0715388816
-0.0478906006
-0.0256080712
-0.00461055595
0.0157858245
0.0369049768
0.0601161968
0.0854326873
0.1103377
0.125436687
0.128457653
-0.722244189
-0.453488892
-0.454877423
-0.433411704
-0.415455264
-0.405239703
-0.394070764
-0.380949491
-0.367074042
-0.352627105
-0.337299195
-0.320845412
-0.303142576
-0.284145899
-0.26387898
-0.242431461
-0.219930405
-0.196559858
-0.172571706
-0.148285987
-0.124095383
-0.100444822
-0.0777684511
-0.0563617858
-0.0361835759
-0.0166535366
0.00338054403
0.0252919985
0.0485052387
0.0700273164
0.0820498573
0.0836505029
-0.717745393
-0.465401669
-0.479636462
-0.462212303
-0.445966847
-0.433544605
-0.4194828
-0.404230996
-0.388709599
-0.372861405
-0.35637866
-0.339047024
-0.320752403
-0.30145495
-0.281176269
-0.259999235
-0.23801531
-0.215365123
-0.192238385
-0.168881286
-0.145610522
-0.122800578
-0.100821633
-0.0799118038
-0.059992871
-0.04042311
-0.0200051131
0.00228942351
0.025434026
0.0448055694
0.0545588861
0.0556238649
-0.708718974
-0.476008307
-0.499436861
-0.482401521
-0.466788946
-0.452046057
-0.435950645
-0.419399452
-0.402853841
-0.386121544
-0.368911905
-0.351029641
-0.3323723
-0.312906447
-0.292651773
-0.271679587
-0.250061822
-0.227910134
-0.205370595
-0.182636903
-0.15996838
-0.137677605
-0.116064048
-0.0952583799
-0.0750233798
-0.0545802864
-0.0328302103
-0.00935283434
0.0141887067
0.0320635127
0.0400016128
0.0405730075
-0.694233976
-0.482999814
-0.512080347
-0.493453082
-0.478221547
-0.461484109
-0.444223618
-0.426944812
-0.4098116
-0.392583694
-0.374970351
-0.356783301
-0.337930794
-0.318384159
-0.298164784
-0.277329762
-0.255935611
-0.23407115
-0.211860638
-0.18945903
-0.167084762
-0.144990904
-0.123376512
-0.102221987
-0.0810998066
-0.0591205283
-0.0354081572
-0.0103168876
0.0132403894
0.0295542265
0.0359741702
0.0360852405
-0.673390776
-0.483733362
-0.516304866
-0.495269788
-0.480836218
-0.462519655
-0.444761126
-0.427175344
-0.409806691
-0.39239311
-0.374652303
-0.356376678
-0.337481427
-0.31793596
-0.297761521
-0.276996268
-0.255689356
-0.233915997
-0.21178202
-0.189437035
-0.167070137
-0.14486183
-0.122868419
-0.100851328
-0.0781683959
-0.0539880933
-0.028053115
-0.00160068059
0.0212634166
0.0354725119
0.0402664197
0.0398787205
-0.644708878
-0.476256723
-0.513069008
-0.487253218
-0.475073945
-0.455535278
-0.437847516
-0.42039814
-0.403150001
-0.385835357
-0.36816813
-0.349956106
-0.331105364
-0.311584478
-0.291415297
-0.27062518
-0.249268445
-0.227425325
-0.205203109
-0.182735636
-0.160154263
-0.137510264
-0.114649129
-0.0910965462
-0.0661345684
-0.0393064306
-0.0112841919
0.015317098
0.0359823881
0.0473791805
0.0504610918
0.0495186589
-0.607105171
-0.460843162
-0.501402532
-0.469179527
-0.459852495
-0.441419326
-0.423961315
-0.406943311
-0.390079284
-0.373067722
-0.35563226
-0.337585369
-0.318831439
-0.299342109
-0.279146943
-0.258275001
-0.236792361
-0.214785858
-0.192354421
-0.169583496
-0.146488129
-0.122926317
-0.0985237911
-0.0727174661
-0.0450731733
-0.0159343361
0.0128291325
0.0375081631
0.0543805922
0.0624504275
0.0639378039
0.0626301576
-0.560527054
-0.434593827
-0.475376915
-0.446849527
-0.43574317
-0.419662362
-0.403322853
-0.387126033
-0.370910994
-0.354389383
-0.337308356
-0.319494522
-0.300861105
-0.281393829
-0.261130849
-0.240118848
-0.218433335
-0.19614904
-0.173313262
-0.149901051
-0.125758941
-0.100569667
-0.0739103708
-0.0454983249
-0.0156743191
0.0140186149
0.0406830917
0.0609565971
0.0730326436
0.0778579769
0.0781399241
0.0767181844
-0.505449816
-0.396651776
-0.434764122
-0.41571298
-0.404584605
-0.390714804
-0.376189369
-0.361317327
-0.346062172
-0.330215133
-0.313582033
-0.296026603
-0.277487647
-0.257980425
-0.237551877
-0.216263319
-0.194171752
-0.17129644
-0.147585856
-0.122888629
-0.0969575445
-0.0695313702
-0.0405449037
-0.0104773732
0.0192610605
0.0462508852
0.0677474341
0.0819754421
0.0891988131
0.091438931
0.0910365402
0.089656647
-0.440238235
-0.348437304
-0.38155492
-0.373113726
-0.365550761
-0.354858834
-0.342857276
-0.329843403
-0.315893256
-0.300909473
-0.284783431
-0.267435098
-0.248845363
-0.229081687
-0.208194448
-0.186229613
-0.163199227
-0.139063783
-0.113729174
-0.0870712796
-0.0590354029
-0.0298250982
-0.000136073831
0.0286485374
0.0545176786
0.0753597246
0.0898259977
0.0980200667
0.101429378
0.102057529
0.101457322
0.100422388
-0.362218484
-0.290046076
-0.319673969
-0.320613252
-0.318824156
-0.31245772
-0.303635478
-0.292896352
-0.280481471
-0.266419045
-0.250694936
-0.233305708
-0.2143004
-0.193777991
-0.171805466
-0.148433098
-0.123695148
-0.0976316039
-0.070333835
-0.0420313418
-0.0132105512
0.0152376728
0.04196722
0.0653786159
0.0840213962
0.0971230301
0.104943876
0.108660679
0.109819959
0.109742244
0.109227211
0.108592256
-0.279032507
-0.22197326
-0.251382958
-0.260517307
-0.265598251
-0.264432565
-0.25919937
-0.250818554
-0.239826452
-0.22641946
-0.210702568
-0.192782639
-0.17272364
-0.150736601
-0.126962777
-0.101611561
-0.0749543962
-0.047357055
-0.0193547042
0.008260826
0.034467749
0.058096517
0.0780057654
0.0933892952
0.104055103
0.11051364
0.113790671
0.115050944
0.115260285
0.115041089
0.114690895
0.114394257
-0.205913387
-0.154297191
-0.182447155
-0.196697166
-0.208076642
-0.212474164
-0.21113676
-0.205042934
-0.195123276
-0.181895108
-0.165636909
-0.146556362
-0.125005716
-0.101222576
-0.0756381189
-0.0488177821
-0.0214679656
0.00556487608
0.0312991791
0.0546839223
0.0747541076
0.0908219299
0.102649225
0.11052375
0.115176137
0.117549955
0.118537573
0.118806473
0.118764375
0.11861153
0.118452752
0.118388612
-0.161399617
-0.10303235
-0.125316316
-0.138205474
-0.151389679
-0.159440024
-0.161791779
-0.158463096
-0.150106906
-0.137313977
-0.120585822
-0.100477346
-0.0776475705
-0.0527145626
-0.0264709701
0.000116662705
0.0259508201
0.0498936964
0.0708987508
0.0881698751
0.101313014
0.110434577
0.116111283
0.119210439
0.12064521
0.121169177
0.121280206
0.121244272
0.121181428
0.121146314
0.121145949
0.121159545
-0.146580419
-0.0806047755
-0.0972169968
-0.103524481
-0.110420451
-0.115149854
-0.117189205
-0.11570128
-0.109898704
-0.0991809251
-0.083490169
-0.0635410976
-0.0406328631
-0.0159490059
0.0095052276
0.0344795311
0.0576915807
0.0779972351
0.0945742613
0.107047873
0.115520671
0.120554565
0.123043588
0.123936255
0.124007299
0.123770126
0.123471493
0.123249666
0.123096863
0.12300263
0.123014022
0.123117554
-0.135989485
-0.0873916043
-0.100279842
-0.100830519
-0.10149743
-0.100988922
-0.098550296
-0.093417203
-0.0850981614
-0.0735110448
-0.0587367961
-0.0407967151
-0.019748912
0.00362951414
0.0277937703
0.0511624591
0.0723178289
0.0901560814
0.104033238
0.113862128
0.120095705
0.12353103
0.12503485
0.125374648
0.125143493
0.124726975
0.124327139
0.12397879
0.123719522
0.123592909
0.123608257
0.123726565
)
;

boundaryField
{
    inner_wall
    {
        type            zeroGradient;
    }
    outer_wall
    {
        type            zeroGradient;
    }
    top
    {
        type            zeroGradient;
    }
    bottom
    {
        type            fixedValue;
        value           uniform 0;
    }
    front
    {
        type            wedge;
    }
    back
    {
        type            wedge;
    }
}


// ************************************************************************* //
