/*--------------------------------*- C++ -*----------------------------------*\
| =========                 |                                                 |
| \\      /  F ield         | OpenFOAM: The Open Source CFD Toolbox           |
|  \\    /   O peration     | Version:  2506                                  |
|   \\  /    A nd           | Website:  www.openfoam.com                      |
|    \\/     M anipulation  |                                                 |
\*---------------------------------------------------------------------------*/
// * * * * * * * * * * * * * * * * * * * * * * * * * * * * * * * * * * * * * //
FoamFile
{
    version         2;
    format          ascii;
    arch            "LSB;label=32;scalar=64";
    class           volVectorField;
    location        "10";
    object          U;
}

dimensions      [ 0 1 -1 0 0 0 0 ];

internalField   nonuniform List<vector> 
3072
(
(0.00622309 0.988742 0.174769)
(-0.00851181 0.113107 0.166181)
(-0.000762415 0.0114527 0.176298)
(-0.00794363 0.00107388 0.171905)
(-0.0118454 0.000114721 0.167236)
(-0.0161169 -6.31828e-05 0.161063)
(-0.0216145 -0.000620336 0.152891)
(-0.0285266 -0.00185943 0.142719)
(-0.036086 -0.00232741 0.130675)
(-0.0419477 0.00341181 0.117502)
(-0.0448413 0.0253776 0.103133)
(-0.0387927 0.0767053 0.0868702)
(-0.0192001 0.173148 0.0640932)
(0.00863177 0.336641 0.0267296)
(0.0451412 0.579105 -0.0243787)
(0.0776818 0.733173 -0.0770129)
(0.104976 0.818073 -0.123286)
(0.126358 0.854404 -0.159748)
(0.142145 0.857713 -0.185673)
(0.152928 0.839886 -0.20172)
(0.15969 0.810169 -0.209041)
(0.162832 0.775744 -0.208915)
(0.162859 0.741937 -0.202877)
(0.16005 0.712336 -0.192497)
(0.154456 0.688901 -0.179233)
(0.145795 0.672081 -0.164467)
(0.133676 0.66072 -0.149742)
(0.117439 0.650582 -0.137214)
(0.095623 0.62845 -0.129086)
(0.06602 0.561491 -0.123461)
(0.0324463 0.403331 -0.106015)
(0.00486783 0.147208 -0.0522697)
(0.0727935 2.13951 0.246647)
(-0.0501963 0.45734 0.225451)
(0.00242767 0.0751542 0.260224)
(-0.0359283 0.0104715 0.250539)
(-0.04772 0.000584922 0.244766)
(-0.0659731 -0.000620702 0.237642)
(-0.0871469 0.0059549 0.229326)
(-0.108257 0.0344454 0.217704)
(-0.123506 0.104576 0.196497)
(-0.126144 0.228606 0.161698)
(-0.112605 0.401189 0.112881)
(-0.0830474 0.598666 0.0499023)
(-0.0423033 0.782389 -0.0208025)
(-0.00383714 0.900948 -0.0823954)
(0.0273991 0.957575 -0.132519)
(0.0496132 0.963589 -0.171955)
(0.0643796 0.934147 -0.201004)
(0.0737781 0.882524 -0.220254)
(0.0795611 0.819209 -0.23041)
(0.0827734 0.752582 -0.232269)
(0.0832799 0.689538 -0.226828)
(0.0817024 0.635458 -0.215322)
(0.0786747 0.593782 -0.198953)
(0.0742832 0.565539 -0.178689)
(0.0687851 0.549201 -0.155141)
(0.0624224 0.540915 -0.128493)
(0.0552833 0.534845 -0.0984635)
(0.0472705 0.522683 -0.0646733)
(0.0380952 0.490871 -0.0285775)
(0.0267232 0.417822 0.0035601)
(0.0112195 0.283891 0.0206367)
(-0.00105946 0.0998345 0.0155198)
(0.151489 2.74262 0.215431)
(-0.0975768 0.776957 0.190084)
(0.00587984 0.150556 0.240916)
(-0.0606271 0.0224747 0.233997)
(-0.0744349 0.00418028 0.236762)
(-0.100134 0.0187038 0.23757)
(-0.124092 0.0756061 0.231803)
(-0.139229 0.199239 0.210331)
(-0.138287 0.394545 0.166131)
(-0.119022 0.629811 0.101634)
(-0.0870915 0.845171 0.0292377)
(-0.0546833 0.984275 -0.0353964)
(-0.0330282 1.03873 -0.0834257)
(-0.0190633 1.0375 -0.121211)
(-0.00945479 1.0053 -0.152987)
(-0.00229708 0.956299 -0.179936)
(0.00335719 0.896671 -0.201698)
(0.00804413 0.829248 -0.217295)
(0.0119669 0.756842 -0.225683)
(0.0152301 0.683892 -0.226242)
(0.0172131 0.616331 -0.219381)
(0.0180362 0.559982 -0.206329)
(0.017351 0.518523 -0.188323)
(0.0150505 0.492033 -0.166584)
(0.0112597 0.476726 -0.142198)
(0.00631294 0.465723 -0.116066)
(0.000779543 0.450408 -0.0889909)
(-0.00431933 0.421932 -0.0618833)
(-0.00740801 0.372386 -0.0362804)
(-0.00664066 0.296056 -0.0149964)
(-0.00394877 0.191207 -0.00200482)
(-0.00102205 0.0656675 0.000137671)
(0.20693 3.05739 0.213008)
(-0.130641 1.00841 0.210864)
(0.0101042 0.215274 0.26108)
(-0.0762568 0.03586 0.261048)
(-0.0872338 0.0234846 0.269837)
(-0.113031 0.0847547 0.270103)
(-0.12967 0.229446 0.251753)
(-0.130364 0.458426 0.205788)
(-0.1137 0.724656 0.135419)
(-0.0891576 0.947223 0.0580778)
(-0.0711663 1.0675 -0.00698619)
(-0.0640328 1.09877 -0.0554838)
(-0.0606947 1.08813 -0.0950122)
(-0.0573831 1.06232 -0.130564)
(-0.0528212 1.02953 -0.163297)
(-0.0471391 0.988706 -0.192066)
(-0.0409716 0.936649 -0.215048)
(-0.0349613 0.871576 -0.230718)
(-0.0295228 0.794563 -0.23816)
(-0.0247974 0.710084 -0.237101)
(-0.020771 0.625601 -0.227964)
(-0.0175145 0.549724 -0.211773)
(-0.0151591 0.489204 -0.189993)
(-0.0137969 0.44616 -0.164336)
(-0.0133382 0.417184 -0.136479)
(-0.0134456 0.39478 -0.107947)
(-0.0135702 0.370058 -0.0802057)
(-0.0130389 0.335265 -0.0548036)
(-0.0112193 0.28543 -0.0334038)
(-0.00789106 0.218987 -0.0175357)
(-0.00384299 0.137772 -0.00801009)
(-0.000611523 0.0468247 -0.00306582)
(0.24425 3.23444 0.226514)
(-0.149836 1.1723 0.258911)
(0.0164716 0.268899 0.3056)
(-0.0850307 0.0559396 0.310222)
(-0.0918685 0.0707069 0.317967)
(-0.114629 0.203534 0.306494)
(-0.121855 0.438964 0.264769)
(-0.112337 0.726437 0.192961)
(-0.0946288 0.971625 0.109801)
(-0.0833804 1.10519 0.0387999)
(-0.0817657 1.14353 -0.0136489)
(-0.0819137 1.14562 -0.0569259)
(-0.0800027 1.14078 -0.0977583)
(-0.0752296 1.1344 -0.137181)
(-0.068195 1.12208 -0.173434)
(-0.0599777 1.09813 -0.204158)
(-0.0516823 1.05839 -0.227467)
(-0.0441718 1.0006 -0.242315)
(-0.0379258 0.924379 -0.248453)
(-0.0330021 0.831871 -0.246179)
(-0.0291172 0.728741 -0.236105)
(-0.0258468 0.624273 -0.219102)
(-0.0228725 0.529187 -0.196417)
(-0.0201019 0.45151 -0.169793)
(-0.017571 0.393078 -0.141323)
(-0.0152465 0.349248 -0.113098)
(-0.0129356 0.31182 -0.0869022)
(-0.0103793 0.272747 -0.0640957)
(-0.00744779 0.226541 -0.0455097)
(-0.00433434 0.170937 -0.0311804)
(-0.00163452 0.106511 -0.019865)
(-4.00767e-05 0.0360839 -0.00841888)
(0.266298 3.34163 0.23379)
(-0.160656 1.29218 0.303511)
(0.0224938 0.316274 0.348538)
(-0.0895302 0.0885171 0.354983)
(-0.0908389 0.148552 0.355405)
(-0.108895 0.3581 0.325593)
(-0.108139 0.654052 0.260452)
(-0.0961265 0.936046 0.174716)
(-0.0867706 1.11093 0.0958067)
(-0.0863203 1.17611 0.0363726)
(-0.0876763 1.19472 -0.0121442)
(-0.0855894 1.20842 -0.0591073)
(-0.0794133 1.22431 -0.106234)
(-0.0697943 1.23694 -0.151419)
(-0.0579886 1.23953 -0.191454)
(-0.0454031 1.22788 -0.223515)
(-0.0333513 1.20028 -0.245861)
(-0.0229158 1.15598 -0.25801)
(-0.0148504 1.09387 -0.260585)
(-0.009466 1.01219 -0.254921)
(-0.00654005 0.910357 -0.242529)
(-0.00533834 0.791909 -0.224652)
(-0.00486556 0.666309 -0.2022)
(-0.00431257 0.546785 -0.176136)
(-0.0033635 0.444626 -0.147945)
(-0.00213625 0.363992 -0.119633)
(-0.000896016 0.30125 -0.0932269)
(0.000159916 0.248607 -0.0701881)
(0.00090611 0.198506 -0.0510956)
(0.00121648 0.146092 -0.0355367)
(0.000998212 0.0896573 -0.0220638)
(0.000281527 0.0301387 -0.008306)
(0.276257 3.40599 0.236477)
(-0.166769 1.38048 0.342049)
(0.027315 0.361676 0.387515)
(-0.0902537 0.135675 0.393153)
(-0.0846071 0.24834 0.381721)
(-0.0979102 0.51986 0.332459)
(-0.0927474 0.834631 0.251299)
(-0.0844344 1.07218 0.164351)
(-0.0833121 1.18519 0.0942172)
(-0.0856092 1.22492 0.0385109)
(-0.0843297 1.25018 -0.0145345)
(-0.0779822 1.27854 -0.0693582)
(-0.0672319 1.30527 -0.124249)
(-0.0532989 1.32204 -0.175433)
(-0.0375397 1.32395 -0.218982)
(-0.021245 1.3106 -0.251898)
(-0.00557249 1.28458 -0.272532)
(0.00843544 1.24904 -0.280649)
(0.019827 1.20521 -0.277343)
(0.0278088 1.15051 -0.264827)
(0.0319133 1.0788 -0.245918)
(0.03227 0.983442 -0.223309)
(0.0297967 0.862751 -0.198796)
(0.025949 0.724382 -0.173043)
(0.0220659 0.584016 -0.146205)
(0.0187937 0.45776 -0.118889)
(0.0160323 0.354133 -0.0924688)
(0.0133453 0.271957 -0.0685229)
(0.0103631 0.204302 -0.0480293)
(0.00699192 0.143788 -0.0310139)
(0.0035555 0.0856723 -0.0167741)
(0.000616103 0.0283476 -0.00461731)
(0.279531 3.44377 0.240479)
(-0.169699 1.44742 0.37775)
(0.0313446 0.408302 0.424749)
(-0.08831 0.195174 0.42695)
(-0.0756197 0.356865 0.401555)
(-0.0858956 0.666745 0.335548)
(-0.0804928 0.968721 0.246516)
(-0.078122 1.15543 0.163506)
(-0.0812229 1.23258 0.0974384)
(-0.0824991 1.26836 0.0381491)
(-0.0784694 1.3015 -0.0230216)
(-0.0696002 1.33402 -0.0865451)
(-0.057001 1.35669 -0.148925)
(-0.0418576 1.36212 -0.205619)
(-0.0252211 1.34868 -0.252539)
(-0.00797021 1.31995 -0.286748)
(0.00916889 1.28234 -0.306638)
(0.0254636 1.24264 -0.31187)
(0.0400463 1.20554 -0.303356)
(0.0519159 1.17163 -0.283299)
(0.0600326 1.1359 -0.255037)
(0.0635649 1.08735 -0.222663)
(0.0622977 1.01243 -0.190022)
(0.0569986 0.902685 -0.159486)
(0.0493295 0.762508 -0.1314)
(0.0410823 0.60942 -0.104887)
(0.0332885 0.464686 -0.0793906)
(0.0260338 0.341954 -0.0554442)
(0.0189874 0.243154 -0.0341987)
(0.0120211 0.162609 -0.0166503)
(0.00567866 0.0932954 -0.00372464)
(0.000835863 0.0302617 0.00265361)
(0.278465 3.46449 0.246986)
(-0.170466 1.49959 0.411118)
(0.034431 0.457225 0.459749)
(-0.0854946 0.262761 0.456585)
(-0.0668931 0.463817 0.417303)
(-0.0764426 0.789974 0.338953)
(-0.0735645 1.06352 0.247626)
(-0.0763056 1.20901 0.168197)
(-0.0808563 1.26859 0.101202)
(-0.0812683 1.30497 0.035356)
(-0.0767505 1.33918 -0.0340785)
(-0.0684066 1.36549 -0.105225)
(-0.0572311 1.37427 -0.173815)
(-0.0440716 1.3607 -0.235175)
(-0.0295351 1.32653 -0.285391)
(-0.0139735 1.27839 -0.321714)
(0.00228673 1.22461 -0.342538)
(0.01879 1.17297 -0.347197)
(0.0347139 1.12984 -0.336008)
(0.0490994 1.09931 -0.310783)
(0.0609015 1.08114 -0.274541)
(0.0689771 1.068 -0.231709)
(0.0723711 1.04445 -0.18741)
(0.0706151 0.990998 -0.146263)
(0.0642198 0.893895 -0.110877)
(0.0547938 0.755626 -0.0811298)
(0.0442782 0.595984 -0.0552426)
(0.0339136 0.440641 -0.0318151)
(0.0240526 0.306918 -0.0109786)
(0.0147268 0.198648 0.00564396)
(0.00662824 0.110622 0.015139)
(0.000959217 0.0353087 0.0123484)
(0.274902 3.47434 0.255391)
(-0.170008 1.54098 0.441348)
(0.0364212 0.507963 0.491585)
(-0.082913 0.334318 0.48218)
(-0.0600123 0.56353 0.430751)
(-0.0706841 0.889643 0.34462)
(-0.0713699 1.13075 0.253927)
(-0.0777741 1.24668 0.176226)
(-0.0833193 1.29698 0.105869)
(-0.0846395 1.33203 0.0334854)
(-0.082185 1.36123 -0.0427048)
(-0.076988 1.37612 -0.119724)
(-0.0697266 1.36856 -0.19315)
(-0.0608271 1.33671 -0.258535)
(-0.050348 1.28547 -0.312293)
(-0.0381692 1.22308 -0.35188)
(-0.0243396 1.15717 -0.375434)
(-0.00912166 1.0939 -0.381686)
(0.00645613 1.03944 -0.370313)
(0.0214816 1.00063 -0.342524)
(0.0351621 0.981781 -0.301138)
(0.0463439 0.98097 -0.250485)
(0.0541338 0.986726 -0.196043)
(0.0576741 0.97864 -0.143365)
(0.0564325 0.933639 -0.0970428)
(0.0507643 0.837788 -0.0591556)
(0.0421161 0.696641 -0.0288713)
(0.0323753 0.533945 -0.00402635)
(0.0225646 0.377261 0.0164665)
(0.0132596 0.243216 0.0311508)
(0.00557391 0.133971 0.0356196)
(0.000569703 0.0424915 0.0219876)
(0.271545 3.47994 0.26525)
(-0.169153 1.57608 0.468414)
(0.0377677 0.559902 0.520437)
(-0.0807197 0.406586 0.504827)
(-0.0550703 0.653446 0.4439)
(-0.0680363 0.969122 0.35382)
(-0.0723384 1.17964 0.264963)
(-0.0815751 1.27464 0.187624)
(-0.0888709 1.31835 0.113673)
(-0.0928987 1.34953 0.0362583)
(-0.0944142 1.37122 -0.0446686)
(-0.0941857 1.37466 -0.125791)
(-0.0925603 1.35371 -0.202878)
(-0.0894542 1.30988 -0.271953)
(-0.0843589 1.25064 -0.32992)
(-0.0767976 1.18331 -0.374228)
(-0.0666672 1.11171 -0.402375)
(-0.0542702 1.03893 -0.412232)
(-0.0402866 0.97112 -0.402835)
(-0.0255213 0.917754 -0.374768)
(-0.0108824 0.887783 -0.330802)
(0.00242004 0.884033 -0.275374)
(0.013603 0.898592 -0.214043)
(0.0220864 0.913012 -0.152598)
(0.0269073 0.902804 -0.09636)
(0.0276432 0.846716 -0.0489862)
(0.0247115 0.738131 -0.0113873)
(0.0192721 0.590605 0.017656)
(0.012963 0.430892 0.0391966)
(0.00674272 0.28311 0.052086)
(0.00257307 0.157395 0.0513654)
(-0.0002554 0.0501452 0.0281816)
(0.269257 3.4863 0.2762)
(-0.168292 1.60931 0.493028)
(0.0391104 0.612746 0.547097)
(-0.0788214 0.477126 0.52584)
(-0.0514243 0.732592 0.458347)
(-0.0672627 1.03209 0.367137)
(-0.0747884 1.21597 0.280527)
(-0.0865319 1.29549 0.203181)
(-0.0963884 1.33337 0.126712)
(-0.104241 1.35987 0.0463203)
(-0.110748 1.37489 -0.0372489)
(-0.116426 1.37013 -0.120739)
(-0.121278 1.34196 -0.200434)
(-0.124665 1.29556 -0.273071)
(-0.125681 1.23914 -0.335951)
(-0.123733 1.17593 -0.386197)
(-0.118607 1.10423 -0.42057)
(-0.110248 1.02381 -0.436129)
(-0.0990802 0.940851 -0.431147)
(-0.0855377 0.867722 -0.405711)
(-0.0705306 0.818087 -0.362208)
(-0.0551529 0.799735 -0.305148)
(-0.0403825 0.80871 -0.240162)
(-0.0271067 0.828352 -0.173328)
(-0.0162783 0.834326 -0.110151)
(-0.0085421 0.803551 -0.0548734)
(-0.00403808 0.723933 -0.00977936)
(-0.00238675 0.600733 0.0247574)
(-0.0022441 0.454078 0.0488579)
(-0.00268315 0.307456 0.0609547)
(-0.00213111 0.174727 0.0563798)
(-0.000862749 0.0563017 0.0282178)
(0.268647 3.4968 0.287565)
(-0.167443 1.64473 0.515703)
(0.0410109 0.666552 0.572145)
(-0.0768432 0.544132 0.546111)
(-0.0481195 0.800679 0.474841)
(-0.0669085 1.08151 0.384425)
(-0.0769856 1.24302 0.300271)
(-0.0909296 1.31059 0.223338)
(-0.103564 1.34343 0.145968)
(-0.115351 1.36627 0.0647009)
(-0.126766 1.37742 -0.0195359)
(-0.138068 1.36933 -0.103897)
(-0.148885 1.34148 -0.185413)
(-0.158188 1.30177 -0.261439)
(-0.165068 1.25665 -0.329312)
(-0.169029 1.20435 -0.385827)
(-0.169689 1.1386 -0.427424)
(-0.166499 1.05612 -0.45075)
(-0.159142 0.961117 -0.453362)
(-0.147813 0.865877 -0.43447)
(-0.132923 0.787177 -0.395557)
(-0.115667 0.73912 -0.340591)
(-0.097363 0.725001 -0.275323)
(-0.079253 0.733263 -0.206079)
(-0.0624065 0.74107 -0.138695)
(-0.0477151 0.724204 -0.0778168)
(-0.0357327 0.667511 -0.0266141)
(-0.0264149 0.570624 0.0131947)
(-0.019088 0.446133 0.0403171)
(-0.012336 0.312263 0.0527533)
(-0.00661904 0.18228 0.0472689)
(-0.00118447 0.0595595 0.0213734)
(0.27 3.51327 0.298372)
(-0.16649 1.68569 0.536465)
(0.0439316 0.721618 0.595752)
(-0.0742321 0.606279 0.566058)
(-0.0441261 0.857716 0.493365)
(-0.0655288 1.11953 0.40493)
(-0.0772442 1.26273 0.323394)
(-0.0927556 1.32102 0.247608)
(-0.107557 1.35007 0.170891)
(-0.122326 1.37128 0.0904872)
(-0.13738 1.38194 0.0070415)
(-0.152654 1.37546 -0.077349)
(-0.167521 1.35386 -0.160173)
(-0.180941 1.32558 -0.239036)
(-0.192306 1.29477 -0.311084)
(-0.201276 1.25733 -0.373165)
(-0.207272 1.2054 -0.422063)
(-0.209406 1.1328 -0.454526)
(-0.206556 1.03868 -0.467574)
(-0.198455 0.930007 -0.459367)
(-0.184913 0.8214 -0.429967)
(-0.166764 0.73078 -0.381991)
(-0.145554 0.671429 -0.32051)
(-0.122984 0.644121 -0.251907)
(-0.100634 0.634791 -0.1826)
(-0.0797272 0.620795 -0.118038)
(-0.0610438 0.582434 -0.0622729)
(-0.0448034 0.511858 -0.0180833)
(-0.0307163 0.413896 0.0124955)
(-0.0183799 0.299647 0.0273867)
(-0.00850956 0.179831 0.0257168)
(-0.00116707 0.0596316 0.00990901)
(0.273244 3.53616 0.307556)
(-0.165324 1.73443 0.55497)
(0.0480436 0.778287 0.617744)
(-0.070711 0.662741 0.585597)
(-0.0384959 0.903976 0.513341)
(-0.0620382 1.14775 0.427419)
(-0.0742779 1.2764 0.348498)
(-0.0903526 1.32772 0.274409)
(-0.106062 1.3544 0.199354)
(-0.122108 1.3759 0.120785)
(-0.138636 1.38889 0.0387726)
(-0.155461 1.38723 -0.0452581)
(-0.171838 1.37352 -0.12903)
(-0.187042 1.35519 -0.209875)
(-0.20075 1.33576 -0.28476)
(-0.212771 1.31266 -0.350983)
(-0.2225 1.27976 -0.406166)
(-0.228874 1.22953 -0.447699)
(-0.230522 1.15557 -0.472548)
(-0.22612 1.05632 -0.477948)
(-0.215422 0.937908 -0.462437)
(-0.198225 0.814138 -0.426648)
(-0.175862 0.702556 -0.373937)
(-0.150225 0.617219 -0.309888)
(-0.123443 0.561353 -0.241167)
(-0.0974071 0.524795 -0.174245)
(-0.0734438 0.489297 -0.114457)
(-0.052215 0.43869 -0.0656199)
(-0.0338818 0.366277 -0.0301599)
(-0.0186908 0.274455 -0.00914718)
(-0.0073559 0.169395 -0.00155428)
(-0.000670607 0.0570425 -0.00182843)
(0.277989 3.56478 0.314184)
(-0.163895 1.79191 0.570672)
(0.0532525 0.8369 0.637708)
(-0.0661571 0.713244 0.604198)
(-0.0306532 0.940051 0.533835)
(-0.0560072 1.16751 0.450357)
(-0.0675724 1.2851 0.37376)
(-0.0830553 1.33145 0.301453)
(-0.098202 1.35678 0.228351)
(-0.113693 1.3796 0.151843)
(-0.12956 1.39631 0.0713552)
(-0.145602 1.40032 -0.0122343)
(-0.161316 1.39273 -0.096665)
(-0.176268 1.3794 -0.178661)
(-0.190274 1.36462 -0.255111)
(-0.203239 1.34947 -0.323845)
(-0.214683 1.33192 -0.383497)
(-0.223647 1.30627 -0.432535)
(-0.228757 1.26396 -0.468513)
(-0.228159 1.19689 -0.488267)
(-0.220923 1.10134 -0.48899)
(-0.206622 0.980624 -0.469335)
(-0.185622 0.845511 -0.430258)
(-0.159567 0.711844 -0.375412)
(-0.130708 0.595219 -0.310594)
(-0.101516 0.504235 -0.242655)
(-0.0741524 0.436149 -0.17817)
(-0.0501392 0.378665 -0.122348)
(-0.0303124 0.317343 -0.0783799)
(-0.0151064 0.242907 -0.0470738)
(-0.00493841 0.153387 -0.02628)
(-0.000139151 0.0523909 -0.0101496)
(0.284127 3.59843 0.317494)
(-0.162346 1.85837 0.582957)
(0.0592744 0.898139 0.654637)
(-0.0606202 0.758075 0.621653)
(-0.0204694 0.966869 0.553842)
(-0.047765 1.18001 0.472212)
(-0.0574732 1.2897 0.397363)
(-0.0713646 1.33271 0.326438)
(-0.0847046 1.357 0.254951)
(-0.0981384 1.38098 0.18018)
(-0.111763 1.40134 0.101003)
(-0.125611 1.41051 0.0179234)
(-0.139486 1.40705 -0.066636)
(-0.152969 1.39486 -0.149011)
(-0.166064 1.37869 -0.226045)
(-0.178663 1.36289 -0.295924)
(-0.190426 1.35002 -0.358142)
(-0.200567 1.33857 -0.412383)
(-0.207817 1.32187 -0.457289)
(-0.210602 1.29012 -0.489997)
(-0.207079 1.23415 -0.506818)
(-0.196635 1.1486 -0.504652)
(-0.179094 1.03377 -0.482083)
(-0.155508 0.896297 -0.440265)
(-0.127817 0.748661 -0.383047)
(-0.0985392 0.606384 -0.316393)
(-0.0703116 0.482598 -0.247245)
(-0.0454148 0.382093 -0.182139)
(-0.0254381 0.299124 -0.125861)
(-0.0111715 0.221577 -0.0804253)
(-0.0027463 0.138787 -0.0446222)
(0.000118646 0.0474442 -0.0144434)
(0.28953 3.63486 0.317164)
(-0.160436 1.9325 0.591561)
(0.0659383 0.961997 0.667723)
(-0.0536343 0.79822 0.637486)
(-0.00901171 0.985857 0.572279)
(-0.038319 1.18645 0.491684)
(-0.04502 1.29095 0.417926)
(-0.0567368 1.33192 0.347667)
(-0.0675903 1.35487 0.277086)
(-0.0782279 1.37879 0.203485)
(-0.0889024 1.40151 0.125448)
(-0.0998559 1.41492 0.0432859)
(-0.111208 1.4151 -0.040577)
(-0.122869 1.40347 -0.122503)
(-0.134726 1.38422 -0.199274)
(-0.146579 1.36314 -0.269253)
(-0.158159 1.34614 -0.332507)
(-0.168888 1.33612 -0.389792)
(-0.17769 1.33017 -0.441015)
(-0.183041 1.31986 -0.484152)
(-0.183283 1.29477 -0.515281)
(-0.177081 1.24619 -0.529843)
(-0.163976 1.16894 -0.524249)
(-0.144533 1.0617 -0.497144)
(-0.120311 0.927532 -0.450054)
(-0.0935864 0.774822 -0.387302)
(-0.0669525 0.616993 -0.315253)
(-0.0428935 0.469092 -0.241065)
(-0.0234175 0.341339 -0.171212)
(-0.00972942 0.233895 -0.11003)
(-0.00205055 0.138357 -0.0588548)
(4.39094e-05 0.0459656 -0.0167109)
(0.293222 3.6718 0.3137)
(-0.157775 2.01229 0.596093)
(0.072492 1.02865 0.677193)
(-0.0454295 0.835167 0.651109)
(0.00265148 0.998744 0.587848)
(-0.0287238 1.18795 0.50782)
(-0.0314125 1.28945 0.434763)
(-0.0409699 1.32949 0.364393)
(-0.0492492 1.3506 0.293947)
(-0.057004 1.37269 0.220985)
(-0.0646811 1.39559 0.144071)
(-0.0727501 1.41169 0.0633857)
(-0.0815676 1.41536 -0.0189169)
(-0.0913297 1.40561 -0.0994262)
(-0.101905 1.3852 -0.175032)
(-0.11298 1.35967 -0.244197)
(-0.124249 1.33641 -0.307282)
(-0.13526 1.32159 -0.365829)
(-0.14521 1.31615 -0.420969)
(-0.152794 1.31397 -0.471804)
(-0.156405 1.3046 -0.514745)
(-0.154532 1.27807 -0.544337)
(-0.146251 1.22777 -0.555034)
(-0.131624 1.15033 -0.543021)
(-0.111773 1.04458 -0.507384)
(-0.0886667 0.91167 -0.450553)
(-0.0647838 0.756772 -0.377924)
(-0.0425418 0.590766 -0.296757)
(-0.0239751 0.428768 -0.214743)
(-0.0104765 0.283828 -0.13852)
(-0.00260493 0.159806 -0.0725129)
(-0.000117142 0.0511933 -0.0191294)
(0.295428 3.70933 0.307439)
(-0.153415 2.09644 0.596076)
(0.0774685 1.09929 0.683237)
(-0.0365228 0.869605 0.662288)
(0.0131455 1.00689 0.599806)
(-0.0192433 1.1853 0.520724)
(-0.0174955 1.28562 0.4481)
(-0.0256959 1.32587 0.376809)
(-0.0317718 1.34492 0.305855)
(-0.0371013 1.36353 0.233061)
(-0.0423058 1.38401 0.15716)
(-0.0479778 1.40026 0.0783091)
(-0.0546395 1.40616 -0.001651)
(-0.0626937 1.39898 -0.0797673)
(-0.0720246 1.37981 -0.153317)
(-0.0822811 1.35306 -0.220878)
(-0.0930847 1.32593 -0.282907)
(-0.104036 1.30632 -0.341372)
(-0.114537 1.29831 -0.398381)
(-0.12361 1.29843 -0.45425)
(-0.129883 1.29667 -0.506186)
(-0.13184 1.28175 -0.548484)
(-0.128249 1.24574 -0.574172)
(-0.118577 1.18493 -0.577172)
(-0.103451 1.09817 -0.554038)
(-0.0842614 0.985377 -0.50498)
(-0.0633202 0.84755 -0.434107)
(-0.0430334 0.688482 -0.348545)
(-0.0254599 0.517469 -0.256892)
(-0.012054 0.349035 -0.167629)
(-0.00364175 0.196236 -0.0878565)
(-0.000276184 0.0622031 -0.0229217)
(0.296584 3.7474 0.298602)
(-0.148212 2.18386 0.591656)
(0.0807305 1.17494 0.685518)
(-0.0269728 0.903401 0.670848)
(0.0213973 1.01089 0.608027)
(-0.00947869 1.17919 0.531683)
(-0.00432659 1.27977 0.458354)
(-0.0123094 1.32144 0.385667)
(-0.0165136 1.33878 0.313925)
(-0.0201701 1.35303 0.240978)
(-0.0237546 1.36896 0.165933)
(-0.0278522 1.38259 0.0890403)
(-0.0330043 1.38835 0.0118357)
(-0.0396678 1.38288 -0.0632928)
(-0.0478833 1.36593 -0.134147)
(-0.0572599 1.34052 -0.199544)
(-0.0673906 1.31281 -0.25997)
(-0.0779044 1.29085 -0.317542)
(-0.0883563 1.2807 -0.374972)
(-0.0980521 1.28146 -0.43363)
(-0.105948 1.28433 -0.491734)
(-0.110713 1.27731 -0.543941)
(-0.111024 1.2509 -0.582594)
(-0.105806 1.20002 -0.599855)
(-0.0952842 1.12298 -0.589921)
(-0.080085 1.0203 -0.550505)
(-0.0620959 0.893784 -0.483875)
(-0.0436691 0.745667 -0.396585)
(-0.0269679 0.579773 -0.297881)
(-0.0136269 0.404688 -0.197752)
(-0.00468916 0.233327 -0.105377)
(-0.000425677 0.0747998 -0.0283032)
(0.297243 3.78543 0.287641)
(-0.143456 2.27319 0.583351)
(0.0832829 1.2553 0.683862)
(-0.0182373 0.938828 0.676522)
(0.0274572 1.01258 0.613893)
(0.00145596 1.16994 0.540794)
(0.00607828 1.27196 0.465932)
(-0.00110104 1.31636 0.392343)
(-0.00375419 1.33295 0.319672)
(-0.00665562 1.343 0.2464)
(-0.00946579 1.3534 0.172078)
(-0.0127624 1.36246 0.0970815)
(-0.0170954 1.36586 0.022632)
(-0.0228374 1.36043 -0.0494298)
(-0.0300862 1.34527 -0.117394)
(-0.0385259 1.32221 -0.180392)
(-0.0477847 1.29605 -0.238966)
(-0.0575448 1.27407 -0.295224)
(-0.0674809 1.26302 -0.35218)
(-0.0771299 1.26395 -0.411984)
(-0.0857569 1.26974 -0.473863)
(-0.0922976 1.26885 -0.533212)
(-0.0955001 1.25108 -0.582388)
(-0.0940791 1.20966 -0.612522)
(-0.0873292 1.14064 -0.615775)
(-0.0759302 1.04314 -0.587424)
(-0.0608118 0.919984 -0.527419)
(-0.0441935 0.775906 -0.441074)
(-0.028278 0.614818 -0.337796)
(-0.0149626 0.440677 -0.228773)
(-0.00558398 0.261031 -0.124847)
(-0.000555954 0.0851485 -0.0351012)
(0.297853 3.82243 0.275355)
(-0.139986 2.3628 0.571874)
(0.0852976 1.33914 0.678831)
(-0.0104675 0.977335 0.678745)
(0.0317012 1.01382 0.618763)
(0.0116215 1.15809 0.547515)
(0.0143722 1.26203 0.471698)
(0.00876998 1.31057 0.397699)
(0.00642735 1.32787 0.324221)
(0.00376796 1.33474 0.250705)
(0.00122756 1.33982 0.17706)
(-0.0017895 1.34363 0.103731)
(-0.00579299 1.34341 0.0317537)
(-0.0109612 1.33664 -0.0374951)
(-0.017392 1.32228 -0.102754)
(-0.0248804 1.30133 -0.163451)
(-0.0331469 1.27735 -0.220162)
(-0.0419575 1.25649 -0.274924)
(-0.0510951 1.24537 -0.330858)
(-0.0602773 1.24615 -0.390645)
(-0.0690407 1.25343 -0.45441)
(-0.076583 1.25705 -0.518484)
(-0.0817279 1.24735 -0.575746)
(-0.0832691 1.21661 -0.617009)
(-0.0797139 1.15789 -0.632901)
(-0.07162 1.06664 -0.616426)
(-0.0592341 0.944168 -0.565026)
(-0.0443984 0.797624 -0.482131)
(-0.0292931 0.634906 -0.376644)
(-0.0160175 0.460471 -0.260518)
(-0.00627632 0.27751 -0.145939)
(-0.000649493 0.0918054 -0.0430652)
(0.298653 3.85784 0.26256)
(-0.137677 2.45162 0.557904)
(0.0864974 1.42575 0.671089)
(-0.00380971 1.01986 0.677617)
(0.0348756 1.01628 0.622095)
(0.0202524 1.14456 0.552281)
(0.0213399 1.24983 0.476566)
(0.0172846 1.30356 0.402219)
(0.014796 1.32328 0.328286)
(0.0121356 1.32862 0.25476)
(0.00951328 1.32955 0.181812)
(0.00647861 1.32852 0.109928)
(0.0026476 1.32443 0.0400175)
(-0.00213277 1.31558 -0.0268858)
(-0.00787499 1.30107 -0.0898702)
(-0.0144694 1.28139 -0.148578)
(-0.0217433 1.25914 -0.203574)
(-0.0295641 1.23941 -0.256798)
(-0.0378056 1.22825 -0.311371)
(-0.0463273 1.22836 -0.370311)
(-0.0548848 1.23584 -0.434509)
(-0.0629238 1.24245 -0.50131)
(-0.0694015 1.24007 -0.564463)
(-0.0729546 1.22102 -0.614984)
(-0.0721839 1.17567 -0.642611)
(-0.0668175 1.09457 -0.638315)
(-0.0570382 0.974889 -0.597011)
(-0.0439736 0.823725 -0.519772)
(-0.0298194 0.653494 -0.414293)
(-0.0167168 0.473422 -0.292724)
(-0.00673754 0.286658 -0.168269)
(-0.00069923 0.0954814 -0.0518918)
(0.299626 3.89156 0.249821)
(-0.136155 2.53924 0.541988)
(0.0869831 1.51468 0.660852)
(0.00177665 1.06707 0.673648)
(0.0374804 1.02141 0.623408)
(0.0275186 1.1303 0.555481)
(0.0274659 1.23532 0.480607)
(0.0246102 1.29474 0.406226)
(0.0220419 1.31846 0.332254)
(0.0193383 1.32415 0.258957)
(0.0165611 1.3226 0.186698)
(0.0134247 1.31788 0.116043)
(0.00969171 1.31037 0.0477754)
(0.0052446 1.29924 -0.0172859)
(6.29766e-05 1.28385 -0.078476)
(-0.0057713 1.26443 -0.13553)
(-0.012169 1.24298 -0.189014)
(-0.0190956 1.22373 -0.240742)
(-0.0264875 1.21201 -0.293767)
(-0.0343101 1.21072 -0.351296)
(-0.0424866 1.21729 -0.414845)
(-0.0506643 1.22559 -0.482779)
(-0.0579348 1.22966 -0.549934)
(-0.0629539 1.22272 -0.60795)
(-0.0644815 1.19319 -0.646184)
(-0.0611343 1.12658 -0.653916)
(-0.0537784 1.01423 -0.623612)
(-0.0424889 0.86036 -0.553781)
(-0.0295356 0.680008 -0.450288)
(-0.016902 0.488814 -0.324846)
(-0.00692166 0.294326 -0.191266)
(-0.00071204 0.0979339 -0.0611984)
(0.300668 3.92382 0.237536)
(-0.135194 2.62552 0.524607)
(0.0869707 1.60573 0.648176)
(0.00652873 1.11939 0.667246)
(0.0396674 1.03039 0.622674)
(0.0336878 1.11632 0.557233)
(0.0330335 1.21865 0.483716)
(0.0310875 1.28352 0.409748)
(0.0286445 1.31247 0.33614)
(0.0259611 1.32029 0.263313)
(0.0230918 1.31805 0.191769)
(0.0198913 1.31106 0.122148)
(0.0162356 1.30094 0.0551652)
(0.0120533 1.28765 -0.00849055)
(0.00733324 1.27089 -0.0682841)
(0.00207204 1.2509 -0.123985)
(-0.0036888 1.22929 -0.176134)
(-0.00992096 1.20967 -0.226456)
(-0.0166199 1.19675 -0.277883)
(-0.0238187 1.1934 -0.333697)
(-0.0315431 1.19823 -0.395903)
(-0.039585 1.20725 -0.463822)
(-0.0471857 1.21696 -0.533481)
(-0.0530694 1.22202 -0.59743)
(-0.0560013 1.20967 -0.64501)
(-0.0543146 1.16084 -0.664131)
(-0.0490104 1.06053 -0.645025)
(-0.0395742 0.908072 -0.583668)
(-0.0281114 0.718403 -0.483741)
(-0.0163877 0.512684 -0.355902)
(-0.00677108 0.305527 -0.214068)
(-0.000744215 0.100963 -0.0705176)
(0.30187 3.956 0.225796)
(-0.134213 2.71148 0.506206)
(0.0866371 1.69916 0.633154)
(0.0106114 1.17724 0.658643)
(0.0415634 1.04428 0.620004)
(0.0389113 1.10373 0.557566)
(0.0381279 1.20022 0.485805)
(0.0369288 1.26952 0.412657)
(0.0348107 1.30436 0.339741)
(0.0322609 1.31578 0.267611)
(0.0294105 1.31449 0.196853)
(0.0262184 1.30663 0.128157)
(0.0226407 1.29481 0.0622214)
(0.0186384 1.27971 -0.000311673)
(0.0141884 1.26137 -0.0589453)
(0.00927013 1.24018 -0.113474)
(0.0038872 1.21767 -0.164425)
(-0.00193807 1.19701 -0.213441)
(-0.00820206 1.18237 -0.263324)
(-0.0149729 1.17658 -0.317352)
(-0.0223217 1.17928 -0.377899)
(-0.0301191 1.18859 -0.445159)
(-0.0377226 1.20353 -0.516359)
(-0.0439179 1.22041 -0.585056)
(-0.0473834 1.22561 -0.640746)
(-0.0468903 1.19607 -0.670251)
(-0.042813 1.11086 -0.661795)
(-0.0353184 0.963878 -0.609056)
(-0.0255037 0.767763 -0.513622)
(-0.0151324 0.546808 -0.384652)
(-0.00630993 0.322967 -0.23564)
(-0.000772203 0.105781 -0.0793649)
(0.303232 3.9896 0.213527)
(-0.131489 2.80025 0.487109)
(0.0860157 1.79636 0.616413)
(0.0139807 1.24113 0.648078)
(0.0431642 1.06406 0.615532)
(0.04323 1.09378 0.556507)
(0.0426699 1.1808 0.486797)
(0.0421435 1.25267 0.414789)
(0.0405021 1.29336 0.342821)
(0.0382128 1.3094 0.271595)
(0.0354944 1.31039 0.201742)
(0.0323741 1.3029 0.133974)
(0.0288561 1.29027 0.069004)
(0.0249239 1.27379 0.00748391)
(0.0205499 1.2539 -0.0500764)
(0.0157154 1.23122 -0.103486)
(0.0104166 1.20734 -0.153273)
(0.0046795 1.18523 -0.201041)
(-0.0014718 1.16866 -0.249481)
(-0.00809409 1.1604 -0.301811)
(-0.0152631 1.1611 -0.360697)
(-0.0228625 1.17099 -0.427121)
(-0.0302746 1.19158 -0.499455)
(-0.0363012 1.22062 -0.572242)
(-0.0397231 1.24333 -0.635144)
(-0.0398516 1.23279 -0.674012)
(-0.0361064 1.16316 -0.675122)
(-0.0300556 1.02382 -0.630226)
(-0.0218634 0.824295 -0.539268)
(-0.0131744 0.589446 -0.409954)
(-0.00557023 0.346852 -0.25497)
(-0.00072407 0.112812 -0.0872913)
(0.303725 4.01855 0.19933)
(-0.127389 2.8893 0.467592)
(0.0849438 1.89689 0.599518)
(0.0162244 1.31115 0.635922)
(0.044297 1.09055 0.609408)
(0.046568 1.08779 0.554063)
(0.0464624 1.1615 0.486619)
(0.0466025 1.23334 0.416002)
(0.0455375 1.27909 0.345187)
(0.0436152 1.30018 0.275064)
(0.0411178 1.30441 0.206283)
(0.0381095 1.29829 0.139561)
(0.0346175 1.28564 0.0756336)
(0.0306402 1.26828 0.015187)
(0.0261549 1.24704 -0.0412435)
(0.0211554 1.22284 -0.0934778)
(0.0156538 1.19743 -0.142057)
(0.0096891 1.17373 -0.188564)
(0.00331346 1.15529 -0.235633)
(-0.00347764 1.14492 -0.286448)
(-0.0107222 1.14431 -0.343918)
(-0.018242 1.1559 -0.409773)
(-0.0253455 1.18367 -0.483452)
(-0.0308219 1.22613 -0.560329)
(-0.0335393 1.26625 -0.630028)
(-0.0334153 1.27301 -0.677324)
(-0.0295881 1.21684 -0.686634)
(-0.0241434 1.08456 -0.64806)
(-0.0173799 0.883348 -0.560523)
(-0.0105237 0.636821 -0.4309)
(-0.00450117 0.375452 -0.271068)
(-0.000614075 0.121753 -0.0938217)
(0.302613 4.03032 0.186169)
(-0.129651 2.96047 0.448461)
(0.0835968 1.99117 0.583095)
(0.0159137 1.38475 0.62223)
(0.0447507 1.12384 0.60162)
(0.0487734 1.08706 0.550142)
(0.0493067 1.14372 0.485173)
(0.0501521 1.21239 0.416181)
(0.0497149 1.26163 0.346712)
(0.0482227 1.28756 0.27789)
(0.0459977 1.29554 0.210392)
(0.0431177 1.29153 0.144928)
(0.0396135 1.27953 0.0822469)
(0.0354912 1.26178 0.0230708)
(0.0307354 1.23949 -0.0320415)
(0.0253573 1.21392 -0.0829277)
(0.0193983 1.18708 -0.130163)
(0.0129253 1.16194 -0.175341)
(0.00601879 1.14194 -0.221068)
(-0.00125952 1.13014 -0.270561)
(-0.00887009 1.12943 -0.327023)
(-0.0165028 1.14476 -0.392958)
(-0.023297 1.18236 -0.468797)
(-0.0280053 1.2403 -0.550473)
(-0.0296371 1.29759 -0.627123)
(-0.0282312 1.31856 -0.682088)
(-0.0240307 1.27155 -0.698066)
(-0.0185898 1.1433 -0.663815)
(-0.0127043 0.940341 -0.577821)
(-0.00748936 0.684357 -0.447063)
(-0.00316854 0.405886 -0.283135)
(-0.00046225 0.131774 -0.0985025)
(0.303184 4.03531 0.180834)
(-0.14229 3.00512 0.430113)
(0.0826034 2.06866 0.563722)
(0.0128545 1.45708 0.606478)
(0.0445857 1.16269 0.591758)
(0.0498996 1.09224 0.54447)
(0.051172 1.12881 0.482333)
(0.0527574 1.19096 0.415258)
(0.0529287 1.24155 0.347342)
(0.0518698 1.27148 0.280027)
(0.0499263 1.28325 0.214053)
(0.0471694 1.28176 0.150115)
(0.0436197 1.27093 0.0889698)
(0.0392827 1.25323 0.0313621)
(0.0341471 1.23026 -0.0221404)
(0.0282428 1.20363 -0.0714103)
(0.0216465 1.17565 -0.117078)
(0.0144568 1.14942 -0.160778)
(0.00678807 1.12841 -0.205132)
(-0.0012482 1.11611 -0.253454)
(-0.0095042 1.11704 -0.309383)
(-0.0174758 1.13893 -0.376278)
(-0.0240897 1.18977 -0.45549)
(-0.0280316 1.26526 -0.54313)
(-0.0285099 1.33853 -0.627321)
(-0.0257672 1.36932 -0.689623)
(-0.0207106 1.32586 -0.711046)
(-0.0146989 1.19726 -0.679199)
(-0.0089331 0.991215 -0.592505)
(-0.00472106 0.727688 -0.459007)
(-0.00179977 0.435036 -0.291073)
(-0.00027537 0.14184 -0.101161)
(0.308895 4.07193 0.179775)
(-0.144434 3.06507 0.411831)
(0.081998 2.14561 0.538654)
(0.0115479 1.52934 0.588786)
(0.0444316 1.20623 0.579734)
(0.0505016 1.10337 0.537035)
(0.0524462 1.1177 0.478183)
(0.0546046 1.17021 0.413314)
(0.0552462 1.21971 0.347157)
(0.0545516 1.25234 0.281543)
(0.052852 1.2675 0.21732)
(0.0501949 1.26865 0.155187)
(0.0465801 1.25932 0.0958969)
(0.0420025 1.24205 0.040202)
(0.0364467 1.21877 -0.0113465)
(0.029961 1.19147 -0.0586745)
(0.0226592 1.16278 -0.102493)
(0.0146671 1.13598 -0.1445)
(0.00612451 1.11468 -0.18737)
(-0.00282602 1.10304 -0.234598)
(-0.0119218 1.10768 -0.290436)
(-0.0204377 1.13932 -0.359221)
(-0.02709 1.20655 -0.443091)
(-0.0305429 1.30032 -0.537891)
(-0.0302476 1.38658 -0.63032)
(-0.0266559 1.42183 -0.700102)
(-0.0207203 1.37654 -0.726581)
(-0.0137014 1.24359 -0.696033)
(-0.00725257 1.03277 -0.606723)
(-0.00302294 0.763245 -0.468461)
(-0.000786143 0.460095 -0.295797)
(-0.000118654 0.150931 -0.102091)
(0.313072 4.12984 0.165878)
(-0.120089 3.17514 0.394208)
(0.0813332 2.25155 0.516546)
(0.0154638 1.61099 0.571542)
(0.0447398 1.25624 0.567095)
(0.0511575 1.12075 0.528845)
(0.0534815 1.11113 0.473282)
(0.0558742 1.15127 0.410703)
(0.0568054 1.19721 0.34641)
(0.0563729 1.23094 0.282614)
(0.0548583 1.24873 0.220304)
(0.0522821 1.25235 0.160204)
(0.0486122 1.24463 0.103062)
(0.0438238 1.22806 0.0496106)
(0.0379021 1.20484 0.000361517)
(0.0309072 1.17734 -0.044702)
(0.022979 1.1485 -0.0863858)
(0.0142627 1.12174 -0.126454)
(0.00490976 1.10091 -0.167657)
(-0.00494775 1.09115 -0.213756)
(-0.0149392 1.1016 -0.269809)
(-0.0241485 1.14562 -0.341195)
(-0.0311819 1.23056 -0.430633)
(-0.0347976 1.34062 -0.533333)
(-0.0346773 1.43497 -0.634505)
(-0.0312165 1.46969 -0.712357)
(-0.0249106 1.41938 -0.744664)
(-0.0167039 1.28024 -0.715825)
(-0.00881531 1.06364 -0.623143)
(-0.00327378 0.789074 -0.478284)
(-0.000617641 0.479083 -0.299407)
(-0.000114037 0.158227 -0.102162)
(0.306626 4.13097 0.138703)
(-0.107328 3.26343 0.380645)
(0.0795695 2.36132 0.506564)
(0.0169578 1.70014 0.55669)
(0.0441644 1.31309 0.555609)
(0.051067 1.14473 0.520907)
(0.053681 1.10994 0.468101)
(0.0563619 1.13541 0.407721)
(0.0575992 1.17539 0.345313)
(0.0574124 1.20845 0.283371)
(0.0560854 1.22781 0.22306)
(0.0536286 1.23339 0.165154)
(0.0499777 1.22717 0.110386)
(0.0450923 1.21147 0.0594463)
(0.038966 1.18866 0.0127675)
(0.0316689 1.16148 -0.0297838)
(0.023361 1.13309 -0.0691019)
(0.0141933 1.10701 -0.107001)
(0.00430976 1.08739 -0.14631)
(-0.00621289 1.08053 -0.191127)
(-0.0169605 1.09814 -0.24741)
(-0.026924 1.1552 -0.321531)
(-0.0347781 1.25592 -0.416533)
(-0.0395288 1.37715 -0.526904)
(-0.0409872 1.47401 -0.636869)
(-0.0390889 1.50575 -0.723862)
(-0.0332953 1.45149 -0.764186)
(-0.0243344 1.30802 -0.739495)
(-0.014303 1.08598 -0.644628)
(-0.00608141 0.806291 -0.492203)
(-0.0015898 0.49168 -0.305036)
(-0.000261073 0.163333 -0.102808)
(0.282669 4.06693 0.12947)
(-0.134947 3.24152 0.368999)
(0.0747457 2.41361 0.497431)
(0.00730868 1.77485 0.540911)
(0.041822 1.37013 0.544014)
(0.0489514 1.1738 0.512212)
(0.0523011 1.11444 0.462082)
(0.0558765 1.12368 0.404099)
(0.0576505 1.15558 0.343715)
(0.0578037 1.18607 0.283709)
(0.0567574 1.2057 0.225482)
(0.0545252 1.2125 0.169884)
(0.0510296 1.2075 0.117636)
(0.046238 1.19273 0.0693669)
(0.0401687 1.17071 0.025397)
(0.0329078 1.14438 -0.0145207)
(0.0246229 1.11703 -0.0513581)
(0.0154573 1.09221 -0.0869409)
(0.00553339 1.0743 -0.124153)
(-0.00516542 1.07076 -0.167439)
(-0.0162831 1.09525 -0.223539)
(-0.0268845 1.16297 -0.299645)
(-0.0359342 1.27382 -0.398918)
(-0.0427986 1.3991 -0.515467)
(-0.0472598 1.49432 -0.633598)
(-0.0484646 1.52479 -0.731068)
(-0.0444008 1.47276 -0.782869)
(-0.0357103 1.33122 -0.766932)
(-0.0233611 1.10627 -0.673531)
(-0.0114258 0.820262 -0.514118)
(-0.00372172 0.500315 -0.316332)
(-0.000571123 0.166697 -0.105728)
(0.26931 4.03457 0.154502)
(-0.17159 3.14974 0.349446)
(0.0636059 2.39456 0.469719)
(-0.00838288 1.81643 0.519881)
(0.0394652 1.41786 0.528054)
(0.0454877 1.2045 0.500318)
(0.0503516 1.12371 0.454144)
(0.0551629 1.11635 0.399269)
(0.0574601 1.13852 0.341274)
(0.0579796 1.16469 0.283413)
(0.0572776 1.18322 0.227386)
(0.0553565 1.19039 0.174164)
(0.0521566 1.18623 0.124487)
(0.0476754 1.17244 0.078907)
(0.0419673 1.15154 0.03762)
(0.0351492 1.12657 0.000269223)
(0.0273793 1.10079 -0.0341642)
(0.0187903 1.07763 -0.0674545)
(0.00943356 1.06161 -0.102488)
(-0.000745784 1.06088 -0.143963)
(-0.0115821 1.08993 -0.199005)
(-0.0224654 1.16285 -0.275435)
(-0.0327568 1.27577 -0.376454)
(-0.0422432 1.39808 -0.49646)
(-0.0505648 1.49 -0.621162)
(-0.0560471 1.52437 -0.72998)
(-0.0556702 1.48452 -0.797277)
(-0.0480791 1.35529 -0.796385)
(-0.0345001 1.13318 -0.710625)
(-0.0186056 0.83974 -0.546983)
(-0.00668959 0.510296 -0.336502)
(-0.000908654 0.169757 -0.112369)
(0.310632 4.13757 0.189695)
(-0.171823 3.2131 0.339045)
(0.0641013 2.41679 0.422675)
(-0.00917928 1.85316 0.494356)
(0.0392149 1.46139 0.506163)
(0.0447371 1.23633 0.485004)
(0.0506237 1.13677 0.444489)
(0.055633 1.11299 0.393399)
(0.0579053 1.12432 0.33812)
(0.0585665 1.14478 0.282562)
(0.0580961 1.16099 0.228757)
(0.0564663 1.16771 0.177859)
(0.0536448 1.16402 0.130646)
(0.0496555 1.15119 0.0875891)
(0.0445875 1.13168 0.0487486)
(0.0385864 1.10848 0.0136712)
(0.031802 1.08468 -0.0186407)
(0.0243355 1.06341 -0.0498557)
(0.0161418 1.04906 -0.0827898)
(0.00731775 1.04984 -0.1222)
(-0.00244843 1.07959 -0.175287)
(-0.0130711 1.15077 -0.249827)
(-0.0241239 1.25768 -0.349362)
(-0.0358412 1.37164 -0.469278)
(-0.047855 1.46013 -0.597752)
(-0.0579918 1.50373 -0.717241)
(-0.0629328 1.48635 -0.802969)
(-0.0579581 1.38236 -0.823806)
(-0.0451587 1.17296 -0.753914)
(-0.0262094 0.873464 -0.591524)
(-0.0100411 0.528475 -0.367396)
(-0.00123932 0.174766 -0.123551)
(0.321823 4.29897 0.164007)
(-0.0635734 3.5192 0.339436)
(0.0783374 2.66107 0.402692)
(0.0275668 1.97716 0.475483)
(0.0464692 1.5326 0.487729)
(0.0507783 1.27774 0.471855)
(0.0549548 1.15514 0.436123)
(0.0580472 1.11373 0.388234)
(0.0593985 1.11319 0.335322)
(0.0597777 1.12678 0.28176)
(0.0592971 1.13964 0.229875)
(0.0578747 1.14513 0.181001)
(0.0554663 1.14144 0.135933)
(0.0520957 1.12945 0.0950279)
(0.0478763 1.11149 0.0581981)
(0.0429776 1.09039 0.0249252)
(0.0375673 1.06883 -0.00571221)
(0.0316493 1.04951 -0.0352763)
(0.0251191 1.03639 -0.0663911)
(0.0178921 1.03709 -0.103639)
(0.00989907 1.06382 -0.154002)
(0.000545839 1.12715 -0.22478)
(-0.0104796 1.22203 -0.319767)
(-0.0233222 1.32425 -0.435908)
(-0.0379095 1.40863 -0.564351)
(-0.0522194 1.46324 -0.691624)
(-0.0622532 1.47484 -0.79583)
(-0.0621535 1.40859 -0.843302)
(-0.0524061 1.2253 -0.798185)
(-0.0326843 0.925585 -0.645177)
(-0.0132624 0.560102 -0.408776)
(-0.00155164 0.183855 -0.139276)
(0.293288 4.27513 0.0574016)
(0.0135574 3.72705 0.300895)
(0.0994406 2.9677 0.425444)
(0.0689918 2.19437 0.483223)
(0.0593963 1.65283 0.487082)
(0.0593731 1.33856 0.468957)
(0.0598953 1.18191 0.433162)
(0.0602817 1.11955 0.38598)
(0.0605833 1.10582 0.334058)
(0.0606311 1.11148 0.281566)
(0.060168 1.11994 0.230944)
(0.0590433 1.12327 0.183577)
(0.0571744 1.11893 0.140165)
(0.054593 1.10752 0.100886)
(0.0514414 1.09117 0.0654948)
(0.0478856 1.07236 0.0334385)
(0.0439855 1.05324 0.0038828)
(0.0397449 1.03587 -0.0245086)
(0.0350924 1.02362 -0.0541641)
(0.0297948 1.02306 -0.0893501)
(0.0235724 1.04443 -0.136422)
(0.0159128 1.09659 -0.202266)
(0.00603097 1.1764 -0.290624)
(-0.00671037 1.26524 -0.399976)
(-0.0223989 1.34361 -0.524342)
(-0.0394793 1.4061 -0.65467)
(-0.0538479 1.44658 -0.774015)
(-0.0602985 1.42634 -0.849535)
(-0.0542257 1.28347 -0.836558)
(-0.0371171 0.993812 -0.702463)
(-0.0160244 0.606406 -0.458346)
(-0.00191968 0.198011 -0.159027)
(0.261586 4.05423 -0.0363007)
(-0.0352459 3.62429 0.261115)
(0.100118 3.06291 0.452047)
(0.0692784 2.35375 0.500238)
(0.0567513 1.77035 0.499834)
(0.0580809 1.40404 0.475118)
(0.0574496 1.21303 0.434852)
(0.0577189 1.1295 0.385973)
(0.0585796 1.10234 0.333601)
(0.059235 1.09933 0.281325)
(0.0594508 1.10227 0.231431)
(0.059072 1.10232 0.185137)
(0.0580694 1.09656 0.142918)
(0.056553 1.08541 0.104729)
(0.0546965 1.07072 0.070206)
(0.0526328 1.05437 0.0388222)
(0.0503921 1.03781 0.00988534)
(0.0479362 1.02249 -0.0177266)
(0.0451079 1.01107 -0.0462517)
(0.0416744 1.00894 -0.0795571)
(0.0372705 1.02445 -0.123275)
(0.0312955 1.06505 -0.183545)
(0.0228657 1.12958 -0.26425)
(0.0111249 1.20473 -0.364942)
(-0.00435808 1.27497 -0.481883)
(-0.0226399 1.33941 -0.610092)
(-0.040268 1.40254 -0.738952)
(-0.052621 1.42991 -0.839987)
(-0.0508473 1.33915 -0.862863)
(-0.0390399 1.0721 -0.75679)
(-0.0178899 0.66525 -0.512474)
(-0.00236957 0.217024 -0.182016)
(0.216581 3.83524 -0.0478188)
(-0.128713 3.27014 0.232852)
(0.0710783 2.90257 0.432397)
(0.0205378 2.34251 0.498485)
(0.035252 1.80251 0.506009)
(0.0401385 1.43687 0.477073)
(0.043638 1.23429 0.433751)
(0.0481504 1.13845 0.383465)
(0.0518776 1.1008 0.330766)
(0.0546396 1.08937 0.278968)
(0.0564791 1.08594 0.229998)
(0.0574546 1.08178 0.184762)
(0.0577833 1.07406 0.14348)
(0.0577369 1.06307 0.105965)
(0.0575206 1.05011 0.071869)
(0.0572126 1.03634 0.0408023)
(0.0567678 1.02251 0.0122332)
(0.0560674 1.00944 -0.0148408)
(0.0549528 0.999191 -0.0424104)
(0.053207 0.996021 -0.0739313)
(0.0504186 1.00656 -0.114322)
(0.0459196 1.0371 -0.168948)
(0.0388188 1.08787 -0.241555)
(0.0281827 1.14968 -0.332606)
(0.0133634 1.21053 -0.440105)
(-0.00525304 1.27171 -0.562212)
(-0.0249567 1.34877 -0.694732)
(-0.0405053 1.41919 -0.815755)
(-0.0442337 1.38684 -0.873738)
(-0.0384491 1.15444 -0.802677)
(-0.0188699 0.733267 -0.567197)
(-0.00282466 0.240018 -0.207268)
(0.173912 3.64342 0.0201802)
(-0.193851 2.81876 0.215735)
(-0.00605439 2.53671 0.384943)
(-0.0404617 2.15202 0.478094)
(-0.00334796 1.7265 0.490267)
(0.00899088 1.41639 0.463264)
(0.0229415 1.23336 0.421669)
(0.033791 1.13969 0.372891)
(0.0419564 1.09709 0.322115)
(0.0478517 1.07879 0.272422)
(0.0518831 1.06917 0.225337)
(0.0546441 1.06084 0.181486)
(0.0567461 1.05138 0.140991)
(0.0586327 1.04077 0.103779)
(0.0605048 1.02966 0.0697601)
(0.0623427 1.01848 0.0388102)
(0.0639899 1.00739 0.0105736)
(0.0652122 0.996803 -0.015856)
(0.0658195 0.988192 -0.0423139)
(0.0655471 0.984837 -0.0718584)
(0.0639741 0.991862 -0.108727)
(0.0604488 1.01439 -0.157545)
(0.0540953 1.05339 -0.22178)
(0.043931 1.10252 -0.302507)
(0.029163 1.15298 -0.399357)
(0.0100686 1.20886 -0.513371)
(-0.0108625 1.29328 -0.645449)
(-0.0282047 1.39919 -0.780542)
(-0.037641 1.42554 -0.869848)
(-0.0352126 1.23738 -0.837512)
(-0.0199841 0.808065 -0.619599)
(-0.00325573 0.266015 -0.234069)
(0.166107 3.6118 0.150797)
(-0.250254 2.51609 0.222976)
(-0.0858254 2.12602 0.346708)
(-0.0998995 1.85819 0.431544)
(-0.049948 1.56978 0.448211)
(-0.024403 1.3468 0.429878)
(0.000909781 1.20547 0.394697)
(0.0189195 1.12685 0.351755)
(0.0322095 1.08609 0.30635)
(0.0416153 1.06483 0.260985)
(0.0482079 1.05192 0.216873)
(0.0531979 1.04177 0.174598)
(0.0575619 1.03219 0.134542)
(0.0618796 1.02261 0.0971271)
(0.0663209 1.01303 0.0628021)
(0.0707352 1.00353 0.0318564)
(0.0748194 0.994237 0.00416439)
(0.0781277 0.985381 -0.0211438)
(0.0804092 0.978181 -0.0457841)
(0.0813046 0.974959 -0.0725225)
(0.0803763 0.979424 -0.105053)
(0.0769998 0.995499 -0.147369)
(0.0703206 1.02432 -0.20259)
(0.0593521 1.06156 -0.272188)
(0.0433595 1.10147 -0.35751)
(0.0229217 1.15209 -0.462865)
(0.00102263 1.2422 -0.592967)
(-0.01789 1.37662 -0.737863)
(-0.0315914 1.45797 -0.853603)
(-0.0309347 1.32111 -0.860547)
(-0.0223302 0.890268 -0.668645)
(-0.00370663 0.294776 -0.262715)
(0.258536 3.89788 0.284531)
(-0.22929 2.73426 0.280921)
(-0.0786837 2.02786 0.325195)
(-0.121127 1.66837 0.371872)
(-0.0728064 1.43121 0.38392)
(-0.0413977 1.27119 0.373843)
(-0.00866975 1.17062 0.348884)
(0.0164279 1.11292 0.316122)
(0.0356459 1.08216 0.279375)
(0.0497121 1.0665 0.2405)
(0.0599313 1.05798 0.200568)
(0.0677532 1.05165 0.160394)
(0.0743578 1.04461 0.120957)
(0.0805168 1.0354 0.0834797)
(0.086555 1.02377 0.0491793)
(0.0924295 1.01048 0.0188879)
(0.0977336 0.996794 -0.0073714)
(0.102031 0.984285 -0.0304963)
(0.104772 0.974269 -0.0520403)
(0.105488 0.968357 -0.07457)
(0.10368 0.96887 -0.101368)
(0.0987049 0.978368 -0.13582)
(0.089782 0.997634 -0.180667)
(0.0761235 1.02366 -0.237988)
(0.0574639 1.05395 -0.31143)
(0.0351492 1.10154 -0.408886)
(0.012494 1.1996 -0.537743)
(-0.00761878 1.35724 -0.689567)
(-0.0236846 1.48718 -0.825853)
(-0.0274334 1.40747 -0.870503)
(-0.0260368 0.984013 -0.714427)
(-0.00479093 0.327695 -0.29526)
(0.317139 4.24329 0.294427)
(-0.0770443 3.38448 0.365615)
(0.0376829 2.58594 0.358193)
(-0.00468088 2.00547 0.360218)
(0.0128656 1.6546 0.342274)
(0.0379058 1.44688 0.32089)
(0.0682489 1.32302 0.298316)
(0.0955389 1.25152 0.273373)
(0.117873 1.21397 0.245053)
(0.134909 1.19755 0.213446)
(0.146992 1.19227 0.178995)
(0.15479 1.18982 0.14233)
(0.159178 1.18336 0.104628)
(0.161115 1.16815 0.0676716)
(0.161467 1.14249 0.033445)
(0.160773 1.10823 0.00355436)
(0.159111 1.0701 -0.0212397)
(0.156564 1.03367 -0.0412773)
(0.152881 1.00302 -0.058191)
(0.147588 0.980723 -0.0744966)
(0.140078 0.968131 -0.0931804)
(0.129649 0.965882 -0.117352)
(0.115524 0.973306 -0.15004)
(0.0972047 0.988065 -0.194845)
(0.0751663 1.01134 -0.258336)
(0.0514899 1.06101 -0.35125)
(0.0288522 1.17106 -0.480981)
(0.00801831 1.34747 -0.637087)
(-0.0109128 1.51558 -0.786266)
(-0.0227241 1.49728 -0.864608)
(-0.02815 1.09611 -0.755457)
(-0.00804567 0.369434 -0.335925)
(0.30406 4.38052 0.202975)
(0.00407701 3.87677 0.338965)
(0.148569 3.33306 0.359093)
(0.207901 2.83003 0.356307)
(0.240068 2.45161 0.326065)
(0.276829 2.1843 0.290846)
(0.31499 1.99328 0.261868)
(0.346266 1.85428 0.238242)
(0.368584 1.75351 0.2161)
(0.382526 1.68171 0.19304)
(0.388271 1.63074 0.167859)
(0.386073 1.59192 0.140339)
(0.376486 1.55569 0.110857)
(0.36058 1.51242 0.080531)
(0.339856 1.45453 0.0510544)
(0.316039 1.37936 0.024243)
(0.291007 1.29094 0.00148625)
(0.266326 1.19914 -0.0167406)
(0.242692 1.11541 -0.031322)
(0.220319 1.04805 -0.044243)
(0.198709 1.00034 -0.0582052)
(0.17695 0.971979 -0.076217)
(0.154048 0.960639 -0.101906)
(0.12975 0.964142 -0.140635)
(0.105087 0.986039 -0.201521)
(0.0817726 1.04532 -0.295718)
(0.0601572 1.16996 -0.426935)
(0.0382185 1.35876 -0.582334)
(0.0137209 1.54767 -0.733922)
(-0.00879083 1.58843 -0.835977)
(-0.0225874 1.23198 -0.78149)
(-0.0144032 0.429088 -0.387092)
(0.295619 4.42323 0.0935951)
(0.0089929 4.10502 0.198267)
(0.195548 3.80638 0.234135)
(0.342092 3.52971 0.238654)
(0.442217 3.29381 0.225614)
(0.531713 3.09508 0.209818)
(0.609593 2.92181 0.199229)
(0.667845 2.76531 0.193861)
(0.705538 2.62141 0.190481)
(0.725462 2.48852 0.186353)
(0.729238 2.36576 0.179789)
(0.717699 2.25149 0.169968)
(0.692314 2.14236 0.156685)
(0.654777 2.03289 0.139963)
(0.607647 1.91612 0.120343)
(0.553682 1.78599 0.0988718)
(0.496112 1.64103 0.0764657)
(0.438355 1.48738 0.0540412)
(0.383478 1.33794 0.0322745)
(0.333624 1.20743 0.0114466)
(0.289788 1.1066 -0.00846845)
(0.251912 1.03946 -0.0290169)
(0.219728 1.0051 -0.0545431)
(0.19266 0.999825 -0.0935222)
(0.169042 1.02482 -0.156592)
(0.147314 1.09546 -0.251147)
(0.124564 1.22747 -0.375637)
(0.0971063 1.41065 -0.518223)
(0.0636475 1.59766 -0.659801)
(0.0269896 1.67693 -0.768902)
(-0.00187187 1.38752 -0.764875)
(-0.0205443 0.516903 -0.434612)
(0.277589 4.38848 0.0404617)
(-0.0466195 4.15391 0.0359545)
(0.195025 3.94132 0.00192115)
(0.381164 3.74412 -0.0210139)
(0.522731 3.57208 -0.0242946)
(0.651851 3.42976 -0.0112344)
(0.767308 3.31565 0.0135403)
(0.862085 3.22552 0.0460365)
(0.934581 3.14863 0.0825079)
(0.98563 3.07182 0.119231)
(1.01716 2.98998 0.153552)
(1.03012 2.90058 0.183389)
(1.02539 2.80213 0.207327)
(1.00394 2.69331 0.224384)
(0.966676 2.57231 0.233864)
(0.915866 2.43663 0.235299)
(0.85425 2.28433 0.228429)
(0.784521 2.11603 0.213215)
(0.71034 1.93666 0.190395)
(0.635001 1.75571 0.161161)
(0.561948 1.58561 0.126279)
(0.494238 1.43932 0.0857445)
(0.434145 1.32825 0.0379006)
(0.381799 1.26026 -0.021127)
(0.336649 1.24572 -0.0951757)
(0.296939 1.29461 -0.185732)
(0.255953 1.39845 -0.292911)
(0.20875 1.53726 -0.412026)
(0.154111 1.68329 -0.532764)
(0.0946972 1.76871 -0.636458)
(0.0393107 1.54366 -0.666156)
(-0.013179 0.632797 -0.433933)
(0.282279 4.43611 0.00190059)
(-0.00334709 4.06634 -0.119147)
(0.184554 3.62683 -0.220153)
(0.342911 3.21811 -0.262034)
(0.45837 2.90391 -0.256105)
(0.560306 2.68903 -0.221681)
(0.652385 2.55415 -0.173464)
(0.730756 2.47544 -0.120023)
(0.79723 2.44053 -0.0649494)
(0.856689 2.44443 -0.00941316)
(0.910713 2.47507 0.0460924)
(0.957532 2.51694 0.101054)
(0.995657 2.55787 0.15418)
(1.02357 2.58848 0.203772)
(1.03952 2.60176 0.247763)
(1.04238 2.59261 0.283806)
(1.03194 2.55759 0.309866)
(1.00804 2.49513 0.324284)
(0.971322 2.40623 0.32612)
(0.924098 2.29529 0.314764)
(0.868997 2.17021 0.290368)
(0.808051 2.0417 0.254045)
(0.743326 1.92225 0.205794)
(0.676409 1.82435 0.145099)
(0.607462 1.75722 0.0716104)
(0.534451 1.72368 -0.0152074)
(0.455706 1.72542 -0.113406)
(0.371602 1.76173 -0.21731)
(0.282331 1.82303 -0.32017)
(0.189735 1.87032 -0.412003)
(0.0969278 1.67847 -0.461609)
(0.00888243 0.750123 -0.334896)
(0.280698 4.39286 -0.0694255)
(-0.00396588 3.73077 -0.279161)
(0.183145 3.07578 -0.405843)
(0.329018 2.58947 -0.440093)
(0.418517 2.29205 -0.412517)
(0.487975 2.13355 -0.352453)
(0.546362 2.05673 -0.281363)
(0.592696 2.02139 -0.211177)
(0.629119 2.00525 -0.146614)
(0.659781 1.99766 -0.0882083)
(0.688571 1.99614 -0.034757)
(0.719241 2.00682 0.016028)
(0.752956 2.03703 0.0666388)
(0.789495 2.08613 0.11834)
(0.827185 2.14801 0.170787)
(0.863208 2.21398 0.222204)
(0.89447 2.27479 0.269874)
(0.918032 2.32212 0.310865)
(0.931005 2.34959 0.342128)
(0.931853 2.35361 0.36105)
(0.91936 2.33391 0.366105)
(0.892891 2.29349 0.356698)
(0.853237 2.23824 0.332772)
(0.801212 2.17597 0.294984)
(0.737292 2.11485 0.244542)
(0.662076 2.06193 0.183064)
(0.576406 2.02245 0.112824)
(0.480016 1.99799 0.0368786)
(0.373363 1.98855 -0.0406485)
(0.259944 1.97708 -0.113896)
(0.142504 1.76953 -0.167977)
(0.0228486 0.820815 -0.14193)
(0.274634 4.30452 -0.146588)
(0.0382897 3.38064 -0.440013)
(0.207114 2.64561 -0.578195)
(0.331891 2.22802 -0.590033)
(0.389313 2.05722 -0.530403)
(0.426875 2.01638 -0.442292)
(0.458858 2.02343 -0.352074)
(0.48506 2.0385 -0.270439)
(0.506648 2.04758 -0.199038)
(0.525672 2.04803 -0.136536)
(0.542879 2.04122 -0.0814824)
(0.558632 2.02939 -0.0326999)
(0.573149 2.01106 0.0112327)
(0.58836 1.99317 0.0528581)
(0.606264 1.98403 0.0945754)
(0.628057 1.98961 0.137979)
(0.653292 2.01154 0.183344)
(0.680237 2.04706 0.229563)
(0.706052 2.0902 0.274358)
(0.72739 2.13368 0.314927)
(0.740606 2.17072 0.348595)
(0.742825 2.19627 0.373032)
(0.7317 2.20759 0.386539)
(0.705546 2.20441 0.388284)
(0.663739 2.18859 0.378219)
(0.60623 2.16355 0.357026)
(0.533854 2.1334 0.326052)
(0.447861 2.10205 0.287124)
(0.350141 2.07326 0.242961)
(0.244755 2.033 0.196902)
(0.134204 1.78553 0.150785)
(0.0176465 0.810507 0.0840386)
(0.279988 4.15367 -0.26519)
(0.0640686 3.00211 -0.612678)
(0.210231 2.30319 -0.714409)
(0.297695 2.04492 -0.681541)
(0.320522 2.02169 -0.587603)
(0.333564 2.06828 -0.480642)
(0.348266 2.11115 -0.383859)
(0.362775 2.13302 -0.301712)
(0.377047 2.13718 -0.231381)
(0.391594 2.13044 -0.169455)
(0.406095 2.11788 -0.11356)
(0.419817 2.10242 -0.0621508)
(0.431933 2.08516 -0.0145747)
(0.441585 2.06367 0.0289643)
(0.449117 2.03795 0.0689773)
(0.455714 2.01108 0.106667)
(0.46294 1.98811 0.143835)
(0.472028 1.97416 0.182281)
(0.483252 1.97257 0.223079)
(0.49563 1.9839 0.266305)
(0.507069 2.00593 0.311021)
(0.514694 2.03453 0.355456)
(0.515277 2.06475 0.397385)
(0.505719 2.09182 0.434456)
(0.483668 2.11185 0.464496)
(0.447685 2.12231 0.485696)
(0.397479 2.12227 0.496807)
(0.333913 2.11235 0.49724)
(0.258964 2.09391 0.487217)
(0.177097 2.04148 0.466842)
(0.0913142 1.73991 0.422721)
(0.00473883 0.744925 0.263883)
(0.28239 3.9226 -0.404963)
(0.0534406 2.63368 -0.758912)
(0.185354 2.08689 -0.798186)
(0.228696 2.01293 -0.721387)
(0.229158 2.08545 -0.606509)
(0.230903 2.15131 -0.495642)
(0.236133 2.17892 -0.402206)
(0.242854 2.17799 -0.324396)
(0.250974 2.1628 -0.257283)
(0.260364 2.14281 -0.197152)
(0.270373 2.12266 -0.141741)
(0.280312 2.10398 -0.0897497)
(0.289654 2.0869 -0.040409)
(0.29806 2.07119 0.00675641)
(0.304801 2.05497 0.0516118)
(0.309183 2.03611 0.09379)
(0.311299 2.01393 0.13342)
(0.311874 1.99001 0.171524)
(0.311962 1.96778 0.209887)
(0.312431 1.95139 0.250625)
(0.313495 1.94443 0.295539)
(0.314375 1.94889 0.345518)
(0.313336 1.96467 0.400222)
(0.307959 1.98952 0.457918)
(0.29566 2.01931 0.515603)
(0.274302 2.04878 0.569399)
(0.242692 2.0725 0.615167)
(0.200874 2.08601 0.649217)
(0.150447 2.08278 0.668662)
(0.0952825 2.01232 0.667904)
(0.0396241 1.63833 0.613046)
(-0.00961641 0.641834 0.362431)
(0.272491 3.66824 -0.537518)
(0.0184888 2.34917 -0.85468)
(0.145871 2.00164 -0.834527)
(0.142267 2.05468 -0.728996)
(0.136188 2.15 -0.606949)
(0.132667 2.19772 -0.498624)
(0.130544 2.20248 -0.409128)
(0.130555 2.18395 -0.33475)
(0.132757 2.15727 -0.270411)
(0.136723 2.13072 -0.212247)
(0.141831 2.10745 -0.157891)
(0.147476 2.08777 -0.106104)
(0.153203 2.07086 -0.0562575)
(0.15859 2.0559 -0.00797462)
(0.163562 2.04282 0.038985)
(0.167542 2.03015 0.0845966)
(0.169839 2.01581 0.128522)
(0.1701 1.99821 0.170669)
(0.168462 1.97731 0.211761)
(0.165484 1.9551 0.253571)
(0.161847 1.93534 0.298679)
(0.157917 1.9227 0.349788)
(0.153412 1.92149 0.408784)
(0.147317 1.93418 0.475756)
(0.138094 1.9601 0.548383)
(0.124167 1.99478 0.621994)
(0.104528 2.03067 0.690332)
(0.0791453 2.0582 0.746674)
(0.0489253 2.05826 0.784292)
(0.0191817 1.94736 0.789961)
(-0.00985266 1.48386 0.707392)
(-0.0167205 0.526398 0.3708)
(0.242019 3.42106 -0.644581)
(-0.0295989 2.1525 -0.895113)
(0.0948865 1.987 -0.838272)
(0.0498378 2.0945 -0.718568)
(0.0468561 2.18359 -0.596541)
(0.0372527 2.21982 -0.490649)
(0.0289105 2.21559 -0.403892)
(0.022975 2.18992 -0.332843)
(0.0195218 2.15789 -0.271894)
(0.0183625 2.12784 -0.216542)
(0.0190538 2.10271 -0.164178)
(0.0210298 2.08232 -0.113624)
(0.023771 2.06526 -0.0644355)
(0.0268852 2.05014 -0.0163626)
(0.0301244 2.03619 0.0310492)
(0.0332597 2.02321 0.0780595)
(0.0358605 2.01025 0.124487)
(0.0374226 1.99557 0.169996)
(0.0375217 1.97765 0.214667)
(0.0359891 1.95646 0.259593)
(0.0329261 1.93425 0.307094)
(0.028556 1.91565 0.360327)
(0.0230289 1.90666 0.422244)
(0.0162987 1.91254 0.494117)
(0.00812264 1.93512 0.574222)
(-0.00186166 1.97098 0.657456)
(-0.013922 2.01184 0.736209)
(-0.0272469 2.04331 0.802206)
(-0.0403778 2.0225 0.845061)
(-0.0473215 1.82498 0.83641)
(-0.0462927 1.2745 0.697345)
(-0.0172904 0.416056 0.310432)
(0.198096 3.20526 -0.708768)
(-0.0760534 2.03066 -0.883707)
(0.027005 1.98656 -0.819324)
(-0.0387044 2.1062 -0.694473)
(-0.0447239 2.19562 -0.575507)
(-0.0608109 2.23516 -0.471812)
(-0.0742012 2.23296 -0.387742)
(-0.0856611 2.20681 -0.319916)
(-0.0945499 2.17209 -0.26254)
(-0.100684 2.1382 -0.210759)
(-0.104142 2.1092 -0.161584)
(-0.105289 2.08564 -0.113571)
(-0.104639 2.06635 -0.0662002)
(-0.102712 2.04965 -0.0192987)
(-0.0999638 2.03402 0.0273129)
(-0.0966847 2.0189 0.073925)
(-0.0931999 2.00384 0.12063)
(-0.0899671 1.9877 0.167344)
(-0.0875901 1.96937 0.21425)
(-0.0866845 1.9488 0.262349)
(-0.0877184 1.92801 0.313732)
(-0.0908773 1.91142 0.371276)
(-0.0959786 1.90493 0.437577)
(-0.102493 1.91378 0.513441)
(-0.109671 1.93992 0.596699)
(-0.116687 1.97977 0.682058)
(-0.122562 2.02089 0.761873)
(-0.125112 2.0307 0.825472)
(-0.118752 1.93476 0.852044)
(-0.0992791 1.62039 0.797161)
(-0.0633811 1.03537 0.594138)
(-0.0127885 0.321096 0.218111)
(0.153639 3.03047 -0.716762)
(-0.117491 1.95478 -0.832751)
(-0.0632374 1.9638 -0.771677)
(-0.126011 2.0895 -0.654311)
(-0.148676 2.1875 -0.541857)
(-0.169883 2.24027 -0.442826)
(-0.187599 2.25127 -0.362024)
(-0.203245 2.23388 -0.297277)
(-0.216465 2.20197 -0.243668)
(-0.226818 2.16581 -0.196383)
(-0.233988 2.13142 -0.151985)
(-0.237981 2.10131 -0.108484)
(-0.239112 2.07572 -0.0649695)
(-0.237887 2.05368 -0.0211093)
(-0.234928 2.03383 0.0232387)
(-0.230813 2.015 0.0682414)
(-0.226064 1.99656 0.114122)
(-0.221302 1.97809 0.16117)
(-0.217294 1.95957 0.209986)
(-0.214836 1.94207 0.261742)
(-0.214545 1.92817 0.318224)
(-0.216614 1.92198 0.381414)
(-0.220644 1.92802 0.452618)
(-0.225541 1.94904 0.531394)
(-0.229643 1.98288 0.614732)
(-0.230791 2.01781 0.696441)
(-0.22585 2.02573 0.765972)
(-0.209422 1.95558 0.805135)
(-0.176137 1.74014 0.783988)
(-0.124852 1.33714 0.664412)
(-0.0621309 0.793307 0.42719)
(-0.00670569 0.242771 0.125532)
(0.113173 2.89185 -0.658766)
(-0.163446 1.8848 -0.743306)
(-0.160775 1.92608 -0.685167)
(-0.233243 2.04256 -0.589575)
(-0.270898 2.14483 -0.491728)
(-0.300378 2.21567 -0.402745)
(-0.322389 2.25093 -0.327876)
(-0.340544 2.25607 -0.267064)
(-0.355832 2.24011 -0.21722)
(-0.368409 2.21187 -0.174492)
(-0.377966 2.17837 -0.135517)
(-0.384235 2.14433 -0.0978453)
(-0.387207 2.11246 -0.0599637)
(-0.387164 2.08393 -0.0210178)
(-0.384703 2.05891 0.0194795)
(-0.380551 2.03659 0.0618636)
(-0.375402 2.01646 0.106513)
(-0.370036 1.99902 0.154023)
(-0.365242 1.9852 0.205225)
(-0.36167 1.97654 0.261191)
(-0.359619 1.97504 0.323041)
(-0.358807 1.98242 0.391463)
(-0.358156 1.99852 0.465965)
(-0.355669 2.01875 0.543975)
(-0.348462 2.03082 0.619786)
(-0.332691 2.01161 0.683391)
(-0.303769 1.9269 0.719285)
(-0.257284 1.73906 0.706359)
(-0.192568 1.42736 0.622564)
(-0.116505 1.01516 0.458854)
(-0.0461288 0.575173 0.243537)
(-0.00364448 0.17863 0.052478)
(0.0809547 2.78412 -0.533478)
(-0.219344 1.82795 -0.595876)
(-0.266062 1.86922 -0.555335)
(-0.36007 1.95688 -0.48907)
(-0.418349 2.0472 -0.416779)
(-0.461085 2.12629 -0.346861)
(-0.490378 2.18565 -0.284533)
(-0.511391 2.22292 -0.23143)
(-0.52703 2.23966 -0.186758)
(-0.539123 2.23953 -0.148488)
(-0.548334 2.227 -0.114224)
(-0.554772 2.20658 -0.0817325)
(-0.558409 2.18231 -0.0491974)
(-0.559281 2.15748 -0.0152627)
(-0.557638 2.13432 0.0210331)
(-0.553776 2.11335 0.0604195)
(-0.548116 2.09509 0.103552)
(-0.54111 2.08029 0.151102)
(-0.533085 2.06943 0.203684)
(-0.524068 2.06254 0.261678)
(-0.513624 2.0586 0.32489)
(-0.500697 2.05458 0.392021)
(-0.483478 2.0441 0.460017)
(-0.45943 2.01609 0.523283)
(-0.425539 1.95416 0.573025)
(-0.378759 1.83831 0.597212)
(-0.317135 1.65057 0.581867)
(-0.24179 1.38532 0.515185)
(-0.159084 1.0603 0.395485)
(-0.0814222 0.717633 0.24154)
(-0.025005 0.402706 0.0964614)
(-0.00199912 0.128252 0.00772714)
(0.058106 2.70448 -0.344077)
(-0.278398 1.7826 -0.388454)
(-0.370307 1.80269 -0.375342)
(-0.49305 1.84127 -0.344673)
(-0.57827 1.89098 -0.306414)
(-0.641773 1.94565 -0.265204)
(-0.68555 1.99963 -0.224718)
(-0.715011 2.04879 -0.186955)
(-0.734085 2.09039 -0.15257)
(-0.745917 2.12293 -0.121282)
(-0.752599 2.14576 -0.0922072)
(-0.755405 2.15888 -0.064221)
(-0.754996 2.16283 -0.0361239)
(-0.751598 2.15856 -0.00674627)
(-0.745061 2.14756 0.0249726)
(-0.734981 2.13301 0.0598249)
(-0.721115 2.11646 0.0983976)
(-0.703276 2.09762 0.141093)
(-0.680998 2.07577 0.187895)
(-0.65366 2.0491 0.238159)
(-0.620393 2.01436 0.290284)
(-0.58013 1.96645 0.341365)
(-0.531701 1.89809 0.386796)
(-0.474084 1.80024 0.420033)
(-0.406877 1.66355 0.43295)
(-0.33094 1.48168 0.417188)
(-0.249194 1.25608 0.367032)
(-0.16746 1.00014 0.28386)
(-0.094446 0.738489 0.180512)
(-0.0398207 0.496694 0.081411)
(-0.00895787 0.284774 0.0127232)
(-0.000664016 0.092819 -0.0119665)
(0.042158 2.65967 -0.108845)
(-0.322696 1.75981 -0.136822)
(-0.445276 1.75756 -0.152017)
(-0.591857 1.74663 -0.158117)
(-0.701212 1.73981 -0.156753)
(-0.786552 1.73719 -0.149146)
(-0.84898 1.73869 -0.137082)
(-0.892935 1.74355 -0.122125)
(-0.921853 1.7508 -0.1054)
(-0.938693 1.7594 -0.0876804)
(-0.945632 1.76846 -0.0692496)
(-0.944277 1.77704 -0.0501423)
(-0.93563 1.7841 -0.0302577)
(-0.920217 1.78854 -0.00936273)
(-0.898396 1.78899 0.0129307)
(-0.870329 1.78339 0.0369019)
(-0.835718 1.77023 0.0627675)
(-0.793936 1.74927 0.0905396)
(-0.744437 1.7202 0.119916)
(-0.686847 1.68074 0.149945)
(-0.620939 1.62831 0.178998)
(-0.546992 1.55969 0.204612)
(-0.466044 1.47136 0.223427)
(-0.380189 1.36023 0.231376)
(-0.292758 1.22497 0.224338)
(-0.208218 1.06773 0.199567)
(-0.131863 0.89554 0.157739)
(-0.0693138 0.719651 0.104867)
(-0.025455 0.550771 0.0519556)
(-0.00242367 0.39158 0.0104502)
(0.0035912 0.235604 -0.0126173)
(0.00113876 0.0784051 -0.0134728)
(0.0445258 2.67109 0.145126)
(-0.319308 1.78009 0.131799)
(-0.441241 1.78515 0.0903436)
(-0.589003 1.77439 0.0477299)
(-0.701779 1.75685 0.0119586)
(-0.792843 1.73351 -0.0151795)
(-0.862803 1.70643 -0.0342196)
(-0.915114 1.67733 -0.0466782)
(-0.952423 1.64718 -0.0542507)
(-0.977062 1.61553 -0.0582815)
(-0.990374 1.5827 -0.0598295)
(-0.993302 1.54918 -0.0595832)
(-0.986327 1.51512 -0.0579817)
(-0.96999 1.48059 -0.0553095)
(-0.944348 1.4455 -0.0517603)
(-0.909107 1.40971 -0.0474201)
(-0.864205 1.37282 -0.0423517)
(-0.809468 1.33335 -0.0367248)
(-0.744651 1.28935 -0.0306221)
(-0.669853 1.23992 -0.024145)
(-0.585726 1.18397 -0.017439)
(-0.493794 1.12048 -0.010682)
(-0.396799 1.04879 -0.00412957)
(-0.298943 0.968843 0.00187038)
(-0.205732 0.881479 0.00688725)
(-0.123225 0.788535 0.0104814)
(-0.0568949 0.692244 0.0123668)
(-0.0106511 0.593442 0.0126353)
(0.0133383 0.488647 0.0118366)
(0.0182102 0.36895 0.0104837)
(0.0112862 0.229792 0.00753657)
(0.00289172 0.0774597 0.00276164)
(0.0659208 2.73873 0.372257)
(-0.265204 1.84382 0.378845)
(-0.348041 1.89732 0.313671)
(-0.468553 1.95712 0.240482)
(-0.558665 2.00169 0.175878)
(-0.634827 2.02817 0.123088)
(-0.697662 2.03852 0.08148)
(-0.74985 2.03646 0.0486656)
(-0.792185 2.02555 0.0220952)
(-0.824929 2.01 -0.000112977)
(-0.848726 1.99144 -0.0195683)
(-0.864048 1.97034 -0.037459)
(-0.871243 1.94728 -0.0546266)
(-0.870462 1.92228 -0.0717415)
(-0.861647 1.89501 -0.0893937)
(-0.84465 1.86488 -0.10789)
(-0.819076 1.83101 -0.127461)
(-0.784689 1.79214 -0.148086)
(-0.741129 1.74658 -0.169366)
(-0.687904 1.69205 -0.190459)
(-0.624937 1.62578 -0.209849)
(-0.552593 1.54452 -0.225233)
(-0.472037 1.445 -0.233495)
(-0.385582 1.32474 -0.230957)
(-0.296921 1.18335 -0.214114)
(-0.210993 1.02402 -0.181083)
(-0.133613 0.854385 -0.133571)
(-0.0708075 0.685171 -0.0784757)
(-0.0272097 0.525254 -0.0270637)
(-0.00403569 0.375243 0.00968883)
(0.00277931 0.22709 0.0259271)
(0.0011545 0.0759063 0.0181623)
(0.0900799 2.83386 0.546409)
(-0.206776 1.91636 0.575578)
(-0.243901 1.99737 0.489306)
(-0.339808 2.09603 0.389982)
(-0.408659 2.15448 0.303857)
(-0.46991 2.17787 0.234628)
(-0.522223 2.17928 0.179948)
(-0.567055 2.16983 0.135698)
(-0.604689 2.15602 0.0984294)
(-0.635519 2.14091 0.0655421)
(-0.659962 2.12561 0.0352905)
(-0.678369 2.11043 0.00638878)
(-0.690907 2.09519 -0.022077)
(-0.697869 2.08007 -0.0509069)
(-0.699595 2.06566 -0.0808781)
(-0.696309 2.05164 -0.112699)
(-0.688158 2.03761 -0.146996)
(-0.675077 2.02278 -0.184242)
(-0.656948 2.00576 -0.224648)
(-0.63325 1.98416 -0.267813)
(-0.603179 1.95418 -0.312421)
(-0.56565 1.91016 -0.355784)
(-0.519403 1.84444 -0.393441)
(-0.463298 1.74791 -0.418934)
(-0.396929 1.61186 -0.424244)
(-0.321382 1.43142 -0.401352)
(-0.240079 1.21002 -0.345359)
(-0.159461 0.962479 -0.258996)
(-0.0884888 0.712642 -0.156401)
(-0.0363814 0.482699 -0.0619405)
(-0.00784082 0.279202 -5.62064e-05)
(8.49134e-06 0.0916245 0.0168191)
(0.120849 2.94815 0.656548)
(-0.157744 1.98663 0.713935)
(-0.148593 2.06381 0.619171)
(-0.228329 2.17507 0.501739)
(-0.280192 2.22524 0.402302)
(-0.329044 2.23054 0.323096)
(-0.371746 2.21353 0.259597)
(-0.409067 2.18864 0.206504)
(-0.440752 2.16232 0.160063)
(-0.46687 2.13702 0.11791)
(-0.487552 2.1137 0.078548)
(-0.503078 2.09277 0.0409419)
(-0.513887 2.07433 0.00425587)
(-0.520533 2.05794 -0.032228)
(-0.523457 2.04266 -0.0691513)
(-0.523151 2.02873 -0.107203)
(-0.520142 2.01653 -0.147111)
(-0.514975 2.00666 -0.189672)
(-0.508153 1.99978 -0.235744)
(-0.499979 1.99622 -0.286086)
(-0.490316 1.99524 -0.341017)
(-0.478345 1.99387 -0.399821)
(-0.462329 1.98541 -0.45991)
(-0.43962 1.95814 -0.515923)
(-0.40696 1.89514 -0.55894)
(-0.361079 1.77681 -0.576508)
(-0.300191 1.58753 -0.554499)
(-0.226149 1.32581 -0.48203)
(-0.146242 1.01267 -0.359995)
(-0.0731824 0.68837 -0.210283)
(-0.0217639 0.39036 -0.0759238)
(-0.00191139 0.125479 3.30091e-05)
(0.159286 3.08354 0.706043)
(-0.118254 2.05887 0.801656)
(-0.0621384 2.10056 0.712321)
(-0.135129 2.21245 0.582908)
(-0.171817 2.25267 0.476847)
(-0.209361 2.24357 0.392002)
(-0.242501 2.21424 0.322813)
(-0.271567 2.18155 0.263452)
(-0.296265 2.15207 0.210079)
(-0.316691 2.12733 0.16054)
(-0.333055 2.10676 0.113648)
(-0.345703 2.08897 0.0686619)
(-0.354985 2.07257 0.0249712)
(-0.361218 2.05659 -0.0179993)
(-0.364778 2.04056 -0.0608119)
(-0.365925 2.02406 -0.103973)
(-0.364967 2.00703 -0.147867)
(-0.362387 1.98985 -0.192902)
(-0.358869 1.97362 -0.239705)
(-0.355219 1.96035 -0.289268)
(-0.352167 1.95286 -0.342945)
(-0.350025 1.95383 -0.402076)
(-0.348286 1.96385 -0.467173)
(-0.345262 1.97828 -0.536675)
(-0.337905 1.98359 -0.605362)
(-0.321824 1.95471 -0.662686)
(-0.291924 1.85695 -0.691651)
(-0.244099 1.65699 -0.669926)
(-0.178781 1.34409 -0.577012)
(-0.104721 0.949966 -0.410364)
(-0.0396639 0.541491 -0.206095)
(-0.00345028 0.170714 -0.0384245)
(0.20065 3.24629 0.698061)
(-0.0816524 2.1289 0.856551)
(0.020088 2.11905 0.771436)
(-0.0561661 2.22485 0.640115)
(-0.0748686 2.2608 0.531124)
(-0.102611 2.24582 0.442429)
(-0.126385 2.21136 0.369137)
(-0.146879 2.17641 0.305234)
(-0.164163 2.1478 0.246927)
(-0.178542 2.12607 0.192361)
(-0.190363 2.10925 0.140668)
(-0.200035 2.09506 0.0912617)
(-0.207898 2.0818 0.0434812)
(-0.214184 2.06856 -0.00345105)
(-0.219126 2.05491 -0.0502618)
(-0.222638 2.04091 -0.0974401)
(-0.224718 2.02585 -0.145184)
(-0.225476 2.00884 -0.193397)
(-0.225272 1.98926 -0.241982)
(-0.224744 1.96764 -0.291279)
(-0.224724 1.94645 -0.342446)
(-0.225989 1.93036 -0.397493)
(-0.2289 1.92528 -0.458727)
(-0.233039 1.93576 -0.527578)
(-0.23694 1.96036 -0.603024)
(-0.237868 1.98514 -0.679734)
(-0.231449 1.9766 -0.745582)
(-0.211665 1.88018 -0.778256)
(-0.173213 1.63772 -0.744275)
(-0.117243 1.23132 -0.609528)
(-0.0543595 0.723782 -0.371653)
(-0.00482978 0.225116 -0.100315)
(0.241593 3.44351 0.639578)
(-0.0393477 2.23361 0.87616)
(0.0844842 2.1118 0.803674)
(0.0258087 2.21516 0.679334)
(0.015463 2.25983 0.567477)
(-0.00296554 2.24746 0.475813)
(-0.0177478 2.21298 0.399266)
(-0.0300166 2.17746 0.332183)
(-0.0402323 2.14862 0.270841)
(-0.0488909 2.12703 0.213474)
(-0.0563907 2.1103 0.15935)
(-0.0630858 2.09579 0.107977)
(-0.0692229 2.08192 0.0586928)
(-0.0749193 2.0684 0.0105443)
(-0.0802886 2.05572 -0.0375442)
(-0.0852397 2.04401 -0.086282)
(-0.0897484 2.03278 -0.135939)
(-0.0938081 2.02054 -0.186173)
(-0.0975587 2.00527 -0.23633)
(-0.101327 1.98543 -0.286024)
(-0.105607 1.96141 -0.335827)
(-0.110936 1.93662 -0.38768)
(-0.117712 1.91756 -0.444635)
(-0.125919 1.91225 -0.509709)
(-0.134953 1.92671 -0.584053)
(-0.143566 1.95979 -0.665416)
(-0.149606 1.99472 -0.746788)
(-0.149164 1.98563 -0.813293)
(-0.135709 1.84865 -0.834766)
(-0.106306 1.49469 -0.759832)
(-0.0600438 0.92597 -0.536104)
(-0.00942267 0.28808 -0.180109)
(0.271284 3.66879 0.540455)
(0.0067513 2.40126 0.84722)
(0.134359 2.10899 0.813041)
(0.116267 2.17689 0.702977)
(0.104542 2.24349 0.588759)
(0.0951548 2.24894 0.493325)
(0.0883936 2.22135 0.414068)
(0.0836185 2.18643 0.345052)
(0.0799438 2.15549 0.282422)
(0.0766975 2.13097 0.22431)
(0.0734619 2.11152 0.169843)
(0.069991 2.09505 0.118413)
(0.0661663 2.08007 0.0693027)
(0.0619647 2.06605 0.0215865)
(0.0574043 2.05328 -0.0258464)
(0.0523604 2.04216 -0.0738956)
(0.0466854 2.03243 -0.122862)
(0.040218 2.02261 -0.172397)
(0.0327627 2.01024 -0.221724)
(0.02416 1.99303 -0.2702)
(0.0143392 1.97031 -0.318075)
(0.00333536 1.94434 -0.367086)
(-0.0087994 1.92079 -0.420459)
(-0.0219303 1.90796 -0.482007)
(-0.0357651 1.91357 -0.554063)
(-0.0498236 1.94087 -0.635599)
(-0.0633398 1.98404 -0.721313)
(-0.0748201 2.01817 -0.801307)
(-0.0805881 1.97327 -0.856093)
(-0.0742225 1.71388 -0.83943)
(-0.0547101 1.13703 -0.665786)
(-0.0141271 0.362096 -0.267962)
(0.281995 3.90553 0.414129)
(0.0442656 2.64954 0.763096)
(0.175284 2.16192 0.790335)
(0.205469 2.12521 0.707934)
(0.198996 2.19463 0.597271)
(0.196339 2.23236 0.497009)
(0.197703 2.22818 0.41423)
(0.200269 2.20317 0.344033)
(0.203081 2.17342 0.28153)
(0.205545 2.14606 0.224229)
(0.207183 2.12279 0.170944)
(0.20772 2.10311 0.120863)
(0.207071 2.08612 0.0731768)
(0.205191 2.07112 0.0270076)
(0.202054 2.0581 -0.0184876)
(0.197476 2.04696 -0.0639018)
(0.191034 2.0366 -0.109462)
(0.182338 2.02525 -0.154941)
(0.171143 2.01093 -0.199858)
(0.15748 1.99219 -0.243973)
(0.141697 1.96914 -0.287895)
(0.124364 1.94421 -0.333514)
(0.106078 1.92246 -0.38394)
(0.087248 1.91083 -0.442652)
(0.0679473 1.91612 -0.511992)
(0.0480305 1.94171 -0.591389)
(0.0273 1.98422 -0.676299)
(0.00575196 2.03002 -0.758414)
(-0.0147324 2.03798 -0.825183)
(-0.0278257 1.87782 -0.846089)
(-0.0369609 1.34482 -0.735839)
(-0.0167622 0.449803 -0.348355)
(0.279326 4.12747 0.278963)
(0.0585546 2.97813 0.627364)
(0.203359 2.32723 0.719569)
(0.28092 2.12 0.680917)
(0.295513 2.12323 0.587964)
(0.303301 2.16969 0.488144)
(0.314062 2.19703 0.401308)
(0.324827 2.1992 0.328815)
(0.334665 2.18584 0.266539)
(0.343549 2.16595 0.211075)
(0.351025 2.14474 0.160461)
(0.356579 2.12448 0.113471)
(0.3599 2.1059 0.069167)
(0.360813 2.08901 0.0267544)
(0.359136 2.07341 -0.0144433)
(0.354511 2.05818 -0.0548078)
(0.346552 2.04221 -0.0943855)
(0.335042 2.02447 -0.133078)
(0.320054 2.00438 -0.170923)
(0.302009 1.98229 -0.208451)
(0.281629 1.95974 -0.246963)
(0.259727 1.93961 -0.288581)
(0.236918 1.92597 -0.335992)
(0.213336 1.92349 -0.391709)
(0.188543 1.93602 -0.456987)
(0.161648 1.96479 -0.530734)
(0.131689 2.00666 -0.608956)
(0.0982702 2.05256 -0.685023)
(0.0621508 2.07781 -0.749713)
(0.0276152 1.9898 -0.784796)
(-0.00344231 1.53592 -0.728319)
(-0.0174782 0.55256 -0.39904)
(0.2738 4.29636 0.158979)
(0.0419094 3.35099 0.459507)
(0.207473 2.63271 0.594231)
(0.326521 2.2511 0.603091)
(0.376676 2.11463 0.543187)
(0.407607 2.09589 0.458577)
(0.434376 2.1124 0.375206)
(0.456574 2.12856 0.30219)
(0.474728 2.13487 0.239753)
(0.490173 2.13194 0.185689)
(0.503247 2.12273 0.137948)
(0.513553 2.10989 0.0949589)
(0.520627 2.09511 0.0555479)
(0.524179 2.07954 0.0188834)
(0.523822 2.06248 -0.0154681)
(0.519371 2.04357 -0.0478509)
(0.510934 2.0235 -0.0786849)
(0.498855 2.00332 -0.108526)
(0.483625 1.98437 -0.138169)
(0.465783 1.96819 -0.168748)
(0.445821 1.95655 -0.201727)
(0.423946 1.95129 -0.238754)
(0.399915 1.9542 -0.281387)
(0.372993 1.96663 -0.330635)
(0.34196 1.989 -0.386421)
(0.305398 2.02011 -0.447175)
(0.262179 2.05665 -0.509698)
(0.211921 2.09305 -0.569476)
(0.155696 2.11762 -0.621145)
(0.0969701 2.06921 -0.655175)
(0.0404449 1.69594 -0.630457)
(-0.0109727 0.667666 -0.389285)
(0.278206 4.38985 0.070927)
(0.00321058 3.71257 0.286611)
(0.18795 3.05667 0.42165)
(0.333721 2.58275 0.461803)
(0.421123 2.30411 0.438009)
(0.486945 2.16385 0.381805)
(0.541353 2.10123 0.316119)
(0.583782 2.07524 0.252965)
(0.615989 2.06376 0.196487)
(0.641173 2.05655 0.147207)
(0.661275 2.04956 0.104553)
(0.676898 2.0416 0.0675045)
(0.688273 2.03269 0.0350212)
(0.69576 2.02301 0.0061323)
(0.70002 2.0141 -0.0201324)
(0.701334 2.00745 -0.044622)
(0.699822 2.00385 -0.0680485)
(0.695511 2.00374 -0.0910713)
(0.688228 2.00734 -0.114344)
(0.677558 2.01466 -0.138526)
(0.66285 2.02555 -0.164268)
(0.64315 2.03976 -0.19215)
(0.617214 2.05689 -0.222568)
(0.583655 2.07636 -0.255536)
(0.541085 2.0973 -0.290614)
(0.488378 2.11841 -0.326792)
(0.424999 2.13786 -0.362478)
(0.351297 2.15338 -0.395679)
(0.26875 2.16139 -0.424268)
(0.181547 2.12815 -0.444699)
(0.0924646 1.82295 -0.436771)
(0.00486537 0.781828 -0.292726)
(0.287851 4.44424 0.0271998)
(-0.0121024 4.04888 0.147992)
(0.181904 3.58898 0.239088)
(0.340519 3.16897 0.279939)
(0.453623 2.8467 0.279018)
(0.552426 2.62253 0.251873)
(0.640156 2.47393 0.212223)
(0.712328 2.37709 0.169087)
(0.769417 2.31373 0.127252)
(0.815201 2.27167 0.0887948)
(0.852269 2.24237 0.0542771)
(0.883404 2.22546 0.023557)
(0.909774 2.21857 -0.00378569)
(0.931564 2.21873 -0.0282232)
(0.94865 2.22333 -0.0501231)
(0.960981 2.2302 -0.0696637)
(0.968214 2.23773 -0.0869832)
(0.969889 2.24479 -0.102177)
(0.96535 2.2506 -0.115232)
(0.953798 2.25469 -0.126169)
(0.934288 2.25685 -0.13505)
(0.905768 2.25702 -0.142023)
(0.867182 2.25528 -0.147239)
(0.81736 2.25158 -0.150732)
(0.755266 2.2459 -0.152778)
(0.680344 2.23823 -0.153738)
(0.592661 2.22855 -0.153986)
(0.492972 2.21672 -0.153987)
(0.382609 2.20266 -0.154364)
(0.26578 2.16912 -0.154566)
(0.145323 1.91131 -0.150164)
(0.0201995 0.872957 -0.105929)
(0.290603 4.4454 -0.0772459)
(0.0270404 4.18568 -0.0447814)
(0.2105 3.97453 0.0247106)
(0.380942 3.75665 0.0499074)
(0.518552 3.55735 0.0534687)
(0.645925 3.38808 0.0477898)
(0.761545 3.248 0.0353827)
(0.859227 3.13264 0.0183213)
(0.938328 3.03701 -0.000747045)
(1.00138 2.95653 -0.0198314)
(1.05132 2.88793 -0.0379162)
(1.0891 2.82528 -0.0544245)
(1.1157 2.7659 -0.0690695)
(1.13258 2.70909 -0.0816531)
(1.14094 2.65466 -0.0918884)
(1.14175 2.60262 -0.0995062)
(1.13571 2.55305 -0.104242)
(1.12312 2.50617 -0.105757)
(1.10421 2.46225 -0.103655)
(1.07912 2.42167 -0.0974673)
(1.04748 2.38488 -0.0866551)
(1.00875 2.35247 -0.0706604)
(0.962228 2.32452 -0.0489045)
(0.905838 2.29992 -0.0212556)
(0.837725 2.27856 0.0120067)
(0.756816 2.26033 0.04988)
(0.662579 2.24466 0.0904703)
(0.555011 2.2303 0.131049)
(0.435192 2.21552 0.168124)
(0.306192 2.18723 0.198238)
(0.17108 1.95722 0.212676)
(0.0294498 0.923223 0.1576)
(0.257633 4.27287 -0.108895)
(-0.153437 3.81898 -0.158925)
(0.12207 3.4395 -0.154903)
(0.206898 3.14359 -0.173824)
(0.305081 2.90556 -0.179459)
(0.416161 2.71523 -0.173752)
(0.516849 2.56299 -0.16575)
(0.598841 2.44001 -0.158919)
(0.66304 2.33934 -0.153082)
(0.71202 2.25576 -0.147559)
(0.747745 2.18543 -0.141948)
(0.771905 2.12544 -0.136135)
(0.78623 2.0737 -0.129866)
(0.791938 2.02871 -0.122848)
(0.790138 1.98943 -0.114797)
(0.78205 1.95516 -0.105438)
(0.7686 1.92547 -0.0943296)
(0.750558 1.90017 -0.0808629)
(0.728731 1.87934 -0.0643347)
(0.703748 1.86332 -0.0437696)
(0.676088 1.85272 -0.01787)
(0.645941 1.84847 0.0148525)
(0.61252 1.85198 0.0560799)
(0.577036 1.86866 0.106614)
(0.537681 1.8996 0.167017)
(0.491635 1.94403 0.236593)
(0.435887 1.9986 0.312635)
(0.368151 2.05669 0.390239)
(0.287813 2.1083 0.462725)
(0.197891 2.12007 0.521415)
(0.10271 1.87161 0.539507)
(0.00709693 0.832587 0.380625)
(0.283779 4.26248 -0.0574285)
(-0.131466 3.69691 -0.21155)
(0.0987735 3.11455 -0.299615)
(0.144288 2.65152 -0.325266)
(0.216882 2.3085 -0.322684)
(0.302331 2.07016 -0.305017)
(0.376248 1.9123 -0.279912)
(0.433832 1.81062 -0.252159)
(0.477605 1.74568 -0.224466)
(0.50984 1.70378 -0.198192)
(0.531813 1.67596 -0.173878)
(0.544626 1.65659 -0.151545)
(0.549411 1.64228 -0.130777)
(0.547137 1.63101 -0.110981)
(0.538777 1.62163 -0.0917406)
(0.525126 1.61351 -0.0726709)
(0.507026 1.60637 -0.0533268)
(0.485184 1.60014 -0.0331592)
(0.460594 1.59552 -0.0115434)
(0.43441 1.59376 0.0124699)
(0.407503 1.59565 0.0403472)
(0.380666 1.6022 0.074234)
(0.35411 1.61515 0.116938)
(0.327849 1.63794 0.172122)
(0.301282 1.67568 0.243299)
(0.272761 1.73378 0.332235)
(0.239659 1.81448 0.436745)
(0.199099 1.91212 0.549281)
(0.149488 2.007 0.657513)
(0.0928048 2.02955 0.742743)
(0.0375956 1.71966 0.749978)
(-0.0161437 0.689366 0.48236)
(0.300814 4.28636 -0.0645649)
(-0.078132 3.62435 -0.260234)
(0.110435 2.92977 -0.390839)
(0.168713 2.38607 -0.4398)
(0.224311 2.03082 -0.442138)
(0.288099 1.82879 -0.416271)
(0.342097 1.72811 -0.376189)
(0.382221 1.68475 -0.331709)
(0.411737 1.66934 -0.288125)
(0.43317 1.66518 -0.247491)
(0.447419 1.66397 -0.210085)
(0.454996 1.66212 -0.17542)
(0.456411 1.65843 -0.142796)
(0.452126 1.65272 -0.111579)
(0.442517 1.64517 -0.0812924)
(0.427919 1.63608 -0.0516243)
(0.408744 1.62573 -0.0223707)
(0.385621 1.61473 0.00663685)
(0.35871 1.60278 0.035728)
(0.328536 1.58938 0.065566)
(0.296329 1.57558 0.0972518)
(0.263469 1.56355 0.1328)
(0.231346 1.5569 0.17548)
(0.201045 1.56104 0.230041)
(0.173089 1.58356 0.302216)
(0.146963 1.63327 0.396824)
(0.120898 1.71618 0.514111)
(0.0924516 1.8271 0.646037)
(0.059959 1.93388 0.775014)
(0.0241008 1.92878 0.86899)
(-0.00510466 1.53767 0.844925)
(-0.0218307 0.556254 0.475496)
(0.292875 4.25233 -0.103549)
(-0.0686821 3.45337 -0.339123)
(0.120174 2.67622 -0.48919)
(0.182582 2.12817 -0.546242)
(0.223867 1.8322 -0.53846)
(0.268665 1.71277 -0.495275)
(0.30492 1.68565 -0.438865)
(0.33043 1.69366 -0.38105)
(0.348905 1.70781 -0.326338)
(0.362448 1.71723 -0.275716)
(0.371323 1.71986 -0.228715)
(0.375481 1.71682 -0.184449)
(0.375038 1.70983 -0.142098)
(0.370189 1.7003 -0.101007)
(0.361094 1.68915 -0.0607144)
(0.347946 1.67689 -0.0209116)
(0.330697 1.66361 0.0185527)
(0.309464 1.6489 0.0573332)
(0.28476 1.63271 0.0953578)
(0.256978 1.61487 0.132627)
(0.226697 1.5953 0.169449)
(0.194881 1.57479 0.207081)
(0.16284 1.5562 0.248544)
(0.13197 1.54579 0.299227)
(0.103324 1.55387 0.366711)
(0.0772391 1.59304 0.458578)
(0.053078 1.67197 0.577491)
(0.0294853 1.78279 0.715266)
(0.00570046 1.87807 0.849485)
(-0.0147621 1.81604 0.933223)
(-0.0288591 1.3495 0.854627)
(-0.0155547 0.455036 0.420474)
(0.292172 4.21342 -0.144257)
(-0.0537893 3.25721 -0.424222)
(0.128137 2.42203 -0.583807)
(0.185725 1.92398 -0.632158)
(0.211215 1.72673 -0.605722)
(0.23906 1.69472 -0.545517)
(0.260858 1.71915 -0.477734)
(0.275277 1.74618 -0.41239)
(0.285554 1.75983 -0.35155)
(0.292912 1.76066 -0.294861)
(0.297112 1.75335 -0.241428)
(0.297926 1.74195 -0.190357)
(0.295405 1.72898 -0.140919)
(0.289686 1.7157 -0.0925675)
(0.280888 1.70263 -0.0448861)
(0.269103 1.68976 0.00243404)
(0.254446 1.67686 0.0496463)
(0.236976 1.66343 0.0967575)
(0.21676 1.64869 0.143316)
(0.193892 1.63183 0.188696)
(0.168619 1.61218 0.23243)
(0.141489 1.58974 0.274833)
(0.113394 1.5665 0.318098)
(0.0854912 1.54875 0.367469)
(0.0588511 1.54844 0.431499)
(0.0341625 1.58097 0.519688)
(0.0116083 1.65585 0.636299)
(-0.0089055 1.76037 0.772934)
(-0.0269661 1.82471 0.900334)
(-0.0346144 1.68871 0.954909)
(-0.0363103 1.1784 0.816128)
(-0.00961261 0.383911 0.360019)
(0.290039 4.1475 -0.19769)
(-0.0478601 3.02875 -0.515642)
(0.132157 2.18211 -0.668248)
(0.175851 1.7838 -0.695417)
(0.1865 1.69603 -0.647176)
(0.201879 1.72691 -0.573579)
(0.213282 1.76746 -0.499287)
(0.21987 1.78576 -0.429902)
(0.224181 1.78423 -0.365133)
(0.226724 1.77222 -0.303998)
(0.227111 1.75654 -0.245644)
(0.225146 1.74057 -0.189371)
(0.220887 1.72553 -0.134607)
(0.214445 1.71166 -0.0808593)
(0.205934 1.69888 -0.0276854)
(0.195435 1.68704 0.0252369)
(0.182998 1.67593 0.0780236)
(0.168648 1.66488 0.130694)
(0.152419 1.65286 0.182973)
(0.134331 1.63862 0.234198)
(0.114444 1.62093 0.283526)
(0.0929685 1.59926 0.330596)
(0.0703448 1.57518 0.376843)
(0.0472523 1.555 0.427097)
(0.024467 1.55171 0.490198)
(0.00266133 1.58201 0.576436)
(-0.017524 1.65437 0.690538)
(-0.0346837 1.74408 0.821116)
(-0.0474262 1.76142 0.930678)
(-0.0456767 1.55485 0.944392)
(-0.0347345 1.03227 0.754778)
(-0.00661075 0.332585 0.30692)
(0.287386 4.06112 -0.258195)
(-0.0454771 2.79135 -0.602517)
(0.131659 1.9815 -0.735402)
(0.154962 1.7092 -0.735521)
(0.154818 1.71276 -0.667787)
(0.161842 1.77028 -0.586315)
(0.165853 1.8007 -0.509216)
(0.166986 1.80116 -0.437662)
(0.167091 1.78668 -0.370253)
(0.166169 1.76818 -0.306004)
(0.163807 1.75035 -0.244224)
(0.159877 1.73431 -0.184351)
(0.154403 1.7199 -0.125916)
(0.147457 1.7067 -0.0684941)
(0.139153 1.69447 -0.0116696)
(0.129607 1.68316 0.044963)
(0.118813 1.6727 0.101659)
(0.106799 1.6627 0.158392)
(0.093613 1.65224 0.214815)
(0.079292 1.63986 0.270209)
(0.0638693 1.62392 0.323597)
(0.047405 1.60353 0.374349)
(0.0300273 1.5802 0.423556)
(0.0119719 1.5606 0.475825)
(-0.00649668 1.55836 0.539954)
(-0.0249549 1.59025 0.626284)
(-0.04227 1.65852 0.737601)
(-0.0556857 1.72329 0.857397)
(-0.061226 1.68462 0.939857)
(-0.0532675 1.42095 0.90821)
(-0.0316921 0.908318 0.682368)
(-0.00542363 0.29187 0.260284)
(0.282734 3.95018 -0.324148)
(-0.0492892 2.55318 -0.679869)
(0.126844 1.82745 -0.78272)
(0.125633 1.68601 -0.755605)
(0.1208 1.74806 -0.673817)
(0.121776 1.80348 -0.589109)
(0.120416 1.8153 -0.511026)
(0.117807 1.80227 -0.438194)
(0.114911 1.78213 -0.369073)
(0.111452 1.76273 -0.302762)
(0.10711 1.74588 -0.238626)
(0.101767 1.73111 -0.176212)
(0.0954148 1.71761 -0.115164)
(0.0881077 1.70488 -0.0551387)
(0.079957 1.69278 0.00424459)
(0.0709978 1.68135 0.0633682)
(0.0612961 1.67072 0.122539)
(0.0509538 1.66073 0.181803)
(0.0400381 1.65061 0.240797)
(0.028605 1.63886 0.298746)
(0.0166931 1.62371 0.354622)
(0.00427247 1.6042 0.407787)
(-0.0087315 1.58215 0.459353)
(-0.0225322 1.56526 0.51419)
(-0.0373465 1.56768 0.581071)
(-0.0527651 1.60274 0.668791)
(-0.0669764 1.66187 0.775966)
(-0.0762595 1.69112 0.879295)
(-0.0735999 1.59376 0.927371)
(-0.0589374 1.28885 0.851073)
(-0.0301857 0.80001 0.603112)
(-0.00485721 0.256558 0.217024)
(0.275949 3.81903 -0.390642)
(-0.0578841 2.32745 -0.741985)
(0.118518 1.72169 -0.810454)
(0.0906588 1.6953 -0.760196)
(0.0875028 1.78216 -0.670223)
(0.0824454 1.82219 -0.584891)
(0.0772726 1.81886 -0.506512)
(0.0718388 1.79918 -0.433014)
(0.0664553 1.77782 -0.362917)
(0.0609049 1.75938 -0.2953)
(0.0549344 1.7439 -0.22959)
(0.0484234 1.73013 -0.165439)
(0.0413449 1.71715 -0.102599)
(0.0337508 1.70457 -0.040796)
(0.025724 1.69238 0.020321)
(0.0172641 1.68074 0.0810824)
(0.00844832 1.66981 0.14176)
(-0.000581224 1.65948 0.202401)
(-0.00971329 1.649 0.262644)
(-0.0188746 1.6369 0.321692)
(-0.0280258 1.62152 0.378583)
(-0.037275 1.60238 0.432958)
(-0.0469527 1.58247 0.486516)
(-0.0576461 1.5707 0.544588)
(-0.0697902 1.58015 0.615397)
(-0.0826301 1.6166 0.704452)
(-0.093291 1.65798 0.804042)
(-0.0965371 1.64215 0.883904)
(-0.0859764 1.48863 0.892332)
(-0.0625416 1.15826 0.775749)
(-0.0296524 0.70218 0.518619)
(-0.00409179 0.224692 0.175565)
(0.266785 3.67196 -0.45365)
(-0.069081 2.12178 -0.785539)
(0.106917 1.65743 -0.821191)
(0.0524054 1.71812 -0.753248)
(0.0558048 1.8063 -0.65998)
(0.043581 1.83054 -0.57477)
(0.0358487 1.81846 -0.496435)
(0.0278035 1.7962 -0.422775)
(0.0201116 1.77491 -0.352243)
(0.0126531 1.75743 -0.283938)
(0.00522433 1.7429 -0.217343)
(-0.00229972 1.72974 -0.152192)
(-0.00996583 1.71699 -0.0883052)
(-0.0177362 1.70444 -0.0254581)
(-0.0256373 1.69221 0.0366455)
(-0.0336871 1.68047 0.0982835)
(-0.0417648 1.6693 0.159673)
(-0.049718 1.65846 0.22078)
(-0.0573924 1.64712 0.281193)
(-0.0646834 1.63393 0.340162)
(-0.0716067 1.61775 0.396997)
(-0.0784499 1.59932 0.451984)
(-0.0858738 1.58333 0.507748)
(-0.0946986 1.57916 0.569943)
(-0.105102 1.59556 0.644954)
(-0.115441 1.62706 0.732953)
(-0.121571 1.63923 0.818695)
(-0.116378 1.57136 0.867325)
(-0.0971971 1.36871 0.833279)
(-0.0648765 1.02812 0.683698)
(-0.0289189 0.611407 0.430004)
(-0.00313498 0.195376 0.135838)
(0.25342 3.51317 -0.50884)
(-0.0810759 1.94024 -0.809108)
(0.0903961 1.62323 -0.819084)
(0.0134287 1.74024 -0.736838)
(0.0244044 1.81984 -0.644209)
(0.00505203 1.83373 -0.558878)
(-0.00500748 1.81759 -0.481098)
(-0.0157058 1.79429 -0.407716)
(-0.025582 1.77303 -0.337288)
(-0.0348606 1.75596 -0.268952)
(-0.0436986 1.74187 -0.202203)
(-0.0522154 1.72903 -0.136807)
(-0.0604614 1.71647 -0.0726032)
(-0.0684553 1.70402 -0.00940232)
(-0.0762614 1.69183 0.0530308)
(-0.0838726 1.68 0.114884)
(-0.0911847 1.66845 0.176271)
(-0.0980568 1.65676 0.23705)
(-0.10435 1.64408 0.296786)
(-0.11002 1.62949 0.354916)
(-0.115264 1.61298 0.411316)
(-0.120662 1.59707 0.467247)
(-0.127116 1.58772 0.526198)
(-0.135261 1.59217 0.593162)
(-0.144347 1.61083 0.670648)
(-0.151208 1.62571 0.751747)
(-0.150091 1.5962 0.814596)
(-0.135102 1.47388 0.824785)
(-0.105376 1.23357 0.748946)
(-0.0652562 0.897736 0.57673)
(-0.0271084 0.525734 0.339128)
(-0.0024596 0.168026 0.0985844)
(0.2342 3.34823 -0.551358)
(-0.0938767 1.78507 -0.813573)
(0.0662945 1.6049 -0.807374)
(-0.0218582 1.75322 -0.711752)
(-0.0102762 1.8256 -0.622383)
(-0.033354 1.83482 -0.537538)
(-0.047047 1.81739 -0.46063)
(-0.0599993 1.79356 -0.388005)
(-0.0719769 1.77189 -0.318262)
(-0.0829995 1.75452 -0.250553)
(-0.0931632 1.74033 -0.184367)
(-0.102591 1.72757 -0.119441)
(-0.111353 1.71518 -0.0556051)
(-0.119495 1.70285 0.00730291)
(-0.127129 1.69061 0.0694325)
(-0.134241 1.67845 0.130861)
(-0.14073 1.66614 0.19156)
(-0.146514 1.65322 0.251322)
(-0.151572 1.63917 0.30983)
(-0.156084 1.62405 0.366996)
(-0.160551 1.60946 0.423574)
(-0.165783 1.59923 0.48177)
(-0.172488 1.59825 0.544995)
(-0.180334 1.60761 0.615565)
(-0.186866 1.61693 0.690036)
(-0.187233 1.59957 0.754514)
(-0.175462 1.51879 0.784363)
(-0.148591 1.34663 0.751768)
(-0.107983 1.08461 0.639961)
(-0.0621494 0.768124 0.458975)
(-0.023753 0.444893 0.249828)
(-0.00193619 0.142512 0.0652186)
(0.208967 3.18336 -0.576818)
(-0.106677 1.65404 -0.800002)
(0.0348264 1.58762 -0.784078)
(-0.0515926 1.75457 -0.681597)
(-0.0517388 1.82602 -0.593528)
(-0.0738079 1.83457 -0.510713)
(-0.0910594 1.81767 -0.435154)
(-0.106451 1.79405 -0.36386)
(-0.120325 1.77176 -0.295377)
(-0.13287 1.75336 -0.2289)
(-0.144166 1.73831 -0.163906)
(-0.154329 1.72509 -0.100091)
(-0.163454 1.71253 -0.0372744)
(-0.17163 1.70004 0.0246614)
(-0.178946 1.68745 0.0857619)
(-0.185429 1.67466 0.146049)
(-0.191086 1.66147 0.205437)
(-0.196 1.64775 0.263822)
(-0.200408 1.63383 0.321286)
(-0.204787 1.62101 0.37847)
(-0.209809 1.61181 0.436896)
(-0.215999 1.60899 0.498743)
(-0.222987 1.61251 0.565312)
(-0.228649 1.61469 0.634019)
(-0.228784 1.59696 0.695117)
(-0.218057 1.5329 0.730916)
(-0.192415 1.39935 0.720003)
(-0.152159 1.19077 0.646496)
(-0.102781 0.926464 0.511191)
(-0.0547472 0.64232 0.338084)
(-0.0190246 0.369812 0.167788)
(-0.00142176 0.118978 0.0374982)
(0.180064 3.02402 -0.581517)
(-0.117982 1.53984 -0.768878)
(-0.00582699 1.55792 -0.746995)
(-0.0824752 1.74506 -0.646849)
(-0.0956156 1.82039 -0.558044)
(-0.119181 1.83194 -0.477995)
(-0.13905 1.81795 -0.404812)
(-0.156651 1.79588 -0.335621)
(-0.172156 1.77337 -0.269078)
(-0.185885 1.75355 -0.20448)
(-0.197975 1.73681 -0.141328)
(-0.208556 1.72226 -0.0792962)
(-0.21775 1.7088 -0.0181946)
(-0.225701 1.6957 0.0420701)
(-0.232591 1.68268 0.101549)
(-0.238552 1.66962 0.160277)
(-0.243796 1.65667 0.218321)
(-0.248651 1.64432 0.275933)
(-0.253564 1.63362 0.333729)
(-0.259014 1.62603 0.392772)
(-0.26517 1.62248 0.454229)
(-0.271354 1.62129 0.51824)
(-0.27542 1.61548 0.581969)
(-0.273595 1.59109 0.637626)
(-0.261262 1.52936 0.672071)
(-0.234767 1.41354 0.669473)
(-0.193684 1.23804 0.617318)
(-0.142294 1.01417 0.513894)
(-0.0889744 0.767279 0.373546)
(-0.0436037 0.524673 0.224758)
(-0.0136181 0.301768 0.0988862)
(-0.00125515 0.0976148 0.0165492)
(0.153 2.87219 -0.562179)
(-0.133696 1.42452 -0.720681)
(-0.0525781 1.51442 -0.694623)
(-0.120857 1.72047 -0.603123)
(-0.143632 1.80501 -0.516381)
(-0.170425 1.82411 -0.43939)
(-0.19304 1.81609 -0.369593)
(-0.212715 1.79793 -0.303623)
(-0.229595 1.77693 -0.23998)
(-0.244132 1.7566 -0.178056)
(-0.256608 1.73831 -0.117448)
(-0.267246 1.72211 -0.0578395)
(-0.276279 1.70751 0.00100669)
(-0.284025 1.69403 0.0592737)
(-0.290749 1.68127 0.117117)
(-0.296745 1.66933 0.174732)
(-0.30237 1.65858 0.232454)
(-0.307971 1.64952 0.290786)
(-0.313723 1.64245 0.350295)
(-0.319351 1.63667 0.4112)
(-0.323744 1.62912 0.472529)
(-0.324637 1.61306 0.53093)
(-0.31867 1.5777 0.579677)
(-0.302085 1.51004 0.608757)
(-0.272111 1.3992 0.606822)
(-0.228613 1.242 0.56514)
(-0.175212 1.04661 0.48245)
(-0.119003 0.831267 0.368449)
(-0.0685486 0.617299 0.243092)
(-0.0307445 0.41983 0.130039)
(-0.008446 0.242271 0.0472381)
(-0.000953781 0.0788298 0.00256105)
(0.131082 2.72998 -0.513739)
(-0.15455 1.30227 -0.650374)
(-0.105405 1.44497 -0.626601)
(-0.170501 1.67089 -0.548544)
(-0.199642 1.7719 -0.467723)
(-0.229585 1.80447 -0.394879)
(-0.254901 1.80638 -0.329359)
(-0.276717 1.79548 -0.267793)
(-0.295023 1.77927 -0.208215)
(-0.310324 1.76142 -0.149869)
(-0.323095 1.74392 -0.0923946)
(-0.33378 1.72775 -0.0355038)
(-0.342802 1.71322 0.0210738)
(-0.350505 1.70005 0.0776599)
(-0.357198 1.68807 0.134489)
(-0.36316 1.6772 0.191847)
(-0.368509 1.66718 0.249943)
(-0.373063 1.65715 0.308756)
(-0.376126 1.64515 0.367634)
(-0.376289 1.62738 0.424722)
(-0.371349 1.59776 0.476372)
(-0.358538 1.54828 0.516767)
(-0.335143 1.47045 0.538351)
(-0.299541 1.3582 0.533358)
(-0.252319 1.21103 0.496433)
(-0.196951 1.03598 0.42764)
(-0.139516 0.846698 0.334521)
(-0.0872245 0.659178 0.231484)
(-0.0460896 0.485818 0.135671)
(-0.0188024 0.331184 0.0607979)
(-0.00438241 0.192328 0.0134333)
(-0.000348633 0.0629266 -0.0051717)
(0.113839 2.61742 -0.42948)
(-0.181205 1.16795 -0.552269)
(-0.161788 1.33125 -0.541217)
(-0.230627 1.57754 -0.482404)
(-0.265177 1.70405 -0.412172)
(-0.297515 1.75853 -0.345051)
(-0.324846 1.77592 -0.2842)
(-0.348604 1.77615 -0.227575)
(-0.368502 1.76841 -0.172928)
(-0.384823 1.75681 -0.119023)
(-0.398053 1.74352 -0.0652982)
(-0.408773 1.7298 -0.0113984)
(-0.417306 1.7162 0.042936)
(-0.423714 1.70247 0.0976901)
(-0.428361 1.68851 0.153025)
(-0.431098 1.67345 0.208794)
(-0.431478 1.65576 0.264419)
(-0.428617 1.63293 0.318622)
(-0.421176 1.60129 0.369112)
(-0.407352 1.55605 0.412343)
(-0.385222 1.49176 0.443553)
(-0.353289 1.40357 0.457295)
(-0.311134 1.28895 0.448623)
(-0.260125 1.1494 0.414803)
(-0.203704 0.991287 0.357113)
(-0.147044 0.825028 0.281846)
(-0.0959259 0.662272 0.199581)
(-0.0550555 0.512171 0.122407)
(-0.0265869 0.378612 0.0599845)
(-0.00973078 0.260114 0.0170895)
(-0.0018488 0.152169 -0.00549325)
(0.000109563 0.0500046 -0.00842433)
(0.106209 2.5569 -0.314663)
(-0.208821 1.01828 -0.422999)
(-0.213851 1.14949 -0.432944)
(-0.294295 1.40905 -0.40074)
(-0.336714 1.56821 -0.348427)
(-0.371533 1.65552 -0.290965)
(-0.39925 1.69743 -0.235646)
(-0.42308 1.7141 -0.183692)
(-0.443216 1.71751 -0.13399)
(-0.459568 1.71376 -0.0851826)
(-0.471966 1.70557 -0.0363442)
(-0.480433 1.69399 0.0129759)
(-0.485222 1.6791 0.0628308)
(-0.48646 1.66105 0.113)
(-0.483837 1.63905 0.163052)
(-0.476936 1.61166 0.21208)
(-0.46506 1.57675 0.258571)
(-0.447286 1.53155 0.30026)
(-0.422605 1.47289 0.334129)
(-0.390172 1.3977 0.3566)
(-0.349692 1.30384 0.364022)
(-0.301833 1.19108 0.353535)
(-0.248543 1.06196 0.324148)
(-0.193096 0.921988 0.277755)
(-0.139703 0.778899 0.219488)
(-0.0926681 0.64076 0.156964)
(-0.0552511 0.513671 0.0983583)
(-0.0287447 0.40015 0.0500046)
(-0.012294 0.299182 0.0149971)
(-0.00357601 0.207753 -0.00620717)
(-0.00042643 0.122313 -0.0141875)
(0.000398251 0.0402862 -0.00914402)
(0.120441 2.58136 -0.188087)
(-0.220404 0.863942 -0.267318)
(-0.238337 0.87887 -0.298071)
(-0.3376 1.12321 -0.296493)
(-0.395569 1.30846 -0.270584)
(-0.438111 1.43513 -0.230976)
(-0.467186 1.51389 -0.186212)
(-0.488483 1.55802 -0.140948)
(-0.504445 1.57898 -0.096963)
(-0.515953 1.5851 -0.0544437)
(-0.522829 1.58156 -0.0128689)
(-0.5246 1.57089 0.0283078)
(-0.520749 1.55308 0.069263)
(-0.511151 1.52814 0.109639)
(-0.495544 1.49546 0.148494)
(-0.473657 1.45393 0.184512)
(-0.44525 1.40214 0.215895)
(-0.410234 1.33861 0.240428)
(-0.368834 1.26215 0.255706)
(-0.321805 1.17242 0.25951)
(-0.27061 1.07036 0.250409)
(-0.217496 0.958565 0.228337)
(-0.165381 0.841233 0.195048)
(-0.117468 0.723539 0.154248)
(-0.0766577 0.610468 0.110988)
(-0.0448741 0.505514 0.0703849)
(-0.0225865 0.40994 0.0362592)
(-0.0088377 0.323097 0.0104695)
(-0.00178472 0.2435 -0.00664757)
(0.00092393 0.169311 -0.015405)
(0.00101769 0.0994501 -0.0160126)
(0.00017955 0.0326836 -0.00828624)
(0.149463 2.64971 -0.0788414)
(-0.187725 0.724943 -0.10483)
(-0.192974 0.528405 -0.146073)
(-0.304642 0.69219 -0.168169)
(-0.38326 0.862492 -0.170731)
(-0.445426 1.00687 -0.156781)
(-0.488822 1.11917 -0.132482)
(-0.516735 1.20044 -0.102661)
(-0.532185 1.25442 -0.0707199)
(-0.537685 1.28586 -0.038597)
(-0.535183 1.29906 -0.00728754)
(-0.52618 1.29753 0.0225705)
(-0.510572 1.28462 0.0507234)
(-0.487429 1.2613 0.076986)
(-0.457304 1.22791 0.100838)
(-0.420523 1.18449 0.121321)
(-0.377823 1.13098 0.137241)
(-0.330281 1.06751 0.147314)
(-0.279386 0.994678 0.15039)
(-0.227058 0.913713 0.145814)
(-0.175648 0.826613 0.133729)
(-0.127727 0.735944 0.115219)
(-0.0856704 0.644523 0.0923405)
(-0.0512534 0.555032 0.0678702)
(-0.0253705 0.469474 0.0445674)
(-0.00789689 0.388919 0.0244761)
(0.00217377 0.313768 0.00859212)
(0.0065453 0.244258 -0.00274472)
(0.00696292 0.180635 -0.0097557)
(0.00491531 0.123319 -0.0125676)
(0.00255102 0.0714798 -0.0111194)
(0.000331008 0.0233496 -0.00529834)
(0.0856573 2.09216 -0.00346451)
(-0.0968626 0.499874 0.0104598)
(-0.055416 0.168813 -0.016991)
(-0.125163 0.174692 -0.0347893)
(-0.188403 0.247674 -0.0533879)
(-0.253794 0.331969 -0.0634405)
(-0.314128 0.412114 -0.0642878)
(-0.364206 0.481625 -0.0564054)
(-0.401365 0.537718 -0.0438688)
(-0.424884 0.579934 -0.0295309)
(-0.434744 0.608708 -0.014998)
(-0.431336 0.624853 -0.00160143)
(-0.416374 0.630114 0.00992978)
(-0.392174 0.626335 0.0196894)
(-0.359937 0.614254 0.0277534)
(-0.321146 0.594423 0.0338759)
(-0.277674 0.567318 0.0377163)
(-0.231611 0.533505 0.0389411)
(-0.185269 0.493765 0.0373328)
(-0.141016 0.449187 0.0330059)
(-0.10092 0.401162 0.0271145)
(-0.0665401 0.351189 0.0210143)
(-0.038927 0.300792 0.0149803)
(-0.0184146 0.25161 0.00926924)
(-0.00453977 0.205248 0.0044579)
(0.00360348 0.163053 0.000863772)
(0.00709315 0.125919 -0.00157997)
(0.00747848 0.0942272 -0.00307158)
(0.00609289 0.0676083 -0.00389071)
(0.00376774 0.0451998 -0.00400756)
(0.00142666 0.0258818 -0.00327422)
(8.73343e-05 0.00841198 -0.00156227)
)
;

boundaryField
{
    inner_wall
    {
        type            rotatingWallVelocity;
        origin          ( 0 0 0 );
        axis            ( 0 0 1 );
        omega           table ( ( 10 35.0874 ) ( 10.05 90.4246 ) ( 12 90.4246 ) );
        omegaCoeffs
        {
            values          3 ( ( 0 52.3599 ) ( 0.05 186.584 ) ( 2 186.584 ) );
        }
        value           nonuniform List<vector> 96{(0 4.73472 0)};
    }
    outer_wall
    {
        type            rotatingWallVelocity;
        origin          ( 0 0 0 );
        axis            ( 0 0 1 );
        omega           constant 0;
        value           uniform ( 0 0 0 );
    }
    top
    {
        type            fixedValue;
        value           uniform ( 0 0 -0.001462 );
    }
    bottom
    {
        type            inletOutlet;
        inletValue      uniform ( 0 0 0 );
        value           nonuniform List<vector> 
32
(
(0 0 0)
(0 0 0)
(0 0 0)
(0 0 0)
(0 0 0)
(0 0 0)
(0 0 0)
(0 0 0)
(0 0 0)
(0 0 0)
(0 0 0)
(0 0 0)
(0 0 0)
(0 0 0)
(0.0451412 0.579105 -0.0243787)
(0.0776818 0.733173 -0.0770129)
(0.104976 0.818073 -0.123286)
(0.126358 0.854404 -0.159748)
(0.142145 0.857713 -0.185673)
(0.152928 0.839886 -0.20172)
(0.15969 0.810169 -0.209041)
(0.162832 0.775744 -0.208915)
(0.162859 0.741937 -0.202877)
(0.16005 0.712336 -0.192497)
(0.154456 0.688901 -0.179233)
(0.145795 0.672081 -0.164467)
(0.133676 0.66072 -0.149742)
(0.117439 0.650582 -0.137214)
(0.095623 0.62845 -0.129086)
(0.06602 0.561491 -0.123461)
(0.0324463 0.403331 -0.106015)
(0.00486783 0.147208 -0.0522697)
)
;
    }
    front
    {
        type            wedge;
    }
    back
    {
        type            wedge;
    }
}


// ************************************************************************* //
