/*--------------------------------*- C++ -*----------------------------------*\
| =========                 |                                                 |
| \\      /  F ield         | OpenFOAM: The Open Source CFD Toolbox           |
|  \\    /   O peration     | Version:  2506                                  |
|   \\  /    A nd           | Website:  www.openfoam.com                      |
|    \\/     M anipulation  |                                                 |
\*---------------------------------------------------------------------------*/
FoamFile
{
    version     2.0;
    format      ascii;
    arch        "LSB;label=32;scalar=64";
    class       volScalarField;
    location    "508";
    object      p;
}
// * * * * * * * * * * * * * * * * * * * * * * * * * * * * * * * * * * * * * //

dimensions      [0 2 -2 0 0 0 0];

internalField   nonuniform List<scalar> 
3072
(
-0.000123967131
-9.41515034e-05
-9.04856804e-05
-8.4451189e-05
-7.46945454e-05
-6.29698207e-05
-5.10207731e-05
-3.99856204e-05
-2.77742636e-05
-1.40153885e-05
-7.56288919e-06
-7.76019887e-06
-7.62205737e-06
-6.3104797e-06
-4.47205804e-06
-2.49542231e-06
-5.35744458e-07
1.32377406e-06
3.02535525e-06
4.52417281e-06
5.80685234e-06
7.01602423e-06
8.04228448e-06
8.74648814e-06
9.27237347e-06
9.66434041e-06
9.94256337e-06
1.01314717e-05
1.02633789e-05
1.03857586e-05
1.05658928e-05
1.08151528e-05
-0.000264310277
-0.000186451975
-0.000160138535
-0.000141512603
-0.000123474715
-0.000104850582
-8.64209783e-05
-6.8635698e-05
-5.08429637e-05
-3.39335899e-05
-2.18125244e-05
-1.44699827e-05
-8.57003382e-06
-3.29992413e-06
1.33038545e-06
5.32475839e-06
8.74333226e-06
1.16448622e-05
1.40880587e-05
1.6149806e-05
1.77775353e-05
1.92002984e-05
2.04184529e-05
2.12384472e-05
2.18514017e-05
2.23315571e-05
2.27115983e-05
2.30231511e-05
2.3304284e-05
2.36021275e-05
2.39473502e-05
2.42410496e-05
-0.000326423559
-0.000221780955
-0.000176574074
-0.000146112725
-0.000121669286
-0.000100771593
-8.23234736e-05
-6.56795046e-05
-5.0371209e-05
-3.65145171e-05
-2.47566984e-05
-1.50289059e-05
-6.70543003e-06
5.33383356e-07
6.82429387e-06
1.22634494e-05
1.69345881e-05
2.0909293e-05
2.42732108e-05
2.7200565e-05
2.95866428e-05
3.14880747e-05
3.30811466e-05
3.43169013e-05
3.52851713e-05
3.60471834e-05
3.66468983e-05
3.71230059e-05
3.75126172e-05
3.78541086e-05
3.81780218e-05
3.84491889e-05
-0.000386213042
-0.000266915275
-0.000210788425
-0.000168760899
-0.000135762969
-0.000109664134
-8.78521591e-05
-6.89315469e-05
-5.21829167e-05
-3.72966984e-05
-2.41970775e-05
-1.27466844e-05
-2.72753911e-06
6.04070289e-06
1.36900892e-05
2.03248383e-05
2.60363798e-05
3.09109877e-05
3.50378656e-05
3.85008864e-05
4.14022478e-05
4.37573195e-05
4.56285441e-05
4.715102e-05
4.83629582e-05
4.93170056e-05
5.00673725e-05
5.06622766e-05
5.11447897e-05
5.15569018e-05
5.19302291e-05
5.22253087e-05
-0.000442025782
-0.000315681271
-0.000246466388
-0.000194678958
-0.000154291294
-0.000122039606
-9.54368184e-05
-7.29136369e-05
-5.34569281e-05
-3.64586973e-05
-2.15555477e-05
-8.48062218e-06
2.98938729e-06
1.30324639e-05
2.17903068e-05
2.93830223e-05
3.59218325e-05
4.1513348e-05
4.62353928e-05
5.00707501e-05
5.32996708e-05
5.60634946e-05
5.82579549e-05
6.001076e-05
6.14106525e-05
6.25242619e-05
6.34104394e-05
6.41220485e-05
6.47074221e-05
6.52150447e-05
6.56821264e-05
6.60573324e-05
-0.000490655743
-0.000359350488
-0.000280091721
-0.000220370823
-0.000173455554
-0.000135074978
-0.000103461856
-7.69819129e-05
-5.44130522e-05
-3.49375885e-05
-1.80139491e-05
-3.25732851e-06
9.62032287e-06
2.08406848e-05
3.0581093e-05
3.89916065e-05
4.6206278e-05
5.23487151e-05
5.75292644e-05
6.18422669e-05
6.54205655e-05
6.83735886e-05
7.07720193e-05
7.27055978e-05
7.42586567e-05
7.55057873e-05
7.65132386e-05
7.73397619e-05
7.8039894e-05
7.86708811e-05
7.92764693e-05
7.97776678e-05
-0.000531925644
-0.000396359913
-0.00031128461
-0.000245353107
-0.000191929116
-0.000147979127
-0.00011162136
-8.11856838e-05
-5.53782979e-05
-3.32741911e-05
-1.42176623e-05
2.27290594e-06
1.65600125e-05
2.8924592e-05
3.95926856e-05
4.87540837e-05
5.65745519e-05
6.32033768e-05
6.87776215e-05
7.34251151e-05
7.72689591e-05
8.04237676e-05
8.2992969e-05
8.50734271e-05
8.67548217e-05
8.81187878e-05
8.92383052e-05
9.01779408e-05
9.0998526e-05
9.17666676e-05
9.25328074e-05
9.31834278e-05
-0.000566133031
-0.000427474314
-0.00033840682
-0.000267796735
-0.000209055461
-0.000160191497
-0.000119500764
-8.53394434e-05
-5.6398483e-05
-3.17026058e-05
-1.05252693e-05
7.68770329e-06
2.33650283e-05
3.68456518e-05
4.84055808e-05
5.82767388e-05
6.66600876e-05
7.37341554e-05
7.96607044e-05
8.4588264e-05
8.86543746e-05
9.19859616e-05
9.4699577e-05
9.69022867e-05
9.86920028e-05
0.00010015741
0.000101377586
0.00010242239
0.000103358478
0.000104261306
0.000105187357
0.000105987551
-0.000594147524
-0.000453436005
-0.000361224712
-0.00028685818
-0.000223988592
-0.000171079942
-0.000126662528
-8.9194852e-05
-5.74012839e-05
-3.02976533e-05
-7.1208079e-06
1.27311459e-05
2.97375247e-05
4.42860646e-05
5.66972779e-05
6.72423367e-05
7.61559824e-05
8.36454157e-05
8.98964085e-05
9.50773367e-05
9.93418222e-05
0.000102830183
0.000105670451
0.000107979254
0.000109862413
0.00011141523
0.000112722303
0.000113858182
0.000114894539
0.000115914358
0.000116979125
0.000117908847
-0.000616490649
-0.000474437485
-0.000379940303
-0.000302669238
-0.000236575098
-0.000180405733
-0.000132889344
-9.25996619e-05
-5.8316686e-05
-2.9071584e-05
-4.08809541e-06
1.72635584e-05
3.54979066e-05
5.10403107e-05
6.42477205e-05
7.54249557e-05
8.48365926e-05
9.27157624e-05
9.9270265e-05
0.00010468697
0.000109134771
0.000112766674
0.000115721251
0.000118123816
0.000120087334
0.000121712998
0.000123090228
0.000124297555
0.000125410698
0.000126518363
0.000127685805
0.000128710643
-0.000633726617
-0.000490848526
-0.000394799344
-0.000315366583
-0.000246804125
-0.000188073411
-0.000138060324
-9.54449429e-05
-5.90691403e-05
-2.79912129e-05
-1.43700093e-06
2.12364104e-05
4.05660787e-05
5.70042577e-05
7.09358901e-05
8.26927263e-05
9.25640914e-05
0.000100805063
0.00010764246
0.000113279292
0.000117897963
0.000121662678
0.000124721234
0.000127206482
0.000129237522
0.000130920525
0.000132348911
0.000133604445
0.000134765858
0.000135925578
0.000137151376
0.000138229115
-0.000646482859
-0.000503164091
-0.00040615029
-0.000325165852
-0.000254771401
-0.000194090944
-0.00014213145
-9.76638895e-05
-5.95903011e-05
-2.69999652e-05
8.70260231e-07
2.46665882e-05
4.49388479e-05
6.21571671e-05
7.6726671e-05
8.89994431e-05
9.9284149e-05
0.000107853397
0.000114949474
0.000120788651
0.000125564535
0.000129450617
0.00013260232
0.000135158672
0.000137243744
0.000138967667
0.000140427007
0.00014170601
0.000142885428
0.000144059461
0.000145297238
0.00014638394
-0.000655395392
-0.000511913724
-0.000414398601
-0.000332350094
-0.000260647873
-0.000198537707
-0.000145115149
-9.92258585e-05
-5.98246516e-05
-2.603219e-05
2.8997027e-06
2.76146378e-05
4.86681951e-05
6.65413874e-05
8.16528946e-05
9.4369288e-05
0.000105013449
0.000113871215
0.000121196692
0.000127216421
0.000132132706
0.000136126265
0.000139358419
0.000141972939
0.000144097649
0.000145845623
0.000147315726
0.000148593994
0.000149762308
0.000150914907
0.000152121293
0.000153176188
-0.000661079326
-0.000517623483
-0.000419969759
-0.000337236941
-0.000264648382
-0.000201539291
-0.000147065194
-0.000100129949
-5.97330878e-05
-2.5024108e-05
4.72940771e-06
3.01653516e-05
5.18403866e-05
7.02412906e-05
8.57950734e-05
9.88779295e-05
0.000109822506
0.000118923982
0.000126444912
0.000132619254
0.000137655592
0.000141739863
0.000145037604
0.000147695934
0.00014984527
0.000151600667
0.000153062525
0.00015431806
0.00015544954
0.000156549826
0.000157688029
0.000158676885
-0.00066411161
-0.000520794665
-0.000423285247
-0.000340155563
-0.000267011237
-0.000203250961
-0.000148065289
-0.00010040146
-5.92957309e-05
-2.3922396e-05
6.43634834e-06
3.24112608e-05
5.45573901e-05
7.33636534e-05
8.9261581e-05
0.000102633108
0.000113817059
0.000123114646
0.000130793983
0.000137093908
0.00014222715
0.000146383039
0.000149729821
0.000152416703
0.000154575664
0.000156322904
0.000157759699
0.000158973937
0.000160047698
0.000161071424
0.000162113282
0.000163010276
-0.000665021496
-0.000521896216
-0.000424752516
-0.000341432536
-0.000267983096
-0.000203844651
-0.00014822016
-0.00010008758
-5.85122989e-05
-2.26889892e-05
8.08748215e-06
3.44406302e-05
5.69224712e-05
7.60217569e-05
9.21718408e-05
0.000105757529
0.000117121035
0.00012656698
0.000134366679
0.000140761766
0.000145967317
0.000150174529
0.000153553078
0.000156253208
0.0001584076
0.000160132908
0.000161530761
0.000162689314
0.000163690056
0.000164620329
0.00016554701
0.000166335289
-0.000664284107
-0.00052135345
-0.000424746431
-0.00034137628
-0.000267805945
-0.000203497506
-0.000147646631
-9.92512725e-05
-5.73995699e-05
-2.13022649e-05
9.73531142e-06
3.63301367e-05
5.90306057e-05
7.83240216e-05
9.46437435e-05
0.000108375463
0.000119862714
0.00012941157
0.000137294723
0.000143754986
0.000149008364
0.000153246721
0.000156640152
0.000159339107
0.000161476302
0.00016316832
0.000164516737
0.000165609687
0.000166527802
0.00016735498
0.000168156634
0.00016882786
-0.000662312371
-0.00051954162
-0.000423608057
-0.000340272474
-0.000266709216
-0.00020238374
-0.000146466248
-9.7965816e-05
-5.59881326e-05
-1.9756218e-05
1.14163745e-05
3.81411404e-05
6.09628442e-05
8.03667527e-05
9.67851443e-05
0.000110603289
0.000122164602
0.000131775221
0.00013970789
0.000146205426
0.000151483714
0.000155734399
0.000159127248
0.000161812313
0.000163921858
0.00016557202
0.000166864042
0.000167885831
0.000168717028
0.000169438012
0.000170112687
0.000170665913
-0.000659463083
-0.000516783392
-0.000421640324
-0.000338378449
-0.0002649037
-0.000200668469
-0.000144799575
-9.63099715e-05
-5.43187847e-05
-1.80583237e-05
1.31518118e-05
3.99186797e-05
6.27838252e-05
8.22303341e-05
9.86889364e-05
0.00011254364
0.000124136833
0.000133773764
0.000141726359
0.000148236625
0.000153519624
0.000157766171
0.000161145204
0.000163805969
0.000165879962
0.000167482632
0.000168714707
0.00016966374
0.000170408337
0.000171025485
0.000171577643
0.00017201783
-0.000656031593
-0.000513345853
-0.000419107447
-0.0003359221
-0.000262578347
-0.000198503145
-0.000142761267
-9.43631544e-05
-5.24383768e-05
-1.62261525e-05
1.49497334e-05
4.16928553e-05
6.45419058e-05
8.39782959e-05
0.000100431246
0.000114282848
0.000125873869
0.000135508127
0.000143456217
0.000149958843
0.00015522982
0.000159458759
0.000162813477
0.00016544217
0.000167475388
0.000169027756
0.000170199393
0.000171077421
0.000171739442
0.000172259322
0.000172698198
0.000173034612
-0.000652250004
-0.000509469324
-0.000416223502
-0.000333098036
-0.000259900473
-0.000196023729
-0.000140456274
-9.22010015e-05
-5.03953386e-05
-1.4283029e-05
1.68097187e-05
4.34832208e-05
6.62710201e-05
8.56568788e-05
0.000102071032
0.000115890542
0.000127453707
0.000137062993
0.000144987593
0.000151466715
0.000156712718
0.000160913844
0.000164236646
0.000166828173
0.00016881795
0.000170319735
0.000171432995
0.000172244397
0.0001728306
0.00017326271
0.000173600713
0.000173845408
-0.000648310547
-0.00050554443
-0.000413024311
-0.000330016726
-0.000257005605
-0.000193345918
-0.00013797486
-8.98905014e-05
-4.823459e-05
-1.22523585e-05
1.87298204e-05
4.53078284e-05
6.79946641e-05
8.72925713e-05
0.000103648862
0.000117418746
0.000128937003
0.000138505895
0.000146393646
0.000152838052
0.000158050027
0.000162216456
0.000165502627
0.000168054445
0.000170000426
0.000171453472
0.000172512409
0.000173263447
0.0001737824
0.000174138001
0.000174389266
0.000174555767
-0.000644359255
-0.000501786122
-0.00040959518
-0.000326788479
-0.000254004032
-0.000190565231
-0.00013539534
-8.74937876e-05
-4.60039615e-05
-1.01715563e-05
2.06749582e-05
4.7128728e-05
6.9722361e-05
8.89473436e-05
0.00010522593
0.000118923442
0.000130379818
0.00013989535
0.000147735835
0.000154137227
0.000159308877
0.00016343625
0.000166683343
0.000169194926
0.000171098533
0.000172506236
0.000173516232
0.000174214301
0.000174675517
0.000174966617
0.000175145753
0.000175248043
-0.000640496423
-0.000498120436
-0.000406182581
-0.000323535397
-0.000250977209
-0.00018775406
-0.000132779742
-8.50590675e-05
-4.37373196e-05
-8.06478839e-06
2.26380747e-05
4.89659761e-05
7.14748902e-05
9.0622323e-05
0.000106806137
0.000120422499
0.000131810726
0.000141267325
0.000149055746
0.000155410335
0.000160539023
0.000164625963
0.000167834004
0.000170306868
0.000172171059
0.000173538025
0.00017450542
0.000175158514
0.000175571794
0.000175810415
0.000175931574
0.000175982687
-0.000636798977
-0.000494584743
-0.000402826804
-0.000320371125
-0.000247994468
-0.000184959382
-0.000130166587
-8.26132528e-05
-4.1441603e-05
-5.94930093e-06
2.46299886e-05
5.08466118e-05
7.32416407e-05
9.22814944e-05
0.00010838049
0.000121924125
0.000133247421
0.000142646045
0.000150382748
0.000156690868
0.000161777252
0.000165825059
0.000168996378
0.000171434008
0.000173261269
0.000174591868
0.000175523926
0.000176140387
0.00017651536
0.000176713079
0.000176789796
0.000176800788
-0.000633315461
-0.000491226396
-0.00039959531
-0.000317332259
-0.000245110771
-0.000182230524
-0.000127597086
-8.02023227e-05
-3.91862524e-05
-3.79708831e-06
2.66454507e-05
5.2749582e-05
7.503391e-05
9.39657634e-05
0.00010998237
0.000123454896
0.000134714415
0.000144056184
0.000151742389
0.000158005453
0.000163051256
0.000167062014
0.000170198798
0.000172603735
0.000174401928
0.000175703644
0.000176605603
0.000177192375
0.000177537573
0.0001777044
0.000177748818
0.000177732098
-0.000630067978
-0.000488069709
-0.000396542625
-0.000314419398
-0.000242330457
-0.000179586116
-0.000125091223
-7.78330115e-05
-3.69478771e-05
-1.67707188e-06
2.86566814e-05
5.46616689e-05
7.68374974e-05
9.56692904e-05
0.000111611879
0.000125019671
0.000136220398
0.00014550947
0.000153148839
0.000159370251
0.000164378843
0.000168356119
0.000171462473
0.00017383945
0.000175611765
0.000176889103
0.000177767793
0.000178332224
0.000178655665
0.000178800675
0.000178822938
0.00017878758
-0.000627059706
-0.000485122013
-0.000393674882
-0.000311654816
-0.000239674185
-0.000177043805
-0.000122665395
-7.55224616e-05
-3.47486785e-05
4.17609933e-07
3.06591992e-05
5.65750968e-05
7.86534649e-05
9.73993394e-05
0.000113276508
0.000126625933
0.000137773379
0.000147014626
0.000154611516
0.000160795297
0.000165770545
0.000169718221
0.000172798213
0.000175151597
0.000176902662
0.000178160739
0.000179021856
0.000179570153
0.000179878642
0.000180009491
0.000180018173
0.000179971838
-0.000624280668
-0.000482378736
-0.00039098828
-0.000309043417
-0.00023714778
-0.000174609134
-0.00012032583
-7.3278443e-05
-3.2598672e-05
2.47654552e-06
3.26333858e-05
5.8477628e-05
8.04890984e-05
9.91674214e-05
0.000114983524
0.000128278373
0.000139377321
0.00014857559
0.000156134533
0.000162284941
0.000167230932
0.000171153026
0.000174210694
0.000176544634
0.000178278796
0.000179522217
0.000180370676
0.000180908102
0.000181207322
0.000181330291
0.000181332336
0.00018128118
-0.000621711686
-0.000479825967
-0.000388472154
-0.000306579105
-0.000234747298
-0.000172279718
-0.000118071514
-7.1101072e-05
-3.04987368e-05
4.4986574e-06
3.45779956e-05
6.03553745e-05
8.23332007e-05
0.000100977118
0.000116735346
0.000129977262
0.000141031705
0.000150191727
0.000157717325
0.000163838713
0.000168759597
0.000172660108
0.000175699363
0.000178017746
0.000179738935
0.000180971726
0.000181811695
0.000182342596
0.000182637121
0.000182757149
0.000182757918
0.000182706647
-0.000619328087
-0.000477443752
-0.000386110349
-0.000304249385
-0.000232462668
-0.000170047114
-0.000115894715
-6.89819432e-05
-2.84370494e-05
6.50484969e-06
3.65270975e-05
6.22290328e-05
8.41643174e-05
0.000102791098
0.000118507186
0.000131707329
0.000142725887
0.000151854861
0.000159353274
0.000165450982
0.000170351477
0.000174234662
0.000177259429
0.000179565954
0.000181277725
0.000182503373
0.000183338317
0.000183866176
0.000184159555
0.000184280359
0.000184283783
0.000184235785
-0.000617102915
-0.000475209222
-0.000383883843
-0.000302038776
-0.000230281551
-0.000167901825
-0.000113788488
-6.69164345e-05
-2.64115371e-05
8.49346897e-06
3.84764525e-05
6.41159308e-05
8.59986108e-05
0.000104600447
0.000120289114
0.00013346108
0.000144453428
0.00015355881
0.000161036258
0.00016711561
0.000172000322
0.00017587023
0.000178884132
0.000181182099
0.000182887516
0.000184108907
0.000184941586
0.000185469072
0.000185763921
0.00018588814
0.000185896909
0.000185854452
-0.000615008922
-0.000473098554
-0.000381772453
-0.000299930373
-0.000228190577
-0.000165834109
-0.000111747004
-6.4903396e-05
-2.44280762e-05
1.04470348e-05
4.03986855e-05
6.60079231e-05
8.78587799e-05
0.000106428525
0.000122091406
0.000135241468
0.000146213742
0.000155300812
0.000162761976
0.000168827172
0.000173699859
0.000177559842
0.000180565878
0.000182857988
0.0001845595
0.000185778875
0.000186611356
0.000187140387
0.000187438505
0.000187567862
0.000187583645
0.000187548078
-0.000613019643
-0.000471088084
-0.000379755725
-0.000297906316
-0.000226174866
-0.00016383193
-0.000109760777
-6.29355539e-05
-2.24808956e-05
1.23712698e-05
4.22998029e-05
6.79003488e-05
8.97386497e-05
0.000108273468
0.000123907435
0.000137041821
0.000148000547
0.000157074518
0.000164523739
0.000170578558
0.000175442526
0.000179295471
0.000182296164
0.000184584624
0.000186284161
0.000187503211
0.000188336974
0.000188868842
0.000189171355
0.000189306837
0.00018933049
0.000189302442
-0.000611110366
-0.000469155387
-0.000377814098
-0.000295949035
-0.000224219537
-0.000161882952
-0.00010781974
-6.10048377e-05
-2.05631763e-05
1.42732177e-05
4.41860691e-05
6.97849209e-05
9.16201922e-05
0.000110129538
0.000125739717
0.000138862567
0.00014981141
0.00015887575
0.000166316219
0.000172363522
0.000177221304
0.000181069433
0.000184066709
0.000186353171
0.000188052136
0.000189272028
0.000190108026
0.000190643485
0.000190950964
0.000191092964
0.000191124708
0.000191104248
-0.000609258852
-0.000467280025
-0.000375929676
-0.000294041982
-0.000222310436
-0.0001599752
-0.000105913726
-5.91025139e-05
-1.86667742e-05
1.61619515e-05
4.60664929e-05
7.16585633e-05
9.34859013e-05
0.000111986447
0.000127588462
0.000140702269
0.000151642664
0.000160699569
0.000168133642
0.000174175598
0.000179029118
0.00018287411
0.000185869405
0.000188155066
0.000189854422
0.000191075898
0.000191914658
0.000192454035
0.000192766611
0.000192915067
0.000192954638
0.000192941406
-0.000607445864
-0.000465444095
-0.000374086854
-0.000292170254
-0.000220435016
-0.000158098248
-0.00010403423
-5.72220056e-05
-1.67873074e-05
1.80389233e-05
4.79400602e-05
7.35277793e-05
9.5348389e-05
0.000113844887
0.000129444574
0.000142552783
0.000153487496
0.000162539497
0.000169969426
0.000176007977
0.000180858884
0.000184702116
0.000187696552
0.000189982289
0.000191682677
0.000192906154
0.000193747881
0.000194291177
0.000194608657
0.000194763163
0.000194809929
0.000194803239
-0.000605655398
-0.000463632497
-0.000372272614
-0.00029032074
-0.000218582492
-0.000156243087
-0.000102173795
-5.53574436e-05
-1.49205632e-05
1.99064972e-05
4.98075516e-05
7.53938376e-05
9.72097281e-05
0.000115704247
0.00013130439
0.000144409836
0.000155341403
0.000164390646
0.000171818251
0.000177854937
0.000182704513
0.000186547024
0.000189541408
0.000191827801
0.000193529584
0.000194755215
0.000195599856
0.000196146823
0.000196468764
0.000196628667
0.00019668174
0.000196680671
-0.000603874718
-0.000461833082
-0.000370476687
-0.000288482116
-0.000216744191
-0.000154402311
-0.000100326226
-5.35039701e-05
-1.3063019e-05
2.17668489e-05
5.16697779e-05
7.72565356e-05
9.90700574e-05
0.000117564578
0.000133166573
0.000146271007
0.000157201177
0.0001662492
0.000173675802
0.000179711743
0.000184560913
0.000188403429
0.000191398287
0.000193685666
0.00019538898
0.000196616705
0.000197464014
0.000198014222
0.000198340012
0.000198504495
0.000198562818
0.00019856629
-0.000602094193
-0.000460036818
-0.000368691125
-0.000286644845
-0.000214913732
-0.00015256995
-9.84864695e-05
-5.16576297e-05
-1.12117344e-05
2.36219884e-05
5.35279057e-05
7.91163544e-05
0.000100929286
0.000119425107
0.00013502967
0.000148134255
0.000159064233
0.000168112107
0.000175538631
0.000181574607
0.000186423997
0.000190266984
0.000193262615
0.00019555111
0.000197255913
0.000198485519
0.000199335111
0.000199888009
0.00020021693
0.000200385075
0.000200447503
0.000200454351
-0.000600306911
-0.000458237814
-0.00036690586
-0.000284805236
-0.000213087013
-0.000150741053
-9.66505197e-05
-4.98153582e-05
-9.36440973e-06
2.54735331e-05
5.53829419e-05
8.09737874e-05
0.000102787349
0.000121285154
0.000136892543
0.000149998077
0.000160928678
0.000169977119
0.000177404178
0.000183440697
0.000188290697
0.000192134415
0.000195130943
0.000197420534
0.000199126656
0.000200357823
0.000201209226
0.000201764195
0.000202095471
0.000202266302
0.000202331618
0.000202340771
-0.000598507922
-0.000456431579
-0.000365098085
-0.000282978989
-0.000211262023
-0.000148912139
-9.48157185e-05
-4.79750433e-05
-7.51938229e-06
2.73226868e-05
5.72356663e-05
8.28292496e-05
0.00010464423
0.000123144264
0.000138754454
0.0001518615
0.000162793271
0.00017184274
0.000179270721
0.000185308092
0.00019015892
0.000194003483
0.000197000905
0.000199291467
0.000200998656
0.000202230998
0.000203083696
0.00020364009
0.000203972934
0.000204145411
0.000204212184
0.000204223455
-0.000596696295
-0.000454616801
-0.000363280206
-0.000281153638
-0.000209434592
-0.00014708093
-9.29800432e-05
-4.61349924e-05
-5.67532812e-06
2.91704101e-05
5.90867169e-05
8.4683106e-05
0.000106499974
0.000125002265
0.000140615136
0.000153724106
0.000164657421
0.000173708213
0.000181137352
0.000187175749
0.000192027504
0.000195872925
0.000198871159
0.000201162504
0.00020287046
0.000204103564
0.000204957022
0.000205514184
0.000205847811
0.000206021043
0.000206088363
0.000206100582
-0.000594872437
-0.000452793084
-0.000361454835
-0.0002793281
-0.000207604311
-0.000145247081
-9.11429343e-05
-4.4294629e-05
-3.83173938e-06
3.10170882e-05
6.09362994e-05
8.65352636e-05
0.000108354276
0.000126859224
0.000142474998
0.000155586133
0.000166521167
0.00017557345
0.000183003887
0.000189043404
0.000193896121
0.000197742362
0.000200741287
0.000203033204
0.000204741618
0.000205975071
0.000206828774
0.000207386075
0.000207719733
0.000207892907
0.00020796017
0.000207972058
-0.000593038157
-0.000450962241
-0.000359621544
-0.000277503481
-0.000205772112
-0.000143411394
-8.93051106e-05
-4.24545077e-05
-1.98903971e-06
3.28623775e-05
6.27840037e-05
8.83847887e-05
0.000110205364
0.000128715056
0.000144335893
0.000157448979
0.000168385393
0.000177439095
0.000184870865
0.000190911537
0.000195765216
0.000199612225
0.000202611722
0.00020490401
0.000206612595
0.000207846019
0.000208699491
0.000209256356
0.000209589365
0.000209761735
0.000209828281
0.000209838762
-0.000591196327
-0.00044912706
-0.000357773018
-0.000275689046
-0.000203941385
-0.000141575946
-8.7468288e-05
-4.06158571e-05
-1.4792786e-07
3.47062025e-05
6.46306037e-05
9.02332437e-05
0.000112053071
0.0001305682
0.000146197346
0.000159312823
0.000170250544
0.000179305755
0.000186739031
0.000192781013
0.000197635753
0.000201483561
0.000204483581
0.000206776107
0.000208484642
0.000209717723
0.000210570561
0.000211126497
0.000211458272
0.00021162912
0.000211694032
0.000211702692
-0.000589352253
-0.000447292133
-0.000355922734
-0.000273877698
-0.00020211494
-0.000139743678
-8.56346128e-05
-3.87801939e-05
1.69072011e-06
3.65484692e-05
6.64770974e-05
9.20832246e-05
0.000113900821
0.000132418546
0.000148056464
0.000161176173
0.000172116403
0.000181173906
0.000188609281
0.000194653027
0.000199509153
0.000203357963
0.000206358598
0.000208651348
0.000210359713
0.000211592234
0.000212444128
0.000212998739
0.000213328794
0.000213497478
0.00021355988
0.00021356649
-0.000587512495
-0.000445462876
-0.000354082493
-0.000272068668
-0.000200295807
-0.000137918452
-8.38071815e-05
-3.69499868e-05
3.5248498e-06
3.83872876e-05
6.83212524e-05
9.39321203e-05
0.000115749668
0.000134269904
0.000149915605
0.00016304076
0.000173984729
0.000183045434
0.000190483614
0.000196529693
0.000201387647
0.000205237778
0.000208239228
0.00021053229
0.000212240468
0.00021347231
0.000214323046
0.000214876033
0.000215203983
0.00021537002
0.000215429308
0.00021543327
-0.000585684493
-0.000443645879
-0.000352258514
-0.000270268477
-0.000198488338
-0.000136104531
-8.19896023e-05
-3.51281322e-05
5.35212912e-06
4.02206966e-05
7.01611466e-05
9.57778201e-05
0.000117598523
0.000136124199
0.000151778242
0.000164909453
0.00017585804
0.000184922819
0.000192364584
0.000198413668
0.000203274008
0.000207125897
0.000210128482
0.00021242206
0.000214130147
0.000215361303
0.00021621078
0.000216761955
0.000217087535
0.000217250572
0.000217306291
0.000217307115
-0.000583876621
-0.000441848928
-0.000350457073
-0.000268484577
-0.000196697815
-0.000134306484
-8.01856938e-05
-3.33175871e-05
7.17046571e-06
4.20475117e-05
7.19966977e-05
9.76213687e-05
0.000119447724
0.000137981096
0.000153644985
0.000166783577
0.000177738138
0.000186808244
0.000194254693
0.000200307722
0.000205171232
0.000209025517
0.000212029732
0.000214324191
0.000216032429
0.000217263034
0.000218111286
0.000218660596
0.000218983673
0.000219143499
0.000219195348
0.00021919269
-0.000582098062
-0.00044008061
-0.000348685298
-0.000266724598
-0.000194930213
-0.000132529316
-7.83996107e-05
-3.15216115e-05
8.97748262e-06
4.38662149e-05
7.38272512e-05
9.94629499e-05
0.000121298002
0.000139841505
0.000155516926
0.000168664647
0.000179627007
0.000188704096
0.000196156668
0.000202214873
0.000207082594
0.000210940136
0.000213946677
0.000216242563
0.000217951364
0.00021918171
0.000220028925
0.000220576468
0.000220897062
0.000221053627
0.000221101474
0.000221095153
-0.000580358633
-0.000438350048
-0.000346950961
-0.000264996325
-0.000193191931
-0.000130778356
-7.66357489e-05
-2.97436647e-05
1.0770644e-05
4.56751521e-05
7.56520093e-05
0.000101302668
0.000123150374
0.000141706614
0.000157395082
0.000170554033
0.000181526599
0.000190612817
0.000198073341
0.000204138287
0.000209011544
0.000212873452
0.000215883235
0.000218181291
0.000219891252
0.000221121808
0.000221968349
0.000222514395
0.000222832702
0.000222986138
0.000223030053
0.00022302007
-0.000578668566
-0.000436666671
-0.000345262211
-0.000263307571
-0.000191489542
-0.000129059076
-7.48986075e-05
-2.79872693e-05
1.25474107e-05
4.74727923e-05
7.74705966e-05
0.000103141746
0.000125007781
0.00014357768
0.000159278576
0.000172451836
0.000183438287
0.000192536609
0.000200007462
0.000206081125
0.00021096158
0.000214829242
0.000217843421
0.000220144607
0.000221856523
0.000223087951
0.000223934368
0.000224479383
0.000224795799
0.000224946452
0.00022498674
0.00022497331
-0.000577038221
-0.000435039933
-0.000343627275
-0.000261665988
-0.000189829553
-0.000127376949
-7.31927356e-05
-2.62560993e-05
1.43049471e-05
4.92570828e-05
7.92816941e-05
0.00010497976
0.000126871298
0.000145456501
0.000161168979
0.000174360007
0.000185364541
0.000194478374
0.000201962253
0.000208046862
0.000212936394
0.000216811395
0.00021983131
0.000222136764
0.000223851613
0.000225084759
0.000225931802
0.000226476456
0.0002267916
0.000226940066
0.000226977309
0.000226960899
-0.000575477701
-0.00043347894
-0.000342054097
-0.000260078767
-0.000188218125
-0.000125737206
-7.15225938e-05
-2.45539936e-05
1.6039824e-05
5.10245944e-05
8.10809709e-05
0.000106810606
0.000128736777
0.000147348554
0.000163075496
0.000176283946
0.000187309519
0.000196442038
0.000203941564
0.00021003931
0.000214939809
0.000218823795
0.00022185088
0.000224161864
0.000225880766
0.00022711665
0.000227965257
0.000228510437
0.000228825169
0.000228972317
0.00022900741
0.000228988775
-0.000573996367
-0.000431991996
-0.000340549875
-0.000258552197
-0.000186660555
-0.000124144237
-6.98917575e-05
-2.28838052e-05
1.77498056e-05
5.27735902e-05
8.28669915e-05
0.000108632655
0.00013060195
0.000149253391
0.000165000448
0.000178226662
0.000189276441
0.000198430704
0.000205948463
0.000212061572
0.000216974995
0.000220869698
0.000223905499
0.000226223405
0.000227947643
0.000229187462
0.000230038782
0.000230585609
0.000230901052
0.000231048051
0.000231082232
0.000231062438
-0.000572602357
-0.000430586117
-0.000339120632
-0.000257091213
-0.000185160859
-0.000122601203
-6.83025457e-05
-2.12470197e-05
1.94342641e-05
5.45045873e-05
8.46421427e-05
0.000110449496
0.000132462659
0.000151159542
0.000166940905
0.000180193578
0.000191270079
0.000200447758
0.000207985745
0.000214116249
0.000219044483
0.000222951632
0.000225997744
0.000228324069
0.000230055063
0.000231300195
0.000232155584
0.000232705419
0.000233022967
0.000233171301
0.000233206167
0.000233186603
-0.000571302107
-0.000429266548
-0.000337770822
-0.000255698956
-0.000183721447
-0.000121109865
-6.67560409e-05
-1.96440595e-05
2.1093425e-05
5.62185495e-05
8.64084439e-05
0.000112264501
0.00013432216
0.000153065878
0.00016889385
0.000182183839
0.000193290086
0.000202493223
0.000210053743
0.000216203923
0.000221149057
0.00022507056
0.000228128757
0.000230465175
0.00023220454
0.000233456574
0.000234317627
0.000234872095
0.000235193438
0.000235344922
0.000235382437
0.000235364822
-0.000570099812
-0.00042803615
-0.000336502979
-0.000254376252
-0.000182342756
-0.000119670363
-6.52519819e-05
-1.8074295e-05
2.27282013e-05
5.79164838e-05
8.81667995e-05
0.000114079482
0.000136188377
0.000154980089
0.000170856912
0.000184190872
0.000195331766
0.000204564252
0.000212150578
0.000218323246
0.000223287733
0.000227225778
0.000230298066
0.00023264647
0.000234396038
0.000235656795
0.000236525359
0.000237086366
0.000237413503
0.0002375703
0.00023761282
0.000237599211
-0.000568996766
-0.000426894627
-0.000335317908
-0.00025312065
-0.000181022732
-0.000118281085
-6.37886317e-05
-1.6535827e-05
2.43404591e-05
5.95998446e-05
8.99178355e-05
0.000115893933
0.000138060422
0.000156903524
0.00017283249
0.000186215006
0.000197394117
0.000206659445
0.00021427465
0.000220472465
0.000225458662
0.000229415401
0.000232503801
0.000234866142
0.000236627857
0.000237899329
0.000238777461
0.000239347159
0.000239682388
0.000239847027
0.000239897322
0.000239890139
-0.000567990603
-0.000425838123
-0.000334216829
-0.000251921905
-0.000179753932
-0.000116937261
-6.23613578e-05
-1.50243445e-05
2.593196e-05
6.1270733e-05
9.16632654e-05
0.000117708517
0.000139937764
0.000158836013
0.000174821238
0.000188255969
0.000199475384
0.000208776245
0.000216422914
0.000222648172
0.000227658164
0.000231635562
0.000234742007
0.000237120298
0.000238896283
0.000240180511
0.000241070518
0.00024165142
0.000241997391
0.000242172767
0.000242233996
0.000242235988
-0.000567074427
-0.000424860072
-0.000333197582
-0.000250757052
-0.0001785196
-0.000115625474
-6.09572727e-05
-1.35305924e-05
2.7493633e-05
6.29253279e-05
9.3401229e-05
0.000119522528
0.000141820552
0.000160775689
0.000176819089
0.000190309779
0.000201571542
0.000210910291
0.000218590586
0.000224845223
0.000229880831
0.000233880695
0.000237007103
0.000239403679
0.0002411967
0.00024249284
0.000243396539
0.000243991998
0.000244351957
0.000244541425
0.000244617059
0.000244631153
-0.000566234149
-0.000423947461
-0.000332189254
-0.000249682493
-0.000177347289
-0.000114348005
-5.95816633e-05
-1.20568042e-05
2.90812307e-05
6.45933899e-05
9.51496234e-05
0.000121348537
0.000143719058
0.000162726393
0.000178821442
0.000192370427
0.000203677639
0.000213055757
0.000220770674
0.000227055658
0.000232117892
0.00023614131
0.000239288761
0.000241704149
0.000243514323
0.000244830735
0.000245751693
0.000246362953
0.000246739342
0.000246946241
0.000247040868
0.000247072555
-0.000565449055
-0.000423078494
-0.000331186871
-0.000248646622
-0.000176188078
-0.000113071627
-5.82026228e-05
-1.05794946e-05
3.06554587e-05
6.62568817e-05
9.68969698e-05
0.000123175195
0.000145621908
0.000164684194
0.000180829281
0.000194435426
0.000205788153
0.000215205158
0.000222954299
0.000229269548
0.000234358666
0.000238406245
0.000241575771
0.000244011709
0.000245841476
0.000247177231
0.000248117389
0.000248748096
0.000249144619
0.000249373035
0.000249491347
0.000249544831
-0.000564692874
-0.000422224901
-0.000330205375
-0.000247589415
-0.000175014273
-0.000111784362
-5.68111207e-05
-9.08901957e-06
3.22399579e-05
6.79287337e-05
9.86471173e-05
0.000124995788
0.000147522711
0.0001666645
0.000182858335
0.000196501712
0.000207895286
0.000217348724
0.000225129878
0.000231473651
0.000236588551
0.000240659802
0.000243851517
0.000246308763
0.000248159509
0.000249516384
0.000250478221
0.000251131464
0.000251551768
0.00025180611
0.000251953041
0.000252031713
-0.000563927346
-0.000421348034
-0.000329201178
-0.000246487674
-0.000173798704
-0.000110458819
-5.53829976e-05
-7.56418915e-06
3.38559049e-05
6.96299486e-05
0.000100427355
0.000126845822
0.000149431614
0.000168630681
0.000184866159
0.000198541136
0.000209975005
0.000219464708
0.000227276712
0.000233647507
0.000238786882
0.00024288094
0.000246094528
0.000248573381
0.000250446062
0.000251825701
0.000252811527
0.000253490281
0.000253938044
0.000254222817
0.000254403634
0.000254512185
-0.0005631019
-0.000420402826
-0.000328124112
-0.000245305744
-0.000172506622
-0.000109062662
-5.38912188e-05
-5.98414821e-06
3.55175943e-05
7.13676535e-05
0.000102236893
0.000128717717
0.000151330942
0.000170563192
0.000186849577
0.000200558761
0.000212024421
0.000221542334
0.000229379045
0.000235772038
0.000240932122
0.000245046238
0.000248279953
0.000250779641
0.00025267442
0.000254077889
0.000255089633
0.000255796649
0.000256275441
0.000256595113
0.000256815172
0.00025695878
-0.00056215254
-0.000419361241
-0.00032690341
-0.000243993108
-0.000171097175
-0.000107559491
-5.23053689e-05
-4.32622341e-06
3.72384632e-05
7.31427904e-05
0.000104057774
0.000130577382
0.000153222202
0.000172497663
0.000188825219
0.00020255366
0.000214033238
0.0002235652
0.000231415971
0.000237822956
0.00024299741
0.000247126857
0.000250377418
0.000252895971
0.000254812086
0.00025623974
0.000257278796
0.000258016437
0.000258529554
0.000258888434
0.000259153041
0.000259336805
-0.000561015592
-0.000418291734
-0.000325368758
-0.000242461816
-0.000169515765
-0.000105902784
-5.0585074e-05
-2.55659749e-06
3.90469558e-05
7.49813436e-05
0.000105918181
0.000132455096
0.000155125624
0.000174417141
0.000190745787
0.000204479077
0.000215962389
0.000225497842
0.000233352753
0.000239765173
0.000244946942
0.000249086137
0.000252349386
0.000254884009
0.000256819952
0.000258271494
0.000259338691
0.00026010883
0.00026065915
0.00026106118
0.000261375322
0.000261604043
-0.000559603096
-0.000416989898
-0.000323543782
-0.000240666032
-0.000167701806
-0.00010404011
-4.86873907e-05
-6.40920323e-07
4.09692457e-05
7.69023234e-05
0.000107832223
0.000134359447
0.000157019526
0.000176290854
0.00019259709
0.000206315953
0.000217786476
0.000227310379
0.000235156121
0.000241562626
0.000246742318
0.000250883734
0.000254153889
0.000256700422
0.00025865353
0.00026012767
0.000261222975
0.000262026723
0.000262616425
0.000263064883
0.000263432915
0.000263710843
-0.000557823153
-0.000415296926
-0.00032138223
-0.000238542968
-0.000165586031
-0.000101911954
-4.65647196e-05
1.4572579e-06
4.30308376e-05
7.89199076e-05
0.000109801486
0.00013627864
0.000158888613
0.000178110041
0.000194369102
0.000208045668
0.00021947865
0.000228970124
0.000236789114
0.000243174991
0.000248340486
0.000252474358
0.000255743784
0.000258296503
0.000260262766
0.000261757031
0.000262879339
0.000263716811
0.000264347122
0.000264844333
0.000265269627
0.000265600157
-0.000555571647
-0.000413107428
-0.000318786704
-0.000236006512
-0.00016309227
-9.94539591e-05
-4.41650477e-05
3.77792885e-06
4.52602152e-05
8.10516726e-05
0.00011183347
0.000138211909
0.000160726709
0.000179858298
0.000196034435
0.000209636172
0.000221003058
0.00023043755
0.000238208899
0.000244556573
0.0002496933
0.000253807761
0.000257066998
0.000259618579
0.000261592554
0.000263103145
0.000264250099
0.000265120189
0.000265791111
0.000266338119
0.000266822675
0.000267207999
-0.00055272885
-0.000410310572
-0.000315651053
-0.000232961652
-0.000160138976
-9.65978476e-05
-4.14334605e-05
6.36278709e-06
4.76863437e-05
8.33146189e-05
0.000113934216
0.000140155605
0.000162521651
0.000181515032
0.000197565076
0.000211053826
0.000222321312
0.000231670118
0.000239369371
0.000245658252
0.000250749087
0.000254830085
0.000258067775
0.000260609202
0.000262583889
0.000264105536
0.000265273329
0.000266173474
0.000266883499
0.000267479717
0.00026802373
0.000268464398
-0.000549162562
-0.000406784168
-0.000311861371
-0.000229307393
-0.000156639665
-9.32718028e-05
-3.83128598e-05
9.25449685e-06
5.03381283e-05
8.57248451e-05
0.000116108154
0.000142103729
0.000164258229
0.000183056909
0.000198930682
0.000212262383
0.000223392214
0.000232622478
0.000240221713
0.000246428305
0.000251453667
0.000255485036
0.000258687955
0.000261208504
0.000263175283
0.000264701107
0.000265884295
0.000266810219
0.000267556051
0.000268198957
0.00026880018
0.00026929345
-0.000544730459
-0.000402397111
-0.000307296705
-0.000224937601
-0.000152504093
-8.94016826e-05
-3.47451375e-05
1.24956494e-05
5.32435485e-05
8.82968968e-05
0.000118357729
0.000144048022
0.000165918859
0.000184458319
0.000200098836
0.000213223736
0.000224172942
0.000233247926
0.000240716018
0.000246814172
0.000251752245
0.000255715888
0.000258869084
0.000261356416
0.000263305084
0.000264826602
0.000266018048
0.000266963666
0.000267740066
0.000268425064
0.000269078507
0.000269615556
-0.000539282112
-0.000397011462
-0.000301830991
-0.000219742682
-0.000147639963
-8.49126288e-05
-3.06725862e-05
1.6127581e-05
5.64287512e-05
9.10431635e-05
0.000120683136
0.00014597807
0.000167484057
0.000185692142
0.000201036077
0.000213899233
0.000224620636
0.0002335002
0.000240803271
0.000246764571
0.000251591629
0.000255467764
0.000258554708
0.000260994919
0.000262913629
0.000264420558
0.000265611131
0.000266568007
0.000267366504
0.000268084651
0.000268784935
0.000269376649
-0.000532661347
-0.000390484665
-0.000295335399
-0.000213611719
-0.000141954961
-7.97309174e-05
-2.60395063e-05
2.01890775e-05
5.99171094e-05
9.39733343e-05
0.000123082192
0.000147881612
0.000168933169
0.000186730862
0.000201709378
0.00021425149
0.000224694507
0.00023333587
0.00024043798
0.000246232375
0.000250923331
0.000254690971
0.000257693978
0.000260071966
0.000261947566
0.000263428148
0.000264607019
0.000265564947
0.00026637574
0.000267116718
0.000267849732
0.00026847923
-0.000524708997
-0.000382672129
-0.000287681005
-0.000206434968
-0.000135359089
-7.37860652e-05
-2.07940016e-05
2.4714951e-05
6.37282358e-05
9.70938863e-05
0.000125550327
0.000149745022
0.000170245336
0.000187547988
0.000202087976
0.000214246582
0.000224358348
0.000232717106
0.00023958116
0.000245177734
0.000249706775
0.000253344219
0.000256244792
0.000258544457
0.000260362527
0.000261803396
0.000262957725
0.000263904
0.000264714355
0.000265465096
0.000266215183
0.000266856538
-0.000515266023
-0.000373430141
-0.0002787418
-0.000198106687
-0.000127767308
-6.70132027e-05
-1.48900067e-05
2.97344494e-05
6.78768946e-05
0.000100407552
0.000128080627
0.000151553938
0.000171400677
0.000188119747
0.000202145527
0.00021385662
0.000223583477
0.000231614945
0.00023820387
0.000243571855
0.000247913302
0.000251398841
0.000254178241
0.000256382921
0.0002581281
0.00025951454
0.000260629708
0.000261549323
0.000262343213
0.000263085844
0.000263834351
0.000264477322
-0.00050417695
-0.000362619064
-0.000268398045
-0.000188528356
-0.00011910251
-5.93557396e-05
-8.28958593e-06
3.52694111e-05
7.23717107e-05
0.000103912643
0.000130663806
0.000153293873
0.000172381518
0.000188426893
0.000201862431
0.000213062522
0.00022235189
0.000230012764
0.000236290951
0.00024140096
0.000245530297
0.000248843067
0.000251483006
0.000253576056
0.000255232536
0.000256548858
0.000257608733
0.000258484665
0.000259243663
0.000259957501
0.000260681213
0.000261305307
-0.000491293519
-0.00035010668
-0.000256539903
-0.000177612226
-0.000109298788
-5.07682732e-05
-9.65538282e-07
4.13320744e-05
7.72135309e-05
0.000107602075
0.00013328794
0.000154950661
0.000173173519
0.000188456445
0.00020122813
0.000211856792
0.000220659451
0.000227909808
0.000233844847
0.000238670346
0.000242565449
0.000245686449
0.000248169942
0.000250135404
0.000251687382
0.000252917223
0.000253904328
0.000254717601
0.000255420738
0.000256081866
0.000256753422
0.00025733377
-0.000476478252
-0.000335771351
-0.000243071162
-0.000165285401
-9.83053941e-05
-4.12201617e-05
7.09525793e-06
4.79221439e-05
8.23930987e-05
0.000111461764
0.000135937645
0.000156510428
0.000173766376
0.000188203063
0.000200243045
0.000210245929
0.00021851868
0.000225324271
0.00023088887
0.000235407752
0.000239050151
0.00024196324
0.000244275336
0.000246098503
0.000247530732
0.000248657569
0.000249553433
0.000250283508
0.000250907698
0.000251489443
0.00025207805
0.000252586496
-0.000459607328
-0.000319504812
-0.000227914716
-0.000151498121
-8.60933677e-05
-3.06998136e-05
1.5886654e-05
5.50218139e-05
8.78870896e-05
0.000115467755
0.000138592239
0.000157958704
0.000174153825
0.000187669816
0.000198920017
0.000208252461
0.000215961316
0.000222296377
0.000227470855
0.00023166769
0.000235044671
0.00023773858
0.000239868515
0.000241538551
0.000242839099
0.000243847533
0.000244632436
0.000245257431
0.000245776563
0.000246248644
0.000246719811
0.000247125163
-0.00044056965
-0.000301213269
-0.000211024735
-0.000136245677
-7.26522652e-05
-1.91961445e-05
2.53843205e-05
6.25914355e-05
9.36537969e-05
0.000119582705
0.000141223038
0.000159278601
0.000174332631
0.000186867871
0.000197284534
0.00020591552
0.000213039049
0.00021888902
0.000223663359
0.000227530689
0.00023063555
0.000233102502
0.000235039966
0.00023654442
0.000237699041
0.000238557173
0.000239215656
0.000239732012
0.00024012493
0.000240457956
0.000240775505
0.000241043855
-0.000419249086
-0.000280799468
-0.000192375141
-0.000119564129
-5.79341261e-05
-6.63787757e-06
3.55466652e-05
7.0567752e-05
9.96303325e-05
0.000123752475
0.000143790371
0.000160448544
0.000174300976
0.000185815426
0.000195374085
0.000203290483
0.000209823465
0.000215188112
0.000219564663
0.000223105504
0.000225940031
0.000228178668
0.000229916326
0.000231247945
0.000232298701
0.000233073254
0.000233547303
0.000233848429
0.000234077529
0.000234248426
0.000234380264
0.00023447771
-0.00039550427
-0.000258114659
-0.000171839836
-0.000101297007
-4.2123777e-05
6.54779342e-06
4.61251743e-05
7.87966757e-05
0.000105693708
0.000127877636
0.000146227353
0.000161433361
0.000174053238
0.00018453481
0.000193237233
0.000200449681
0.000206409257
0.000211309515
0.000215310804
0.000218548067
0.000221136416
0.00022317573
0.000224753285
0.000225930166
0.000226712218
0.000227241042
0.000227653836
0.000227893864
0.000227954508
0.00022790978
0.000227807417
0.00022770049
-0.000369314129
-0.000233137762
-0.000149571369
-8.15341917e-05
-2.55647222e-05
2.0093938e-05
5.70917052e-05
8.71116753e-05
0.000111700086
0.000131813508
0.000148442812
0.000162184975
0.000173578063
0.000183047618
0.000190924721
0.000197470813
0.000202895331
0.000207367807
0.000211027215
0.000213989118
0.000216351214
0.000218197094
0.000219599106
0.000220618363
0.000221308976
0.00022174027
0.000221939139
0.00022193935
0.000221796554
0.000221531325
0.000221170661
0.000220824976
-0.000340649425
-0.000205809696
-0.000125742088
-6.04228949e-05
-8.09057557e-06
3.38438239e-05
6.79723535e-05
9.53074347e-05
0.000117442699
0.000135512686
0.000150370966
0.00016265663
0.00017286627
0.000181382533
0.000188499807
0.000194446662
0.000199402787
0.000203511399
0.000206888398
0.00020962918
0.000211813774
0.000213510117
0.000214777297
0.000215667272
0.000216227268
0.000216502543
0.000216535835
0.000216359934
0.000216006215
0.000215490038
0.000214834846
0.000214218351
-0.00030951337
-0.000176410329
-0.00010054628
-3.87046263e-05
9.9508324e-06
4.81534621e-05
7.86918457e-05
0.000103073552
0.000122709583
0.000138698515
0.000151850312
0.000162764618
0.000171888217
0.000179555439
0.000186018046
0.000191467566
0.000196051698
0.000199886185
0.000203063369
0.000205658372
0.000207733623
0.000209342304
0.000210530278
0.000211338106
0.000211803118
0.000211960134
0.000211842895
0.000211483596
0.000210907745
0.000210120828
0.000209142367
0.000208226067
-0.000275799283
-0.000145528763
-7.3700097e-05
-1.64999083e-05
2.77458394e-05
6.19529435e-05
8.87837507e-05
0.000110067317
0.000127187914
0.000141165009
0.000152733965
0.000162423207
0.000170614157
0.0001775842
0.00018353717
0.000188624906
0.000192962378
0.000196638232
0.000199722131
0.000202269896
0.000204327169
0.000205932087
0.000207117258
0.000207911531
0.000208340543
0.00020842878
0.000208201215
0.000207683986
0.000206896165
0.000205831424
0.000204503634
0.000203256737
-0.000239286204
-0.000113208811
-4.55482983e-05
5.78587279e-06
4.47197344e-05
7.44644587e-05
9.75075248e-05
0.00011573678
0.000130477033
0.000142638685
0.000152848438
0.000161540017
0.000169016081
0.000175490546
0.000181117201
0.000186008822
0.00019024984
0.000193904715
0.000197023445
0.000199645241
0.000201801082
0.000203515623
0.000204808564
0.000205695568
0.000206189082
0.000206299721
0.00020603891
0.000205420668
0.000204451909
0.000203109416
0.000201406436
0.000199787338
-0.00019968554
-7.91734221e-05
-1.72904156e-05
2.71747467e-05
6.01266979e-05
8.49730511e-05
0.00010420217
0.000119569799
0.000132222882
0.000142898747
0.000152077629
0.000160077536
0.000167113007
0.000173332715
0.000178843106
0.000183722896
0.00018803203
0.000191817123
0.000195114589
0.000197952354
0.000200351038
0.000202325209
0.000203884118
0.000205030846
0.000205762069
0.000206067315
0.000205930546
0.00020534272
0.000204286088
0.000202700095
0.00020057422
0.000198500386
-0.00015625335
-4.34458896e-05
1.01049177e-05
4.62731534e-05
7.25356028e-05
9.2417078e-05
0.000108133755
0.000121103173
0.000132172805
0.000141844489
0.000150423784
0.000158103724
0.000165010815
0.000171234307
0.000176842417
0.000181889705
0.000186421368
0.000190475542
0.000194083736
0.000197269748
0.000200049304
0.000202434059
0.000204433825
0.000206044395
0.000207253934
0.000208037222
0.000208321306
0.000208040166
0.000207127682
0.000205445724
0.000202878211
0.00020026171
-0.000107439785
-6.9598824e-06
3.45267796e-05
6.10014209e-05
8.03941461e-05
9.58110865e-05
0.000108788962
0.000120162774
0.000130370013
0.000139643983
0.000148116455
0.000155869444
0.000162954142
0.00016941531
0.000175300936
0.000180657702
0.000185531099
0.000189966551
0.000194008586
0.00019769404
0.000201043786
0.000204089386
0.000206880187
0.000209400791
0.000211624769
0.000213568709
0.000215047156
0.000215787527
0.000215620304
0.000214323347
0.000211483527
0.000208438356
-4.24569502e-05
2.91302604e-05
5.17418029e-05
6.76968899e-05
8.12778448e-05
9.37778194e-05
0.000105534148
0.00011660966
0.000126994272
0.000136678694
0.000145664748
0.000153946015
0.000161524552
0.000168436717
0.000174737012
0.000180479555
0.000185721371
0.000190528945
0.000194983808
0.000199157813
0.000203037801
0.000206573882
0.000209879801
0.000213282325
0.000217065865
0.000220849689
0.000223678313
0.000225483649
0.000227042686
0.000228189818
0.000227837165
0.000225776491
6.46116877e-05
6.48623491e-05
6.23754833e-05
6.80876413e-05
7.77928917e-05
8.9133962e-05
0.000100943154
0.000112571975
0.000123662773
0.000134101926
0.000143879691
0.000152904613
0.000161079825
0.000168463738
0.000175161063
0.000181237121
0.000186754387
0.00019179424
0.000196498576
0.000201024118
0.000205401437
0.000209573128
0.000213608296
0.000217814513
0.000222896021
0.000229750433
0.000238626179
0.000250126901
0.000265205863
0.000285366147
0.000314261511
0.000349257337
)
;

boundaryField
{
    inner_wall
    {
        type            zeroGradient;
    }
    outer_wall
    {
        type            zeroGradient;
    }
    top
    {
        type            zeroGradient;
    }
    bottom
    {
        type            fixedValue;
        value           uniform 0;
    }
    front
    {
        type            wedge;
    }
    back
    {
        type            wedge;
    }
}


// ************************************************************************* //
