/*--------------------------------*- C++ -*----------------------------------*\
| =========                 |                                                 |
| \\      /  F ield         | OpenFOAM: The Open Source CFD Toolbox           |
|  \\    /   O peration     | Version:  2506                                  |
|   \\  /    A nd           | Website:  www.openfoam.com                      |
|    \\/     M anipulation  |                                                 |
\*---------------------------------------------------------------------------*/
FoamFile
{
    version     2.0;
    format      ascii;
    arch        "LSB;label=32;scalar=64";
    class       volScalarField;
    location    "43";
    object      p;
}
// * * * * * * * * * * * * * * * * * * * * * * * * * * * * * * * * * * * * * //

dimensions      [0 2 -2 0 0 0 0];

internalField   nonuniform List<scalar> 
3072
(
-0.000123967159
-9.41515295e-05
-9.04857053e-05
-8.44512066e-05
-7.46945503e-05
-6.29698082e-05
-5.10207636e-05
-3.99856129e-05
-2.77742577e-05
-1.40153782e-05
-7.56287895e-06
-7.76018387e-06
-7.62204165e-06
-6.31046052e-06
-4.4720402e-06
-2.49540331e-06
-5.35727091e-07
1.32379188e-06
3.02537151e-06
4.52418841e-06
5.80686809e-06
7.01604058e-06
8.04229968e-06
8.74650266e-06
9.27238733e-06
9.66435384e-06
9.94257693e-06
1.01314853e-05
1.02633928e-05
1.03857721e-05
1.0565905e-05
1.08151638e-05
-0.000264310411
-0.000186452122
-0.000160138689
-0.00014151277
-0.000123474798
-0.000104850656
-8.64210254e-05
-6.86357552e-05
-5.08430132e-05
-3.39336375e-05
-2.18125454e-05
-1.44699965e-05
-8.57002588e-06
-3.29991719e-06
1.3304052e-06
5.32477424e-06
8.74335592e-06
1.16448831e-05
1.40880846e-05
1.61498289e-05
1.77775629e-05
1.92003265e-05
2.04184822e-05
2.12384755e-05
2.18514306e-05
2.23315863e-05
2.27116292e-05
2.30231828e-05
2.3304317e-05
2.36021594e-05
2.39473807e-05
2.42410787e-05
-0.000326423842
-0.000221781251
-0.000176574421
-0.000146113091
-0.000121669664
-0.000100771932
-8.23237799e-05
-6.56797748e-05
-5.03714418e-05
-3.65147261e-05
-2.4756892e-05
-1.50290774e-05
-6.70558127e-06
5.33258772e-07
6.82418954e-06
1.22633683e-05
1.69345231e-05
2.09092472e-05
2.42731762e-05
2.72005438e-05
2.95866342e-05
3.148808e-05
3.30811568e-05
3.4316919e-05
3.52851942e-05
3.60472119e-05
3.66469306e-05
3.7123041e-05
3.75126535e-05
3.78541475e-05
3.81780649e-05
3.84492355e-05
-0.000386212905
-0.000266915174
-0.000210788345
-0.000168760898
-0.000135763037
-0.000109664218
-8.78522627e-05
-6.89316172e-05
-5.21829964e-05
-3.72967428e-05
-2.41971386e-05
-1.27467165e-05
-2.72758359e-06
6.04068632e-06
1.36900672e-05
2.03248407e-05
2.60363823e-05
3.09110114e-05
3.50378919e-05
3.85009259e-05
4.14022845e-05
4.3757369e-05
4.56285972e-05
4.7151082e-05
4.83630226e-05
4.93170768e-05
5.0067445e-05
5.06623528e-05
5.11448658e-05
5.15569819e-05
5.19303138e-05
5.22253975e-05
-0.000442025366
-0.000315680753
-0.000246465708
-0.000194678159
-0.000154290612
-0.000122038932
-9.54362357e-05
-7.29130773e-05
-5.34564406e-05
-3.64582345e-05
-2.15551435e-05
-8.48024539e-06
2.98972029e-06
1.30327725e-05
2.17905839e-05
2.93832798e-05
3.59220684e-05
4.15135704e-05
4.62356027e-05
5.00709508e-05
5.32998597e-05
5.60636732e-05
5.82581291e-05
6.00109302e-05
6.14108204e-05
6.25244265e-05
6.34106027e-05
6.41222095e-05
6.47075821e-05
6.52152022e-05
6.56822807e-05
6.6057484e-05
-0.000490655525
-0.000359350205
-0.000280091272
-0.00022037036
-0.000173454986
-0.000135074513
-0.00010346129
-7.69814245e-05
-5.4412517e-05
-3.49371303e-05
-1.80134761e-05
-3.25692158e-06
9.62073133e-06
2.08410421e-05
3.05814467e-05
3.89919219e-05
4.62065871e-05
5.23489959e-05
5.75295389e-05
6.18425229e-05
6.54208171e-05
6.83738266e-05
7.07722528e-05
7.27058227e-05
7.42588777e-05
7.55060033e-05
7.65134532e-05
7.73399747e-05
7.8040107e-05
7.86710915e-05
7.92766765e-05
7.97778721e-05
-0.000531925763
-0.000396360095
-0.000311284973
-0.000245353441
-0.000191929384
-0.000147979325
-0.000111621498
-8.11857711e-05
-5.53783253e-05
-3.32741848e-05
-1.42176062e-05
2.27298619e-06
1.65601297e-05
2.89247268e-05
3.95928461e-05
4.87542568e-05
5.65747414e-05
6.32035746e-05
6.87778291e-05
7.34253287e-05
7.72691795e-05
8.04239924e-05
8.29931985e-05
8.50736593e-05
8.67550572e-05
8.81190246e-05
8.92385436e-05
9.01781796e-05
9.09987653e-05
9.17669082e-05
9.25330503e-05
9.31836728e-05
-0.000566132776
-0.000427474152
-0.000338406736
-0.000267796765
-0.000209055521
-0.000160191558
-0.000119500834
-8.53394664e-05
-5.63985091e-05
-3.17025716e-05
-1.05252306e-05
7.6877986e-06
2.33651323e-05
3.68458015e-05
4.840574e-05
5.82769321e-05
6.66602893e-05
7.37343811e-05
7.96609366e-05
8.45885126e-05
8.86546278e-05
9.1986226e-05
9.46998443e-05
9.6902562e-05
9.86922804e-05
0.000100157694
0.000101377871
0.000102422678
0.000103358766
0.000104261597
0.000105187653
0.00010598785
-0.000594146847
-0.000453435269
-0.000361223943
-0.000286857334
-0.00022398783
-0.000171079158
-0.000126661852
-8.91941805e-05
-5.74006987e-05
-3.02970787e-05
-7.12029264e-06
1.27316507e-05
2.97379908e-05
4.42865221e-05
5.66977108e-05
6.72427631e-05
7.61563937e-05
8.36458224e-05
8.98968059e-05
9.50777307e-05
9.93422108e-05
0.000102830569
0.000105670834
0.000107979635
0.000109862792
0.000111415608
0.00011272268
0.000113858557
0.000114894914
0.00011591473
0.000116979495
0.000117909215
-0.000616490074
-0.000474436867
-0.000379939581
-0.000302668524
-0.000236574246
-0.000180404947
-0.000132888488
-9.2598893e-05
-5.83158969e-05
-2.9070875e-05
-4.08738834e-06
1.7264201e-05
3.54985398e-05
5.10408952e-05
6.42482943e-05
7.54254942e-05
8.48371215e-05
9.27162664e-05
9.92707614e-05
0.000104687449
0.000109135244
0.000112767136
0.000115721707
0.000118124265
0.000120087779
0.000121713439
0.000123090666
0.000124297992
0.000125411135
0.000126518798
0.000127686238
0.000128711074
-0.00063372638
-0.000490848318
-0.000394799204
-0.000315366426
-0.000246803966
-0.00018807321
-0.000138060068
-9.54446534e-05
-5.90687917e-05
-2.79908457e-05
-1.43659003e-06
2.12368304e-05
4.05665269e-05
5.70047097e-05
7.09363587e-05
8.26931959e-05
9.25645701e-05
0.000100805541
0.000107642943
0.000113279773
0.000117898447
0.000121663161
0.000124721718
0.000127206965
0.000129238006
0.000130921007
0.000132349393
0.000133604926
0.000134766338
0.000135926058
0.000137151857
0.000138229596
-0.000646482386
-0.00050316367
-0.000406149926
-0.000325165544
-0.000254771152
-0.000194090686
-0.000142131219
-9.76636092e-05
-5.95900209e-05
-2.69996289e-05
8.70607288e-07
2.46669824e-05
4.49392543e-05
6.2157608e-05
7.67271221e-05
8.89999175e-05
9.92846309e-05
0.000107853894
0.000114949976
0.000120789162
0.000125565049
0.000129451137
0.000132602841
0.000135159196
0.000137244268
0.000138968194
0.000140427534
0.000141706538
0.000142885956
0.00014405999
0.000145297769
0.000146384474
-0.000655394558
-0.000511912854
-0.000414397692
-0.000332349155
-0.00026064698
-0.000198536815
-0.000145114334
-9.92250534e-05
-5.98239112e-05
-2.60314574e-05
2.9003914e-06
2.76153215e-05
4.86688513e-05
6.65420399e-05
8.16535303e-05
9.43699207e-05
0.000105014072
0.000113871835
0.000121197306
0.000127217033
0.000132133314
0.000136126871
0.000139359023
0.000141973541
0.000144098249
0.000145846221
0.000147316323
0.000148594589
0.000149762903
0.000150915499
0.000152121884
0.000153176778
-0.000661078548
-0.00051762267
-0.000419968892
-0.000337236055
-0.000264647411
-0.00020153835
-0.000147064211
-0.000100129026
-5.97321565e-05
-2.50232375e-05
4.73027092e-06
3.01661649e-05
5.1841189e-05
7.02420555e-05
8.57958279e-05
9.8878657e-05
0.000109823224
0.000118924681
0.000126445605
0.000132619933
0.000137656266
0.000141740528
0.000145038265
0.000147696589
0.000149845921
0.000151601314
0.00015306317
0.000154318703
0.000155450183
0.000156550468
0.000157688669
0.000158677523
-0.000664111014
-0.000520794096
-0.000423284718
-0.000340155051
-0.000267010713
-0.000203250427
-0.000148064708
-0.000100400866
-5.92950907e-05
-2.39217499e-05
6.43702536e-06
3.24119375e-05
5.45580848e-05
7.33643448e-05
8.92622818e-05
0.000102633805
0.00011381776
0.000123115343
0.000130794681
0.000137094602
0.000142227843
0.00014638373
0.000149730511
0.00015241739
0.000154576351
0.000156323587
0.000157760382
0.000158974618
0.000160048379
0.000161072104
0.000162113961
0.000163010955
-0.00066502077
-0.000521895521
-0.000424751866
-0.000341431913
-0.000267982532
-0.000203844077
-0.000148219616
-0.000100087001
-5.85117246e-05
-2.26883768e-05
8.08810063e-06
3.44412789e-05
5.69231276e-05
7.60224339e-05
9.21725239e-05
0.000105758224
0.000117121735
0.000126567687
0.000134367389
0.000140762479
0.00014596803
0.000150175243
0.000153553793
0.000156253923
0.000158408315
0.000160133623
0.000161531475
0.000162690028
0.000163690769
0.000164621043
0.000165547724
0.000166336003
-0.000664283137
-0.000521352458
-0.000424745406
-0.000341375246
-0.000267804929
-0.000203496504
-0.000147645679
-9.9250338e-05
-5.7398682e-05
-2.1301389e-05
9.73615491e-06
3.63309727e-05
5.90314212e-05
7.83248317e-05
9.46445409e-05
0.000108376256
0.000119863499
0.000129412352
0.000137295499
0.000143755759
0.000149009134
0.000153247488
0.000156640917
0.00015933987
0.000161477063
0.000163169078
0.000164517494
0.000165610442
0.000166528556
0.000167355733
0.000168157386
0.00016882861
-0.000662311459
-0.000519540679
-0.000423607077
-0.000340271472
-0.000266708164
-0.000202382706
-0.00014646519
-9.79648015e-05
-5.59871166e-05
-1.97552476e-05
1.1417337e-05
3.81420648e-05
6.09637586e-05
8.0367638e-05
9.67860204e-05
0.000110604143
0.000122165449
0.000131776053
0.000139708715
0.000146206241
0.000151484525
0.000155735202
0.000159128047
0.000161813107
0.000163922649
0.000165572807
0.000166864827
0.000167886615
0.000168717811
0.000169438794
0.000170113467
0.000170666693
-0.000659462289
-0.000516782627
-0.000421639601
-0.00033837775
-0.000264902976
-0.000200667744
-0.000144798805
-9.63091974e-05
-5.43179741e-05
-1.80575136e-05
1.31526445e-05
3.99195077e-05
6.27846652e-05
8.22311677e-05
9.86897755e-05
0.000112544472
0.000124137667
0.000133774592
0.000141727187
0.000148237447
0.000153520445
0.000157766987
0.00016114602
0.000163806781
0.000165880773
0.000167483439
0.000168715513
0.000169664544
0.00017040914
0.000171026288
0.000171578446
0.000172018631
-0.000656030729
-0.000513345016
-0.000419106663
-0.000335921326
-0.000262577628
-0.00019850241
-0.000142760556
-9.43624132e-05
-5.24376381e-05
-1.62253864e-05
1.49505043e-05
4.16936456e-05
6.45427019e-05
8.39791041e-05
0.000100432059
0.000114283668
0.000125874691
0.000135508951
0.000143457042
0.000149959668
0.000155230645
0.000159459584
0.000162814301
0.000165442994
0.00016747621
0.000169028577
0.000170200212
0.000171078241
0.000171740261
0.000172260141
0.000172699016
0.00017303543
-0.000652249009
-0.000509468313
-0.000416222454
-0.000333096993
-0.000259899441
-0.000196022717
-0.000140455295
-9.22000386e-05
-5.03944058e-05
-1.42821067e-05
1.68106194e-05
4.34841159e-05
6.62719013e-05
8.56577557e-05
0.000102071901
0.000115891407
0.000127454568
0.00013706385
0.000144988447
0.000151467567
0.000156713567
0.00016091469
0.000164237491
0.000166829015
0.000168818791
0.000170320574
0.000171433833
0.000172245234
0.000172831436
0.000173263545
0.000173601547
0.000173846242
-0.000648309584
-0.000505543449
-0.000413023308
-0.000330015707
-0.000257004555
-0.00019334488
-0.00013797381
-8.9889481e-05
-4.82335742e-05
-1.22513739e-05
1.87307979e-05
4.53087813e-05
6.7995606e-05
8.72934907e-05
0.000103649774
0.000117419645
0.000128937896
0.000138506777
0.000146394524
0.000152838922
0.000158050894
0.000162217317
0.000165503485
0.0001680553
0.000170001278
0.000171454322
0.000172513257
0.000173264294
0.000173783246
0.000174138846
0.00017439011
0.000174556611
-0.000644358402
-0.000501785279
-0.000409594348
-0.000326787653
-0.00025400319
-0.000190564387
-0.000135394469
-8.74929187e-05
-4.60030718e-05
-1.01706716e-05
2.06758565e-05
4.71296185e-05
6.97232564e-05
8.89482311e-05
0.000105226819
0.000118924324
0.0001303807
0.000139896226
0.00014773671
0.000154138096
0.000159309745
0.000163437113
0.000166684204
0.000169195784
0.00017109939
0.00017250709
0.000173517085
0.000174215153
0.000174676368
0.000174967467
0.000175146603
0.000175248892
-0.000640495548
-0.000498119572
-0.000406181734
-0.000323534561
-0.000250976395
-0.000187753241
-0.000132778932
-8.50582427e-05
-4.37364943e-05
-8.06394785e-06
2.26389171e-05
4.89668262e-05
7.14757452e-05
9.06231851e-05
0.000106807
0.000120423363
0.00013181159
0.000141268189
0.000149056609
0.000155411197
0.000160539884
0.000164626823
0.000167834863
0.000170307725
0.000172171915
0.000173538879
0.000174506273
0.000175159367
0.000175572646
0.000175811267
0.000175932426
0.000175983539
-0.000636798013
-0.000494583777
-0.000402825833
-0.000320370158
-0.000247993507
-0.000184958433
-0.00013016565
-8.26123266e-05
-4.14406865e-05
-5.94839257e-06
2.46308882e-05
5.08475048e-05
7.3242527e-05
9.22823773e-05
0.000108381369
0.000121925
0.000133248293
0.000142646915
0.000150383614
0.000156691733
0.000161778114
0.000165825919
0.000168997237
0.000171434865
0.000173262124
0.000174592722
0.000175524778
0.000176141239
0.000176516212
0.00017671393
0.000176790647
0.000176801638
-0.000633314521
-0.000491225449
-0.000399594354
-0.000317331297
-0.000245109797
-0.000182229556
-0.000127596117
-8.0201369e-05
-3.91853032e-05
-3.79615505e-06
2.664638e-05
5.27504979e-05
7.5034819e-05
9.39666604e-05
0.000109983262
0.000123455779
0.000134715295
0.000144057057
0.000151743259
0.000158006318
0.000163052118
0.000167062873
0.000170199656
0.00017260459
0.000174402781
0.000175704495
0.000176606453
0.000177193223
0.000177538421
0.000177705248
0.000177749666
0.000177732945
-0.000630067113
-0.000488068849
-0.000396541771
-0.000314418548
-0.000242329597
-0.000179585257
-0.000125090353
-7.78321446e-05
-3.69470006e-05
-1.67619828e-06
2.8657563e-05
5.46625449e-05
7.68383744e-05
9.56701614e-05
0.00011161275
0.000125020537
0.000136221263
0.00014551033
0.000153149698
0.000159371106
0.000164379697
0.00016835697
0.000171463323
0.000173840297
0.000175612611
0.000176889948
0.000177768636
0.000178333067
0.000178656507
0.000178801517
0.00017882378
0.000178788422
-0.000627058846
-0.000485121159
-0.000393674036
-0.000311653974
-0.000239673356
-0.000177042973
-0.00012266457
-7.55216292e-05
-3.47478458e-05
4.18449308e-07
3.06600406e-05
5.6575941e-05
7.86543098e-05
9.74001857e-05
0.000113277355
0.000126626779
0.000137774226
0.000147015471
0.000154612361
0.00016079614
0.000165771387
0.000169719062
0.000172799053
0.000175152436
0.0001769035
0.000178161575
0.000179022692
0.000179570988
0.000179879476
0.000180010325
0.000180019007
0.000179972672
-0.00062427977
-0.000482377837
-0.000390987379
-0.000309042518
-0.000237146884
-0.000174608245
-0.000120324949
-7.32775667e-05
-3.25978038e-05
2.4774072e-06
3.2634238e-05
5.84784782e-05
8.04899482e-05
9.91682687e-05
0.000114984369
0.000128279215
0.000139378162
0.000148576428
0.00015613537
0.000162285775
0.000167231765
0.000171153857
0.000174211524
0.000176545462
0.000178279624
0.000179523044
0.000180371502
0.000180908927
0.000181208147
0.000181331116
0.000181333161
0.000181282005
-0.000621710811
-0.000479825089
-0.000388471271
-0.000306578219
-0.000234746406
-0.00017227883
-0.000118070625
-7.11001909e-05
-3.04978587e-05
4.49952457e-06
3.45788567e-05
6.03562284e-05
8.23340526e-05
0.000100977963
0.000116736189
0.000129978099
0.00014103254
0.000150192558
0.000157718155
0.000163839539
0.000168760422
0.000172660931
0.000175700185
0.000178018566
0.000179739753
0.000180972544
0.000181812511
0.000182343411
0.000182637936
0.000182757964
0.000182758733
0.000182707461
-0.000619327263
-0.000477442931
-0.000386109531
-0.00030424857
-0.000232461848
-0.000170046296
-0.000115893889
-6.89811201e-05
-2.84362193e-05
6.5056771e-06
3.65279293e-05
6.22298593e-05
8.41651443e-05
0.000102791921
0.000118508009
0.000131708149
0.000142726706
0.000151855676
0.000159354088
0.000165451795
0.000170352288
0.000174235472
0.000177260238
0.00017956676
0.000181278531
0.000182504178
0.000183339122
0.00018386698
0.000184160359
0.000184281163
0.000184284586
0.000184236589
-0.000617102102
-0.000475208412
-0.000383883038
-0.000302037974
-0.000230280757
-0.000167901029
-0.000113787696
-6.69156393e-05
-2.64107418e-05
8.49426841e-06
3.84772535e-05
6.41167325e-05
8.5999413e-05
0.000104601251
0.000120289916
0.000133461881
0.000144454229
0.00015355961
0.000161037058
0.000167116408
0.000172001119
0.000175871026
0.000178884928
0.000181182894
0.00018288831
0.0001841097
0.000184942379
0.000185469864
0.000185764713
0.000185888932
0.0001858977
0.000185855243
-0.000615008096
-0.000473097727
-0.000381771625
-0.000299929547
-0.000228189753
-0.000165833288
-0.000111746189
-6.49025849e-05
-2.442727e-05
1.04478382e-05
4.03994864e-05
6.60087219e-05
8.78595763e-05
0.000106429318
0.000122092198
0.000135242258
0.000146214531
0.000155301599
0.000162762762
0.000168827957
0.000173700643
0.000177560625
0.00018056666
0.00018285877
0.000184560281
0.000185779655
0.000186612136
0.000187141166
0.000187439284
0.000187568642
0.000187584424
0.000187548857
-0.000613018836
-0.000471087275
-0.000379754914
-0.000297905503
-0.000226174051
-0.000163831117
-0.000109759964
-6.29347461e-05
-2.248009e-05
1.23720694e-05
4.23006001e-05
6.79011411e-05
8.97394395e-05
0.000108274254
0.000123908219
0.000137042602
0.000148001326
0.000157075295
0.000164524515
0.000170579332
0.000175443299
0.000179296243
0.000182296935
0.000184585394
0.000186284931
0.00018750398
0.000188337742
0.00018886961
0.000189172123
0.000189307604
0.000189331257
0.000189303208
-0.000611109595
-0.000469154618
-0.00037781333
-0.000295948269
-0.000224218769
-0.000161882184
-0.000107818969
-6.10040676e-05
-2.05624031e-05
1.42739882e-05
4.4186841e-05
6.97856903e-05
9.16209617e-05
0.000110130305
0.000125740483
0.000138863331
0.000149812174
0.000158876512
0.000166316981
0.000172364282
0.000177222063
0.00018107019
0.000184067466
0.000186353927
0.000188052891
0.000189272783
0.000190108781
0.00019064424
0.000190951718
0.000191093718
0.000191125462
0.000191105002
-0.000609258094
-0.000467279269
-0.000375928922
-0.000294041231
-0.000222309689
-0.000159974452
-0.000105912981
-5.91017662e-05
-1.86660267e-05
1.61627004e-05
4.60672423e-05
7.16593137e-05
9.34866516e-05
0.000111987196
0.000127589211
0.000140703018
0.000151643413
0.000160700317
0.000168134389
0.000174176344
0.000179029864
0.000182874855
0.00018587015
0.00018815581
0.000189855166
0.000191076641
0.000191915401
0.000192454777
0.000192767354
0.000192915809
0.000192955379
0.000192942147
-0.000607445104
-0.000465443335
-0.000374086094
-0.000292169496
-0.000220434259
-0.000158097493
-0.000104033478
-5.72212562e-05
-1.67865603e-05
1.80396685e-05
4.79408037e-05
7.35285209e-05
9.53491302e-05
0.000113845627
0.000129445313
0.00014255352
0.000153488232
0.000162540232
0.000169970161
0.000176008711
0.000180859617
0.000184702848
0.000187697284
0.000189983019
0.000191683407
0.000192906884
0.000193748611
0.000194291907
0.000194609386
0.000194763892
0.000194810658
0.000194803969
-0.000605654654
-0.000463631753
-0.000372271867
-0.000290319993
-0.000218581744
-0.000156242341
-0.000102173049
-5.53567011e-05
-1.4919822e-05
1.9907235e-05
4.98082876e-05
7.53945705e-05
9.72104598e-05
0.000115704977
0.000131305119
0.000144410563
0.000155342129
0.000164391371
0.000171818975
0.000177855659
0.000182705235
0.000186547745
0.000189542128
0.000191828521
0.000193530304
0.000194755934
0.000195600575
0.000196147541
0.000196469482
0.000196629385
0.000196682458
0.000196681389
-0.000603874
-0.000461832364
-0.00037047597
-0.000288481399
-0.000216743474
-0.000154401594
-0.000100325508
-5.35032529e-05
-1.3062301e-05
2.17675656e-05
5.16704951e-05
7.72572513e-05
9.90707726e-05
0.000117565291
0.000133167286
0.000146271719
0.000157201889
0.000166249911
0.000173676512
0.000179712452
0.000184561622
0.000188404137
0.000191398994
0.000193686373
0.000195389687
0.000196617411
0.00019746472
0.000198014928
0.000198340718
0.000198505201
0.000198563524
0.000198566996
-0.000602093487
-0.000460036112
-0.000368690421
-0.000286644143
-0.000214913032
-0.00015256925
-9.84857698e-05
-5.16569294e-05
-1.12110343e-05
2.3622689e-05
5.35286064e-05
7.91170554e-05
0.000100929987
0.000119425807
0.00013503037
0.000148134954
0.000159064932
0.000168112806
0.000175539329
0.000181575305
0.000186424694
0.000190267681
0.000193263312
0.000195551806
0.000197256609
0.000198486215
0.000199335807
0.000199888704
0.000200217625
0.00020038577
0.000200448197
0.000200455046
-0.000600306208
-0.000458237112
-0.000366905158
-0.000284804534
-0.000213086312
-0.000150740353
-9.66498211e-05
-4.98146609e-05
-9.36371374e-06
2.54742277e-05
5.53836355e-05
8.09744798e-05
0.000102788041
0.000121285845
0.000136893234
0.000149998767
0.000160929367
0.000169977807
0.000177404865
0.000183441383
0.000188291383
0.000192135101
0.000195131628
0.000197421219
0.000199127341
0.000200358507
0.00020120991
0.000201764879
0.000202096155
0.000202266986
0.000202332302
0.000202341456
-0.000598507231
-0.000456430888
-0.000365097393
-0.000282978297
-0.000211261331
-0.000148911447
-9.48150275e-05
-4.79743539e-05
-7.51869396e-06
2.73233734e-05
5.72363515e-05
8.28299332e-05
0.000104644912
0.000123144945
0.000138755135
0.000151862179
0.00016279395
0.000171843419
0.000179271399
0.000185308769
0.000190159596
0.000194004159
0.000197001581
0.000199292142
0.000200999331
0.000202231673
0.000203084371
0.000203640764
0.000203973608
0.000204146085
0.000204212858
0.000204224129
-0.000596695622
-0.000454616128
-0.000363279534
-0.000281152966
-0.00020943392
-0.000147080258
-9.29793714e-05
-4.6134321e-05
-5.67465676e-06
2.91710808e-05
5.90873876e-05
8.4683776e-05
0.000106500644
0.000125002933
0.000140615804
0.000153724774
0.000164658088
0.00017370888
0.000181138019
0.000187176415
0.000192028169
0.00019587359
0.000198871824
0.000201163168
0.000202871124
0.000204104227
0.000204957686
0.000205514848
0.000205848475
0.000206021707
0.000206089027
0.000206101246
-0.000594871774
-0.000452792422
-0.000361454175
-0.00027932744
-0.000207603652
-0.000145246421
-9.11422754e-05
-4.429397e-05
-3.83108064e-06
3.1017747e-05
6.09369582e-05
8.65359223e-05
0.000108354934
0.000126859883
0.000142475655
0.000155586791
0.000166521824
0.000175574107
0.000183004544
0.000189044061
0.000193896777
0.000197743018
0.000200741943
0.000203033859
0.000204742273
0.000205975726
0.000206829429
0.00020738673
0.000207720388
0.000207893562
0.000207960825
0.000207972713
-0.000593037498
-0.000450961583
-0.000359620886
-0.000277502823
-0.000205771455
-0.000143410738
-8.93044549e-05
-4.24538529e-05
-1.98838571e-06
3.28630305e-05
6.27846559e-05
8.83854401e-05
0.000110206015
0.000128715706
0.000144336543
0.000157449628
0.000168386042
0.000177439743
0.000184871513
0.000190912185
0.000195765863
0.000199612872
0.000202612369
0.000204904656
0.000206613241
0.000207846665
0.000208700137
0.000209257002
0.000209590011
0.000209762381
0.000209828926
0.000209839408
-0.000591195679
-0.000449126411
-0.000357772368
-0.000275688397
-0.000203940736
-0.000141575297
-8.74676394e-05
-4.06152096e-05
-1.47281045e-07
3.47068482e-05
6.46312486e-05
9.02338877e-05
0.000112053715
0.000130568842
0.000146197988
0.000159313465
0.000170251185
0.000179306395
0.000186739671
0.000192781653
0.000197636392
0.000201484199
0.000204484219
0.000206776746
0.00020848528
0.000209718361
0.000210571199
0.000211127135
0.00021145891
0.000211629757
0.000211694669
0.00021170333
-0.000589351617
-0.000447291498
-0.000355922099
-0.000273877063
-0.000202114305
-0.000139743043
-8.56339782e-05
-3.87795598e-05
1.6913544e-06
3.65491029e-05
6.64777313e-05
9.2083858e-05
0.000113901455
0.000132419178
0.000148057097
0.000161176805
0.000172117034
0.000181174538
0.000188609912
0.000194653657
0.000199509783
0.000203358593
0.000206359227
0.000208651978
0.000210360343
0.000211592864
0.000212444757
0.000212999369
0.000213329423
0.000213498107
0.00021356051
0.00021356712
-0.000587511868
-0.000445462249
-0.000354081867
-0.000272068043
-0.000200295182
-0.000137917827
-8.38065569e-05
-3.6949362e-05
3.52547436e-06
3.83879124e-05
6.83218769e-05
9.39327448e-05
0.000115750292
0.000134270529
0.000149916229
0.000163041383
0.000173985353
0.000183046057
0.000190484237
0.000196530316
0.00020138827
0.000205238401
0.000208239851
0.000210532913
0.000212241091
0.000213472933
0.000214323668
0.000214876655
0.000215204605
0.000215370642
0.00021542993
0.000215433892
-0.00058568387
-0.000443645256
-0.000352257891
-0.000270267854
-0.000198487716
-0.000136103909
-8.1988981e-05
-3.51275116e-05
5.35274936e-06
4.02213162e-05
7.01617658e-05
9.57784386e-05
0.000117599141
0.000136124816
0.000151778859
0.00016491007
0.000175858657
0.000184923435
0.0001923652
0.000198414284
0.000203274623
0.000207126512
0.000210129097
0.000212422675
0.000214130761
0.000215361918
0.000216211394
0.00021676257
0.000217088149
0.000217251186
0.000217306906
0.00021730773
-0.000583876006
-0.000441848312
-0.000350456457
-0.000268483961
-0.000196697199
-0.000134305868
-8.01850784e-05
-3.33169722e-05
7.17108011e-06
4.20481254e-05
7.19973109e-05
9.76219813e-05
0.000119448337
0.000137981708
0.000153645596
0.000166784187
0.000177738748
0.000186808854
0.000194255303
0.000200308331
0.000205171841
0.000209026126
0.000212030341
0.0002143248
0.000216033038
0.000217263643
0.000218111895
0.000218661204
0.000218984281
0.000219144108
0.000219195956
0.000219193298
-0.000582097456
-0.000440080004
-0.000348684693
-0.000266723993
-0.000194929607
-0.000132528711
-7.8399005e-05
-3.15210063e-05
8.97808819e-06
4.38668198e-05
7.38278564e-05
9.94635547e-05
0.000121298607
0.000139842109
0.00015551753
0.000168665251
0.00017962761
0.000188704699
0.000196157271
0.000202215476
0.000207083197
0.000210940738
0.000213947279
0.000216243165
0.000217951966
0.000219182312
0.000220029527
0.00022057707
0.000220897664
0.000221054229
0.000221102076
0.000221095755
-0.000580358033
-0.000438349448
-0.000346950363
-0.000264995727
-0.000193191333
-0.000130777757
-7.66351512e-05
-2.97430668e-05
1.07712417e-05
4.567575e-05
7.5652607e-05
0.000101303265
0.000123150972
0.000141707212
0.000157395679
0.00017055463
0.000181527196
0.000190613414
0.000198073938
0.000204138883
0.000209012141
0.000212874049
0.000215883831
0.000218181888
0.000219891848
0.000221122404
0.000221968945
0.000222514991
0.000222833298
0.000222986734
0.000223030649
0.000223020666
-0.00057866797
-0.000436666076
-0.000345261615
-0.000263306976
-0.000191488947
-0.000129058482
-7.48980133e-05
-2.79866757e-05
1.25480041e-05
4.74733853e-05
7.74711894e-05
0.000103142338
0.000125008373
0.000143578272
0.000159279168
0.000172452427
0.000183438879
0.0001925372
0.000200008053
0.000206081715
0.000210962171
0.000214829833
0.000217844011
0.000220145197
0.000221857113
0.00022308854
0.000223934958
0.000224479972
0.000224796389
0.000224947042
0.00022498733
0.0002249739
-0.000577037632
-0.000435039343
-0.000343626685
-0.000261665397
-0.000189828964
-0.00012737636
-7.31921461e-05
-2.62555101e-05
1.4305536e-05
4.92576712e-05
7.92822822e-05
0.000104980347
0.000126871885
0.000145457088
0.000161169566
0.000174360593
0.000185365128
0.00019447896
0.000201962839
0.000208047448
0.000212936979
0.000216811981
0.000219831895
0.00022213735
0.000223852198
0.000225085344
0.000225932387
0.00022647704
0.000226792185
0.000226940651
0.000226977893
0.000226961484
-0.000575477118
-0.000433478357
-0.000342053514
-0.000260078184
-0.000188217542
-0.000125736623
-7.15220107e-05
-2.4553411e-05
1.6040407e-05
5.10251769e-05
8.10815536e-05
0.000106811189
0.00012873736
0.000147349135
0.000163076078
0.000176284528
0.0001873101
0.000196442619
0.000203942145
0.00021003989
0.000214940389
0.000218824375
0.00022185146
0.000224162444
0.000225881346
0.00022711723
0.000227965837
0.000228511016
0.000228825749
0.000228972896
0.000229007989
0.000228989355
-0.000573995789
-0.000431991418
-0.000340549298
-0.00025855162
-0.000186659978
-0.00012414366
-6.98911809e-05
-2.28832283e-05
1.77503823e-05
5.2774167e-05
8.28675682e-05
0.000108633232
0.000130602526
0.000149253967
0.000165001025
0.000178227238
0.000189277017
0.00019843128
0.000205949039
0.000212062148
0.000216975571
0.000220870274
0.000223906074
0.000226223981
0.000227948218
0.000229188038
0.000230039357
0.000230586184
0.000230901627
0.000231048626
0.000231082807
0.000231063013
-0.000572601784
-0.000430585543
-0.000339120058
-0.000257090639
-0.000185160286
-0.00012260063
-6.83019729e-05
-2.12464473e-05
1.94348365e-05
5.45051593e-05
8.46427147e-05
0.000110450067
0.000132463231
0.000151160113
0.000166941476
0.00018019415
0.000191270651
0.000200448329
0.000207986316
0.00021411682
0.000219045054
0.000222952202
0.000225998315
0.00022832464
0.000230055633
0.000231300765
0.000232156154
0.000232705989
0.000233023538
0.000233171872
0.000233206737
0.000233187173
-0.000571301537
-0.000429265978
-0.000337770253
-0.000255698386
-0.000183720878
-0.000121109296
-6.67554719e-05
-1.96434906e-05
2.10939936e-05
5.62191179e-05
8.6409012e-05
0.000112265069
0.000134322728
0.000153066446
0.000168894418
0.000182184406
0.000193290653
0.00020249379
0.00021005431
0.00021620449
0.000221149624
0.000225071126
0.000228129323
0.000230465741
0.000232205106
0.00023345714
0.000234318193
0.000234872661
0.000235194005
0.000235345488
0.000235383004
0.000235365388
-0.000570099247
-0.000428035585
-0.000336502414
-0.000254375687
-0.000182342191
-0.000119669798
-6.52514169e-05
-1.80737304e-05
2.27287661e-05
5.79170483e-05
8.81673641e-05
0.000114080046
0.000136188941
0.000154980652
0.000170857475
0.000184191436
0.00019533233
0.000204564815
0.000212151141
0.000218323809
0.000223288296
0.000227226341
0.000230298628
0.000232647032
0.000234396601
0.000235657357
0.000236525922
0.000237086928
0.000237414065
0.000237570862
0.000237613382
0.000237599773
-0.000568996206
-0.000426894066
-0.000335317347
-0.000253120089
-0.000181022172
-0.000118280524
-6.37880716e-05
-1.65352669e-05
2.43410192e-05
5.96004046e-05
8.99183954e-05
0.000115894493
0.000138060981
0.000156904084
0.00017283305
0.000186215566
0.000197394676
0.000206660005
0.000214275209
0.000220473024
0.000225459221
0.00022941596
0.000232504359
0.000234866701
0.000236628416
0.000237899888
0.000238778019
0.000239347717
0.000239682947
0.000239847585
0.000239897881
0.000239890697
-0.000567990046
-0.000425837566
-0.000334216272
-0.000251921349
-0.000179753375
-0.000116936705
-6.23608019e-05
-1.50237888e-05
2.59325157e-05
6.12712885e-05
9.1663821e-05
0.000117709073
0.000139938319
0.000158836569
0.000174821793
0.000188256524
0.000199475939
0.0002087768
0.000216423469
0.000222648727
0.000227658719
0.000231636117
0.000234742562
0.000237120852
0.000238896837
0.000240181066
0.000241071073
0.000241651975
0.000241997946
0.000242173321
0.000242234551
0.000242236543
-0.000567073874
-0.00042485952
-0.000333197029
-0.000250756499
-0.000178519047
-0.000115624921
-6.09567196e-05
-1.35300395e-05
2.74941857e-05
6.29258805e-05
9.34017813e-05
0.00011952308
0.000141821104
0.000160776241
0.000176819641
0.000190310332
0.000201572094
0.000210910843
0.000218591138
0.000224845775
0.000229881383
0.000233881247
0.000237007654
0.000239404231
0.000241197252
0.000242493392
0.000243397091
0.00024399255
0.000244352508
0.000244541976
0.00024461761
0.000244631704
-0.000566233599
-0.000423946911
-0.000332188704
-0.000249681942
-0.000177346738
-0.000114347455
-5.95811127e-05
-1.2056254e-05
2.90817811e-05
6.459394e-05
9.51501735e-05
0.000121349086
0.000143719608
0.000162726943
0.000178821992
0.000192370976
0.000203678189
0.000213056306
0.000220771223
0.000227056207
0.000232118441
0.000236141858
0.000239289309
0.000241704697
0.000243514872
0.000244831284
0.000245752241
0.000246363501
0.00024673989
0.000246946789
0.000247041417
0.000247073104
-0.000565448509
-0.000423077947
-0.000331186324
-0.000248646074
-0.000176187532
-0.00011307108
-5.82020763e-05
-1.05789478e-05
3.06560053e-05
6.62574284e-05
9.68975164e-05
0.000123175741
0.000145622455
0.00016468474
0.000180829828
0.000194435972
0.000205788699
0.000215205704
0.000222954845
0.000229270094
0.000234359212
0.000238406791
0.000241576317
0.000244012254
0.000245842022
0.000247177777
0.000248117935
0.000248748642
0.000249145164
0.000249373581
0.000249491893
0.000249545377
-0.00056469233
-0.000422224357
-0.000330204831
-0.000247588873
-0.000175013729
-0.00011178382
-5.68105776e-05
-9.08847708e-06
3.22405007e-05
6.79292763e-05
9.86476601e-05
0.00012499633
0.000147523254
0.000166665043
0.000182858878
0.000196502254
0.000207895829
0.000217349267
0.00022513042
0.000231474194
0.000236589093
0.000240660345
0.00024385206
0.000246309306
0.000248160052
0.000249516927
0.000250478763
0.000251132006
0.00025155231
0.000251806652
0.000251953584
0.000252032255
-0.000563926806
-0.000421347494
-0.000329200637
-0.000246487133
-0.000173798164
-0.000110458278
-5.53824573e-05
-7.56364835e-06
3.38564451e-05
6.96304891e-05
0.000100427896
0.000126846362
0.000149432155
0.000168631221
0.000184866699
0.000198541676
0.000209975545
0.000219465248
0.000227277252
0.000233648047
0.000238787422
0.00024288148
0.000246095068
0.000248573921
0.000250446602
0.000251826241
0.000252812067
0.000253490821
0.000253938584
0.000254223357
0.000254404174
0.000254512725
-0.000563101361
-0.000420402287
-0.000328123572
-0.000245305205
-0.000172506081
-0.000109062122
-5.38906781e-05
-5.98360828e-06
3.55181343e-05
7.1368193e-05
0.000102237433
0.000128718256
0.000151331481
0.000170563731
0.000186850116
0.0002005593
0.000212024959
0.000221542872
0.000229379583
0.000235772576
0.00024093266
0.000245046775
0.000248280491
0.000250780179
0.000252674958
0.000254078427
0.000255090171
0.000255797187
0.000256275978
0.000256595651
0.000256815709
0.000256959318
-0.000562152003
-0.000419360705
-0.000326902873
-0.000243992571
-0.000171096639
-0.000107558954
-5.23048319e-05
-4.32568614e-06
3.72390002e-05
7.31433274e-05
0.000104058311
0.000130577919
0.000153222738
0.0001724982
0.000188825755
0.000202554196
0.000214033775
0.000223565736
0.000231416507
0.000237823491
0.000242997946
0.000247127392
0.000250377954
0.000252896507
0.000254812621
0.000256240276
0.000257279332
0.000258016972
0.000258530089
0.000258888969
0.000259153577
0.00025933734
-0.000561015051
-0.000418291196
-0.000325368225
-0.000242461285
-0.000169515233
-0.000105902252
-5.05845411e-05
-2.55606477e-06
3.90474891e-05
7.49818767e-05
0.000105918714
0.000132455629
0.000155126158
0.000174417674
0.000190746321
0.000204479611
0.000215962923
0.000225498375
0.000233353286
0.000239765707
0.000244947476
0.00024908667
0.00025234992
0.000254884543
0.000256820485
0.000258272027
0.000259339224
0.000260109363
0.000260659684
0.000261061713
0.000261375855
0.000261604577
-0.00055960256
-0.000416989363
-0.00032354325
-0.000240665499
-0.000167701276
-0.000104039579
-4.86868602e-05
-6.40389234e-07
4.09697764e-05
7.69028546e-05
0.000107832754
0.000134359978
0.000157020057
0.000176291385
0.000192597622
0.000206316484
0.000217787007
0.00022731091
0.000235156652
0.000241563158
0.00024674285
0.000250884265
0.000254154421
0.000256700954
0.000258654061
0.000260128201
0.000261223506
0.000262027254
0.000262616956
0.000263065415
0.000263433446
0.000263711374
-0.000557822619
-0.000415296393
-0.000321381698
-0.000238542437
-0.000165585499
-0.000101911423
-4.65641881e-05
1.45778874e-06
4.30313685e-05
7.89204381e-05
0.000109802017
0.00013627917
0.000158889143
0.000178110571
0.000194369632
0.000208046198
0.00021947918
0.000228970654
0.000236789644
0.000243175521
0.000248341016
0.000252474888
0.000255744313
0.000258297032
0.000260263296
0.00026175756
0.000262879869
0.00026371734
0.000264347651
0.000264844863
0.000265270157
0.000265600686
-0.000555571119
-0.0004131069
-0.000318786175
-0.000236005982
-0.000163091741
-9.94534293e-05
-4.41645183e-05
3.77845843e-06
4.52607446e-05
8.10522019e-05
0.000111833999
0.000138212438
0.000160727238
0.000179858826
0.000196034963
0.000209636701
0.000221003586
0.000230438079
0.000238209427
0.000244557101
0.000249693828
0.000253808289
0.000257067526
0.000259619107
0.000261593082
0.000263103673
0.000264250627
0.000265120717
0.000265791639
0.000266338647
0.000266823203
0.000267208526
-0.000552728323
-0.000410310045
-0.000315650527
-0.000232961126
-0.000160138449
-9.65973212e-05
-4.14329333e-05
6.36331389e-06
4.76868709e-05
8.33151459e-05
0.000113934743
0.000140156132
0.000162522178
0.000181515559
0.000197565603
0.000211054353
0.000222321839
0.000231670644
0.000239369898
0.000245658779
0.000250749614
0.000254830611
0.000258068302
0.000260609729
0.000262584416
0.000264106062
0.000265273856
0.000266174
0.000266884025
0.000267480243
0.000268024257
0.000268464925
-0.000549162036
-0.000406783643
-0.000311860845
-0.000229306867
-0.00015663914
-9.32712774e-05
-3.83123349e-05
9.25502208e-06
5.03386533e-05
8.57253703e-05
0.000116108679
0.000142104254
0.000164258754
0.000183057434
0.000198931208
0.000212262909
0.000223392739
0.000232623003
0.000240222238
0.000246428831
0.000251454193
0.000255485561
0.00025868848
0.000261209029
0.000263175808
0.000264701632
0.00026588482
0.000266810744
0.000267556576
0.000268199482
0.000268800705
0.000269293975
-0.000544729934
-0.000402396586
-0.00030729618
-0.000224937076
-0.000152503568
-8.9401158e-05
-3.47446127e-05
1.24961739e-05
5.3244073e-05
8.82974211e-05
0.000118358254
0.000144048546
0.000165919383
0.000184458843
0.00020009936
0.00021322426
0.000224173466
0.00023324845
0.000240716542
0.000246814696
0.000251752769
0.000255716412
0.000258869607
0.00026135694
0.000263305608
0.000264827126
0.000266018572
0.000266964189
0.00026774059
0.000268425588
0.000269079031
0.00026961608
-0.000539281589
-0.000397010938
-0.000301830467
-0.000219742158
-0.000147639439
-8.49121048e-05
-3.06720626e-05
1.61281047e-05
5.64292747e-05
9.1043687e-05
0.000120683659
0.000145978594
0.00016748458
0.000185692666
0.0002010366
0.000213899756
0.000224621159
0.000233500723
0.000240803794
0.000246765094
0.000251592152
0.000255468287
0.000258555231
0.000260995441
0.000262914152
0.000264421081
0.000265611654
0.000266568529
0.000267367027
0.000268085174
0.000268785458
0.000269377172
-0.000532660824
-0.000390484143
-0.000295334877
-0.000213611197
-0.000141954439
-7.97303951e-05
-2.60389837e-05
2.01895998e-05
5.99176318e-05
9.39738566e-05
0.000123082714
0.000147882134
0.000168933691
0.000186731384
0.000201709901
0.000214252012
0.000224695029
0.000233336392
0.000240438502
0.000246232897
0.000250923852
0.000254691492
0.000257694499
0.000260072487
0.000261948088
0.000263428669
0.00026460754
0.000265565468
0.000266376261
0.000267117239
0.000267850254
0.000268479752
-0.000524708476
-0.000382671608
-0.000287680484
-0.000206434447
-0.000135358568
-7.37855439e-05
-2.07934804e-05
2.47154723e-05
6.3728757e-05
9.70944075e-05
0.000125550848
0.000149745544
0.000170245858
0.000187548509
0.000202088497
0.000214247103
0.000224358869
0.000232717627
0.000239581681
0.000245178255
0.000249707296
0.00025334474
0.000256245313
0.000258544978
0.000260363048
0.000261803917
0.000262958245
0.000263904521
0.000264714876
0.000265465617
0.000266215704
0.000266857059
-0.000515265502
-0.00037342962
-0.00027874128
-0.000198106167
-0.000127766787
-6.70126822e-05
-1.48894861e-05
2.97349699e-05
6.78774151e-05
0.000100408072
0.000128081147
0.000151554458
0.000171401197
0.000188120268
0.000202146047
0.00021385714
0.000223583997
0.000231615465
0.00023820439
0.000243572375
0.000247913822
0.000251399361
0.000254178761
0.000256383441
0.00025812862
0.00025951506
0.000260630228
0.000261549843
0.000262343734
0.000263086364
0.000263834871
0.000264477842
-0.00050417643
-0.000362618544
-0.000268397525
-0.000188527836
-0.00011910199
-5.93552197e-05
-8.2890661e-06
3.5269931e-05
7.23722305e-05
0.000103913163
0.000130664326
0.000153294393
0.000172382038
0.000188427412
0.000201862951
0.000213063042
0.000222352409
0.000230013283
0.00023629147
0.00024140148
0.000245530817
0.000248843587
0.000251483526
0.000253576576
0.000255233056
0.000256549378
0.000257609253
0.000258485184
0.000259244182
0.00025995802
0.000260681732
0.000261305826
-0.000491292999
-0.000350106161
-0.000256539384
-0.000177611707
-0.000109298269
-5.07677541e-05
-9.65019101e-07
4.13325935e-05
7.721405e-05
0.000107602594
0.000133288459
0.00015495118
0.000173174037
0.000188456964
0.000201228649
0.000211857311
0.00022065997
0.000227910327
0.000233845366
0.000238670865
0.000242565968
0.000245686967
0.000248170461
0.000250135923
0.000251687901
0.000252917742
0.000253904847
0.00025471812
0.000255421257
0.000256082385
0.00025675394
0.000257334289
-0.000476477734
-0.000335770832
-0.000243070643
-0.000165284882
-9.83048757e-05
-4.12196432e-05
7.09577636e-06
4.79226623e-05
8.23936171e-05
0.000111462282
0.000135938164
0.000156510946
0.000173766894
0.000188203581
0.000200243563
0.000210246447
0.000218519198
0.000225324789
0.000230889388
0.00023540827
0.000239050669
0.000241963758
0.000244275854
0.000246099021
0.00024753125
0.000248658088
0.000249553951
0.000250284026
0.000250908216
0.000251489961
0.000252078568
0.000252587014
-0.00045960681
-0.000319504294
-0.000227914198
-0.000151497603
-8.60928496e-05
-3.06992957e-05
1.5887172e-05
5.50223318e-05
8.78876076e-05
0.000115468273
0.000138592757
0.000157959222
0.000174154343
0.000187670333
0.000198920535
0.000208252979
0.000215961833
0.000222296895
0.000227471373
0.000231668207
0.000235045189
0.000237739098
0.000239869032
0.000241539069
0.000242839617
0.000243848051
0.000244632954
0.000245257949
0.000245777081
0.000246249162
0.000246720328
0.00024712568
-0.000440569132
-0.000301212752
-0.000211024217
-0.00013624516
-7.26517477e-05
-1.9195627e-05
2.5384838e-05
6.2591953e-05
9.36543144e-05
0.000119583222
0.000141223555
0.000159279118
0.000174333148
0.000186868389
0.000197285051
0.000205916037
0.000213039566
0.000218889537
0.000223663876
0.000227531206
0.000230636067
0.000233103019
0.000235040483
0.000236544937
0.000237699558
0.00023855769
0.000239216173
0.000239732529
0.000240125447
0.000240458473
0.000240776022
0.000241044372
-0.000419248568
-0.000280798951
-0.000192374624
-0.000119563612
-5.79336091e-05
-6.63736059e-06
3.55471822e-05
7.0568269e-05
9.96308495e-05
0.000123752992
0.000143790888
0.000160449061
0.000174301493
0.000185815943
0.000195374602
0.000203291
0.000209823982
0.000215188629
0.000219565179
0.00022310602
0.000225940548
0.000228179185
0.000229916843
0.000231248461
0.000232299217
0.00023307377
0.00023354782
0.000233848946
0.000234078046
0.000234248943
0.000234380781
0.000234478227
-0.000395503754
-0.000258114143
-0.00017183932
-0.00010129649
-4.21232604e-05
6.54831003e-06
4.61256909e-05
7.87971923e-05
0.000105694225
0.000127878153
0.000146227869
0.000161433877
0.000174053755
0.000184535326
0.00019323775
0.000200450197
0.000206409774
0.000211310032
0.000215311321
0.000218548583
0.000221136932
0.000223176247
0.000224753801
0.000225930683
0.000226712735
0.000227241558
0.000227654353
0.00022789438
0.000227955025
0.000227910296
0.000227807934
0.000227701006
-0.000369313613
-0.000233137246
-0.000149570853
-8.15336754e-05
-2.55642059e-05
2.00944543e-05
5.70922215e-05
8.71121916e-05
0.000111700603
0.000131814024
0.000148443328
0.000162185492
0.000173578579
0.000183048134
0.000190925237
0.000197471329
0.000202895847
0.000207368323
0.000211027731
0.000213989634
0.00021635173
0.00021819761
0.000219599622
0.000220618879
0.000221309492
0.000221740786
0.000221939655
0.000221939866
0.00022179707
0.000221531841
0.000221171177
0.000220825492
-0.000340648909
-0.00020580918
-0.000125741572
-6.04223789e-05
-8.09005956e-06
3.38443399e-05
6.79728695e-05
9.53079507e-05
0.000117443215
0.000135513202
0.000150371482
0.000162657146
0.000172866786
0.000181383049
0.000188500323
0.000194447177
0.000199403302
0.000203511915
0.000206888913
0.000209629696
0.00021181429
0.000213510633
0.000214777812
0.000215667788
0.000216227784
0.000216503059
0.000216536351
0.00021636045
0.000216006731
0.000215490554
0.000214835362
0.000214218866
-0.000309512854
-0.000176409814
-0.000100545764
-3.87041106e-05
9.95134811e-06
4.81539778e-05
7.86923614e-05
0.000103074068
0.000122710099
0.000138699031
0.000151850828
0.000162765134
0.000171888733
0.000179555954
0.000186018561
0.000191468082
0.000196052214
0.000199886701
0.000203063885
0.000205658888
0.000207734139
0.00020934282
0.000210530793
0.000211338621
0.000211803634
0.000211960649
0.000211843411
0.000211484111
0.000210908261
0.000210121344
0.000209142882
0.000208226582
-0.000275798767
-0.000145528248
-7.36995814e-05
-1.64993928e-05
2.77463549e-05
6.1953459e-05
8.87842662e-05
0.000110067832
0.00012718843
0.000141165524
0.000152734481
0.000162423723
0.000170614673
0.000177584715
0.000183537685
0.000188625421
0.000192962893
0.000196638747
0.000199722646
0.000202270411
0.000204327685
0.000205932603
0.000207117774
0.000207912046
0.000208341059
0.000208429296
0.00020820173
0.000207684501
0.00020689668
0.00020583194
0.000204504149
0.000203257252
-0.000239285688
-0.000113208296
-4.5547783e-05
5.78638815e-06
4.47202498e-05
7.4464974e-05
9.75080402e-05
0.000115737295
0.000130477549
0.0001426392
0.000152848953
0.000161540532
0.000169016597
0.000175491061
0.000181117716
0.000186009337
0.000190250355
0.00019390523
0.00019702396
0.000199645756
0.000201801597
0.000203516138
0.000204809079
0.000205696083
0.000206189598
0.000206300237
0.000206039425
0.000205421183
0.000204452424
0.000203109932
0.000201406951
0.000199787853
-0.000199685025
-7.91729069e-05
-1.72899004e-05
2.71752619e-05
6.01272131e-05
8.49735662e-05
0.000104202685
0.000119570314
0.000132223397
0.000142899262
0.000152078144
0.000160078052
0.000167113522
0.00017333323
0.000178843621
0.000183723411
0.000188032545
0.000191817638
0.000195115104
0.000197952869
0.000200351553
0.000202325724
0.000203884633
0.000205031361
0.000205762584
0.00020606783
0.000205931061
0.000205343235
0.000204286603
0.00020270061
0.000200574735
0.000198500901
-0.000156252835
-4.34453745e-05
1.01054328e-05
4.62736685e-05
7.25361179e-05
9.24175931e-05
0.00010813427
0.000121103688
0.00013217332
0.000141845004
0.000150424299
0.000158104239
0.00016501133
0.000171234822
0.000176842932
0.00018189022
0.000186421883
0.000190476057
0.000194084251
0.000197270262
0.000200049819
0.000202434574
0.00020443434
0.00020604491
0.000207254449
0.000208037737
0.000208321821
0.000208040681
0.000207128197
0.000205446239
0.000202878726
0.000200262225
-0.00010743927
-6.95936739e-06
3.45272946e-05
6.10019359e-05
8.03946611e-05
9.58116015e-05
0.000108789477
0.000120163289
0.000130370528
0.000139644498
0.00014811697
0.000155869959
0.000162954657
0.000169415825
0.000175301451
0.000180658217
0.000185531614
0.000189967066
0.000194009101
0.000197694555
0.000201044301
0.000204089901
0.000206880702
0.000209401305
0.000211625284
0.000213569224
0.000215047671
0.000215788041
0.000215620819
0.000214323862
0.000211484041
0.000208438871
-4.24564352e-05
2.91307754e-05
5.17423179e-05
6.76974049e-05
8.12783597e-05
9.37783343e-05
0.000105534663
0.000116610175
0.000126994787
0.000136679209
0.000145665262
0.00015394653
0.000161525066
0.000168437232
0.000174737527
0.00018048007
0.000185721885
0.000190529459
0.000194984322
0.000199158327
0.000203038316
0.000206574397
0.000209880316
0.000213282839
0.00021706638
0.000220850203
0.000223678828
0.000225484164
0.0002270432
0.000228190333
0.00022783768
0.000225777006
6.46122027e-05
6.4862864e-05
6.23759982e-05
6.80881562e-05
7.77934066e-05
8.91344769e-05
0.000100943669
0.000112572489
0.000123663287
0.000134102441
0.000143880205
0.000152905128
0.00016108034
0.000168464252
0.000175161578
0.000181237635
0.000186754902
0.000191794755
0.000196499091
0.000201024633
0.000205401951
0.000209573643
0.00021360881
0.000217815028
0.000222896536
0.000229750947
0.000238626694
0.000250127416
0.000265206377
0.000285366662
0.000314262026
0.000349257852
)
;

boundaryField
{
    inner_wall
    {
        type            zeroGradient;
    }
    outer_wall
    {
        type            zeroGradient;
    }
    top
    {
        type            zeroGradient;
    }
    bottom
    {
        type            fixedValue;
        value           uniform 0;
    }
    front
    {
        type            wedge;
    }
    back
    {
        type            wedge;
    }
}


// ************************************************************************* //
