/*--------------------------------*- C++ -*----------------------------------*\
| =========                 |                                                 |
| \\      /  F ield         | OpenFOAM: The Open Source CFD Toolbox           |
|  \\    /   O peration     | Version:  2506                                  |
|   \\  /    A nd           | Website:  www.openfoam.com                      |
|    \\/     M anipulation  |                                                 |
\*---------------------------------------------------------------------------*/
FoamFile
{
    version     2.0;
    format      ascii;
    arch        "LSB;label=32;scalar=64";
    class       volScalarField;
    location    "300";
    object      C;
}
// * * * * * * * * * * * * * * * * * * * * * * * * * * * * * * * * * * * * * //

dimensions      [0 0 0 0 0 0 0];

internalField   nonuniform List<scalar> 
3072
(
2.1921903e-09
-3.19537347e-07
-1.42019196e-06
2.03860413e-05
6.1704114e-05
-8.41438471e-05
-0.000702688104
-0.0017932527
-0.00319495356
-0.00503055576
-0.00818368685
-0.0184241834
-0.0375100888
-0.0524385077
-0.0157894841
0.143533183
0.433827241
0.746603556
0.959136923
1.0353333
1.02864742
1.0065008
0.99723227
0.997950727
1.00159949
1.00582076
1.00768796
1.00180158
0.978896621
0.899598621
0.677452036
0.26116585
-1.57422693e-09
2.1747336e-07
1.13156944e-05
-1.65818704e-05
-0.0002503557
-0.000374144168
0.000752943534
0.00378549723
0.00754861454
0.0094782497
0.006596173
-0.00351396764
-0.0257008383
-0.0514706804
-0.0240856536
0.140494459
0.444259742
0.764514543
0.971443769
1.03740144
1.0257169
1.0042905
0.996892295
0.998317974
1.00199906
1.00615502
1.00770514
1.00115541
0.977273951
0.896134311
0.672207219
0.25709511
9.42295172e-09
2.54449455e-06
-2.25623414e-06
-0.000160882724
-0.000193050851
0.00166332678
0.00666362501
0.0125296644
0.0156554641
0.0155305728
0.013721961
0.00708483307
-0.0142614082
-0.0486402531
-0.0308985486
0.135395412
0.447578092
0.772889604
0.977107736
1.03782
1.02400103
1.00328762
0.996842493
0.998525875
1.00219328
1.0063145
1.00769708
1.00085473
0.976699871
0.895431977
0.672444291
0.259903518
1.3643216e-08
3.4938812e-06
-2.1573773e-05
-0.000260882233
0.000183183608
0.00405219028
0.0111023944
0.0161386887
0.0166061042
0.0158238538
0.0142240883
0.0120710627
-0.00630735492
-0.0463070288
-0.03274095
0.140644722
0.462881816
0.790058905
0.98609378
1.038146
1.02154309
1.00198681
0.996800135
0.998792726
1.00244161
1.00651575
1.00768208
1.00047559
0.975965845
0.894380969
0.671956985
0.262354552
8.51147544e-10
3.86855516e-06
-2.33917682e-05
-0.000279664814
0.00025287699
0.00462937912
0.01236378
0.0173178664
0.0176885233
0.0167563149
0.013163371
0.0119459523
-0.00746209423
-0.0476687365
-0.0229737129
0.16987864
0.503828894
0.822434805
0.999021021
1.03746494
1.01801415
1.00051282
0.996871341
0.999133484
1.00274305
1.00675158
1.00763227
0.999982107
0.97502419
0.892967264
0.671098772
0.265261046
-1.02376526e-07
4.16548585e-06
-1.52782318e-05
-0.00026801279
3.20700528e-05
0.00350066485
0.0100349831
0.0148843487
0.0167534891
0.0146101152
0.0118625914
0.00886353414
-0.0162349539
-0.0505714365
0.00561060523
0.237217756
0.581161019
0.873845047
1.01541058
1.03465616
1.012985
0.998865082
0.99711895
0.999599903
1.00315832
1.00706419
1.00751103
0.999218727
0.973510834
0.890334156
0.668357265
0.266986841
-1.39514258e-08
4.45587731e-06
-1.94780289e-06
-0.000224485117
-0.000230730178
0.00174135088
0.00588829228
0.00947898833
0.0107957992
0.00907032418
0.00847401256
0.000490564762
-0.0319069621
-0.0435557453
0.0734220807
0.356446996
0.695353076
0.937450944
1.02977363
1.02818422
1.00688766
0.997497308
0.997639372
1.00019669
1.00371862
1.00746015
1.00725273
0.998047741
0.971165332
0.88596002
0.663019571
0.266876852
-1.05400131e-06
2.93716903e-06
9.74274293e-06
-0.000155543758
-0.000345109919
0.000380022473
0.00223304394
0.00407165758
0.00431633947
0.00434118989
0.00291206552
-0.0168592138
-0.0443901952
0.00373170429
0.209003885
0.532145246
0.830594944
0.996079205
1.03455472
1.01788912
1.00115559
0.996977986
0.99842599
1.00089964
1.00444948
1.00791303
1.00675594
0.996321268
0.967740086
0.879385347
0.654501921
0.264391788
3.24129226e-06
6.6351351e-06
2.33199885e-05
-7.36467529e-05
-0.000285190523
-0.000224940082
0.00025277156
0.000704461237
0.000951635987
0.00118457823
-0.0114436555
-0.0369481924
-0.0145057523
0.140919932
0.43034659
0.742120072
0.952727654
1.02972078
1.02630354
1.00651886
0.997634482
0.997513315
0.999317235
1.00170052
1.00536924
1.00834226
1.00587642
0.993886262
0.963008099
0.870258749
0.64250966
0.259339335
-1.91026451e-05
-1.95272548e-05
-1.56012616e-06
-3.79862457e-05
-0.000174518951
-0.000297149261
-0.00030968717
-0.000381193538
-0.000115638033
-0.0109175717
-0.03125846
-0.0077365494
0.134624514
0.403334672
0.706386292
0.928062872
1.02334783
1.03025735
1.0106652
0.998736549
0.997137972
0.998611654
1.00012037
1.00266768
1.00646591
1.00859541
1.00443419
0.99058942
0.956746513
0.858298705
0.626954415
0.251765319
9.71579657e-05
0.000106066689
0.000130379827
0.000113813
5.26490973e-05
-7.21136289e-05
-0.00013897044
-0.000183750313
-0.0122853016
-0.0238027137
0.0229468294
0.185823553
0.453605
0.737391373
0.939475685
1.02565874
1.03116764
1.01155254
0.998974444
0.996970979
0.998431446
0.999482814
1.00087907
1.00392742
1.00763839
1.00844423
1.00223914
0.986290379
0.948734285
0.843297923
0.607948114
0.241919077
-0.000544730704
-0.000596492152
-0.000618348629
-0.000484978778
-0.00044033626
4.13059588e-06
-0.00108713203
-0.0132274882
0.00216063533
0.103936143
0.314155829
0.586070591
0.831612768
0.983704551
1.0357249
1.02850449
1.00825961
0.997722347
0.996900924
0.998652658
0.999410489
0.999940916
1.00192423
1.00551467
1.00865005
1.00761807
0.999133071
0.980876152
0.938760561
0.825150075
0.585800706
0.230203554
0.00332049247
0.00362477211
0.00374927149
0.0025152323
0.00163710621
-0.00363315682
0.0122385456
0.108002926
0.300739041
0.552470232
0.79221919
0.958672068
1.0328852
1.03909707
1.01856948
1.00130601
0.995890538
0.997347285
0.999285767
0.999609534
0.999497306
1.00060529
1.0035097
1.00722899
1.00916361
1.005875
0.995033625
0.974271428
0.926650487
0.803904313
0.56103198
0.217133815
-0.0243178037
-0.0268848448
-0.0268570838
-0.00571889025
0.0709975976
0.22633265
0.445373979
0.678657045
0.873841806
0.997661296
1.04697113
1.04430434
1.02144795
1.00221815
0.994862797
0.995904285
0.998856667
1.00014834
0.999778078
0.99923224
0.999786135
1.00198575
1.00547724
1.00868964
1.0088529
1.00307928
0.989962545
0.966445372
0.912315538
0.779837935
0.534378002
0.203294746
0.328394669
0.422991541
0.559343601
0.719878438
0.865025441
0.975935133
1.04275495
1.06612456
1.05714177
1.03288693
1.0093525
0.9956346
0.992482097
0.995322665
0.998972997
1.00072775
1.0005628
0.999639462
0.999008115
0.999304795
1.00092161
1.00389413
1.00741691
1.00952313
1.00750918
0.999253609
0.984048966
0.957424069
0.895831815
0.75352841
0.506776325
0.189296839
1.02866541
1.0456512
1.05253227
1.04866234
1.03676819
1.0207549
1.00511534
0.993766934
0.988721592
0.989462425
0.993516454
0.99792776
1.00072201
1.00149834
1.00097496
1.00007517
0.999333497
0.998935705
0.999087265
1.00018819
1.00256366
1.00592437
1.00896567
1.00947411
1.00510521
0.994594164
0.977509439
0.947321463
0.877535063
0.725893478
0.479315627
0.175730068
0.996109432
0.993354586
0.991442636
0.990971523
0.991964807
0.994151925
0.996971826
0.999673915
1.00156864
1.0023104
1.00203204
1.00122411
1.00042273
0.999912109
0.99964208
0.99940322
0.99911695
0.999025428
0.999637876
1.00142961
1.00441352
1.00778355
1.00985419
1.00846065
1.00182759
0.989436683
0.970617626
0.936393369
0.858097512
0.698163306
0.453145188
0.163119423
1.00067368
1.00117645
1.00159271
1.00178963
1.00172858
1.00141567
1.0009116
1.00033685
0.999845861
0.999570467
0.999557279
0.99973498
0.99993664
0.999975237
0.999745919
0.999318428
0.998982117
0.999203154
1.00045735
1.00294123
1.00624981
1.00919678
1.00996013
1.00662997
0.998039529
0.984178084
0.963685991
0.925093625
0.838532873
0.671761635
0.429354502
0.151887516
0.999869629
0.999769802
0.999680546
0.999629755
0.999625858
0.999668628
0.999751037
0.999861091
0.999984509
1.00010514
1.0001996
1.00022812
1.00013333
0.999865076
0.999440486
0.999020523
0.998947306
0.999672461
1.0015425
1.00449291
1.00779447
1.01002707
1.00938849
1.0043117
0.994170641
0.979197202
0.957065158
0.914082809
0.820085956
0.648106642
0.408847575
0.142329449
1.00002665
1.00004773
1.00006813
1.00008189
1.00008433
1.0000714
1.00004511
1.00001864
1.0000132
1.00004285
1.0000916
1.00009933
0.999977818
0.999669088
0.999232173
0.998911377
0.999120875
1.00029907
1.00264753
1.00585069
1.00892633
1.01033718
1.00839819
1.00189165
0.99060811
0.974806785
0.951133458
0.904144595
0.804013015
0.628382752
0.392242482
0.134602971
0.999994124
0.9999896
0.999985915
0.999984139
0.999981906
0.999976355
0.999970582
0.999977375
1.0000127
1.00007722
1.000135
1.00010922
0.999914491
0.999528789
0.999077961
0.998877102
0.999368832
1.00093422
1.00362215
1.00691355
1.00966157
1.01029728
1.00728505
0.99970397
0.987630308
0.971229981
0.946248085
0.896017029
0.791323201
0.613355788
0.379820087
0.128734096
1.00000113
1.00000227
1.00000405
1.00000593
1.00000448
0.999996588
0.999986859
0.999990991
1.00002631
1.00008954
1.00013497
1.00007675
0.999833408
0.999410025
0.998979675
0.998902332
0.999627692
1.00147767
1.00437772
1.00766378
1.01009106
1.01010047
1.00629282
0.99796896
0.985385007
0.968587295
0.942665694
0.890208706
0.782582208
0.603288502
0.371530268
0.124635956
0.999999576
0.999999438
1.00000002
1.00000103
0.999998968
0.999990823
0.999982229
0.999990255
1.00003178
1.00009895
1.00013795
1.00005704
0.999779903
0.999333609
0.998925231
0.998942729
0.999833358
1.00187047
1.00489223
1.00814185
1.01032224
1.00989687
1.00556788
0.996781857
0.983901068
0.966891241
0.940475714
0.886887844
0.777849406
0.597970891
0.367047542
0.122137078
0.999999922
1.00000008
1.00000096
1.00000218
1.00000007
0.999991602
0.999982943
0.999992012
1.00003565
1.00010365
1.00013785
1.00004344
0.999747499
0.999290149
0.998897865
0.998973361
0.999960097
1.00210133
1.00518502
1.00840449
1.01043871
1.00977001
1.00516044
0.996135883
0.983117056
0.966056498
0.939587093
0.885887898
0.776751991
0.596836335
0.365855329
0.121012649
0.999999841
0.999999924
1.00000074
1.00000193
0.999999803
0.99999128
0.999982622
0.999992055
1.00003654
1.00010517
1.00013815
1.00003919
0.999736291
0.999274353
0.998887334
0.998983789
1.00000594
1.00218585
1.00529313
1.00850394
1.01049074
1.00974497
1.00505039
0.995958381
0.982915669
0.965927835
0.939771611
0.886809303
0.778647955
0.59911625
0.367335251
0.121014201
0.999999859
0.999999947
1.00000076
1.000002
1
0.999991562
0.999982681
0.999991519
1.00003543
1.00010421
1.00013873
1.00004246
0.999741924
0.999279756
0.99888793
0.99897456
0.999983916
1.00215283
1.00525771
1.0084818
1.01050232
1.00980998
1.00517934
0.996145085
0.983153069
0.966309767
0.940728593
0.889163441
0.782822546
0.603984482
0.370821896
0.121878469
0.999999856
0.999999925
1.0000007
1.00000198
1.00000022
0.999992006
0.999982794
0.999990323
1.00003254
1.00010121
1.00013957
1.00005168
0.999760703
0.999301602
0.99889725
0.998950785
0.999911314
1.00203259
1.00511639
1.00837047
1.01048431
1.00994002
1.00547922
0.996584203
0.983671674
0.966991767
0.942162058
0.892491177
0.788587268
0.610640046
0.375688983
0.123353726
0.999999859
0.999999913
1.00000064
1.00000197
1.00000049
0.999992606
0.999983041
0.999988877
1.00002867
1.00009679
1.00014005
1.00006396
0.999787442
0.999334493
0.99891406
0.998920749
0.999809489
1.00185822
1.00490601
1.00819698
1.01043878
1.01010102
1.00587864
0.997180633
0.984372904
0.967852427
0.943825715
0.896303679
0.79525718
0.61841558
0.381465416
0.125256592
0.999999861
0.999999899
1.00000058
1.00000194
1.00000076
0.999993272
0.999983397
0.999987405
1.00002437
1.0000915
1.00013983
1.00007705
0.999817825
0.999373717
0.99893703
0.998891149
0.999696221
1.00165737
1.00465741
1.00798416
1.01036823
1.01026618
1.0063201
0.997854637
0.985167726
0.968786605
0.945535667
0.900245844
0.802307039
0.626762786
0.387744986
0.127422882
0.999999864
0.999999888
1.00000052
1.00000191
1.00000102
0.99999395
0.999983842
0.999986068
1.00002007
1.00008583
1.00013882
1.00008939
0.999848523
0.999415307
0.998964372
0.998866095
0.999584268
1.00145113
1.00439524
1.00775176
1.01027769
1.01041814
1.00676171
0.998545878
0.985989883
0.969723141
0.947172221
0.904070606
0.809350758
0.635269158
0.39421824
0.129723925
0.999999867
0.999999878
1.00000046
1.00000186
1.00000125
0.999994597
0.999984341
0.99998494
1.00001605
1.00008018
1.00013711
1.00010016
0.999877359
0.999456238
0.998994032
0.998847223
0.999481379
1.0012538
1.00413769
1.00751601
1.01017413
1.01054836
1.00717664
0.999212136
0.986791116
0.970615037
0.948667918
0.907629581
0.816131769
0.643644055
0.400660154
0.132061983
0.999999869
0.99999987
1.00000041
1.00000181
1.00000144
0.999995187
0.999984856
0.999984037
1.00001245
1.00007482
1.00013493
1.00010914
0.999903297
0.999494635
0.999024137
0.998834416
0.999391174
1.00107377
1.00389684
1.00728928
1.01006519
1.01065483
1.00755034
0.999826924
0.987539236
0.971434107
0.949992661
0.910848672
0.822498001
0.651700777
0.40692049
0.134367959
0.999999872
0.999999863
1.00000036
1.00000177
1.00000159
0.999995707
0.999985355
0.999983339
1.00000935
1.00006995
1.0001325
1.00011638
0.999925861
0.999529318
0.9990531
0.99882668
0.999314683
1.00091523
1.00368002
1.0070803
1.00995793
1.01073948
1.00787693
1.00037584
0.988214679
0.972165125
0.951140069
0.913704976
0.828375211
0.65933352
0.412908612
0.136596252
0.999999874
0.999999858
1.00000032
1.00000173
1.00000172
0.999996149
0.999985812
0.999982816
1.00000675
1.00006568
1.00013007
1.00012203
0.999944862
0.999559533
0.999079644
0.998822696
0.999251472
1.00077963
1.00349105
1.00689472
1.00985815
1.01080607
1.00815606
1.00085311
0.988807489
0.972801717
0.95211736
0.916207587
0.833743208
0.666496266
0.418579339
0.138719577
0.999999877
0.999999853
1.00000028
1.00000169
1.00000182
0.999996515
0.999986211
0.999982428
1.00000464
1.00006209
1.00012781
1.00012637
0.999960457
0.999585049
0.999102943
0.998821142
0.999200247
1.00066653
1.00333107
1.00673546
1.00977005
1.01085889
1.00839069
1.00125893
0.989314881
0.97334366
0.952938876
0.918384039
0.838617854
0.673186203
0.423921718
0.140724883
0.999999879
0.999999849
1.00000025
1.00000166
1.0000019
0.99999681
0.999986542
0.999982141
1.00000295
1.00005915
1.00012585
1.00012966
0.999972955
0.999605944
0.999122549
0.998820896
0.999159388
1.00057435
1.00319933
1.0066033
1.00969616
1.01090193
1.00858547
1.00159734
0.989739256
0.973795051
0.953622151
0.920271099
0.843037688
0.679430776
0.42894995
0.14260984
0.99999988
0.999999845
1.00000023
1.00000164
1.00000196
0.999997042
0.999986804
0.999981923
1.00000164
1.00005682
1.00012424
1.00013216
0.99998277
0.999622559
0.999138376
0.998821114
0.999127186
1.00050084
1.00309375
1.00649726
1.00963743
1.01093848
1.00874581
1.00187486
0.990086764
0.97416317
0.954185832
0.921909171
0.847055001
0.685278783
0.433697197
0.144380595
0.999999882
0.999999841
1.00000021
1.00000162
1.00000202
0.99999722
0.999987002
0.999981754
1.00000063
1.00005504
1.000123
1.00013408
0.999990347
0.999635427
0.999150659
0.998821244
0.99910197
1.0004433
1.00301125
1.00641498
1.00959348
1.01097107
1.00887738
1.00209956
0.990366183
0.974457602
0.954648545
0.92333882
0.850729491
0.690793586
0.438210721
0.146050022
0.999999884
0.999999837
1.0000002
1.00000161
1.00000206
0.999997354
0.999987143
0.999981615
0.99999986
1.0000537
1.0001221
1.00013558
0.999996119
0.999645156
0.999159827
0.998820986
0.999082228
1.00039889
1.00294821
1.00635321
1.0095629
1.01100142
1.00898569
1.00228023
0.990587922
0.974689444
0.95502819
0.924598525
0.854123385
0.696047367
0.442547534
0.147635996
0.999999885
0.999999833
1.00000019
1.0000016
1.00000209
0.999997453
0.999987238
0.999981495
0.999999284
1.00005273
1.00012149
1.00013679
1.00000049
0.99965238
0.99916642
0.998820235
0.99906663
1.00036482
1.00290076
1.00630818
1.00954359
1.01103066
1.00907594
1.00242592
0.990763242
0.974870611
0.955341525
0.925723363
0.8572979
0.701116559
0.44677087
0.149159937
0.999999887
0.999999829
1.00000017
1.0000016
1.00000213
0.999997527
0.999987298
0.999981388
0.999998846
1.00005203
1.00012111
1.00013779
1.00000384
0.999657732
0.999171045
0.99881902
0.999054013
1.00033841
1.00286503
1.00627584
1.00953302
1.01105942
1.00915298
1.00254557
0.990903665
0.975013283
0.955603936
0.926744313
0.860310755
0.706078332
0.450947456
0.150645748
0.999999889
0.999999825
1.00000017
1.0000016
1.00000215
0.999997585
0.999987334
0.999981288
0.999998498
1.00005151
1.00012088
1.00013867
1.00000651
0.99966183
0.999174332
0.998817455
0.999043355
1.00031712
1.00283719
1.00625214
1.00952846
1.01108799
1.00922124
1.00264774
0.991020534
0.975129471
0.955829318
0.927687956
0.863214486
0.711007939
0.455145415
0.152119039
0.999999891
0.999999821
1.00000016
1.0000016
1.00000218
0.999997634
0.999987359
0.999981191
0.999998196
1.00005109
1.00012073
1.00013948
1.00000882
0.999665257
0.999176902
0.998815704
0.999033756
1.00029861
1.00281362
1.0062331
1.00952715
1.01111646
1.00928475
1.00274049
0.991124702
0.975230692
0.956030017
0.928576403
0.866055253
0.715976617
0.459431553
0.153603401
0.999999893
0.999999817
1.00000015
1.00000161
1.00000221
0.999997683
0.999987382
0.999981095
0.999997903
1.00005068
1.0001206
1.00014027
1.00001105
0.999668553
0.999179344
0.998813953
0.99902443
1.00028072
1.00279097
1.00621501
1.00952641
1.01114474
1.00934711
1.00283124
0.991226304
0.975327737
0.95621684
0.929427356
0.868871953
0.721049876
0.463872343
0.155124853
0.999999895
0.999999813
1.00000014
1.00000161
1.00000224
0.999997737
0.999987414
0.999980999
0.999997583
1.00005021
1.00012041
1.00014108
1.00001345
0.999672203
0.999182206
0.9988124
0.999014702
1.00026155
1.00276619
1.00619441
1.0095237
1.01117264
1.00941151
1.00292668
0.991334628
0.97543056
0.956399149
0.930254367
0.871696013
0.726286713
0.4685315
0.156707752
0.999999897
0.999999809
1.00000013
1.0000016
1.00000227
0.999997803
0.999987465
0.999980903
0.999997207
1.00004963
1.00012009
1.00014194
1.00001625
0.999676636
0.99918598
0.998811245
0.999004008
1.00023941
1.00273653
1.00616818
1.00951667
1.01119989
1.0094807
1.00303279
0.991458058
0.975548247
0.956585023
0.931067209
0.874551585
0.731740005
0.473471865
0.158376932
0.9999999
0.999999805
1.00000012
1.0000016
1.0000023
0.999997887
0.999987542
0.999980807
0.999996748
1.00004886
1.0001196
1.00014285
1.00001963
0.999682243
0.99919113
0.998810705
0.998991888
1.00021285
1.00269958
1.00613352
1.00950314
1.01122611
1.00955695
1.0031547
0.991603997
0.975688971
0.956781377
0.931872147
0.87745535
0.737455738
0.4787545
0.160156493
0.999999903
0.999999802
1.0000001
1.00000159
1.00000233
0.999997993
0.999987655
0.999980712
0.999996186
1.00004785
1.00011887
1.00014384
1.00002374
0.999689369
0.999198078
0.998811008
0.99897801
1.00018068
1.00265331
1.00608797
1.00948112
1.01125078
1.00964203
1.00329666
0.991778704
0.975859856
0.956994016
0.932672126
0.880416026
0.743471569
0.484438213
0.162070352
0.999999907
0.999999799
1.00000009
1.00000158
1.00000237
0.999998123
0.99998781
0.999980623
0.999995507
1.00004658
1.00011786
1.00014488
1.00002868
0.999698249
0.999207156
0.99881239
0.998962219
1.00014209
1.0025962
1.00602962
1.00944893
1.01127327
1.00973703
1.00346179
0.99198708
0.976066781
0.957227648
0.933467016
0.883433993
0.749815479
0.49057908
0.164143042
0.999999911
0.999999796
1.00000007
1.00000156
1.00000241
0.999998281
0.999988011
0.999980543
0.999994708
1.00004502
1.00011652
1.00014594
1.00003448
0.999709013
0.999218595
0.998815086
0.99894455
1.00009668
1.0025273
1.00595708
1.00940517
1.01129281
1.00984239
1.00365198
0.992232476
0.976314193
0.957485912
0.934254013
0.886501251
0.756504546
0.497228952
0.166398166
0.999999915
0.999999793
1.00000004
1.00000153
1.00000245
0.999998467
0.999988263
0.99998048
0.999993792
1.00004315
1.00011483
1.00014699
1.00004111
0.999721701
0.99923254
0.998819327
0.998925214
1.00004446
1.00244624
1.00586959
1.00934886
1.01130853
1.00995779
1.00386784
0.992516527
0.976604902
0.957771386
0.93502815
0.889601622
0.763543792
0.504434958
0.168859087
0.99999992
0.999999791
1.00000002
1.0000015
1.00000249
0.999998679
0.999988566
0.99998044
0.999992772
1.00004099
1.00011277
1.00014796
1.00004848
0.999736245
0.999249028
0.998825325
0.998904595
0.999985872
1.00235331
1.00576706
1.00927945
1.01131952
1.01008218
1.00410848
0.992838931
0.976939785
0.95808548
0.935782854
0.892711138
0.770924748
0.512238056
0.171548776
0.999999925
0.99999979
0.999999994
1.00000146
1.00000253
0.999998914
0.99998892
0.999980431
0.999991667
1.00003856
1.00011033
1.00014879
1.00005645
0.999752469
0.999267968
0.998833242
0.998883226
0.9999218
1.00224953
1.00565025
1.009197
1.01132489
1.01021378
1.00437149
0.993197191
0.977317395
0.958428191
0.936510525
0.895798702
0.77862383
0.52067105
0.174489505
0.999999931
0.99999979
0.999999966
1.00000141
1.00000256
0.999999168
0.999989321
0.99998046
0.999990509
1.00003591
1.00010755
1.00014941
1.00006482
0.999770073
0.999289117
0.998843146
0.998861758
0.999853578
1.00213669
1.00552085
1.00910236
1.01132398
1.01035009
1.00465276
0.993586309
0.97773347
0.958797679
0.937203112
0.898827183
0.786600719
0.52975598
0.17770218
0.999999937
0.999999791
0.999999937
1.00000136
1.0000026
0.999999434
0.999989759
0.999980531
0.999989333
1.0000331
1.00010447
1.00014978
1.00007333
0.999788605
0.999312008
0.998854943
0.998840924
0.999783034
1.00201753
1.00538177
1.00899744
1.01131653
1.01048802
1.00494642
0.993998507
0.978180417
0.959189686
0.937852622
0.901755144
0.794797223
0.539501223
0.181205401
0.999999944
0.999999792
0.999999907
1.00000131
1.00000262
0.999999704
0.999990223
0.999980646
0.999988179
1.00003023
1.00010119
1.00014986
1.00008167
0.999807428
0.999335901
0.998868303
0.998821461
0.999712451
1.00189577
1.00523725
1.00888542
1.01130296
1.01062402
1.00524484
0.994423088
0.978646938
0.959596915
0.93845156
0.90453944
0.803137465
0.549899101
0.185014758
0.99999995
0.999999795
0.999999877
1.00000125
1.00000264
0.999999969
0.999990696
0.999980799
0.999987091
1.0000274
1.00009785
1.00014966
1.00008952
0.999825793
0.999359815
0.998882615
0.998804004
0.999644431
1.00177602
1.00509288
1.0087709
1.01128456
1.01075436
1.00553884
0.994846526
0.979117899
0.960008469
0.938993152
0.907138566
0.811529873
0.560924633
0.189143011
0.999999957
0.999999798
0.999999849
1.00000119
1.00000266
1.00000022
0.999991156
0.999980977
0.999986106
1.00002475
1.0000946
1.00014924
1.0000966
0.999842868
0.999382534
0.998896958
0.998788997
0.99958176
1.00166363
1.00495551
1.00865995
1.01126373
1.0108754
1.00581796
0.995252653
0.979574372
0.960409353
0.939471151
0.909516146
0.819870413
0.572534856
0.19360115
0.999999964
0.999999801
0.999999822
1.00000113
1.00000267
1.00000044
0.999991579
0.99998116
0.999985259
1.00002239
1.00009167
1.00014871
1.00010263
0.999857782
0.999402677
0.998910132
0.99877663
0.999527264
1.00156452
1.00483318
1.00856009
1.01124403
1.01098374
1.00607063
0.995622822
0.979993736
0.960780034
0.939879131
0.91164401
0.828046636
0.584668351
0.198400725
0.999999971
0.999999804
0.999999798
1.00000108
1.00000268
1.00000063
0.999991933
0.999981321
0.999984581
1.00002049
1.00008929
1.00014823
1.00010737
0.999869595
0.999418686
0.998920663
0.998766877
0.999483853
1.00148525
1.00473512
1.00848037
1.01123024
1.01107624
1.00628408
0.995935739
0.980349535
0.961095932
0.940209163
0.91350418
0.835941493
0.597243452
0.203556897
0.999999977
0.999999807
0.999999777
1.00000105
1.00000268
1.00000077
0.999992184
0.999981424
0.999984104
1.00001921
1.00008774
1.000148
1.00011056
0.999877232
0.999428738
0.998926799
0.998759611
0.999454773
1.0014333
1.00467201
1.00843141
1.01122826
1.0111497
1.00644389
0.996166926
0.980611013
0.96132682
0.940449911
0.915089421
0.843437704
0.610155531
0.209092517
0.999999984
0.999999808
0.999999761
1.00000102
1.0000027
1.00000085
0.999992296
0.999981432
0.999983861
1.00001873
1.00008734
1.00014823
1.00011187
0.999879473
0.999430795
0.998926611
0.998754783
0.999443809
1.00141728
1.00465614
1.00842545
1.01124491
1.01120047
1.00653343
0.99628804
0.980742542
0.961436319
0.940583773
0.916401404
0.850426574
0.623276603
0.215042423
0.999999991
0.999999808
0.99999975
1.00000102
1.00000272
1.00000086
0.999992233
0.999981313
0.999983892
1.00001922
1.00008835
1.00014907
1.00011093
0.999875069
0.999422842
0.998918291
0.998752631
0.999455339
1.0014468
1.0047011
1.00847604
1.01128766
1.01122414
1.00653341
0.996266295
0.980703061
0.961380958
0.940579864
0.917441283
0.85683307
0.636469305
0.221454202
0.999999996
0.999999806
0.999999744
1.00000104
1.00000274
1.0000008
0.999991982
0.999981054
0.999984234
1.00002085
1.00009103
1.00015058
1.0001072
0.999862537
0.999402736
0.998900287
0.998754312
0.999495315
1.0015333
1.00482201
1.00859729
1.01136326
1.01121413
1.00642068
0.996062957
0.980442886
0.96110363
0.94036645
0.918170307
0.862686013
0.649597572
0.228276488
1
0.999999802
0.999999742
1.00000108
1.00000278
1.00000064
0.999991491
0.999980637
0.999985029
1.00002398
1.00009578
1.00015267
1.00009939
0.99983917
0.999367241
0.998871146
0.998763227
0.99957425
1.00169405
1.00503883
1.00880471
1.01147476
1.0111553
1.00616082
0.995628647
0.979906116
0.960551715
0.939903364
0.91855999
0.867955158
0.662557619
0.235465224
1.00000001
0.999999797
0.999999745
1.00000115
1.00000283
1.00000034
0.999990705
0.999980077
0.99998651
1.00002908
1.00010297
1.00015488
1.00008545
0.999801372
0.999312887
0.998830743
0.998786153
0.999707662
1.0019514
1.00537449
1.00911274
1.01161936
1.01102246
1.00570689
0.994900791
0.979024103
0.959660972
0.939143539
0.918594834
0.872598678
0.675204563
0.24298797
1.00000001
0.999999791
0.999999756
1.00000126
1.00000288
0.999999874
0.999989564
0.999979447
0.999989052
1.00003676
1.00011283
1.00015603
1.00006209
0.999744418
0.999236344
0.998781661
0.998835745
0.999919075
1.00233507
1.00585508
1.00953197
1.01178274
1.01077328
1.00499276
0.993799333
0.977714896
0.958358483
0.938033862
0.918254913
0.876590737
0.687402488
0.250786958
1.00000001
0.999999782
0.999999778
1.0000014
1.0000029
0.999999156
0.999988014
0.999978924
0.999993252
1.00004777
1.00012528
1.00015379
1.00002405
0.999661929
0.999134986
0.998731554
0.998934401
1.00024401
1.00288423
1.00650836
1.01006363
1.01193066
1.01033878
1.00392458
0.992220403
0.975879312
0.956560665
0.936515142
0.917519108
0.879914905
0.6990202
0.258785072
1.00000002
0.999999772
0.999999813
1.00000159
1.00000288
0.9999981
0.999986032
0.999978856
0.999999993
1.00006295
1.00013948
1.00014374
0.99996337
0.999546282
0.999009471
0.998697937
0.999119944
1.00073407
1.00364742
1.00735799
1.0106886
1.01199491
1.00960952
1.0023698
0.990029505
0.973398117
0.954173299
0.934523249
0.916364794
0.882565215
0.709937562
0.266886232
1.00000002
0.99999976
0.999999866
1.00000182
1.00000276
0.999996595
0.999983671
0.999979869
1.00001049
1.0000829
1.00015292
1.00011834
0.999869123
0.99939077
0.998869124
0.998715951
0.999452966
1.00145995
1.00467789
1.00841034
1.01134792
1.01185196
1.00841665
1.00014365
0.987054105
0.970129619
0.951092185
0.931991013
0.914769102
0.884545373
0.720048865
0.274978188
1.00000002
0.999999748
0.999999943
1.00000209
1.00000246
0.999994527
0.999981135
0.999982978
1.00002622
1.00010734
1.00016015
1.00006556
0.999727898
0.999193846
0.998740681
0.998849466
1.0000251
1.00251076
1.00602021
1.00962929
1.01191088
1.01129131
1.00650663
0.996992944
0.983075978
0.96590802
0.947204626
0.928850625
0.91271022
0.885867084
0.729262147
0.282932393
1.00000002
0.999999737
1.00000005
1.00000239
1.00000188
0.999991807
0.999978893
0.999989688
1.00004863
1.00013398
1.0001509
0.999968149
0.999527149
0.998968992
0.99868356
0.9992056
1.00096346
1.00398049
1.00767689
1.01088853
1.01212373
1.00997139
1.00351084
0.992580224
0.97782662
0.96054523
0.942393507
0.925037594
0.91016977
0.886549009
0.737498317
0.290604917
1.00000002
0.999999727
1.00000018
1.00000269
1.00000089
0.999988433
0.999977814
1.00000197
1.00007833
1.00015648
1.00010811
0.999805139
0.999264553
0.998763151
0.998811514
0.99994691
1.00241935
1.0059257
1.00953925
1.01189033
1.0115345
1.00736414
0.998914483
0.986473506
0.970989883
0.953838648
0.936545145
0.920496623
0.907136152
0.886616181
0.744689456
0.297837313
1.00000002
0.999999722
1.00000035
1.00000294
0.999999355
0.999984577
0.999979291
1.00002198
1.00011358
1.00016195
1.00000726
0.999558945
0.99896745
0.99868496
0.999314635
1.00128526
1.00451693
1.00826836
1.01126257
1.01204174
1.00939607
1.0026976
0.99203644
0.978151187
0.962218015
0.94558804
0.929562088
0.915189619
0.903608764
0.886099742
0.750775856
0.304454709
1.00000001
0.999999722
1.00000055
1.00000308
0.999997164
0.999980689
0.999985264
1.00005124
1.00014798
1.00012858
0.999820149
0.999233156
0.998725626
0.998937486
1.00046164
1.00342256
1.00722105
1.01061
1.01206957
1.01029303
1.00456745
0.994921913
0.9820421
0.967037265
0.951169256
0.935624851
0.921381717
0.909105821
0.899602897
0.885037196
0.755705212
0.310272801
1.00000001
0.99999973
1.00000077
1.00000305
0.999994267
0.999977596
0.99999801
1.00008922
1.00016769
1.00002595
0.999527998
0.99888547
0.998733096
0.999831961
1.0025362
1.00637913
1.01007262
1.01193446
1.0104967
1.00498235
0.99546875
0.982748648
0.968024337
0.952586219
0.937575044
0.923855975
0.912000408
0.902273371
0.895154811
0.883473448
0.759450398
0.31522488
1.00000001
0.999999746
1.000001
1.00000277
0.999990736
0.999976522
1.00001957
1.00013126
1.00014955
0.999821905
0.999148975
0.99867348
0.999314949
1.00172754
1.00563013
1.00964039
1.0117667
1.01023866
1.0041785
0.993805937
0.980198881
0.964840935
0.949195491
0.934434825
0.921340017
0.910319853
0.901500263
0.894769994
0.890324817
0.881443973
0.76182825
0.318842672
1
0.99999977
1.00000123
1.00000219
0.999986804
0.999978981
1.00005078
1.0001665
1.00006271
0.999500358
0.998779826
0.998892435
1.00088214
1.0048087
1.00921292
1.01160789
1.00966749
1.00228698
0.989912456
0.974136473
0.956973866
0.940239424
0.92522065
0.912621915
0.902665946
0.895246491
0.890073684
0.88673202
0.885201524
0.879008109
0.762824887
0.320994984
0.999999999
0.999999802
1.00000143
1.00000128
0.999982877
0.999986476
1.00009003
1.00017713
0.999876806
0.999091049
0.998636398
0.999954454
1.00372767
1.00862284
1.01149509
1.00904303
0.999621724
0.983937832
0.964415998
0.943972834
0.925021622
0.909050657
0.896663993
0.887834571
0.882163439
0.879095286
0.878028359
0.878348793
0.879891476
0.876215833
0.762406307
0.321615341
0.999999996
0.999999838
1.00000159
1.00000006
0.999979494
1.00000003
1.00013232
1.00014069
0.999577953
0.998702032
0.999055089
1.00223739
1.00760559
1.01144459
1.00889626
0.997082039
0.976790456
0.951687531
0.926174637
0.903639775
0.885854835
0.873241603
0.86539855
0.861571102
0.860881528
0.862526939
0.865776916
0.869888037
0.874576386
0.873128555
0.760313728
0.32027471
0.999999994
0.999999878
1.00000169
0.999998602
0.999977216
1.0000197
1.00016937
1.00003653
0.999188581
0.998530798
1.00040332
1.00576803
1.01120331
1.00988303
0.996388822
0.970771648
0.938278708
0.905742408
0.878174329
0.857706076
0.844330892
0.837064146
0.834664683
0.836031991
0.840291244
0.846561714
0.853999545
0.861766074
0.869476344
0.869782679
0.756297562
0.316672878
0.999999993
0.999999919
1.00000173
0.999997013
0.999976485
1.00004424
1.00019131
0.999855603
0.998779082
0.998821064
1.00287649
1.00985541
1.01195005
0.999568856
0.969696233
0.928710993
0.887265173
0.853371597
0.829751502
0.815423286
0.808245105
0.806347144
0.808575798
0.814150241
0.822351253
0.832399173
0.843409496
0.854407572
0.864827978
0.866172713
0.749957802
0.310430414
0.999999992
0.999999957
1.00000172
0.999995425
0.999977468
1.00007118
1.00019011
0.999609192
0.998454925
0.999748854
1.00625842
1.01302768
1.00687606
0.977672148
0.929353145
0.877299866
0.835538552
0.808644367
0.79402785
0.787254404
0.785173345
0.786504214
0.790876894
0.798297074
0.808572228
0.821049175
0.834690986
0.848259892
0.860873163
0.862210084
0.740703744
0.301122064
0.999999992
0.999999992
1.00000165
0.999993958
0.999979977
1.00009744
1.00016358
0.999330824
0.998310739
1.00127361
1.00984714
1.01371153
0.99487466
0.946602354
0.883961219
0.830815007
0.798900806
0.784191681
0.778809539
0.77727699
0.777342177
0.778587506
0.782090684
0.788989284
0.79958346
0.813180097
0.828433866
0.8437697
0.857875979
0.857613185
0.727494408
0.288126605
0.999999992
1.00000002
1.00000156
0.999992704
0.999983469
1.00012019
1.00011811
0.999067807
0.998366681
1.00304915
1.01273657
1.0116283
0.979281167
0.915851413
0.847879743
0.802942079
0.78450356
0.778912656
0.777809787
0.778240173
0.777857313
0.777407092
0.779183366
0.784975079
0.795251743
0.809200854
0.825214942
0.841412884
0.855893723
0.851747153
0.708580829
0.270275445
0.999999992
1.00000004
1.00000146
0.999991716
0.999987135
1.00013751
1.00006866
0.998866868
0.998529441
1.00448459
1.01433417
1.00882525
0.968055992
0.898597565
0.83270685
0.795844151
0.7839927
0.779774653
0.778270758
0.778979713
0.777649854
0.777145637
0.779042176
0.785033704
0.795477315
0.809489465
0.825433112
0.841604069
0.855491289
0.842747198
0.680566762
0.248022831
0.999999993
1.00000006
1.00000138
0.999991036
0.999989967
1.00014811
1.00003601
0.998766305
0.998623916
1.00493313
1.01454822
1.00865174
0.969596893
0.904511174
0.842011458
0.803921995
0.788738165
0.78313991
0.779721766
0.778497529
0.778825949
0.780190195
0.784058849
0.791260492
0.801848444
0.815092901
0.830103938
0.846016259
0.856787454
0.824615485
0.636287967
0.220321962
0.999999993
1.00000007
1.00000133
0.999990712
0.999990888
1.00015027
1.00004292
0.998808335
0.99850303
1.00384023
1.01314886
1.01255926
0.986464874
0.934907439
0.876196562
0.831046348
0.806808741
0.797193333
0.792824038
0.789367392
0.787842518
0.790035548
0.794599206
0.802121347
0.812469962
0.825646688
0.84110051
0.855239599
0.851974194
0.78352064
0.567016451
0.185186523
0.999999993
1.00000007
1.00000133
0.999990978
0.999988524
1.00013703
1.00011734
0.999090603
0.998156771
1.00119146
1.00944461
1.0159388
1.00878758
0.981250155
0.937861271
0.89110175
0.853146731
0.830168547
0.821902985
0.824216998
0.831784932
0.840115821
0.847850328
0.854181892
0.862574013
0.870204924
0.872891506
0.860306962
0.810823898
0.68832868
0.457605455
0.139593982
0.999999993
1.00000006
1.00000138
0.999992788
0.999979867
1.0000975
1.0002199
0.999593775
0.998251197
0.998492498
1.00306019
1.01137672
1.01844297
1.01774053
1.00512069
0.980497172
0.946908862
0.908521317
0.869079471
0.831285736
0.796833175
0.766663583
0.741048553
0.718715212
0.694873816
0.667875831
0.633525254
0.585036148
0.512015522
0.402082076
0.248823259
0.0720214828
0.999999993
1.00000001
1.00000143
0.999996619
0.999973694
1.00003235
1.00023178
1.00013163
0.999170239
0.997808246
0.997734513
1.00065161
1.00697265
1.01558956
1.02458838
1.03211693
1.03685286
1.0380178
1.03514203
1.0277743
1.01522601
0.996358614
0.969397822
0.931770309
0.880003173
0.809847241
0.717025619
0.598715787
0.456348986
0.299558351
0.149458166
0.033267146
0.999999995
0.999999944
1.00000109
1.00000118
0.999979365
0.999971484
1.00010365
1.00032208
1.00023756
0.999468302
0.998063154
0.996528485
0.995530625
0.99560203
0.997031898
0.999915132
1.0042579
1.01006507
1.01738167
1.02628383
1.0368119
1.04881831
1.06167311
1.07373459
1.0814683
1.07813546
1.052185
0.98610253
0.857767558
0.648447719
0.363990057
0.0734916974
0.999999999
0.999999924
1.00000034
1.00000338
0.999995749
0.999961936
0.999958395
1.00008207
1.00033351
1.00057888
1.00064315
1.0004098
0.999852193
0.999011553
0.99796334
0.996797279
0.995617534
0.994561231
0.99383385
0.99376265
0.994868598
0.997946218
1.00410732
1.01466926
1.03062254
1.05118666
1.07073651
1.07346243
1.02666136
0.878114735
0.574093342
0.13766163
1
0.999999971
0.99999976
1.00000156
1.00000597
0.999996798
0.999959553
0.999913936
0.999902537
0.999956498
1.00007985
1.0002554
1.00045635
1.00065362
1.00081718
1.00091371
1.00090247
1.00073212
1.00034187
0.999674969
0.998720887
0.997616174
0.996845619
0.99756936
1.00199412
1.01336391
1.03443209
1.06206542
1.07488464
1.01395003
0.770912777
0.251171539
1
1.00000001
0.999999874
0.999999397
1.00000139
1.00000822
1.00001421
1.0000098
0.999990347
0.999958178
0.999919462
0.999881177
0.999849838
0.999831543
0.999832459
0.999859089
0.999917687
1.00001171
1.00013542
1.00026084
1.00031598
1.00016071
0.999594928
0.998498792
0.99729714
0.99792497
1.00498044
1.02494498
1.05749119
1.06910104
0.942764012
0.446253092
1
0.999999998
1.00000005
1.00000003
0.999999153
0.999997764
0.999997734
1.00000051
1.00000601
1.00001313
1.0000205
1.00002685
1.00003104
1.00003199
1.00002857
1.00001964
1.00000439
0.999983284
0.999960266
0.999946655
0.999965433
1.00004796
1.00020173
1.00032241
1.00008981
0.999126608
0.998030163
1.00054297
1.0146707
1.04431075
1.04582447
0.770400674
)
;

boundaryField
{
    inner_wall
    {
        type            zeroGradient;
    }
    outer_wall
    {
        type            fixedValue;
        value           uniform 0;
    }
    top
    {
        type            fixedValue;
        value           uniform 1;
    }
    bottom
    {
        type            inletOutlet;
        inletValue      uniform 0;
        value           nonuniform List<scalar> 
32
(
0
0
0
0
0
0
0
0
0
0
-0.00818368685
-0.0184241834
-0.0375100888
-0.0524385077
-0.0157894841
0.143533183
0.433827241
0.746603556
0.959136923
1.0353333
1.02864742
1.0065008
0.99723227
0.997950727
1.00159949
1.00582076
1.00768796
1.00180158
0.978896621
0.899598621
0.677452036
0.26116585
)
;
    }
    front
    {
        type            wedge;
    }
    back
    {
        type            wedge;
    }
}


// ************************************************************************* //
