/*--------------------------------*- C++ -*----------------------------------*\
| =========                 |                                                 |
| \\      /  F ield         | OpenFOAM: The Open Source CFD Toolbox           |
|  \\    /   O peration     | Version:  2506                                  |
|   \\  /    A nd           | Website:  www.openfoam.com                      |
|    \\/     M anipulation  |                                                 |
\*---------------------------------------------------------------------------*/
FoamFile
{
    version     2.0;
    format      ascii;
    arch        "LSB;label=32;scalar=64";
    class       volScalarField;
    location    "777";
    object      p;
}
// * * * * * * * * * * * * * * * * * * * * * * * * * * * * * * * * * * * * * //

dimensions      [0 2 -2 0 0 0 0];

internalField   nonuniform List<scalar> 
3072
(
-0.000123967167
-9.41515386e-05
-9.0485712e-05
-8.44512137e-05
-7.46945526e-05
-6.29698084e-05
-5.1020763e-05
-3.99856137e-05
-2.7774258e-05
-1.40153777e-05
-7.56287786e-06
-7.76018163e-06
-7.62203886e-06
-6.31045689e-06
-4.47203669e-06
-2.49539953e-06
-5.35723621e-07
1.32379543e-06
3.02537473e-06
4.52419148e-06
5.80687122e-06
7.01604386e-06
8.04230271e-06
8.74650553e-06
9.27239003e-06
9.66435644e-06
9.94257952e-06
1.0131488e-05
1.02633955e-05
1.03857746e-05
1.05659072e-05
1.08151657e-05
-0.000264310458
-0.000186452167
-0.000160138737
-0.000141512811
-0.00012347483
-0.000104850678
-8.64210457e-05
-6.86357729e-05
-5.08430306e-05
-3.39336521e-05
-2.18125543e-05
-1.44700024e-05
-8.57002686e-06
-3.29991758e-06
1.33040778e-06
5.32477632e-06
8.7433597e-06
1.16448864e-05
1.4088089e-05
1.61498326e-05
1.77775675e-05
1.92003313e-05
2.04184873e-05
2.12384803e-05
2.18514354e-05
2.23315911e-05
2.27116343e-05
2.3023188e-05
2.33043225e-05
2.36021646e-05
2.39473856e-05
2.42410833e-05
-0.000326423912
-0.000221781332
-0.000176574515
-0.000146113202
-0.000121669761
-0.000100772028
-8.23238583e-05
-6.56798476e-05
-5.03715013e-05
-3.65147804e-05
-2.47569401e-05
-1.50291203e-05
-6.70561826e-06
5.33227975e-07
6.82416397e-06
1.22633479e-05
1.69345067e-05
2.0909235e-05
2.42731666e-05
2.72005369e-05
2.95866301e-05
3.14880787e-05
3.30811566e-05
3.43169203e-05
3.52851964e-05
3.60472152e-05
3.66469346e-05
3.71230455e-05
3.75126583e-05
3.78541528e-05
3.8178071e-05
3.84492422e-05
-0.000386212901
-0.000266915167
-0.00021078834
-0.000168760897
-0.000135763071
-0.000109664246
-8.78523061e-05
-6.89316457e-05
-5.218303e-05
-3.72967642e-05
-2.41971637e-05
-1.27467332e-05
-2.72760225e-06
6.04067481e-06
1.36900553e-05
2.03248346e-05
2.60363769e-05
3.09110108e-05
3.50378923e-05
3.85009292e-05
4.14022876e-05
4.37573747e-05
4.56286038e-05
4.71510904e-05
4.83630315e-05
4.9317087e-05
5.00674555e-05
5.0662364e-05
5.1144877e-05
5.15569938e-05
5.19303265e-05
5.22254109e-05
-0.000442025244
-0.000315680618
-0.000246465535
-0.000194677978
-0.000154290449
-0.000122038785
-9.54361078e-05
-7.29129624e-05
-5.34563411e-05
-3.64581433e-05
-2.1555065e-05
-8.48017363e-06
2.98978236e-06
1.30328294e-05
2.17906338e-05
2.93833258e-05
3.59221097e-05
4.15136092e-05
4.62356387e-05
5.0070985e-05
5.32998915e-05
5.60637031e-05
5.82581579e-05
6.00109583e-05
6.1410848e-05
6.25244534e-05
6.34106292e-05
6.41222355e-05
6.47076078e-05
6.52152273e-05
6.56823052e-05
6.60575079e-05
-0.00049065548
-0.000359350133
-0.000280091169
-0.000220370228
-0.000173454851
-0.000135074388
-0.000103461158
-7.6981304e-05
-5.44123939e-05
-3.4937023e-05
-1.80133702e-05
-3.25683028e-06
9.62081973e-06
2.08411188e-05
3.05815202e-05
3.89919865e-05
4.62066485e-05
5.23490507e-05
5.75295911e-05
6.18425706e-05
6.5420863e-05
6.83738691e-05
7.07722938e-05
7.27058614e-05
7.42589152e-05
7.55060393e-05
7.65134884e-05
7.73400092e-05
7.80401413e-05
7.86711253e-05
7.92767095e-05
7.97779045e-05
-0.000531925769
-0.000396360124
-0.000311285031
-0.000245353519
-0.000191929418
-0.00014797936
-0.000111621505
-8.11857754e-05
-5.53783108e-05
-3.32741686e-05
-1.4217578e-05
2.27301538e-06
1.65601662e-05
2.89247634e-05
3.95928868e-05
4.87542971e-05
5.65747836e-05
6.32036159e-05
6.8777871e-05
7.34253696e-05
7.72692207e-05
8.04240327e-05
8.29932387e-05
8.50736987e-05
8.67550962e-05
8.8119063e-05
8.92385815e-05
9.01782172e-05
9.09988028e-05
9.17669455e-05
9.25330875e-05
9.31837098e-05
-0.00056613275
-0.000427474139
-0.000338406756
-0.000267796783
-0.000209055568
-0.000160191587
-0.000119500875
-8.53394878e-05
-5.63985321e-05
-3.17025788e-05
-1.05252352e-05
7.68780591e-06
2.33651432e-05
3.68458208e-05
4.84057625e-05
5.82769601e-05
6.66603197e-05
7.37344148e-05
7.96609718e-05
8.45885497e-05
8.86546658e-05
9.1986265e-05
9.46998837e-05
9.69026019e-05
9.86923205e-05
0.000100157734
0.000101377911
0.000102422718
0.000103358806
0.000104261638
0.000105187693
0.00010598789
-0.000594146721
-0.000453435141
-0.000361223803
-0.000286857207
-0.000223987705
-0.000171079047
-0.000126661755
-8.9194092e-05
-5.74006241e-05
-3.02970083e-05
-7.12023196e-06
1.27317098e-05
2.9738044e-05
4.42865749e-05
5.66977602e-05
6.72428126e-05
7.61564414e-05
8.36458701e-05
8.98968526e-05
9.50777775e-05
9.93422571e-05
0.000102830615
0.00010567088
0.000107979681
0.000109862838
0.000111415653
0.000112722725
0.000113858602
0.000114894958
0.000115914775
0.000116979539
0.000117909259
-0.000616489976
-0.000474436754
-0.000379939456
-0.000302668381
-0.000236574096
-0.000180404798
-0.00013288834
-9.25987571e-05
-5.83157666e-05
-2.90707584e-05
-4.08727842e-06
1.72642994e-05
3.54986321e-05
5.10409789e-05
6.4248373e-05
7.54255667e-05
8.48371904e-05
9.27163309e-05
9.92708232e-05
0.000104687508
0.000109135301
0.000112767191
0.000115721761
0.000118124318
0.00012008783
0.000121713489
0.000123090715
0.000124298041
0.000125411184
0.000126518846
0.000127686286
0.000128711122
-0.000633726324
-0.000490848268
-0.000394799151
-0.000315366385
-0.000246803904
-0.000188073153
-0.000138059991
-9.54445803e-05
-5.90687068e-05
-2.79907651e-05
-1.43650381e-06
2.12369117e-05
4.05666098e-05
5.70047876e-05
7.09364363e-05
8.26932688e-05
9.25646418e-05
0.000100805609
0.000107643009
0.000113279836
0.000117898509
0.00012166322
0.000124721776
0.000127207021
0.00012923806
0.00013092106
0.000132349446
0.000133604978
0.00013476639
0.000135926109
0.000137151907
0.000138229645
-0.000646482336
-0.000503163623
-0.000406149895
-0.000325165507
-0.000254771135
-0.000194090658
-0.000142131198
-9.76635778e-05
-5.95899882e-05
-2.69995881e-05
8.70651678e-07
2.46670313e-05
4.49393063e-05
6.21576618e-05
7.67271778e-05
8.89999733e-05
9.92846877e-05
0.00010785395
0.000114950032
0.000120789216
0.000125565104
0.00012945119
0.000132602894
0.000135159247
0.000137244319
0.000138968243
0.000140427583
0.000141706587
0.000142886005
0.000144060038
0.000145297817
0.000146384521
-0.000655394471
-0.00051191277
-0.000414397603
-0.000332349079
-0.000260646904
-0.00019853675
-0.000145114274
-9.9224999e-05
-5.98238621e-05
-2.603141e-05
2.90043579e-06
2.76153659e-05
4.86688945e-05
6.65420837e-05
8.16535737e-05
9.43699645e-05
0.000105014116
0.000113871879
0.00012119735
0.000127217076
0.000132133358
0.000136126914
0.000139359066
0.000141973584
0.000144098292
0.000145846264
0.000147316365
0.000148594631
0.000149762944
0.000150915541
0.000152121926
0.00015317682
-0.00066107847
-0.000517622586
-0.000419968805
-0.00033723596
-0.000264647317
-0.000201538257
-0.000147064121
-0.000100128941
-5.97320779e-05
-2.50231648e-05
4.73033797e-06
3.01662272e-05
5.18412468e-05
7.02421099e-05
8.57958791e-05
9.88787059e-05
0.000109823271
0.000118924726
0.000126445648
0.000132619975
0.000137656307
0.000141740569
0.000145038305
0.000147696628
0.00014984596
0.000151601352
0.000153063208
0.000154318741
0.000155450219
0.000156550504
0.000157688706
0.00015867756
-0.000664110948
-0.000520794032
-0.000423284651
-0.000340154988
-0.000267010639
-0.000203250357
-0.000148064629
-0.000100400791
-5.92950122e-05
-2.3921677e-05
6.43709868e-06
3.24120052e-05
5.4558151e-05
7.33644058e-05
8.92623408e-05
0.000102633859
0.000113817812
0.000123115391
0.000130794728
0.000137094646
0.000142227886
0.00014638377
0.00014973055
0.000152417428
0.000154576387
0.000156323622
0.000157760416
0.000158974651
0.000160048412
0.000161072137
0.000162113994
0.000163010987
-0.000665020726
-0.000521895477
-0.000424751826
-0.00034143187
-0.000267982496
-0.000203844036
-0.000148219578
-0.000100086959
-5.85116817e-05
-2.2688333e-05
8.08814611e-06
3.44413233e-05
5.69231729e-05
7.6022477e-05
9.21725672e-05
0.000105758265
0.000117121775
0.000126567724
0.000134367425
0.000140762513
0.000145968064
0.000150175275
0.000153553824
0.000156253953
0.000158408343
0.00016013365
0.000161531502
0.000162690054
0.000163690795
0.000164621068
0.000165547749
0.000166336028
-0.0006642831
-0.000521352424
-0.000424745375
-0.000341375222
-0.000267804904
-0.000203496485
-0.000147645659
-9.92503218e-05
-5.73986656e-05
-2.13013736e-05
9.7361711e-06
3.63309886e-05
5.90314379e-05
7.83248482e-05
9.46445582e-05
0.000108376273
0.000119863517
0.000129412369
0.000137295516
0.000143755775
0.00014900915
0.000153247503
0.000156640932
0.000159339884
0.000161477078
0.000163169093
0.000164517508
0.000165610456
0.000166528569
0.000167355747
0.0001681574
0.000168828624
-0.00066231143
-0.000519540651
-0.000423607048
-0.000340271443
-0.000266708137
-0.00020238268
-0.000146465168
-9.79647797e-05
-5.59870987e-05
-1.97552306e-05
1.14173508e-05
3.8142078e-05
6.09637695e-05
8.03676487e-05
9.67860295e-05
0.000110604152
0.000122165457
0.00013177606
0.000139708722
0.000146206248
0.000151484531
0.000155735208
0.000159128053
0.000161813112
0.000163922654
0.000165572812
0.000166864832
0.000167886619
0.000168717815
0.000169438798
0.000170113472
0.000170666697
-0.000659462266
-0.000516782602
-0.000421639573
-0.000338377721
-0.000264902942
-0.000200667711
-0.00014479877
-9.6309166e-05
-5.43179435e-05
-1.80574872e-05
1.31526692e-05
3.99195284e-05
6.27846838e-05
8.22311829e-05
9.86897886e-05
0.000112544482
0.000124137675
0.000133774598
0.000141727192
0.00014823745
0.000153520447
0.000157766987
0.000161146019
0.00016380678
0.00016588077
0.000167483436
0.00016871551
0.00016966454
0.000170409136
0.000171026284
0.000171578441
0.000172018627
-0.000656030722
-0.00051334501
-0.000419106658
-0.000335921321
-0.00026257762
-0.000198502401
-0.000142760545
-9.43624041e-05
-5.24376278e-05
-1.62253785e-05
1.49505128e-05
4.16936514e-05
6.45427076e-05
8.39791068e-05
0.000100432061
0.000114283667
0.000125874689
0.000135508947
0.000143457037
0.000149959662
0.000155230638
0.000159459575
0.000162814292
0.000165442983
0.000167476199
0.000169028564
0.0001702002
0.000171078227
0.000171740247
0.000172260127
0.000172699002
0.000173035416
-0.000652249012
-0.000509468324
-0.000416222483
-0.000333097025
-0.000259899473
-0.000196022749
-0.000140455325
-9.22000681e-05
-5.03944329e-05
-1.42821338e-05
1.68105946e-05
4.34840909e-05
6.6271878e-05
8.56577321e-05
0.000102071878
0.000115891384
0.000127454545
0.000137063827
0.000144988424
0.000151467543
0.000156713542
0.000160914666
0.000164237466
0.00016682899
0.000168818765
0.000170320548
0.000171433807
0.000172245208
0.00017283141
0.000173263519
0.000173601521
0.000173846216
-0.000648309601
-0.00050554347
-0.000413023333
-0.000330015736
-0.000257004589
-0.000193344914
-0.000137973847
-8.9889517e-05
-4.82336118e-05
-1.22514101e-05
1.87307602e-05
4.53087444e-05
6.79955692e-05
8.72934556e-05
0.000103649739
0.000117419609
0.000128937861
0.000138506742
0.000146394488
0.000152838887
0.000158050858
0.000162217282
0.00016550345
0.000168055265
0.000170001243
0.000171454286
0.000172513221
0.000173264258
0.00017378321
0.00017413881
0.000174390074
0.000174556575
-0.000644358425
-0.0005017853
-0.000409594368
-0.000326787673
-0.000254003208
-0.000190564407
-0.000135394491
-8.74929418e-05
-4.6003097e-05
-1.01706991e-05
2.06758268e-05
4.7129587e-05
6.97232233e-05
8.89481963e-05
0.000105226783
0.000118924287
0.000130380662
0.000139896186
0.000147736669
0.000154138054
0.000159309703
0.00016343707
0.000166684161
0.00016919574
0.000171099346
0.000172507046
0.00017351704
0.000174215108
0.000174676323
0.000174967422
0.000175146558
0.000175248848
-0.000640495592
-0.000498119614
-0.000406181773
-0.000323534599
-0.00025097643
-0.000187753276
-0.000132778966
-8.5058278e-05
-4.37365293e-05
-8.06398557e-06
2.26388796e-05
4.89667866e-05
7.14757046e-05
9.06231414e-05
0.000106806956
0.000120423318
0.000131811544
0.000141268141
0.000149056561
0.000155411147
0.000160539834
0.000164626772
0.000167834812
0.000170307673
0.000172171863
0.000173538826
0.000174506221
0.000175159313
0.000175572593
0.000175811214
0.000175932372
0.000175983485
-0.000636798077
-0.000494583842
-0.0004028259
-0.000320370226
-0.000247993575
-0.000184958501
-0.000130165717
-8.26123931e-05
-4.14407521e-05
-5.94845754e-06
2.46308243e-05
5.08474413e-05
7.32424645e-05
9.22823146e-05
0.000108381306
0.000121924938
0.000133248231
0.000142646852
0.000150383552
0.00015669167
0.000161778051
0.000165825857
0.000168997174
0.000171434802
0.00017326206
0.000174592659
0.000175524715
0.000176141176
0.000176516148
0.000176713867
0.000176790584
0.000176801575
-0.00063331459
-0.000491225518
-0.000399594425
-0.000317331369
-0.000245109873
-0.000182229632
-0.000127596194
-8.02014447e-05
-3.91853799e-05
-3.79623031e-06
2.6646304e-05
5.27504232e-05
7.50347444e-05
9.3966587e-05
0.000109983189
0.000123455706
0.000134715222
0.000144056985
0.000151743187
0.000158006246
0.000163052047
0.000167062801
0.000170199584
0.000172604518
0.00017440271
0.000175704424
0.000176606382
0.000177193152
0.00017753835
0.000177705177
0.000177749594
0.000177732874
-0.000630067177
-0.000488068912
-0.000396541833
-0.00031441861
-0.00024232966
-0.000179585321
-0.000125090418
-7.78322109e-05
-3.69470685e-05
-1.67626806e-06
2.86574912e-05
5.46624722e-05
7.68383012e-05
9.56700876e-05
0.000111612676
0.000125020461
0.000136221187
0.000145510254
0.000153149621
0.000159371029
0.000164379619
0.000168356893
0.000171463245
0.000173840219
0.000175612533
0.000176889869
0.000177768558
0.000178332989
0.000178656429
0.000178801439
0.000178823702
0.000178788343
-0.000627058923
-0.000485121235
-0.00039367411
-0.000311654047
-0.000239673428
-0.000177043045
-0.000122664641
-7.55217019e-05
-3.47479189e-05
4.18374489e-07
3.06599653e-05
5.65758643e-05
7.86542325e-05
9.74001069e-05
0.000113277276
0.000126626699
0.000137774145
0.00014701539
0.000154612279
0.000160796058
0.000165771304
0.000169718978
0.00017279897
0.000175152352
0.000176903416
0.000178161491
0.000179022608
0.000179570903
0.000179879392
0.00018001024
0.000180018922
0.000179972587
-0.000624279864
-0.000482377932
-0.000390987475
-0.000309042616
-0.000237146981
-0.000174608341
-0.000120325043
-7.32776619e-05
-3.25978969e-05
2.47731469e-06
3.26341481e-05
5.84783875e-05
8.04898572e-05
9.91681774e-05
0.000114984278
0.000128279124
0.000139378071
0.000148576337
0.000156135279
0.000162285684
0.000167231674
0.000171153766
0.000174211433
0.000176545371
0.000178279533
0.000179522952
0.00018037141
0.000180908836
0.000181208056
0.000181331025
0.00018133307
0.000181281914
-0.00062171091
-0.000479825188
-0.000388471371
-0.00030657832
-0.00023474651
-0.000172278933
-0.000118070729
-7.11002933e-05
-3.04979615e-05
4.49942359e-06
3.45787561e-05
6.0356129e-05
8.23339531e-05
0.000100977864
0.00011673609
0.000129978001
0.000141032442
0.00015019246
0.000157718057
0.000163839442
0.000168760324
0.000172660833
0.000175700088
0.000178018469
0.000179739657
0.000180972447
0.000181812414
0.000182343315
0.00018263784
0.000182757867
0.000182758636
0.000182707364
-0.000619327357
-0.000477443025
-0.000386109624
-0.000304248663
-0.000232461941
-0.00017004639
-0.000115893984
-6.89812156e-05
-2.84363163e-05
6.50557919e-06
3.65278301e-05
6.22297601e-05
8.41650449e-05
0.000102791821
0.000118507909
0.000131708048
0.000142726605
0.000151855576
0.000159353987
0.000165451693
0.000170352187
0.00017423537
0.000177260136
0.000179566659
0.00018127843
0.000182504076
0.00018333902
0.000183866879
0.000184160257
0.000184281061
0.000184284484
0.000184236487
-0.000617102204
-0.000475208514
-0.000383883138
-0.000302038074
-0.000230280855
-0.000167901127
-0.000113787794
-6.69157379e-05
-2.64108406e-05
8.49416817e-06
3.84771526e-05
6.41166306e-05
8.59993108e-05
0.000104601147
0.000120289813
0.000133461778
0.000144454125
0.000153559505
0.000161036953
0.000167116303
0.000172001014
0.000175870921
0.000178884823
0.000181182789
0.000182888205
0.000184109594
0.000184942273
0.000185469758
0.000185764608
0.000185888826
0.000185897595
0.000185855137
-0.00061500821
-0.000473097841
-0.00038177174
-0.000299929663
-0.000228189868
-0.000165833403
-0.000111746302
-6.49026981e-05
-2.44273817e-05
1.04477264e-05
4.03993754e-05
6.60086107e-05
8.78594658e-05
0.000106429208
0.000122092088
0.000135242148
0.000146214421
0.000155301489
0.000162762652
0.000168827847
0.000173700533
0.000177560515
0.00018056655
0.00018285866
0.000184560171
0.000185779545
0.000186612025
0.000187141056
0.000187439174
0.000187568532
0.000187584314
0.000187548747
-0.000613018952
-0.000471087392
-0.000379755031
-0.000297905621
-0.00022617417
-0.000163831236
-0.000109760084
-6.29348645e-05
-2.24802083e-05
1.23719523e-05
4.23004832e-05
6.79010251e-05
8.97393237e-05
0.000108274139
0.000123908104
0.000137042487
0.000148001212
0.000157075181
0.000164524401
0.000170579218
0.000175443185
0.000179296129
0.000182296821
0.00018458528
0.000186284817
0.000187503866
0.000188337629
0.000188869496
0.000189172009
0.00018930749
0.000189331143
0.000189303095
-0.000611109708
-0.000469154731
-0.000377813442
-0.000295948381
-0.000224218881
-0.000161882297
-0.000107819082
-6.10041811e-05
-2.05625175e-05
1.42738737e-05
4.41867259e-05
6.9785575e-05
9.16208463e-05
0.000110130189
0.000125740368
0.000138863216
0.000149812058
0.000158876396
0.000166316864
0.000172364166
0.000177221947
0.000181070074
0.000184067349
0.00018635381
0.000188052775
0.000189272667
0.000190108664
0.000190644123
0.000190951602
0.000191093601
0.000191125346
0.000191104886
-0.000609258212
-0.000467279386
-0.000375929039
-0.000294041347
-0.000222309804
-0.000159974567
-0.000105913095
-5.91018814e-05
-1.86661419e-05
1.61625844e-05
4.6067126e-05
7.16591967e-05
9.34865344e-05
0.000111987079
0.000127589093
0.0001407029
0.000151643295
0.000160700199
0.000168134271
0.000174176226
0.000179029746
0.000182874736
0.000185870031
0.000188155692
0.000189855047
0.000191076522
0.000191915282
0.000192454659
0.000192767235
0.00019291569
0.000192955261
0.000192942029
-0.00060744523
-0.000465443461
-0.000374086221
-0.000292169622
-0.000220434385
-0.000158097619
-0.000104033603
-5.72213807e-05
-1.67866841e-05
1.80395448e-05
4.79406807e-05
7.35283983e-05
9.53490076e-05
0.000113845504
0.000129445191
0.000142553398
0.00015348811
0.00016254011
0.000169970039
0.000176008589
0.000180859495
0.000184702726
0.000187697162
0.000189982898
0.000191683286
0.000192906763
0.000193748489
0.000194291786
0.000194609265
0.000194763771
0.000194810537
0.000194803848
-0.000605654781
-0.000463631879
-0.000372271995
-0.000290320121
-0.000218581873
-0.000156242469
-0.000102173177
-5.53568286e-05
-1.49199495e-05
1.99071084e-05
4.98081612e-05
7.53944449e-05
9.72103344e-05
0.000115704852
0.000131304994
0.000144410439
0.000155342005
0.000164391247
0.00017181885
0.000177855535
0.000182705111
0.000186547622
0.000189542005
0.000191828397
0.000193530181
0.00019475581
0.000195600451
0.000196147418
0.000196469358
0.000196629262
0.000196682335
0.000196681266
-0.000603874123
-0.000461832487
-0.000370476093
-0.000288481521
-0.000216743596
-0.000154401716
-0.000100325631
-5.35033762e-05
-1.30624247e-05
2.17674417e-05
5.16703707e-05
7.72571268e-05
9.90706481e-05
0.000117565167
0.000133167161
0.000146271594
0.000157201764
0.000166249786
0.000173676387
0.000179712327
0.000184561497
0.000188404012
0.000191398869
0.000193686248
0.000195389562
0.000196617287
0.000197464595
0.000198014803
0.000198340593
0.000198505076
0.000198563399
0.000198566871
-0.000602093613
-0.000460036238
-0.000368690546
-0.000286644268
-0.000214913156
-0.000152569374
-9.84858938e-05
-5.16570538e-05
-1.12111587e-05
2.36225641e-05
5.35284814e-05
7.91169299e-05
0.000100929861
0.000119425681
0.000135030244
0.000148134828
0.000159064806
0.00016811268
0.000175539203
0.000181575179
0.000186424568
0.000190267554
0.000193263185
0.00019555168
0.000197256483
0.000198486089
0.00019933568
0.000199888578
0.000200217499
0.000200385644
0.000200448071
0.00020045492
-0.00060030634
-0.000458237244
-0.00036690529
-0.000284804666
-0.000213086444
-0.000150740485
-9.66499527e-05
-4.98147921e-05
-9.36384456e-06
2.54740973e-05
5.53835055e-05
8.09743501e-05
0.000102787912
0.000121285716
0.000136893104
0.000149998637
0.000160929238
0.000169977678
0.000177404736
0.000183441255
0.000188291254
0.000192134973
0.0001951315
0.000197421091
0.000199127212
0.000200358379
0.000201209782
0.000201764751
0.000202096027
0.000202266859
0.000202332174
0.000202341328
-0.000598507363
-0.00045643102
-0.000365097526
-0.00028297843
-0.000211261464
-0.00014891158
-9.48151606e-05
-4.79744866e-05
-7.51882648e-06
2.73232413e-05
5.72362198e-05
8.28298019e-05
0.000104644781
0.000123144815
0.000138755004
0.000151862049
0.00016279382
0.000171843289
0.000179271269
0.00018530864
0.000190159467
0.000194004029
0.000197001452
0.000199292013
0.000200999202
0.000202231544
0.000203084241
0.000203640635
0.000203973479
0.000204145956
0.000204212729
0.000204224
-0.000596695751
-0.000454616256
-0.000363279662
-0.000281153094
-0.000209434048
-0.000147080386
-9.29794998e-05
-4.61344496e-05
-5.67478559e-06
2.91709518e-05
5.90872583e-05
8.46836464e-05
0.000106500514
0.000125002804
0.000140615675
0.000153724644
0.000164657959
0.00017370875
0.000181137889
0.000187176285
0.000192028039
0.00019587346
0.000198871694
0.000201163038
0.000202870994
0.000204104098
0.000204957556
0.000205514718
0.000205848345
0.000206021577
0.000206088897
0.000206101116
-0.000594871905
-0.000452792552
-0.000361454304
-0.000279327569
-0.000207603781
-0.000145246551
-9.11424045e-05
-4.42940993e-05
-3.83121e-06
3.10176174e-05
6.09368284e-05
8.65357923e-05
0.000108354804
0.000126859752
0.000142475525
0.00015558666
0.000166521694
0.000175573976
0.000183004414
0.00018904393
0.000193896646
0.000197742887
0.000200741813
0.000203033729
0.000204742143
0.000205975596
0.000206829299
0.000207386599
0.000207720257
0.000207893431
0.000207960694
0.000207972582
-0.000593037634
-0.000450961718
-0.000359621021
-0.000277502959
-0.000205771591
-0.000143410873
-8.930459e-05
-4.24539877e-05
-1.98852019e-06
3.28628964e-05
6.27845222e-05
8.83853067e-05
0.000110205882
0.000128715573
0.00014433641
0.000157449495
0.00016838591
0.000177439611
0.00018487138
0.000190912053
0.000195765731
0.00019961274
0.000202612237
0.000204904524
0.000206613109
0.000207846533
0.000208700005
0.00020925687
0.000209589879
0.000209762249
0.000209828795
0.000209839277
-0.000591195814
-0.000449126546
-0.000357772504
-0.000275688533
-0.000203940872
-0.000141575433
-8.74677753e-05
-4.0615345e-05
-1.47416325e-07
3.47067134e-05
6.46311139e-05
9.02337533e-05
0.000112053581
0.000130568709
0.000146197854
0.000159313331
0.000170251051
0.000179306262
0.000186739538
0.00019278152
0.00019763626
0.000201484067
0.000204484087
0.000206776614
0.000208485148
0.000209718229
0.000210571067
0.000211127003
0.000211458777
0.000211629625
0.000211694537
0.000211703198
-0.000589351749
-0.000447291629
-0.00035592223
-0.000273877194
-0.000202114436
-0.000139743174
-8.56341094e-05
-3.87796912e-05
1.6912228e-06
3.65489711e-05
6.64775992e-05
9.20837258e-05
0.000113901323
0.000132419046
0.000148056965
0.000161176673
0.000172116902
0.000181174405
0.000188609779
0.000194653525
0.000199509651
0.00020335846
0.000206359095
0.000208651845
0.00021036021
0.000211592731
0.000212444625
0.000212999236
0.000213329291
0.000213497975
0.000213560377
0.000213566987
-0.000587512001
-0.000445462382
-0.000354081999
-0.000272068175
-0.000200295314
-0.000137917959
-8.38066885e-05
-3.69494938e-05
3.52534251e-06
3.83877802e-05
6.83217448e-05
9.39326126e-05
0.00011575016
0.000134270396
0.000149916096
0.000163041251
0.00017398522
0.000183045924
0.000190484105
0.000196530183
0.000201388138
0.000205238268
0.000208239718
0.00021053278
0.000212240958
0.0002134728
0.000214323535
0.000214876522
0.000215204473
0.000215370509
0.000215429797
0.00021543376
-0.000585684007
-0.000443645393
-0.000352258028
-0.000270267991
-0.000198487853
-0.000136104046
-8.19891176e-05
-3.5127648e-05
5.35261326e-06
4.02211803e-05
7.01616303e-05
9.57783033e-05
0.000117599007
0.000136124682
0.000151778725
0.000164909935
0.000175858522
0.000184923301
0.000192365066
0.00019841415
0.000203274489
0.000207126379
0.000210128963
0.000212422542
0.000214130628
0.000215361784
0.000216211261
0.000216762436
0.000217088016
0.000217251053
0.000217306772
0.000217307596
-0.000583876142
-0.000441848448
-0.000350456594
-0.000268484098
-0.000196697336
-0.000134306005
-8.01852154e-05
-3.33171088e-05
7.17094358e-06
4.20479894e-05
7.19971749e-05
9.76218455e-05
0.000119448201
0.000137981573
0.000153645461
0.000166784053
0.000177738614
0.000186808719
0.000194255169
0.000200308197
0.000205171707
0.000209025992
0.000212030207
0.000214324666
0.000216032904
0.000217263509
0.000218111761
0.000218661071
0.000218984147
0.000219143974
0.000219195822
0.000219193164
-0.000582097589
-0.000440080136
-0.000348684825
-0.000266724125
-0.000194929739
-0.000132528843
-7.83991376e-05
-3.1521139e-05
8.97795518e-06
4.38666867e-05
7.38277231e-05
9.94634212e-05
0.000121298474
0.000139841976
0.000155517397
0.000168665117
0.000179627476
0.000188704565
0.000196157137
0.000202215342
0.000207083063
0.000210940604
0.000213947145
0.000216243031
0.000217951832
0.000219182178
0.000220029393
0.000220576936
0.00022089753
0.000221054095
0.000221101942
0.000221095621
-0.000580358167
-0.000438349582
-0.000346950496
-0.00026499586
-0.000193191466
-0.00013077789
-7.66352838e-05
-2.97431996e-05
1.07711089e-05
4.56756168e-05
7.56524739e-05
0.000101303132
0.000123150839
0.000141707079
0.000157395545
0.000170554497
0.000181527062
0.00019061328
0.000198073804
0.000204138749
0.000209012007
0.000212873915
0.000215883697
0.000218181754
0.000219891715
0.00022112227
0.000221968811
0.000222514858
0.000222833165
0.0002229866
0.000223030515
0.000223020532
-0.000578668107
-0.000436666213
-0.000345261753
-0.000263307114
-0.000191489084
-0.000129058619
-7.489815e-05
-2.79868122e-05
1.25478679e-05
4.74732492e-05
7.74710537e-05
0.000103142203
0.000125008238
0.000143578137
0.000159279033
0.000172452293
0.000183438744
0.000192537065
0.000200007918
0.000206081581
0.000210962036
0.000214829698
0.000217843877
0.000220145063
0.000221856979
0.000223088406
0.000223934824
0.000224479838
0.000224796255
0.000224946908
0.000224987196
0.000224973767
-0.000577037768
-0.000435039479
-0.000343626822
-0.000261665534
-0.0001898291
-0.000127376496
-7.3192283e-05
-2.62556467e-05
1.43053994e-05
4.92575351e-05
7.92821461e-05
0.000104980212
0.00012687175
0.000145456952
0.000161169431
0.000174360458
0.000185364993
0.000194478826
0.000201962705
0.000208047313
0.000212936845
0.000216811846
0.000219831761
0.000222137215
0.000223852064
0.00022508521
0.000225932253
0.000226476906
0.000226792051
0.000226940516
0.000226977759
0.00022696135
-0.000575477251
-0.00043347849
-0.000342053647
-0.000260078317
-0.000188217675
-0.000125736756
-7.15221438e-05
-2.45535442e-05
1.60402735e-05
5.10250434e-05
8.10814199e-05
0.000106811055
0.000128737226
0.000147349001
0.000163075944
0.000176284394
0.000187309966
0.000196442485
0.000203942011
0.000210039756
0.000214940255
0.000218824241
0.000221851326
0.00022416231
0.000225881212
0.000227117096
0.000227965703
0.000228510883
0.000228825615
0.000228972763
0.000229007856
0.000228989221
-0.000573995923
-0.000431991552
-0.000340549431
-0.000258551753
-0.00018666011
-0.000124143792
-6.98913135e-05
-2.28833612e-05
1.77502494e-05
5.27740339e-05
8.28674351e-05
0.000108633099
0.000130602393
0.000149253834
0.000165000891
0.000178227104
0.000189276883
0.000198431146
0.000205948905
0.000212062014
0.000216975437
0.00022087014
0.00022390594
0.000226223847
0.000227948084
0.000229187904
0.000230039224
0.00023058605
0.000230901493
0.000231048492
0.000231082674
0.00023106288
-0.000572601919
-0.000430585679
-0.000339120195
-0.000257090776
-0.000185160422
-0.000122600766
-6.83021088e-05
-2.1246583e-05
1.94347011e-05
5.45050241e-05
8.46425797e-05
0.000110449932
0.000132463096
0.000151159979
0.000166941342
0.000180194015
0.000191270516
0.000200448195
0.000207986182
0.000214116686
0.00021904492
0.000222952068
0.000225998181
0.000228324506
0.000230055499
0.000231300631
0.00023215602
0.000232705855
0.000233023404
0.000233171738
0.000233206604
0.00023318704
-0.000571301672
-0.000429266114
-0.000337770389
-0.000255698522
-0.000183721014
-0.000121109432
-6.67556079e-05
-1.96436263e-05
2.1093858e-05
5.62189826e-05
8.64088768e-05
0.000112264934
0.000134322593
0.000153066311
0.000168894283
0.000182184272
0.000193290519
0.000202493656
0.000210054176
0.000216204356
0.00022114949
0.000225070993
0.000228129189
0.000230465608
0.000232204973
0.000233457006
0.000234318059
0.000234872528
0.000235193871
0.000235345355
0.00023538287
0.000235365254
-0.00057009938
-0.000428035718
-0.000336502546
-0.00025437582
-0.000182342324
-0.00011966993
-6.52515498e-05
-1.80738632e-05
2.2728633e-05
5.79169152e-05
8.81672308e-05
0.000114079913
0.000136188808
0.000154980519
0.000170857342
0.000184191302
0.000195332196
0.000204564682
0.000212151007
0.000218323675
0.000223288163
0.000227226207
0.000230298495
0.000232646899
0.000234396467
0.000235657224
0.000236525788
0.000237086795
0.000237413932
0.000237570729
0.000237613249
0.00023759964
-0.000568996339
-0.000426894199
-0.00033531748
-0.000253120222
-0.000181022304
-0.000118280656
-6.37882036e-05
-1.65353991e-05
2.4340887e-05
5.96002722e-05
8.9918263e-05
0.00011589436
0.000138060849
0.000156903951
0.000172832917
0.000186215433
0.000197394543
0.000206659872
0.000214275076
0.000220472891
0.000225459088
0.000229415827
0.000232504227
0.000234866568
0.000236628283
0.000237899755
0.000238777887
0.000239347584
0.000239682814
0.000239847452
0.000239897748
0.000239890565
-0.000567990181
-0.000425837701
-0.000334216407
-0.000251921484
-0.00017975351
-0.00011693684
-6.23609363e-05
-1.50239229e-05
2.59323818e-05
6.12711548e-05
9.16636874e-05
0.000117708939
0.000139938186
0.000158836435
0.00017482166
0.000188256391
0.000199475806
0.000208776667
0.000216423336
0.000222648594
0.000227658586
0.000231635984
0.000234742429
0.00023712072
0.000238896705
0.000240180933
0.000241070941
0.000241651842
0.000241997813
0.000242173189
0.000242234418
0.00024223641
-0.000567074008
-0.000424859653
-0.000333197163
-0.000250756633
-0.000178519182
-0.000115625055
-6.09568544e-05
-1.35301739e-05
2.74940518e-05
6.2925747e-05
9.3401648e-05
0.000119522947
0.000141820971
0.000160776108
0.000176819508
0.000190310199
0.000201571961
0.00021091071
0.000218591006
0.000224845642
0.000229881251
0.000233881115
0.000237007522
0.000239404099
0.00024119712
0.00024249326
0.000243396958
0.000243992418
0.000244352376
0.000244541844
0.000244617478
0.000244631572
-0.000566233731
-0.000423947042
-0.000332188835
-0.000249682074
-0.00017734687
-0.000114347587
-5.95812447e-05
-1.2056386e-05
2.9081649e-05
6.4593808e-05
9.51500414e-05
0.000121348954
0.000143719475
0.000162726811
0.00017882186
0.000192370844
0.000203678057
0.000213056174
0.000220771091
0.000227056075
0.000232118309
0.000236141726
0.000239289177
0.000241704565
0.00024351474
0.000244831152
0.00024575211
0.000246363369
0.000246739758
0.000246946658
0.000247041285
0.000247072972
-0.000565448641
-0.000423078078
-0.000331186456
-0.000248646205
-0.000176187663
-0.000113071211
-5.82022073e-05
-1.0579079e-05
3.06558741e-05
6.62572971e-05
9.6897385e-05
0.00012317561
0.000145622323
0.000164684609
0.000180829696
0.000194435841
0.000205788567
0.000215205572
0.000222954713
0.000229269962
0.000234359081
0.000238406659
0.000241576186
0.000244012123
0.00024584189
0.000247177645
0.000248117803
0.00024874851
0.000249145033
0.00024937345
0.000249491761
0.000249545245
-0.000564692462
-0.000422224489
-0.000330204964
-0.000247589005
-0.000175013862
-0.000111783952
-5.681071e-05
-9.08860932e-06
3.22403687e-05
6.79291443e-05
9.86475282e-05
0.000124996199
0.000147523122
0.000166664911
0.000182858747
0.000196502123
0.000207895698
0.000217349136
0.000225130289
0.000231474063
0.000236588962
0.000240660214
0.000243851929
0.000246309174
0.000248159921
0.000249516796
0.000250478632
0.000251131875
0.000251552179
0.000251806521
0.000251953453
0.000252032124
-0.000563926938
-0.000421347626
-0.000329200769
-0.000246487265
-0.000173798296
-0.00011045841
-5.53825895e-05
-7.56378042e-06
3.38563131e-05
6.96303573e-05
0.000100427764
0.000126846231
0.000149432023
0.00016863109
0.000184866568
0.000198541545
0.000209975414
0.000219465117
0.000227277121
0.000233647916
0.000238787292
0.000242881349
0.000246094937
0.000248573791
0.000250446471
0.000251826111
0.000252811937
0.00025349069
0.000253938454
0.000254223226
0.000254404043
0.000254512595
-0.000563101491
-0.000420402417
-0.000328123703
-0.000245305335
-0.000172506211
-0.000109062252
-5.38908085e-05
-5.9837386e-06
3.55180038e-05
7.13680625e-05
0.000102237302
0.000128718125
0.000151331351
0.0001705636
0.000186849985
0.000200559169
0.000212024828
0.000221542742
0.000229379452
0.000235772446
0.00024093253
0.000245046645
0.000248280361
0.000250780049
0.000252674828
0.000254078297
0.00025509004
0.000255797057
0.000256275848
0.000256595521
0.000256815579
0.000256959188
-0.000562152134
-0.000419360835
-0.000326903003
-0.000243992701
-0.000171096768
-0.000107559084
-5.23049614e-05
-4.32581583e-06
3.72388706e-05
7.31431976e-05
0.000104058181
0.000130577789
0.000153222609
0.00017249807
0.000188825626
0.000202554066
0.000214033645
0.000223565606
0.000231416377
0.000237823362
0.000242997816
0.000247127263
0.000250377824
0.000252896377
0.000254812492
0.000256240146
0.000257279202
0.000258016842
0.00025852996
0.00025888884
0.000259153447
0.00025933721
-0.000561015181
-0.000418291326
-0.000325368356
-0.000242461416
-0.000169515364
-0.000105902383
-5.05846715e-05
-2.55619508e-06
3.90473589e-05
7.49817467e-05
0.000105918584
0.0001324555
0.000155126028
0.000174417544
0.000190746191
0.000204479481
0.000215962793
0.000225498246
0.000233353157
0.000239765577
0.000244947346
0.000249086541
0.00025234979
0.000254884413
0.000256820356
0.000258271898
0.000259339095
0.000260109234
0.000260659554
0.000261061584
0.000261375726
0.000261604447
-0.000559602689
-0.000416989492
-0.00032354338
-0.000240665629
-0.000167701406
-0.000104039709
-4.86869905e-05
-6.40519342e-07
4.09696464e-05
7.69027247e-05
0.000107832624
0.000134359849
0.000157019928
0.000176291255
0.000192597492
0.000206316355
0.000217786878
0.000227310781
0.000235156523
0.000241563029
0.000246742721
0.000250884136
0.000254154292
0.000256700825
0.000258653932
0.000260128072
0.000261223377
0.000262027125
0.000262616828
0.000263065286
0.000263433318
0.000263711246
-0.000557822748
-0.000415296522
-0.000321381827
-0.000238542565
-0.000165585628
-0.000101911552
-4.65643169e-05
1.45765999e-06
4.30312396e-05
7.89203093e-05
0.000109801888
0.000136279041
0.000158889014
0.000178110442
0.000194369503
0.000208046069
0.000219479051
0.000228970525
0.000236789515
0.000243175392
0.000248340887
0.00025247476
0.000255744185
0.000258296904
0.000260263167
0.000261757432
0.000262879741
0.000263717212
0.000264347523
0.000264844734
0.000265270028
0.000265600558
-0.000555571247
-0.000413107028
-0.000318786304
-0.00023600611
-0.000163091869
-9.94535573e-05
-4.41646461e-05
3.77833044e-06
4.52606166e-05
8.10520738e-05
0.000111833871
0.00013821231
0.000160727109
0.000179858698
0.000196034835
0.000209636573
0.000221003458
0.000230437951
0.000238209299
0.000244556973
0.0002496937
0.000253808161
0.000257067398
0.000259618979
0.000261592954
0.000263103546
0.0002642505
0.00026512059
0.000265791511
0.000266338519
0.000266823075
0.000267208399
-0.000552728452
-0.000410310174
-0.000315650655
-0.000232961254
-0.000160138577
-9.65974493e-05
-4.14330615e-05
6.3631859e-06
4.7686743e-05
8.3315018e-05
0.000113934615
0.000140156004
0.00016252205
0.000181515431
0.000197565476
0.000211054225
0.000222321711
0.000231670517
0.00023936977
0.000245658652
0.000250749486
0.000254830484
0.000258068175
0.000260609601
0.000262584288
0.000264105935
0.000265273729
0.000266173873
0.000266883898
0.000267480116
0.000268024129
0.000268464797
-0.000549162164
-0.000406783771
-0.000311860973
-0.000229306995
-0.000156639268
-9.32714053e-05
-3.83124628e-05
9.25489428e-06
5.03385256e-05
8.57252427e-05
0.000116108552
0.000142104127
0.000164258627
0.000183057307
0.000198931081
0.000212262782
0.000223392612
0.000232622876
0.000240222111
0.000246428704
0.000251454066
0.000255485434
0.000258688354
0.000261208902
0.000263175681
0.000264701506
0.000265884693
0.000266810617
0.00026755645
0.000268199355
0.000268800578
0.000269293848
-0.000544730061
-0.000402396713
-0.000307296307
-0.000224937203
-0.000152503695
-8.94012851e-05
-3.47447399e-05
1.24960468e-05
5.32439459e-05
8.82972941e-05
0.000118358127
0.000144048419
0.000165919256
0.000184458717
0.000200099233
0.000213224133
0.000224173339
0.000233248323
0.000240716416
0.000246814569
0.000251752642
0.000255716285
0.000258869481
0.000261356813
0.000263305482
0.000264827
0.000266018446
0.000266964063
0.000267740463
0.000268425462
0.000269078904
0.000269615954
-0.000539281716
-0.000397011065
-0.000301830594
-0.000219742284
-0.000147639566
-8.49122312e-05
-3.06721889e-05
1.61279783e-05
5.64291484e-05
9.10435607e-05
0.000120683533
0.000145978467
0.000167484454
0.000185692539
0.000201036474
0.00021389963
0.000224621033
0.000233500597
0.000240803667
0.000246764968
0.000251592025
0.000255468161
0.000258555105
0.000260995315
0.000262914026
0.000264420955
0.000265611528
0.000266568403
0.000267366901
0.000268085048
0.000268785332
0.000269377046
-0.000532660951
-0.000390484269
-0.000295335003
-0.000213611324
-0.000141954565
-7.97305212e-05
-2.60391098e-05
2.01894738e-05
5.99175059e-05
9.39737307e-05
0.000123082588
0.000147882008
0.000168933565
0.000186731258
0.000201709775
0.000214251887
0.000224694904
0.000233336266
0.000240438376
0.000246232772
0.000250923727
0.000254691367
0.000257694374
0.000260072362
0.000261947962
0.000263428544
0.000264607415
0.000265565343
0.000266376136
0.000267117114
0.000267850128
0.000268479627
-0.000524708601
-0.000382671733
-0.00028768061
-0.000206434573
-0.000135358694
-7.37856697e-05
-2.07936061e-05
2.47153466e-05
6.37286314e-05
9.7094282e-05
0.000125550723
0.000149745418
0.000170245732
0.000187548384
0.000202088372
0.000214246978
0.000224358744
0.000232717502
0.000239581556
0.00024517813
0.000249707171
0.000253344614
0.000256245188
0.000258544853
0.000260362923
0.000261803792
0.00026295812
0.000263904396
0.000264714751
0.000265465492
0.000266215579
0.000266856934
-0.000515265628
-0.000373429745
-0.000278741405
-0.000198106292
-0.000127766912
-6.70128075e-05
-1.48896114e-05
2.97348446e-05
6.78772899e-05
0.000100407947
0.000128081022
0.000151554333
0.000171401072
0.000188120143
0.000202145922
0.000213857015
0.000223583872
0.000231615341
0.000238204265
0.00024357225
0.000247913697
0.000251399236
0.000254178636
0.000256383316
0.000258128495
0.000259514935
0.000260630103
0.000261549718
0.000262343609
0.000263086239
0.000263834746
0.000264477717
-0.000504176555
-0.000362618669
-0.00026839765
-0.000188527961
-0.000119102115
-5.93553445e-05
-8.28919086e-06
3.52698062e-05
7.23721057e-05
0.000103913038
0.000130664201
0.000153294268
0.000172381913
0.000188427288
0.000201862826
0.000213062917
0.000222352285
0.000230013159
0.000236291346
0.000241401355
0.000245530692
0.000248843462
0.000251483401
0.000253576451
0.000255232931
0.000256549254
0.000257609128
0.00025848506
0.000259244058
0.000259957896
0.000260681608
0.000261305702
-0.000491293124
-0.000350106285
-0.000256539508
-0.000177611832
-0.000109298393
-5.07678785e-05
-9.65143456e-07
4.13324691e-05
7.72139257e-05
0.00010760247
0.000133288334
0.000154951056
0.000173173913
0.00018845684
0.000201228525
0.000211857186
0.000220659846
0.000227910203
0.000233845242
0.000238670741
0.000242565844
0.000245686843
0.000248170337
0.000250135799
0.000251687777
0.000252917618
0.000253904723
0.000254717996
0.000255421133
0.000256082261
0.000256753816
0.000257334165
-0.000476477858
-0.000335770956
-0.000243070767
-0.000165285006
-9.83049997e-05
-4.12197673e-05
7.09565236e-06
4.79225384e-05
8.23934932e-05
0.000111462158
0.00013593804
0.000156510822
0.000173766771
0.000188203458
0.000200243439
0.000210246324
0.000218519074
0.000225324666
0.000230889264
0.000235408146
0.000239050545
0.000241963635
0.000244275731
0.000246098898
0.000247531126
0.000248657964
0.000249553827
0.000250283902
0.000250908093
0.000251489838
0.000252078445
0.00025258689
-0.000459606933
-0.000319504417
-0.000227914322
-0.000151497727
-8.60929734e-05
-3.06994194e-05
1.58870483e-05
5.50222082e-05
8.78874839e-05
0.000115468149
0.000138592633
0.000157959098
0.000174154219
0.00018767021
0.000198920411
0.000208252855
0.00021596171
0.000222296772
0.00022747125
0.000231668084
0.000235045065
0.000237738974
0.000239868909
0.000241538945
0.000242839493
0.000243847927
0.00024463283
0.000245257826
0.000245776958
0.000246249039
0.000246720205
0.000247125557
-0.000440569256
-0.000301212875
-0.00021102434
-0.000136245283
-7.26518711e-05
-1.91957504e-05
2.53847146e-05
6.25918296e-05
9.36541911e-05
0.000119583099
0.000141223432
0.000159278995
0.000174333025
0.000186868265
0.000197284928
0.000205915914
0.000213039443
0.000218889414
0.000223663753
0.000227531083
0.000230635944
0.000233102896
0.00023504036
0.000236544814
0.000237699435
0.000238557567
0.00023921605
0.000239732406
0.000240125324
0.000240458351
0.000240775899
0.000241044249
-0.000419248692
-0.000280799074
-0.000192374747
-0.000119563735
-5.79337322e-05
-6.63748362e-06
3.55470592e-05
7.0568146e-05
9.96307265e-05
0.000123752869
0.000143790765
0.000160448938
0.00017430137
0.00018581582
0.000195374479
0.000203290877
0.000209823859
0.000215188506
0.000219565057
0.000223105898
0.000225940425
0.000228179062
0.00022991672
0.000231248338
0.000232299095
0.000233073648
0.000233547697
0.000233848823
0.000234077923
0.00023424882
0.000234380658
0.000234478104
-0.000395503877
-0.000258114266
-0.000171839443
-0.000101296613
-4.21233832e-05
6.54818726e-06
4.61255681e-05
7.87970695e-05
0.000105694102
0.00012787803
0.000146227747
0.000161433755
0.000174053632
0.000184535204
0.000193237627
0.000200450074
0.000206409651
0.000211309909
0.000215311198
0.00021854846
0.00022113681
0.000223176124
0.000224753679
0.00022593056
0.000226712612
0.000227241436
0.00022765423
0.000227894258
0.000227954902
0.000227910174
0.000227807811
0.000227700884
-0.000369313736
-0.000233137368
-0.000149570976
-8.15337979e-05
-2.55643285e-05
2.00943318e-05
5.70920989e-05
8.71120691e-05
0.00011170048
0.000131813902
0.000148443206
0.000162185369
0.000173578457
0.000183048011
0.000190925115
0.000197471206
0.000202895725
0.000207368201
0.000211027608
0.000213989512
0.000216351607
0.000218197487
0.0002195995
0.000220618757
0.000221309369
0.000221740663
0.000221939533
0.000221939743
0.000221796948
0.000221531719
0.000221171055
0.00022082537
-0.000340649032
-0.000205809303
-0.000125741694
-6.04225013e-05
-8.09018189e-06
3.38442176e-05
6.79727471e-05
9.53078284e-05
0.000117443093
0.00013551308
0.00015037136
0.000162657023
0.000172866664
0.000181382927
0.000188500201
0.000194447055
0.00019940318
0.000203511793
0.000206888791
0.000209629574
0.000211814168
0.000213510511
0.00021477769
0.000215667666
0.000216227662
0.000216502937
0.000216536229
0.000216360328
0.000216006609
0.000215490432
0.00021483524
0.000214218744
-0.000309512977
-0.000176409936
-0.000100545886
-3.87042327e-05
9.95122599e-06
4.81538557e-05
7.86922393e-05
0.000103073946
0.000122709977
0.000138698909
0.000151850706
0.000162765012
0.00017188861
0.000179555832
0.000186018439
0.00019146796
0.000196052092
0.000199886579
0.000203063763
0.000205658766
0.000207734017
0.000209342698
0.000210530672
0.000211338499
0.000211803512
0.000211960527
0.000211843289
0.00021148399
0.000210908139
0.000210121222
0.000209142761
0.00020822646
-0.000275798889
-0.00014552837
-7.36997034e-05
-1.64995148e-05
2.77462329e-05
6.19533371e-05
8.87841443e-05
0.00011006771
0.000127188308
0.000141165403
0.000152734359
0.000162423601
0.000170614551
0.000177584594
0.000183537564
0.000188625299
0.000192962771
0.000196638626
0.000199722525
0.000202270289
0.000204327563
0.000205932481
0.000207117652
0.000207911924
0.000208340937
0.000208429174
0.000208201609
0.00020768438
0.000206896558
0.000205831818
0.000204504028
0.000203257131
-0.00023928581
-0.000113208418
-4.55479048e-05
5.7862663e-06
4.47201279e-05
7.44648522e-05
9.75079183e-05
0.000115737173
0.000130477427
0.000142639079
0.000152848831
0.00016154041
0.000169016475
0.000175490939
0.000181117595
0.000186009216
0.000190250234
0.000193905108
0.000197023839
0.000199645634
0.000201801476
0.000203516017
0.000204808958
0.000205695962
0.000206189476
0.000206300115
0.000206039304
0.000205421062
0.000204452302
0.00020310981
0.000201406829
0.000199787731
-0.000199685147
-7.91730286e-05
-1.72900221e-05
2.71751401e-05
6.01270914e-05
8.49734445e-05
0.000104202563
0.000119570192
0.000132223276
0.000142899141
0.000152078022
0.00016007793
0.0001671134
0.000173333108
0.0001788435
0.00018372329
0.000188032424
0.000191817517
0.000195114983
0.000197952748
0.000200351432
0.000202325602
0.000203884512
0.000205031239
0.000205762462
0.000206067708
0.000205930939
0.000205343113
0.000204286481
0.000202700488
0.000200574614
0.00019850078
-0.000156252957
-4.34454962e-05
1.01053111e-05
4.62735468e-05
7.25359963e-05
9.24174714e-05
0.000108134149
0.000121103566
0.000132173198
0.000141844883
0.000150424178
0.000158104117
0.000165011208
0.0001712347
0.00017684281
0.000181890098
0.000186421761
0.000190475935
0.000194084129
0.000197270141
0.000200049697
0.000202434452
0.000204434219
0.000206044788
0.000207254327
0.000208037616
0.0002083217
0.00020804056
0.000207128075
0.000205446117
0.000202878605
0.000200262103
-0.000107439391
-6.95948898e-06
3.4527173e-05
6.10018143e-05
8.03945396e-05
9.58114799e-05
0.000108789356
0.000120163167
0.000130370407
0.000139644377
0.000148116849
0.000155869837
0.000162954536
0.000169415703
0.000175301329
0.000180658096
0.000185531493
0.000189966944
0.000194008979
0.000197694433
0.00020104418
0.000204089779
0.000206880581
0.000209401184
0.000211625162
0.000213569102
0.000215047549
0.00021578792
0.000215620698
0.00021432374
0.00021148392
0.00020843875
-4.24565568e-05
2.91306538e-05
5.17421964e-05
6.76972833e-05
8.12782382e-05
9.37782128e-05
0.000105534541
0.000116610053
0.000126994665
0.000136679087
0.000145665141
0.000153946409
0.000161524945
0.000168437111
0.000174737406
0.000180479948
0.000185721764
0.000190529338
0.000194984201
0.000199158206
0.000203038195
0.000206574276
0.000209880194
0.000213282718
0.000217066259
0.000220850082
0.000223678706
0.000225484042
0.000227043079
0.000228190211
0.000227837559
0.000225776885
6.46120812e-05
6.48627425e-05
6.23758767e-05
6.80880347e-05
7.77932851e-05
8.91343554e-05
0.000100943548
0.000112572368
0.000123663166
0.000134102319
0.000143880084
0.000152905006
0.000161080218
0.000168464131
0.000175161457
0.000181237514
0.000186754781
0.000191794634
0.000196498969
0.000201024512
0.00020540183
0.000209573521
0.000213608689
0.000217814906
0.000222896415
0.000229750826
0.000238626573
0.000250127295
0.000265206256
0.000285366541
0.000314261904
0.000349257731
)
;

boundaryField
{
    inner_wall
    {
        type            zeroGradient;
    }
    outer_wall
    {
        type            zeroGradient;
    }
    top
    {
        type            zeroGradient;
    }
    bottom
    {
        type            fixedValue;
        value           uniform 0;
    }
    front
    {
        type            wedge;
    }
    back
    {
        type            wedge;
    }
}


// ************************************************************************* //
