/*--------------------------------*- C++ -*----------------------------------*\
| =========                 |                                                 |
| \\      /  F ield         | OpenFOAM: The Open Source CFD Toolbox           |
|  \\    /   O peration     | Version:  2506                                  |
|   \\  /    A nd           | Website:  www.openfoam.com                      |
|    \\/     M anipulation  |                                                 |
\*---------------------------------------------------------------------------*/
FoamFile
{
    version     2.0;
    format      ascii;
    arch        "LSB;label=32;scalar=64";
    class       volScalarField;
    location    "601";
    object      p;
}
// * * * * * * * * * * * * * * * * * * * * * * * * * * * * * * * * * * * * * //

dimensions      [0 2 -2 0 0 0 0];

internalField   nonuniform List<scalar> 
3072
(
-0.000123967146
-9.41515184e-05
-9.04856949e-05
-8.44512e-05
-7.46945498e-05
-6.29698162e-05
-5.10207702e-05
-3.99856184e-05
-2.77742622e-05
-1.40153849e-05
-7.56288573e-06
-7.76019294e-06
-7.62205106e-06
-6.31047153e-06
-4.47205057e-06
-2.49541416e-06
-5.35737126e-07
1.32378174e-06
3.02536216e-06
4.52417937e-06
5.80685895e-06
7.01603113e-06
8.04229075e-06
8.7464941e-06
9.2723791e-06
9.66434586e-06
9.94256891e-06
1.01314773e-05
1.02633847e-05
1.03857643e-05
1.05658978e-05
1.0815157e-05
-0.000264310354
-0.000186452058
-0.000160138621
-0.000141512695
-0.000123474763
-0.000104850626
-8.64210088e-05
-6.86357339e-05
-5.08429961e-05
-3.3933621e-05
-2.18125411e-05
-1.44699955e-05
-8.57003459e-06
-3.2999256e-06
1.33039126e-06
5.32476194e-06
8.74334038e-06
1.16448688e-05
1.40880683e-05
1.61498138e-05
1.77775457e-05
1.9200309e-05
2.04184642e-05
2.1238458e-05
2.18514129e-05
2.23315685e-05
2.27116107e-05
2.30231639e-05
2.33042976e-05
2.36021404e-05
2.39473622e-05
2.42410608e-05
-0.000326423725
-0.000221781127
-0.000176574273
-0.000146112934
-0.000121669501
-0.000100771787
-8.23236504e-05
-6.56796622e-05
-5.03713462e-05
-3.65146415e-05
-2.4756815e-05
-1.50290103e-05
-6.70552357e-06
5.33304868e-07
6.82422636e-06
1.22633951e-05
1.69345426e-05
2.09092586e-05
2.42731825e-05
2.72005444e-05
2.9586629e-05
3.14880688e-05
3.30811432e-05
3.43169024e-05
3.52851753e-05
3.60471907e-05
3.66469078e-05
3.71230169e-05
3.75126288e-05
3.78541216e-05
3.81780373e-05
3.84492065e-05
-0.000386212979
-0.000266915234
-0.000210788396
-0.000168760913
-0.000135763019
-0.000109664191
-8.78522275e-05
-6.8931596e-05
-5.21829723e-05
-3.72967334e-05
-2.4197123e-05
-1.27467129e-05
-2.72757561e-06
6.04068275e-06
1.3690065e-05
2.03248283e-05
2.60363691e-05
3.09109893e-05
3.50378681e-05
3.85008969e-05
4.14022564e-05
4.37573356e-05
4.56285618e-05
4.7151043e-05
4.83629823e-05
4.93170338e-05
5.00674013e-05
5.06623075e-05
5.11448204e-05
5.15569347e-05
5.19302647e-05
5.22253468e-05
-0.000442025572
-0.000315681004
-0.000246466035
-0.000194678537
-0.000154290938
-0.000122039251
-9.54365129e-05
-7.29133428e-05
-5.34566731e-05
-3.64584554e-05
-2.15553375e-05
-8.48042693e-06
2.98955869e-06
1.30326218e-05
2.17904474e-05
2.93831518e-05
3.592195e-05
4.15134578e-05
4.62354957e-05
5.00708479e-05
5.32997622e-05
5.60635803e-05
5.82580381e-05
6.00108409e-05
6.14107321e-05
6.25243396e-05
6.34105164e-05
6.41221243e-05
6.47074974e-05
6.52151186e-05
6.56821986e-05
6.60574029e-05
-0.000490655647
-0.000359350359
-0.000280091503
-0.000220370602
-0.000173455273
-0.000135074756
-0.000103461575
-7.69816761e-05
-5.4412786e-05
-3.49373654e-05
-1.80137144e-05
-3.25713048e-06
9.62052475e-06
2.08408583e-05
3.05812669e-05
3.89917592e-05
4.6206429e-05
5.23488505e-05
5.75293976e-05
6.18423899e-05
6.5420687e-05
6.83737026e-05
7.07721315e-05
7.27057053e-05
7.42587625e-05
7.55058904e-05
7.65133413e-05
7.73398637e-05
7.80399963e-05
7.86709819e-05
7.92765683e-05
7.97777651e-05
-0.000531925752
-0.000396360052
-0.000311284855
-0.000245353331
-0.000191929309
-0.000147979279
-0.000111621482
-8.11857762e-05
-5.53783579e-05
-3.32742302e-05
-1.42176731e-05
2.27291113e-06
1.65600395e-05
2.89246314e-05
3.95927407e-05
4.87541482e-05
5.65746268e-05
6.32034585e-05
6.87777097e-05
7.34252084e-05
7.72690571e-05
8.04238695e-05
8.29930742e-05
8.50735348e-05
8.67549319e-05
8.81188996e-05
8.92384183e-05
9.01780545e-05
9.099864e-05
9.17667826e-05
9.25329242e-05
9.31835462e-05
-0.000566132908
-0.000427474246
-0.000338406789
-0.000267796774
-0.000209055512
-0.000160191552
-0.000119500824
-8.53394778e-05
-5.63985219e-05
-3.17026096e-05
-1.05252736e-05
7.6877327e-06
2.336506e-05
3.68457113e-05
4.84056438e-05
5.8276823e-05
6.66601754e-05
7.37342585e-05
7.96608105e-05
8.45883808e-05
8.86544938e-05
9.19860883e-05
9.46997052e-05
9.69024203e-05
9.86921378e-05
0.00010015755
0.000101377726
0.000102422532
0.00010335862
0.00010426145
0.000105187504
0.0001059877
-0.00059414716
-0.000453435602
-0.00036122429
-0.000286857702
-0.000223988166
-0.000171079497
-0.000126662147
-8.91944705e-05
-5.74009535e-05
-3.02973288e-05
-7.12051929e-06
1.27314276e-05
2.97377824e-05
4.42863161e-05
5.66975138e-05
6.72425677e-05
7.61562036e-05
8.36456333e-05
8.989662e-05
9.50775457e-05
9.93420275e-05
0.000102830386
0.000105670652
0.000107979454
0.000109862612
0.000111415428
0.000112722501
0.000113858378
0.000114894735
0.000115914553
0.000116979318
0.000117909038
-0.000616490355
-0.000474437169
-0.000379939922
-0.000302668871
-0.000236574642
-0.000180405321
-0.000132888883
-9.25992542e-05
-5.83162596e-05
-2.9071206e-05
-4.08771301e-06
1.72639019e-05
3.54982487e-05
5.10406233e-05
6.42480298e-05
7.54252436e-05
8.4836877e-05
9.27160316e-05
9.92705311e-05
0.000104687226
0.000109135024
0.00011276692
0.000115721494
0.000118124056
0.000120087571
0.000121713233
0.000123090461
0.000124297788
0.000125410932
0.000126518595
0.000127686036
0.000128710873
-0.000633726544
-0.000490848469
-0.000394799337
-0.00031536656
-0.000246804111
-0.000188073367
-0.000138060251
-9.54448447e-05
-5.90690065e-05
-2.79910632e-05
-1.43682277e-06
2.12365988e-05
4.05662869e-05
5.70044726e-05
7.09361178e-05
8.26929585e-05
9.25643314e-05
0.000100805306
0.000107642708
0.000113279541
0.000117898216
0.000121662932
0.00012472149
0.000127206739
0.00012923778
0.000130920783
0.00013234917
0.000133604704
0.000134766117
0.000135925837
0.000137151636
0.000138229376
-0.00064648261
-0.000503163876
-0.000406150106
-0.000325165709
-0.00025477129
-0.00019409083
-0.000142131354
-9.76637629e-05
-5.95901778e-05
-2.69998052e-05
8.70423465e-07
2.46667835e-05
4.49390483e-05
6.21573922e-05
7.6726901e-05
8.89996907e-05
9.92844006e-05
0.000107853661
0.00011494974
0.000120788925
0.000125564812
0.000129450899
0.000132602603
0.000135158958
0.000137244031
0.000138967957
0.000140427297
0.000141706302
0.00014288572
0.000144059754
0.000145297533
0.000146384237
-0.000655394904
-0.000511913208
-0.000414398056
-0.000332349519
-0.00026064733
-0.000198537157
-0.00014511465
-9.92253633e-05
-5.98242002e-05
-2.60317434e-05
2.9001185e-06
2.76150492e-05
4.86685864e-05
6.65417751e-05
8.16532695e-05
9.43696599e-05
0.000105013813
0.000113871576
0.000121197049
0.000127216776
0.000132133058
0.000136126616
0.000139358768
0.000141973287
0.000144097996
0.000145845968
0.00014731607
0.000148594337
0.000149762651
0.000150915248
0.000152121633
0.000153176527
-0.000661078888
-0.000517623023
-0.000419969261
-0.000337236434
-0.000264647811
-0.000201538743
-0.00014706461
-0.000100129407
-5.97325322e-05
-2.5023594e-05
4.72992304e-06
3.01658328e-05
5.1840865e-05
7.02417431e-05
8.57955222e-05
9.88783596e-05
0.000109822932
0.000118924395
0.000126445322
0.000132619654
0.00013765599
0.000141740255
0.000145037994
0.00014769632
0.000149845653
0.000151601048
0.000153062905
0.000154318439
0.000155449919
0.000156550204
0.000157688406
0.000158677261
-0.000664111307
-0.000520794382
-0.000423285
-0.000340155325
-0.000267011
-0.000203250714
-0.000148065013
-0.000100401169
-5.92954078e-05
-2.39220628e-05
6.43670585e-06
3.24116242e-05
5.45577694e-05
7.3364036e-05
8.92619734e-05
0.000102633502
0.000113817459
0.000123115047
0.000130794387
0.000137094313
0.000142227556
0.000146383446
0.000149730228
0.000152417111
0.000154576072
0.000156323311
0.000157760107
0.000158974344
0.000160048105
0.000161071831
0.000162113689
0.000163010684
-0.000665021071
-0.000521895815
-0.000424752145
-0.000341432187
-0.000267982787
-0.000203844336
-0.000148219868
-0.000100087261
-5.85119873e-05
-2.26886473e-05
8.0878253e-06
3.44409991e-05
5.69228435e-05
7.60221483e-05
9.21722357e-05
0.000105757937
0.000117121446
0.0001265674
0.000134367101
0.000140762193
0.000145967745
0.00015017496
0.00015355351
0.000156253642
0.000158408034
0.000160133344
0.000161531197
0.000162689751
0.000163690492
0.000164620766
0.000165547449
0.000166335729
-0.00066428348
-0.000521352803
-0.000424745751
-0.000341375587
-0.000267805263
-0.00020349683
-0.000147645993
-9.92506459e-05
-5.73989806e-05
-2.13016843e-05
9.73586499e-06
3.6330684e-05
5.90311351e-05
7.83245463e-05
9.46442568e-05
0.000108375972
0.000119863217
0.00012941207
0.000137295217
0.000143755479
0.000149008854
0.000153247209
0.000156640638
0.000159339592
0.000161476786
0.000163168802
0.000164517219
0.000165610167
0.000166528281
0.000167355458
0.000168157111
0.000168828336
-0.000662311794
-0.00051954102
-0.000423607427
-0.000340271826
-0.000266708525
-0.000202383065
-0.000146465547
-9.79651499e-05
-5.59874583e-05
-1.97555801e-05
1.14170121e-05
3.81417475e-05
6.09634478e-05
8.0367333e-05
9.67857204e-05
0.000110603847
0.000122165157
0.000131775763
0.000139708429
0.000146205957
0.000151484243
0.000155734921
0.000159127768
0.000161812829
0.000163922372
0.000165572531
0.000166864553
0.000167886341
0.000168717538
0.00016943852
0.000170113194
0.00017066642
-0.000659462602
-0.000516782938
-0.000421639913
-0.000338378062
-0.000264903299
-0.000200668066
-0.000144799136
-9.63095245e-05
-5.43183061e-05
-1.80578391e-05
1.3152318e-05
3.99191885e-05
6.27843475e-05
8.22308571e-05
9.86894674e-05
0.00011254417
0.000124137367
0.000133774298
0.000141726895
0.00014823716
0.00015352016
0.000157766705
0.00016114574
0.000163806504
0.000165880497
0.000167483165
0.00016871524
0.000169664272
0.000170408869
0.000171026017
0.000171578175
0.000172018362
-0.00065603103
-0.000513345313
-0.000419106948
-0.000335921608
-0.000262577905
-0.000198502688
-0.000142760835
-9.43626937e-05
-5.24379218e-05
-1.622567e-05
1.49502169e-05
4.16933597e-05
6.45424136e-05
8.39788189e-05
0.000100431772
0.000114283385
0.000125874408
0.000135508672
0.000143456764
0.000149959393
0.000155230371
0.000159459312
0.00016281403
0.000165442725
0.000167475942
0.00016902831
0.000170199947
0.000171077976
0.000171739997
0.000172259878
0.000172698754
0.000173035169
-0.000652249319
-0.000509468611
-0.000416222724
-0.000333097257
-0.000259899701
-0.000196022975
-0.000140455552
-9.2200293e-05
-5.03946591e-05
-1.42823594e-05
1.68103658e-05
4.34838629e-05
6.62716467e-05
8.56575015e-05
0.000102071646
0.000115891153
0.000127454313
0.000137063596
0.000144988193
0.000151467313
0.000156713313
0.000160914438
0.000164237239
0.000166828764
0.00016881854
0.000170320323
0.000171433583
0.000172244984
0.000172831187
0.000173263296
0.000173601297
0.000173845992
-0.000648309879
-0.000505543741
-0.000413023595
-0.000330015991
-0.000257004835
-0.000193345158
-0.000137974083
-8.98897523e-05
-4.82338401e-05
-1.22516382e-05
1.87305398e-05
4.53085256e-05
6.79953532e-05
8.72932372e-05
0.000103649524
0.000117419396
0.00012893765
0.000138506531
0.000146394279
0.000152838678
0.000158050651
0.000162217075
0.000165503244
0.000168055059
0.000170001038
0.000171454082
0.000172513018
0.000173264055
0.000173783008
0.000174138608
0.000174389872
0.000174556372
-0.000644358684
-0.000501785562
-0.000409594634
-0.000326787941
-0.000254003482
-0.000190564678
-0.000135394761
-8.74932056e-05
-4.6003357e-05
-1.01709509e-05
2.06755812e-05
4.71293491e-05
6.97229905e-05
8.89479708e-05
0.000105226562
0.000118924072
0.000130380451
0.000139895981
0.000147736466
0.000154137856
0.000159309507
0.000163436877
0.000166683971
0.000169195552
0.00017109916
0.000172506861
0.000173516856
0.000174214925
0.00017467614
0.00017496724
0.000175146376
0.000175248666
-0.000640495785
-0.000498119812
-0.000406181974
-0.000323534804
-0.000250976641
-0.000187753487
-0.000132779181
-8.50584886e-05
-4.37367426e-05
-8.06419131e-06
2.26386706e-05
4.89665837e-05
7.1475503e-05
9.06229494e-05
0.000106806764
0.000120423132
0.000131811359
0.000141267961
0.000149056382
0.000155410973
0.000160539661
0.000164626602
0.000167834643
0.000170307507
0.000172171698
0.000173538664
0.000174506058
0.000175159153
0.000175572433
0.000175811054
0.000175932214
0.000175983327
-0.00063679821
-0.000494583969
-0.00040282602
-0.00032037034
-0.000247993689
-0.000184958613
-0.000130165831
-8.26125081e-05
-4.14408701e-05
-5.94857765e-06
2.46307004e-05
5.08473157e-05
7.32423355e-05
9.22821855e-05
0.000108381175
0.000121924807
0.000133248099
0.00014264672
0.00015038342
0.000156691538
0.000161777919
0.000165825725
0.000168997043
0.000171434671
0.000173261931
0.000174592529
0.000175524585
0.000176141046
0.000176516019
0.000176713737
0.000176790453
0.000176801445
-0.000633314717
-0.000491225643
-0.000399594546
-0.000317331488
-0.000245109979
-0.000182229739
-0.000127596293
-8.02015489e-05
-3.91854785e-05
-3.79633302e-06
2.6646206e-05
5.27503212e-05
7.50346444e-05
9.39664837e-05
0.000109983087
0.000123455601
0.000134715118
0.00014405688
0.000151743082
0.00015800614
0.000163051941
0.000167062695
0.000170199478
0.000172604412
0.000174402604
0.000175704318
0.000176606277
0.000177193047
0.000177538245
0.000177705072
0.000177749489
0.000177732769
-0.000630067328
-0.000488069065
-0.000396541991
-0.000314418767
-0.00024232982
-0.000179585475
-0.00012509057
-7.78323566e-05
-3.69472084e-05
-1.67639875e-06
2.86573698e-05
5.46623555e-05
7.68381862e-05
9.5669977e-05
0.000111612568
0.000125020358
0.000136221087
0.000145510157
0.000153149527
0.000159370937
0.000164379529
0.000168356804
0.000171463158
0.000173840133
0.000175612448
0.000176889785
0.000177768475
0.000178332905
0.000178656346
0.000178801356
0.000178823619
0.000178788261
-0.000627059014
-0.000485121331
-0.000393674211
-0.000311654154
-0.000239673539
-0.000177043156
-0.000122664755
-7.55218097e-05
-3.47480264e-05
4.18273822e-07
3.06598644e-05
5.65757697e-05
7.86541392e-05
9.74000205e-05
0.00011327719
0.000126626619
0.000137774066
0.000147015315
0.000154612205
0.000160795987
0.000165771235
0.000169718911
0.000172798903
0.000175152287
0.000176903352
0.000178161429
0.000179022546
0.000179570843
0.000179879331
0.000180010181
0.000180018863
0.000179972528
-0.000624279884
-0.000482377945
-0.000390987481
-0.000309042614
-0.000237146985
-0.000174608343
-0.000120325053
-7.32776691e-05
-3.25979143e-05
2.47729448e-06
3.26341151e-05
5.84783576e-05
8.04898281e-05
9.91681486e-05
0.000114984247
0.000128279093
0.000139378038
0.000148576304
0.000156135245
0.000162285651
0.000167231641
0.000171153733
0.0001742114
0.000176545339
0.000178279501
0.00017952292
0.000180371378
0.000180908804
0.000181208024
0.000181330992
0.000181333037
0.00018128188
-0.00062171092
-0.000479825194
-0.000388471372
-0.000306578319
-0.000234746496
-0.000172278924
-0.000118070711
-7.11002833e-05
-3.04979474e-05
4.49942973e-06
3.45787628e-05
6.03561297e-05
8.23339545e-05
0.000100977861
0.000116736088
0.000129977996
0.000141032437
0.000150192453
0.00015771805
0.000163839434
0.000168760316
0.000172660824
0.000175700078
0.000178018459
0.000179739646
0.000180972437
0.000181812404
0.000182343305
0.00018263783
0.000182757857
0.000182758626
0.000182707354
-0.000619327393
-0.000477443063
-0.000386109667
-0.000304248707
-0.000232461986
-0.000170046431
-0.000115894022
-6.89812485e-05
-2.84363415e-05
6.50555991e-06
3.65278183e-05
6.22297494e-05
8.41650363e-05
0.000102791817
0.000118507906
0.000131708047
0.000142726606
0.000151855578
0.000159353991
0.000165451699
0.000170352194
0.000174235378
0.000177260145
0.000179566668
0.00018127844
0.000182504087
0.00018333903
0.000183866889
0.000184160268
0.000184281072
0.000184284495
0.000184236498
-0.000617102193
-0.000475208508
-0.000383883137
-0.000302038078
-0.000230280865
-0.000167901137
-0.000113787806
-6.69157457e-05
-2.64108493e-05
8.49416698e-06
3.84771528e-05
6.41166374e-05
8.59993188e-05
0.000104601161
0.000120289827
0.000133461795
0.000144454143
0.000153559527
0.000161036975
0.000167116327
0.000172001039
0.000175870948
0.000178884849
0.000181182817
0.000182888233
0.000184109623
0.000184942302
0.000185469788
0.000185764638
0.000185888857
0.000185897626
0.000185855169
-0.000615008131
-0.000473097758
-0.000381771652
-0.000299929571
-0.00022818978
-0.000165833315
-0.000111746222
-6.49026191e-05
-2.44273117e-05
1.0447796e-05
4.03994397e-05
6.60086754e-05
8.78595252e-05
0.000106429266
0.000122092145
0.000135242205
0.000146214477
0.000155301545
0.000162762707
0.000168827902
0.000173700588
0.000177560569
0.000180566604
0.000182858714
0.000184560225
0.000185779599
0.00018661208
0.00018714111
0.000187439228
0.000187568585
0.000187584367
0.0001875488
-0.000613018867
-0.000471087303
-0.000379754937
-0.000297905524
-0.000226174064
-0.000163831133
-0.000109759976
-6.29347637e-05
-2.24801057e-05
1.23720469e-05
4.23005776e-05
6.79011133e-05
8.97394109e-05
0.000108274221
0.000123908187
0.000137042567
0.000148001291
0.000157075258
0.000164524478
0.000170579293
0.00017544326
0.000179296203
0.000182296895
0.000184585353
0.00018628489
0.000187503939
0.000188337701
0.000188869569
0.000189172082
0.000189307563
0.000189331216
0.000189303167
-0.000611109646
-0.000469154672
-0.000377813388
-0.000295948328
-0.000224218827
-0.000161882241
-0.000107819021
-6.10041166e-05
-2.05624479e-05
1.4273945e-05
4.41868012e-05
6.9785653e-05
9.16209258e-05
0.000110130269
0.000125740449
0.000138863299
0.000149812143
0.000158876481
0.000166316951
0.000172364253
0.000177222034
0.000181070162
0.000184067438
0.000186353899
0.000188052864
0.000189272756
0.000190108754
0.000190644213
0.000190951691
0.000191093691
0.000191125435
0.000191104975
-0.000609258115
-0.000467279293
-0.000375928951
-0.000294041264
-0.000222309728
-0.00015997449
-0.00010591302
-5.91018017e-05
-1.86660632e-05
1.61626687e-05
4.60672115e-05
7.16592874e-05
9.34866264e-05
0.000111987174
0.000127589188
0.000140702998
0.000151643393
0.000160700299
0.000168134371
0.000174176328
0.000179029848
0.000182874839
0.000185870135
0.000188155796
0.000189855151
0.000191076627
0.000191915386
0.000192454763
0.00019276734
0.000192915796
0.000192955366
0.000192942135
-0.000607445074
-0.000465443302
-0.000374086058
-0.000292169459
-0.000220434224
-0.000158097461
-0.000104033451
-5.7221231e-05
-1.67865402e-05
1.80396874e-05
4.79408175e-05
7.35285326e-05
9.53491407e-05
0.000113845638
0.000129445322
0.000142553528
0.000153488239
0.000162540238
0.000169970166
0.000176008715
0.000180859621
0.000184702852
0.000187697288
0.000189983023
0.000191683411
0.000192906887
0.000193748614
0.00019429191
0.000194609389
0.000194763895
0.000194810661
0.000194803971
-0.00060565462
-0.000463631715
-0.000372271826
-0.000290319949
-0.000218581695
-0.000156242294
-0.000102173002
-5.53566591e-05
-1.49197798e-05
1.99072718e-05
4.9808323e-05
7.53946006e-05
9.72104884e-05
0.000115705003
0.000131305144
0.000144410587
0.000155342152
0.000164391391
0.000171818995
0.000177855678
0.000182705253
0.000186547763
0.000189542145
0.000191828537
0.00019353032
0.000194755949
0.00019560059
0.000196147557
0.000196469497
0.000196629401
0.000196682473
0.000196681404
-0.000603873986
-0.000461832352
-0.000370475961
-0.000288481391
-0.000216743465
-0.000154401583
-0.000100325494
-5.35032381e-05
-1.30622837e-05
2.17675839e-05
5.16705165e-05
7.72572744e-05
9.90707955e-05
0.000117565313
0.000133167309
0.000146271743
0.000157201914
0.000166249936
0.000173676538
0.000179712478
0.000184561648
0.000188404164
0.000191399021
0.0001936864
0.000195389714
0.000196617439
0.000197464747
0.000198014955
0.000198340745
0.000198505228
0.000198563551
0.000198567023
-0.000602093449
-0.000460036078
-0.000368690391
-0.00028664412
-0.000214913011
-0.000152569228
-9.84857489e-05
-5.16569054e-05
-1.12110107e-05
2.36227159e-05
5.35286342e-05
7.91170865e-05
0.000100930019
0.00011942584
0.000135030403
0.000148134988
0.000159064966
0.000168112841
0.000175539365
0.000181575341
0.000186424731
0.000190267718
0.000193263349
0.000195551844
0.000197256646
0.000198486253
0.000199335844
0.000199888742
0.000200217663
0.000200385809
0.000200448236
0.000200455085
-0.000600306129
-0.00045823703
-0.000366905073
-0.00028480445
-0.000213086229
-0.000150740273
-9.66497436e-05
-4.98145861e-05
-9.3636425e-06
2.54742966e-05
5.53837004e-05
8.09745422e-05
0.000102788103
0.000121285907
0.000136893293
0.000149998825
0.000160929423
0.000169977863
0.00017740492
0.000183441437
0.000188291436
0.000192135154
0.000195131682
0.000197421272
0.000199127393
0.000200358559
0.000201209962
0.00020176493
0.000202096206
0.000202267038
0.000202332353
0.000202341506
-0.000598507146
-0.0004564308
-0.000365097301
-0.000282978203
-0.000211261236
-0.000148911353
-9.48149349e-05
-4.79742648e-05
-7.51860629e-06
2.73234568e-05
5.72364328e-05
8.28300102e-05
0.000104644987
0.000123145018
0.000138755207
0.000151862249
0.00016279402
0.000171843486
0.000179271466
0.000185308835
0.000190159661
0.000194004223
0.000197001645
0.000199292205
0.000200999393
0.000202231735
0.000203084433
0.000203640826
0.00020397367
0.000204146147
0.000204212919
0.00020422419
-0.000596695556
-0.000454616063
-0.000363279471
-0.000281152905
-0.000209433858
-0.000147080196
-9.29793083e-05
-4.61342568e-05
-5.6745911e-06
2.91711476e-05
5.90874563e-05
8.46838459e-05
0.000106500714
0.000125003002
0.000140615874
0.000153724844
0.000164658159
0.000173708951
0.00018113809
0.000187176486
0.00019202824
0.000195873661
0.000198871895
0.000201163239
0.000202871196
0.000204104299
0.000204957758
0.000205514919
0.000205848546
0.000206021778
0.000206089098
0.000206101317
-0.000594871691
-0.000452792342
-0.000361454099
-0.000279327367
-0.000207603581
-0.000145246351
-9.11422054e-05
-4.42938987e-05
-3.83100931e-06
3.10178205e-05
6.09370324e-05
8.65359986e-05
0.000108355011
0.00012685996
0.000142475733
0.000155586869
0.000166521903
0.000175574186
0.000183004623
0.00018904414
0.000193896856
0.000197743097
0.000200742023
0.000203033939
0.000204742353
0.000205975806
0.000206829509
0.00020738681
0.000207720468
0.000207893642
0.000207960905
0.000207972793
-0.000593037375
-0.000450961459
-0.000359620762
-0.0002775027
-0.000205771334
-0.000143410619
-8.93043386e-05
-4.2453739e-05
-1.98827483e-06
3.2863139e-05
6.27847607e-05
8.83855424e-05
0.000110206116
0.000128715808
0.000144336642
0.000157449726
0.000168386139
0.000177439839
0.000184871607
0.000190912279
0.000195765957
0.000199612965
0.000202612461
0.000204904749
0.000206613333
0.000207846756
0.000208700229
0.000209257093
0.000209590102
0.000209762471
0.000209829017
0.000209839498
-0.000591195556
-0.000449126286
-0.000357772241
-0.000275688266
-0.000203940604
-0.000141575167
-8.74675106e-05
-4.06150847e-05
-1.47157696e-07
3.47069674e-05
6.46313664e-05
9.02340021e-05
0.000112053828
0.000130568953
0.000146198098
0.000159313572
0.000170251291
0.0001793065
0.000186739775
0.000192781756
0.000197636495
0.000201484301
0.000204484321
0.000206776847
0.000208485381
0.000209718461
0.000210571299
0.000211127235
0.000211459009
0.000211629857
0.000211694769
0.000211703429
-0.000589351511
-0.000447291394
-0.000355921997
-0.000273876963
-0.000202114205
-0.000139742943
-8.56338763e-05
-3.87794573e-05
1.69145801e-06
3.65492072e-05
6.64778374e-05
9.20839648e-05
0.000113901562
0.000132419285
0.000148057204
0.000161176912
0.000172117142
0.000181174645
0.000188610019
0.000194653765
0.000199509891
0.0002033587
0.000206359335
0.000208652085
0.00021036045
0.000211592971
0.000212444864
0.000212999476
0.00021332953
0.000213498214
0.000213560617
0.000213567227
-0.000587511747
-0.000445462132
-0.000354081752
-0.000272067932
-0.000200295075
-0.00013791772
-8.38064508e-05
-3.6949254e-05
3.52558222e-06
3.83880226e-05
6.83219864e-05
9.39328556e-05
0.000115750402
0.00013427064
0.000149916341
0.000163041497
0.000173985466
0.000183046171
0.000190484351
0.00019653043
0.000201388384
0.000205238515
0.000208239965
0.000210533027
0.000212241205
0.000213473047
0.000214323782
0.000214876769
0.00021520472
0.000215370756
0.000215430044
0.000215434007
-0.00058568372
-0.000443645105
-0.000352257738
-0.000270267702
-0.000198487565
-0.00013610376
-8.19888355e-05
-3.5127368e-05
5.35288982e-06
4.0221455e-05
7.01619015e-05
9.57785725e-05
0.000117599272
0.000136124946
0.000151778988
0.000164910198
0.000175858784
0.000184923561
0.000192365326
0.000198414409
0.000203274748
0.000207126637
0.000210129221
0.000212422799
0.000214130885
0.000215362041
0.000216211518
0.000216762693
0.000217088272
0.000217251309
0.000217307028
0.000217307852
-0.000583875857
-0.000441848162
-0.000350456304
-0.000268483806
-0.000196697042
-0.000134305713
-8.01849227e-05
-3.33168206e-05
7.17123093e-06
4.2048272e-05
7.19974573e-05
9.76221247e-05
0.00011944848
0.000137981849
0.000153645734
0.000166784324
0.000177738884
0.000186808988
0.000194255437
0.000200308464
0.000205171973
0.000209026257
0.000212030472
0.000214324931
0.000216033168
0.000217263773
0.000218112024
0.000218661334
0.00021898441
0.000219144237
0.000219196085
0.000219193427
-0.000582097322
-0.000440079872
-0.000348684563
-0.000266723864
-0.000194929478
-0.000132528581
-7.83988734e-05
-3.15208743e-05
8.97822153e-06
4.38669533e-05
7.38279914e-05
9.94636901e-05
0.000121298745
0.000139842246
0.000155517667
0.000168665387
0.000179627747
0.000188704835
0.000196157407
0.000202215612
0.000207083333
0.000210940874
0.000213947415
0.000216243301
0.000217952102
0.000219182447
0.000220029663
0.000220577206
0.0002208978
0.000221054364
0.000221102212
0.00022109589
-0.000580357888
-0.000438349305
-0.000346950222
-0.000264995588
-0.000193191198
-0.000130777622
-7.66350176e-05
-2.97429313e-05
1.07713769e-05
4.56758873e-05
7.56527436e-05
0.000101303403
0.000123151108
0.00014170735
0.000157395819
0.000170554771
0.000181527336
0.000190613555
0.000198074079
0.000204139024
0.000209012282
0.00021287419
0.000215883972
0.000218182029
0.00021989199
0.000221122545
0.000221969086
0.000222515133
0.00022283344
0.000222986875
0.00022303079
0.000223020807
-0.000578667801
-0.000436665906
-0.000345261444
-0.000263306805
-0.000191488777
-0.000129058313
-7.48978479e-05
-2.79865118e-05
1.25481652e-05
4.74735454e-05
7.74713469e-05
0.000103142495
0.000125008527
0.000143578425
0.00015927932
0.000172452579
0.000183439029
0.00019253735
0.000200008203
0.000206081865
0.00021096232
0.000214829982
0.00021784416
0.000220145345
0.000221857261
0.000223088689
0.000223935106
0.00022448012
0.000224796536
0.00022494719
0.000224987478
0.000224974048
-0.000577037465
-0.000435039174
-0.000343626515
-0.000261665225
-0.000189828789
-0.000127376186
-7.31919723e-05
-2.62553396e-05
1.43057062e-05
4.92578382e-05
7.92824489e-05
0.000104980511
0.000126872049
0.000145457249
0.000161169726
0.000174360752
0.000185365285
0.000194479117
0.000201962995
0.000208047603
0.000212937134
0.000216812135
0.000219832049
0.000222137503
0.000223852351
0.000225085498
0.00022593254
0.000226477193
0.000226792338
0.000226940803
0.000226978046
0.000226961637
-0.000575476963
-0.000433478204
-0.000342053362
-0.000260078033
-0.00018821739
-0.000125736471
-7.15218566e-05
-2.45532566e-05
1.60405632e-05
5.10253331e-05
8.10817109e-05
0.000106811346
0.000128737518
0.000147349294
0.000163076237
0.000176284686
0.000187310258
0.000196442777
0.000203942303
0.000210040049
0.000214940547
0.000218824533
0.000221851618
0.000224162601
0.000225881504
0.000227117387
0.000227965994
0.000228511174
0.000228825906
0.000228973054
0.000229008147
0.000228989512
-0.000573995626
-0.000431991256
-0.000340549138
-0.000258551461
-0.000186659823
-0.000124143504
-6.98910266e-05
-2.28830721e-05
1.77505379e-05
5.27743244e-05
8.28677254e-05
0.000108633391
0.000130602685
0.000149254127
0.000165001185
0.000178227399
0.000189277178
0.000198431441
0.0002059492
0.00021206231
0.000216975733
0.000220870436
0.000223906236
0.000226224142
0.00022794838
0.000229188199
0.000230039519
0.000230586346
0.000230901788
0.000231048788
0.000231082969
0.000231063175
-0.000572601601
-0.00043058536
-0.000339119874
-0.000257090456
-0.000185160103
-0.000122600448
-6.83017936e-05
-2.12462694e-05
1.9435012e-05
5.45053338e-05
8.46428874e-05
0.000110450239
0.000132463402
0.000151160283
0.000166941646
0.000180194319
0.000191270819
0.000200448497
0.000207986483
0.000214116987
0.000219045221
0.000222952369
0.000225998482
0.000228324806
0.0002300558
0.000231300931
0.00023215632
0.000232706155
0.000233023704
0.000233172038
0.000233206904
0.00023318734
-0.000571301357
-0.000429265797
-0.00033777007
-0.000255698202
-0.000183720692
-0.00012110911
-6.6755286e-05
-1.96433069e-05
2.1094177e-05
5.62192989e-05
8.64091923e-05
0.000112265247
0.000134322905
0.000153066621
0.000168894593
0.00018218458
0.000193290827
0.000202493962
0.000210054482
0.000216204662
0.000221149796
0.000225071297
0.000228129494
0.000230465912
0.000232205277
0.00023345731
0.000234318363
0.000234872832
0.000235194175
0.000235345658
0.000235383174
0.000235365558
-0.000570099076
-0.000428035415
-0.000336502246
-0.00025437552
-0.000182342022
-0.000119669629
-6.52512458e-05
-1.80735594e-05
2.27289391e-05
5.7917221e-05
8.81675379e-05
0.00011408022
0.000136189115
0.000154980826
0.000170857649
0.000184191609
0.000195332504
0.000204564989
0.000212151314
0.000218323982
0.00022328847
0.000227226514
0.000230298802
0.000232647205
0.000234396774
0.00023565753
0.000236526095
0.000237087101
0.000237414238
0.000237571035
0.000237613555
0.000237599947
-0.000568996029
-0.000426893891
-0.000335317173
-0.000253119916
-0.000181022002
-0.000118280354
-6.37879025e-05
-1.65350958e-05
2.43411896e-05
5.9600577e-05
8.99185682e-05
0.000115894667
0.000138061156
0.000156904259
0.000172833225
0.000186215741
0.000197394852
0.00020666018
0.000214275385
0.0002204732
0.000225459397
0.000229416136
0.000232504536
0.000234866877
0.000236628592
0.000237900064
0.000238778196
0.000239347893
0.000239683123
0.000239847761
0.000239898057
0.000239890874
-0.000567989855
-0.000425837374
-0.00033421608
-0.000251921157
-0.000179753184
-0.000116936515
-6.2360613e-05
-1.50236014e-05
2.59327011e-05
6.12714725e-05
9.16640042e-05
0.000117709256
0.000139938502
0.000158836751
0.000174821975
0.000188256705
0.00019947612
0.000208776981
0.000216423649
0.000222648907
0.000227658899
0.000231636297
0.000234742742
0.000237121032
0.000238897017
0.000240181246
0.000241071253
0.000241652154
0.000241998125
0.000242173501
0.00024223473
0.000242236722
-0.000567073685
-0.000424859329
-0.000333196837
-0.000250756304
-0.000178518852
-0.000115624724
-6.09565229e-05
-1.35298455e-05
2.74943761e-05
6.29260679e-05
9.34019678e-05
0.000119523266
0.00014182129
0.000160776426
0.000176819826
0.000190310516
0.000201572278
0.000210911026
0.000218591322
0.000224845958
0.000229881566
0.00023388143
0.000237007837
0.000239404413
0.000241197434
0.000242493574
0.000243397272
0.000243992732
0.00024435269
0.000244542158
0.000244617792
0.000244631886
-0.000566233417
-0.00042394673
-0.000332188523
-0.000249681762
-0.000177346558
-0.000114347274
-5.95809299e-05
-1.20560708e-05
2.90819649e-05
6.45941233e-05
9.51503573e-05
0.00012134927
0.000143719792
0.000162727127
0.000178822176
0.00019237116
0.000203678373
0.000213056491
0.000220771407
0.000227056392
0.000232118625
0.000236142043
0.000239289494
0.000241704881
0.000243515056
0.000244831468
0.000245752426
0.000246363685
0.000246740074
0.000246946973
0.000247041601
0.000247073288
-0.000565448324
-0.000423077762
-0.000331186141
-0.000248645892
-0.000176187351
-0.000113070899
-5.82018959e-05
-1.05787659e-05
3.06561873e-05
6.62576118e-05
9.68977002e-05
0.000123175926
0.000145622639
0.000164684926
0.000180830013
0.000194436158
0.000205788885
0.00021520589
0.000222955031
0.00022927028
0.000234359398
0.000238406977
0.000241576503
0.00024401244
0.000245842208
0.000247177963
0.000248118121
0.000248748828
0.00024914535
0.000249373767
0.000249492079
0.000249545563
-0.000564692135
-0.000422224162
-0.000330204635
-0.000247588677
-0.000175013534
-0.000111783624
-5.6810384e-05
-9.08828383e-06
3.22406926e-05
6.79294681e-05
9.8647851e-05
0.000124996521
0.000147523444
0.000166665232
0.000182859068
0.000196502444
0.000207896018
0.000217349456
0.000225130609
0.000231474382
0.000236589282
0.000240660533
0.000243852248
0.000246309494
0.00024816024
0.000249517115
0.000250478951
0.000251132194
0.000251552498
0.00025180684
0.000251953772
0.000252032443
-0.000563926613
-0.0004213473
-0.000329200442
-0.000246486937
-0.000173797967
-0.000110458081
-5.53822598e-05
-7.56345234e-06
3.38566413e-05
6.96306838e-05
0.00010042809
0.000126846556
0.000149432348
0.000168631414
0.000184866891
0.000198541868
0.000209975736
0.000219465439
0.000227277443
0.000233648237
0.000238787613
0.00024288167
0.000246095258
0.000248574111
0.000250446792
0.000251826431
0.000252812257
0.000253491011
0.000253938774
0.000254223547
0.000254404363
0.000254512915
-0.000563101171
-0.000420402098
-0.000328123384
-0.000245305018
-0.000172505894
-0.000109061935
-5.38904902e-05
-5.98342006e-06
3.55183239e-05
7.13683827e-05
0.000102237623
0.000128718446
0.000151331672
0.000170563922
0.000186850307
0.000200559491
0.00021202515
0.000221543063
0.000229379774
0.000235772767
0.000240932851
0.000245046966
0.000248280682
0.00025078037
0.000252675149
0.000254078618
0.000255090362
0.000255797378
0.000256276169
0.000256595842
0.0002568159
0.000256959509
-0.000562151813
-0.000419360514
-0.000326902683
-0.00024399238
-0.000171096451
-0.000107558766
-5.23046448e-05
-4.32549792e-06
3.72391883e-05
7.31435166e-05
0.0001040585
0.000130578109
0.000153222929
0.000172498391
0.000188825946
0.000202554387
0.000214033966
0.000223565927
0.000231416698
0.000237823683
0.000242998138
0.000247127584
0.000250378145
0.000252896699
0.000254812813
0.000256240468
0.000257279524
0.000258017164
0.000258530281
0.000258889161
0.000259153769
0.000259337532
-0.000561014862
-0.000418291003
-0.000325368025
-0.000242461084
-0.000169515032
-0.000105902052
-5.0584343e-05
-2.55586752e-06
3.9047685e-05
7.49820723e-05
0.000105918909
0.000132455824
0.000155126352
0.000174417868
0.000190746514
0.000204479804
0.000215963116
0.000225498569
0.00023335348
0.0002397659
0.000244947669
0.000249086863
0.000252350113
0.000254884736
0.000256820678
0.00025827222
0.000259339417
0.000260109556
0.000260659876
0.000261061906
0.000261376048
0.00026160477
-0.000559602372
-0.000416989172
-0.000323543053
-0.000240665301
-0.000167701075
-0.000104039379
-4.86866596e-05
-6.4018991e-07
4.09699758e-05
7.69030527e-05
0.000107832952
0.000134360175
0.000157020254
0.000176291581
0.000192597817
0.000206316679
0.000217787202
0.000227311105
0.000235156846
0.000241563352
0.000246743044
0.000250884459
0.000254154615
0.000256701147
0.000258654255
0.000260128395
0.0002612237
0.000262027448
0.00026261715
0.000263065608
0.00026343364
0.000263711568
-0.000557822429
-0.000415296203
-0.000321381508
-0.000238542246
-0.000165585308
-0.000101911231
-4.65639949e-05
1.45798208e-06
4.3031563e-05
7.89206325e-05
0.000109802212
0.000136279365
0.000158889338
0.000178110766
0.000194369827
0.000208046393
0.000219479375
0.000228970849
0.000236789838
0.000243175715
0.00024834121
0.000252475083
0.000255744508
0.000258297227
0.00026026349
0.000261757755
0.000262880063
0.000263717535
0.000264347845
0.000264845057
0.000265270351
0.000265600881
-0.000555570924
-0.000413106705
-0.000318785982
-0.000236005789
-0.00016309155
-9.94532375e-05
-4.41643272e-05
3.77865038e-06
4.52609366e-05
8.10523946e-05
0.000111834192
0.000138212631
0.000160727431
0.000179859021
0.000196035158
0.000209636895
0.000221003781
0.000230438273
0.000238209622
0.000244557296
0.000249694023
0.000253808484
0.00025706772
0.000259619301
0.000261593276
0.000263103868
0.000264250822
0.000265120912
0.000265791833
0.000266338841
0.000266823398
0.000267208721
-0.000552728124
-0.000410309846
-0.000315650328
-0.000232960928
-0.000160138251
-9.65971237e-05
-4.14327366e-05
6.36351022e-06
4.76870666e-05
8.33153414e-05
0.000113934938
0.000140156327
0.000162522373
0.000181515754
0.000197565798
0.000211054548
0.000222322033
0.000231670839
0.000239370092
0.000245658974
0.000250749809
0.000254830806
0.000258068497
0.000260609923
0.00026258461
0.000264106257
0.000265274051
0.000266174195
0.00026688422
0.000267480438
0.000268024451
0.000268465119
-0.000549161839
-0.000406783445
-0.000311860647
-0.000229306669
-0.000156638941
-9.32710787e-05
-3.83121361e-05
9.25522034e-06
5.03388514e-05
8.57255677e-05
0.000116108876
0.000142104451
0.000164258951
0.00018305763
0.000198931404
0.000212263104
0.000223392934
0.000232623198
0.000240222433
0.000246429026
0.000251454388
0.000255485756
0.000258688675
0.000261209224
0.000263176003
0.000264701827
0.000265885015
0.000266810939
0.000267556771
0.000268199677
0.0002688009
0.00026929417
-0.000544729738
-0.00040239639
-0.000307295985
-0.000224936882
-0.000152503373
-8.94009627e-05
-3.47444166e-05
1.24963698e-05
5.32442694e-05
8.82976173e-05
0.00011835845
0.000144048742
0.000165919579
0.000184459039
0.000200099556
0.000213224455
0.000224173662
0.000233248645
0.000240716738
0.000246814891
0.000251752964
0.000255716606
0.000258869802
0.000261357134
0.000263305803
0.000264827321
0.000266018767
0.000266964384
0.000267740784
0.000268425783
0.000269079225
0.000269616275
-0.000539281394
-0.000397010743
-0.000301830272
-0.000219741963
-0.000147639245
-8.49119103e-05
-3.06718684e-05
1.61282993e-05
5.64294693e-05
9.10438818e-05
0.000120683854
0.000145978789
0.000167484775
0.000185692861
0.000201036795
0.000213899951
0.000224621354
0.000233500918
0.000240803988
0.000246765289
0.000251592346
0.000255468482
0.000258555426
0.000260995636
0.000262914346
0.000264421276
0.000265611849
0.000266568724
0.000267367222
0.000268085369
0.000268785652
0.000269377366
-0.000532660627
-0.000390483946
-0.00029533468
-0.000213611001
-0.000141954242
-7.97301992e-05
-2.6038788e-05
2.01897952e-05
5.9917827e-05
9.39740515e-05
0.000123082909
0.000147882329
0.000168933885
0.000186731579
0.000201710095
0.000214252207
0.000224695224
0.000233336586
0.000240438696
0.000246233092
0.000250924047
0.000254691687
0.000257694694
0.000260072682
0.000261948282
0.000263428864
0.000264607735
0.000265565662
0.000266376455
0.000267117433
0.000267850448
0.000268479946
-0.000524708279
-0.000382671411
-0.000287680287
-0.00020643425
-0.000135358371
-7.37853472e-05
-2.0793284e-05
2.47156684e-05
6.37289528e-05
9.70946031e-05
0.000125551043
0.000149745739
0.000170246052
0.000187548704
0.000202088692
0.000214247297
0.000224359063
0.000232717821
0.000239581875
0.000245178449
0.00024970749
0.000253344933
0.000256245507
0.000258545172
0.000260363242
0.000261804111
0.000262958439
0.000263904715
0.00026471507
0.000265465811
0.000266215897
0.000266857252
-0.000515265306
-0.000373429424
-0.000278741083
-0.000198105971
-0.000127766591
-6.70124865e-05
-1.48892902e-05
2.97351654e-05
6.78776107e-05
0.000100408267
0.000128081342
0.000151554653
0.000171401392
0.000188120462
0.000202146241
0.000213857334
0.000223584191
0.000231615659
0.000238204584
0.000243572569
0.000247914016
0.000251399554
0.000254178955
0.000256383634
0.000258128814
0.000259515253
0.000260630422
0.000261550036
0.000262343927
0.000263086557
0.000263835064
0.000264478035
-0.000504176234
-0.000362618348
-0.000268397329
-0.00018852764
-0.000119101795
-5.93550246e-05
-8.28887126e-06
3.52701257e-05
7.23724251e-05
0.000103913357
0.00013066452
0.000153294587
0.000172382232
0.000188427606
0.000201863145
0.000213063235
0.000222352603
0.000230013476
0.000236291664
0.000241401673
0.00024553101
0.00024884378
0.000251483719
0.000253576769
0.000255233249
0.000256549571
0.000257609446
0.000258485377
0.000259244375
0.000259958213
0.000260681925
0.000261306019
-0.000491292803
-0.000350105965
-0.000256539188
-0.000177611512
-0.000109298074
-5.07675592e-05
-9.64824364e-07
4.13327878e-05
7.72142442e-05
0.000107602788
0.000133288652
0.000154951374
0.000173174231
0.000188457157
0.000201228842
0.000211857504
0.000220660163
0.00022791052
0.000233845558
0.000238671058
0.00024256616
0.00024568716
0.000248170654
0.000250136116
0.000251688093
0.000252917934
0.00025390504
0.000254718312
0.000255421449
0.000256082577
0.000256754133
0.000257334481
-0.000476477538
-0.000335770636
-0.000243070448
-0.000165284687
-9.83046805e-05
-4.12194483e-05
7.09597099e-06
4.79228567e-05
8.23938112e-05
0.000111462476
0.000135938357
0.000156511139
0.000173767087
0.000188203774
0.000200243756
0.00021024664
0.000218519391
0.000225324982
0.00023088958
0.000235408462
0.000239050861
0.000241963951
0.000244276047
0.000246099214
0.000247531442
0.00024865828
0.000249554143
0.000250284218
0.000250908408
0.000251490153
0.00025207876
0.000252587206
-0.000459606614
-0.000319504098
-0.000227914003
-0.000151497408
-8.60926548e-05
-3.06991011e-05
1.58873664e-05
5.50225259e-05
8.78878014e-05
0.000115468467
0.00013859295
0.000157959415
0.000174154536
0.000187670526
0.000198920727
0.000208253171
0.000215962026
0.000222297087
0.000227471565
0.000231668399
0.000235045381
0.000237739289
0.000239869224
0.00024153926
0.000242839808
0.000243848242
0.000244633145
0.00024525814
0.000245777272
0.000246249353
0.00024672052
0.000247125872
-0.000440568937
-0.000301212556
-0.000211024022
-0.000136244965
-7.26515533e-05
-1.91954329e-05
2.53850318e-05
6.25921466e-05
9.36545078e-05
0.000119583415
0.000141223748
0.000159279311
0.000174333341
0.000186868581
0.000197285243
0.000205916229
0.000213039758
0.000218889729
0.000223664067
0.000227531398
0.000230636259
0.00023310321
0.000235040675
0.000236545128
0.00023769975
0.000238557882
0.000239216365
0.00023973272
0.000240125638
0.000240458665
0.000240776213
0.000241044563
-0.000419248374
-0.000280798756
-0.00019237443
-0.000119563418
-5.79334152e-05
-6.63716698e-06
3.55473756e-05
7.05684621e-05
9.96310424e-05
0.000123753184
0.000143791081
0.000160449253
0.000174301685
0.000185816135
0.000195374794
0.000203291191
0.000209824173
0.000215188821
0.000219565371
0.000223106212
0.000225940739
0.000228179376
0.000229917034
0.000231248652
0.000232299408
0.000233073961
0.000233548011
0.000233849137
0.000234078237
0.000234249134
0.000234380972
0.000234478417
-0.000395503559
-0.000258113948
-0.000171839126
-0.000101296296
-4.21230668e-05
6.54850326e-06
4.61258839e-05
7.87973851e-05
0.000105694417
0.000127878345
0.000146228062
0.000161434069
0.000174053947
0.000184535518
0.000193237941
0.000200450388
0.000206409965
0.000211310223
0.000215311512
0.000218548774
0.000221137123
0.000223176438
0.000224753992
0.000225930873
0.000226712926
0.000227241749
0.000227654543
0.000227894571
0.000227955215
0.000227910487
0.000227808124
0.000227701197
-0.000369313419
-0.000233137052
-0.000149570659
-8.1533482e-05
-2.55640127e-05
2.00946473e-05
5.70924142e-05
8.7112384e-05
0.000111700795
0.000131814216
0.00014844352
0.000162185683
0.000173578771
0.000183048325
0.000190925428
0.00019747152
0.000202896038
0.000207368514
0.000211027921
0.000213989825
0.00021635192
0.0002181978
0.000219599812
0.00022061907
0.000221309682
0.000221740976
0.000221939846
0.000221940056
0.000221797261
0.000221532032
0.000221171368
0.000220825682
-0.000340648716
-0.000205808987
-0.000125741379
-6.0422186e-05
-8.08986678e-06
3.38445324e-05
6.79730619e-05
9.53081429e-05
0.000117443407
0.000135513394
0.000150371674
0.000162657337
0.000172866977
0.00018138324
0.000188500514
0.000194447368
0.000199403493
0.000203512106
0.000206889104
0.000209629887
0.000211814481
0.000213510823
0.000214778003
0.000215667978
0.000216227974
0.000216503249
0.000216536542
0.00021636064
0.000216006921
0.000215490744
0.000214835552
0.000214219057
-0.000309512662
-0.000176409621
-0.000100545572
-3.87039181e-05
9.95154042e-06
4.815417e-05
7.86925534e-05
0.00010307426
0.000122710291
0.000138699222
0.000151851019
0.000162765325
0.000171888924
0.000179556145
0.000186018752
0.000191468272
0.000196052404
0.000199886891
0.000203064075
0.000205659078
0.000207734329
0.00020934301
0.000210530984
0.000211338811
0.000211803824
0.000211960839
0.000211843601
0.000211484302
0.000210908451
0.000210121534
0.000209143073
0.000208226772
-0.000275798575
-0.000145528055
-7.36993892e-05
-1.64992008e-05
2.77465469e-05
6.19536509e-05
8.87844579e-05
0.000110068024
0.000127188621
0.000141165716
0.000152734672
0.000162423914
0.000170614864
0.000177584906
0.000183537876
0.000188625612
0.000192963084
0.000196638938
0.000199722837
0.000202270601
0.000204327875
0.000205932793
0.000207117964
0.000207912236
0.000208341249
0.000208429486
0.000208201921
0.000207684692
0.00020689687
0.00020583213
0.000204504339
0.000203257443
-0.000239285496
-0.000113208104
-4.55475912e-05
5.78657992e-06
4.47204414e-05
7.44651656e-05
9.75082316e-05
0.000115737486
0.00013047774
0.000142639392
0.000152849144
0.000161540723
0.000169016787
0.000175491251
0.000181117907
0.000186009528
0.000190250546
0.00019390542
0.000197024151
0.000199645946
0.000201801787
0.000203516328
0.000204809269
0.000205696273
0.000206189788
0.000206300427
0.000206039615
0.000205421373
0.000204452614
0.000203110122
0.000201407141
0.000199788043
-0.000199684833
-7.91727153e-05
-1.72897089e-05
2.71754532e-05
6.01274045e-05
8.49737575e-05
0.000104202876
0.000119570505
0.000132223588
0.000142899453
0.000152078335
0.000160078242
0.000167113713
0.000173333421
0.000178843812
0.000183723602
0.000188032735
0.000191817828
0.000195115295
0.000197953059
0.000200351743
0.000202325914
0.000203884823
0.000205031551
0.000205762774
0.00020606802
0.000205931251
0.000205343425
0.000204286793
0.0002027008
0.000200574925
0.000198501091
-0.000156252644
-4.34451833e-05
1.01056239e-05
4.62738597e-05
7.25363089e-05
9.24177841e-05
0.000108134461
0.000121103879
0.000132173511
0.000141845195
0.00015042449
0.000158104429
0.00016501152
0.000171235012
0.000176843122
0.00018189041
0.000186422073
0.000190476247
0.000194084441
0.000197270452
0.000200050009
0.000202434764
0.00020443453
0.000206045099
0.000207254639
0.000208037927
0.000208322011
0.000208040871
0.000207128387
0.000205446429
0.000202878916
0.000200262415
-0.000107439079
-6.95917627e-06
3.45274857e-05
6.10021269e-05
8.03948522e-05
9.58117924e-05
0.000108789668
0.00012016348
0.000130370719
0.000139644689
0.000148117161
0.000155870149
0.000162954848
0.000169416015
0.000175301641
0.000180658407
0.000185531804
0.000189967256
0.000194009291
0.000197694745
0.000201044491
0.00020409009
0.000206880892
0.000209401495
0.000211625473
0.000213569414
0.000215047861
0.000215788231
0.000215621009
0.000214324052
0.000211484231
0.000208439061
-4.24562443e-05
2.91309664e-05
5.17425089e-05
6.76975959e-05
8.12785507e-05
9.37785252e-05
0.000105534854
0.000116610366
0.000126994978
0.000136679399
0.000145665453
0.000153946721
0.000161525257
0.000168437422
0.000174737717
0.00018048026
0.000185722075
0.000190529649
0.000194984512
0.000199158517
0.000203038506
0.000206574587
0.000209880505
0.000213283029
0.00021706657
0.000220850393
0.000223679018
0.000225484353
0.00022704339
0.000228190523
0.00022783787
0.000225777196
6.46123937e-05
6.4863055e-05
6.23761892e-05
6.80883471e-05
7.77935975e-05
8.91346678e-05
0.00010094386
0.00011257268
0.000123663478
0.000134102631
0.000143880396
0.000152905318
0.00016108053
0.000168464443
0.000175161768
0.000181237825
0.000186755092
0.000191794945
0.00019649928
0.000201024823
0.000205402141
0.000209573833
0.000213609
0.000217815217
0.000222896726
0.000229751137
0.000238626884
0.000250127606
0.000265206567
0.000285366852
0.000314262215
0.000349258042
)
;

boundaryField
{
    inner_wall
    {
        type            zeroGradient;
    }
    outer_wall
    {
        type            zeroGradient;
    }
    top
    {
        type            zeroGradient;
    }
    bottom
    {
        type            fixedValue;
        value           uniform 0;
    }
    front
    {
        type            wedge;
    }
    back
    {
        type            wedge;
    }
}


// ************************************************************************* //
