/*--------------------------------*- C++ -*----------------------------------*\
| =========                 |                                                 |
| \\      /  F ield         | OpenFOAM: The Open Source CFD Toolbox           |
|  \\    /   O peration     | Version:  2506                                  |
|   \\  /    A nd           | Website:  www.openfoam.com                      |
|    \\/     M anipulation  |                                                 |
\*---------------------------------------------------------------------------*/
FoamFile
{
    version     2.0;
    format      ascii;
    arch        "LSB;label=32;scalar=64";
    class       volScalarField;
    location    "3";
    object      C;
}
// * * * * * * * * * * * * * * * * * * * * * * * * * * * * * * * * * * * * * //

dimensions      [0 0 0 0 0 0 0];

internalField   nonuniform List<scalar> 
3072
(
-3.05269841e-09
9.7293987e-09
-7.63433816e-07
2.97141546e-06
1.42146291e-05
-1.20907794e-05
-0.000108717445
-0.000132372185
0.000161224751
0.00069602926
0.000895601196
0.00020003024
-0.00131837643
-0.0029935346
-0.00407628857
-0.00425978385
-0.00437964952
-0.0044479513
-0.00440004215
-0.00411092394
-0.00341945645
-0.00208818772
0.000295056989
0.00444356639
0.0113922366
0.0221503442
0.0366966094
0.0522843784
0.0618253779
0.0550086202
0.0280942383
0.00307437476
1.72194554e-08
-1.60860545e-07
2.86152484e-06
-2.30626334e-06
-4.7215135e-05
-3.80143475e-05
0.000204902172
0.000572382082
0.000543846648
-0.000330615359
-0.00186012126
-0.0032976616
-0.00401841952
-0.00400880705
-0.00375555053
-0.00379820398
-0.0040549615
-0.00440787516
-0.00471311299
-0.00483882028
-0.00468062501
-0.0041629969
-0.00317853662
-0.0014019719
0.00200500863
0.00855464648
0.0199224604
0.036205525
0.0530719329
0.0594904174
0.0414038318
0.00670230208
-5.36370525e-08
1.03086635e-06
-2.8462702e-06
-3.89717623e-05
1.35630314e-05
0.00033384257
0.00059470586
0.000127487367
-0.00117389704
-0.00257574235
-0.00324559226
-0.00304237169
-0.00249562432
-0.00219590401
-0.00234194908
-0.00276644587
-0.00336390659
-0.00401823079
-0.00459810576
-0.00495121227
-0.00492020065
-0.00438962977
-0.00332997798
-0.0017392636
0.000643725949
0.00482300952
0.0127311013
0.0260764955
0.0430833647
0.0545505247
0.0445940825
0.00764072608
2.74043053e-07
3.20118869e-07
-2.27887939e-05
-1.41171749e-05
0.000270262498
0.000576695234
7.58436545e-05
-0.00130405315
-0.00252293798
-0.00267378023
-0.00190393061
-0.00100304508
-0.000535719525
-0.000561971881
-0.000928942143
-0.00156026286
-0.00239405839
-0.00335807808
-0.00434942581
-0.00521107554
-0.00572159645
-0.00563071884
-0.00476497507
-0.00315052189
-0.000960174814
0.00197728142
0.00703665895
0.0169364573
0.0329927889
0.048736346
0.045891059
0.00869179924
7.98753699e-07
-5.59874184e-06
-3.39961433e-05
0.000101824359
0.000499124574
0.000338938361
-0.000916733464
-0.00220571029
-0.00223729811
-0.00106841584
0.000335759473
0.00128832164
0.00170052224
0.00169988834
0.00135276647
0.00067212623
-0.000301489967
-0.00151223833
-0.00288580733
-0.00430862348
-0.00557791817
-0.00636073155
-0.00624066791
-0.00491901431
-0.00249189601
0.000571416178
0.00429770431
0.0107354021
0.0235906479
0.0414949871
0.0466995905
0.0122273131
7.0062698e-07
-1.49860063e-05
-2.09826879e-05
0.000253557831
0.000560355412
-0.000176870627
-0.00165998164
-0.00213939838
-0.000960400731
0.000949751757
0.00261260929
0.00375320338
0.00442512015
0.00465160279
0.00441262094
0.00370761802
0.00261375071
0.00121955362
-0.000402555766
-0.00219894503
-0.00408238211
-0.0058237353
-0.00694990241
-0.00679513141
-0.00485762314
-0.00135396227
0.00276554815
0.00747232695
0.016251872
0.0332218005
0.0467527602
0.019508153
-3.47078244e-07
-2.441957e-05
1.06742539e-05
0.000388223821
0.000496010587
-0.000661916642
-0.00194770458
-0.00154029444
0.00042429794
0.00272706759
0.00471419264
0.0062747833
0.00732741889
0.00775970406
0.00753928018
0.00674445114
0.00552759996
0.00401274177
0.00228183455
0.000373523412
-0.00171299288
-0.00394423239
-0.00607401193
-0.0074489511
-0.00705572681
-0.00413643103
0.000777702574
0.00594517381
0.0118632276
0.024825338
0.0437552707
0.0285101706
-1.87142002e-06
-3.24235208e-05
4.68716316e-05
0.000492804334
0.000414004817
-0.000966426685
-0.00194356192
-0.000941789381
0.00137789541
0.00390708237
0.00625789791
0.00822972575
0.00952256293
0.00992854351
0.00950092327
0.00856872796
0.00737052166
0.00595490527
0.00431319398
0.00247309978
0.000461490365
-0.00174809804
-0.00415857811
-0.0064891536
-0.00784022296
-0.00673269867
-0.00220502425
0.00434852644
0.0101085507
0.0184429083
0.0381219501
0.0369972062
-2.48679804e-06
-3.91493646e-05
7.20364054e-05
0.00057724744
0.000401613758
-0.00106971152
-0.00185421432
-0.000658171055
0.00163627202
0.00415467163
0.00665033232
0.00875671471
0.00995727298
0.00997322911
0.00906108797
0.00797320069
0.00711930761
0.00628164364
0.00516396648
0.00366299645
0.00185652852
-0.000156925979
-0.00236567992
-0.00477422427
-0.00703003272
-0.00786695719
-0.00520265744
0.00172088601
0.00937266461
0.0151215936
0.031598172
0.0442584271
-2.25389704e-06
-4.5062476e-05
7.77633849e-05
0.000643311037
0.000507056238
-0.000982358231
-0.00178873234
-0.000729005526
0.00119362521
0.00328740631
0.00547780578
0.00731650228
0.00814668069
0.00760626599
0.00606167757
0.00487208424
0.00459974364
0.00472274959
0.00457762685
0.00380454142
0.00241288312
0.000619712321
-0.00135001683
-0.00342284902
-0.00559930465
-0.00737651123
-0.00686928027
-0.0013580055
0.00815261176
0.0142861548
0.0255075525
0.0489951823
-1.27406832e-06
-5.03317259e-05
6.62014349e-05
0.000678962523
0.000688460587
-0.000680662098
-0.00164460033
-0.00100799258
0.000355847542
0.0017397679
0.00311035582
0.00421175722
0.0045621383
0.00381173592
0.00230482361
0.00135586103
0.00152312789
0.00233567471
0.00301377093
0.00301297926
0.00218021365
0.000696462886
-0.00107873408
-0.00284212683
-0.00453574717
-0.00615379099
-0.00679480427
-0.00352042545
0.00616666563
0.0146433823
0.0210394435
0.0497948469
-1.21380146e-07
-5.44798856e-05
3.39273464e-05
0.000657420733
0.000890841646
-0.000165854089
-0.00128384117
-0.00125042001
-0.000465039158
0.000356588829
0.000986480054
0.0013397547
0.00129111561
0.000771109198
9.18371862e-05
-0.000173895041
0.000189902449
0.000962081405
0.00167108895
0.00186501098
0.00132013258
0.000124322549
-0.00138938399
-0.00284008312
-0.00403024962
-0.00501232751
-0.00559072241
-0.00386191797
0.00434876026
0.0150227298
0.0190451545
0.0470938879
1.58299257e-06
-4.95556258e-05
-6.91406938e-06
0.000562407124
0.00103448458
0.000510657684
-0.000512588135
-0.00106003681
-0.000948489145
-0.0005492607
-0.000187257278
6.70477965e-06
2.72162211e-05
-4.88663121e-05
-7.54265446e-05
5.29083776e-05
0.000370346036
0.000758175874
0.000978303187
0.000793582704
0.000105774699
-0.00096846538
-0.00213824
-0.00308890215
-0.00365451532
-0.00389219348
-0.00385116735
-0.0024875383
0.00400452775
0.0151115834
0.0194168255
0.0424991922
-1.35046198e-06
-6.34633995e-05
-0.000105673475
0.000284330211
0.000852482402
0.0009409999
0.000461837203
-0.000158507679
-0.000562651257
-0.00069042827
-0.000647231744
-0.00054115644
-0.00042135741
-0.000292772307
-0.00011704692
0.000103979612
0.000278162539
0.000276063465
-7.50862392e-06
-0.000593296468
-0.00138432651
-0.00218131498
-0.00275039358
-0.00292032395
-0.00265644022
-0.00206081435
-0.00125310572
0.000277425134
0.00563938094
0.0160481227
0.0205456725
0.0387148007
3.74622985e-05
0.000124482813
0.00014100806
0.000345606864
0.000767706764
0.00115996994
0.00131619389
0.00123073986
0.00102521499
0.000817518402
0.000664527155
0.000576842494
0.000534763095
0.000557908305
0.000465607756
0.000169799034
-0.00030000571
-0.000869506079
-0.00143812896
-0.00188961695
-0.00210702575
-0.0019947669
-0.00150421708
-0.000654040635
0.000471546884
0.00176416427
0.00316170748
0.0049525783
0.00947359558
0.0185092079
0.0221649039
0.0365136359
-0.000500369044
-0.00123564521
-0.00179361714
-0.0021118946
-0.00221259094
-0.00215838787
-0.0020364663
-0.00191870438
-0.00183713007
-0.00179031712
-0.00176224634
-0.00173822589
-0.00170148748
-0.00167167504
-0.00150916689
-0.00115485531
-0.000610199143
0.000112453608
0.000999037388
0.00203371891
0.0031966284
0.00446077373
0.0057905537
0.00714336425
0.00847844353
0.00978150498
0.0110939932
0.0126311236
0.016090458
0.0229439568
0.0243721658
0.0353419441
0.0143557693
0.0229675013
0.0278655844
0.030143231
0.0311314279
0.0315374833
0.0316775232
0.0316801462
0.0315925354
0.0314295929
0.0311952484
0.0308915949
0.0305224055
0.0300917617
0.0295841489
0.0290556074
0.0285463346
0.0280723624
0.0276417707
0.0272576385
0.0269188831
0.0266201219
0.026351898
0.0261014488
0.025855958
0.0256133258
0.0254037645
0.0253501516
0.0266021976
0.0297819969
0.027086337
0.035002941
0.0791162636
0.0775088959
0.0735638831
0.0708904822
0.0702050662
0.0710272812
0.0727263917
0.0747983555
0.0768883121
0.0787690499
0.080316065
0.0814818066
0.0822689211
0.0827102949
0.0828497259
0.0825585255
0.0818162358
0.0806380402
0.079042965
0.0770463411
0.0746579143
0.0718823729
0.0687203655
0.0651705925
0.0612361746
0.0569360398
0.0523462838
0.047666649
0.0436937445
0.0398943425
0.0301077941
0.0352570455
0.0757023272
0.0648511646
0.0593484213
0.0606043012
0.0656991228
0.0724170519
0.079383257
0.0857063224
0.0908792115
0.0947298764
0.0973204283
0.0988260005
0.0994461651
0.0993432824
0.0986801053
0.0977666678
0.0967213547
0.0955884548
0.0943651159
0.0930077416
0.091433424
0.0895220986
0.0871222446
0.0840631499
0.0801768742
0.0753301666
0.0695104795
0.0628702669
0.055786174
0.046729829
0.0318202552
0.036200863
0.0771944588
0.0613996644
0.0602777464
0.0671010299
0.0768573142
0.087510636
0.0973456205
0.10504998
0.110195576
0.113101275
0.114376506
0.114568251
0.114038702
0.113013653
0.111646711
0.109856746
0.107727187
0.10538149
0.102953192
0.100570487
0.0983253845
0.0962247871
0.0941427452
0.0918018339
0.0888009923
0.0847018816
0.0792011475
0.0721150654
0.0631657026
0.0500693912
0.0322427327
0.0377439008
0.0822620245
0.059297595
0.0627400266
0.0721331266
0.0840701182
0.096913076
0.107646162
0.114427387
0.117496965
0.118175949
0.117666531
0.116584457
0.115102179
0.113207662
0.110925476
0.108735274
0.106853231
0.10522713
0.103624222
0.101849278
0.0999037043
0.0979511533
0.0961276649
0.0943390147
0.092174496
0.0890066449
0.0842060516
0.0770243545
0.0664786228
0.0501485226
0.0319085062
0.0397024695
0.0794010296
0.0580045072
0.0658540951
0.0757593143
0.0891144363
0.103317994
0.113755935
0.118700561
0.119530589
0.11842301
0.11666477
0.114591335
0.112294731
0.109840107
0.107051381
0.103855931
0.101167283
0.0996550743
0.0990898465
0.098710117
0.0979690127
0.0968633815
0.0956884742
0.0945713246
0.0931823206
0.0907779375
0.086352133
0.078583141
0.0661942093
0.047299336
0.0319768804
0.0416781123
0.0760655284
0.0586206005
0.0684588992
0.0778326123
0.091873794
0.106411808
0.116091704
0.119560662
0.118737972
0.115879146
0.112016893
0.107467092
0.102930397
0.0991656033
0.0950839855
0.0921245696
0.0914096082
0.0919881412
0.0932603551
0.0943898232
0.0948649437
0.094784733
0.094531314
0.0942366303
0.0934755459
0.0912809731
0.0862859218
0.0769602984
0.0622181721
0.0431358711
0.0340427519
0.0417867064
0.0727194871
0.0602784096
0.0702386494
0.0786782378
0.092194114
0.106267762
0.115623692
0.118761778
0.117143736
0.112712336
0.106626513
0.0996491101
0.0929326535
0.0878945027
0.0852846734
0.0847032633
0.0856907277
0.087627938
0.0897942528
0.0916074058
0.0928413627
0.0936538072
0.0942418965
0.094441003
0.0935380454
0.0903425883
0.0834479546
0.0717629339
0.0556933001
0.0401518168
0.0374541227
0.0405888231
0.0701734227
0.0624340562
0.0717996691
0.0783960222
0.0900578848
0.103148264
0.112769446
0.11686223
0.116042076
0.111964319
0.106156998
0.099792715
0.0939126266
0.0894545947
0.0869654863
0.0863701746
0.0871662052
0.0887572902
0.0905802742
0.0922714558
0.0936786578
0.0947442901
0.0952621028
0.0946849911
0.0921089381
0.0864658232
0.0769447575
0.0637519605
0.0493786149
0.0398385523
0.0409551562
0.0407140012
0.0686042571
0.0649005853
0.0736077763
0.0775428813
0.0860294687
0.0970639741
0.106767156
0.112758423
0.114606055
0.113132943
0.109616329
0.10527085
0.101050543
0.0976113885
0.0953048685
0.0941797511
0.0940351413
0.0945268569
0.0953079605
0.0960802793
0.0965668538
0.0964276646
0.0951769344
0.0921788487
0.0867713278
0.0785376116
0.0677324645
0.0558301303
0.0459299362
0.0419908198
0.0447350199
0.0418232928
0.067764344
0.0678091682
0.0762615673
0.0773551472
0.0815964664
0.0888959621
0.0969930217
0.103929827
0.108633061
0.110858996
0.110959872
0.109603376
0.107528875
0.105365733
0.103517322
0.102110713
0.101074913
0.100269773
0.0994740806
0.0984179162
0.0967801369
0.0941908451
0.0902629878
0.0846762503
0.0773204629
0.0684893496
0.0590908972
0.0507819862
0.0457969173
0.0459258575
0.0491868876
0.038813436
0.0674923449
0.0712632195
0.0806236155
0.0798272771
0.0798777326
0.0821225074
0.0859251679
0.0904182455
0.0948748986
0.0987697636
0.101780833
0.10375286
0.10465959
0.104563969
0.103607088
0.102084886
0.100373858
0.0983365623
0.0958856021
0.0928695849
0.0891261028
0.0845112739
0.0789536756
0.0725230808
0.0655099585
0.0585047954
0.0524523316
0.0486106774
0.048198256
0.0510754636
0.0518093676
0.0313922112
0.0675735486
0.0753562673
0.0876416822
0.087506015
0.0857373441
0.0842638728
0.0833028111
0.0827617369
0.0824931516
0.0823572303
0.0822584892
0.0821334999
0.0819243482
0.0815855751
0.0810627261
0.0802247926
0.0788013061
0.0768849879
0.074509759
0.0716897401
0.0684721347
0.0649451406
0.0612670664
0.0576890121
0.0545722828
0.0523838724
0.0516319575
0.0526498853
0.0550340064
0.0564391854
0.0506641563
0.0266330708
0.0678194905
0.0802475872
0.0984486809
0.103256628
0.104752874
0.1050257
0.104698531
0.104060522
0.10324206
0.102232115
0.100938803
0.0994530281
0.0978149031
0.0960541812
0.0941661384
0.0921439044
0.0899667054
0.0875955933
0.0849703116
0.0820858503
0.0789423102
0.0755752073
0.0720668577
0.068573576
0.0653384141
0.0626760183
0.0608754555
0.0599491816
0.0591855407
0.0566079668
0.0486067033
0.028260773
0.0681050136
0.0867583769
0.116180143
0.132668208
0.143756531
0.150895344
0.154978524
0.156829082
0.157165997
0.156611383
0.155697204
0.154634127
0.153679453
0.153382346
0.153648011
0.154463617
0.155756202
0.157404649
0.159208877
0.160855592
0.161876279
0.161603562
0.159144641
0.153420557
0.143349362
0.128290541
0.108824354
0.0876490492
0.0696237991
0.0588520137
0.0509984708
0.0274526461
0.0684499411
0.0920466858
0.129503106
0.149471279
0.157263043
0.156075625
0.149566817
0.140815564
0.131933334
0.124134941
0.117987096
0.113649884
0.110987406
0.109392367
0.108928217
0.109585893
0.111475583
0.114772631
0.119702146
0.126496616
0.135320065
0.146135382
0.158477139
0.171102183
0.181529157
0.185659684
0.178070337
0.154128118
0.115056277
0.0740736035
0.0517492709
0.0368179175
0.0687499589
0.0951623899
0.13747298
0.155818367
0.155533153
0.144314736
0.129709821
0.116359035
0.106074554
0.0989152969
0.0942100619
0.0911820847
0.0892158685
0.0878745499
0.0866717899
0.085654172
0.0848691503
0.0844975677
0.0848607699
0.0864550444
0.0899662359
0.096259825
0.106310871
0.120985052
0.140481569
0.163164307
0.183659005
0.191073257
0.170814018
0.116846073
0.0553636354
0.034636167
0.0690474225
0.0957637862
0.140955911
0.156306671
0.148745716
0.131505736
0.115276851
0.104360468
0.098542345
0.0959882154
0.0950059688
0.0945465047
0.0940937312
0.0934802642
0.092929504
0.0921980919
0.0911538732
0.0896898378
0.0878197372
0.0857461648
0.0839313709
0.0831547276
0.0845690757
0.0897573115
0.100702314
0.119342087
0.145953881
0.175302272
0.19086327
0.164681956
0.0864408734
0.0281477577
0.0695675311
0.093886151
0.141078576
0.154500981
0.142533715
0.123267124
0.108969838
0.10189334
0.099175262
0.097903987
0.0969160215
0.0962281673
0.096060127
0.0963956524
0.0970459931
0.0977700662
0.0982410339
0.0981171864
0.0970796514
0.0949390138
0.0917614922
0.0879581581
0.0843385684
0.0822054685
0.0835636151
0.0913561791
0.109182563
0.139028946
0.174411475
0.187765887
0.130662734
0.0252869845
0.070704589
0.0897469423
0.138579943
0.152269505
0.1388653
0.119746291
0.107865288
0.103235523
0.101027622
0.0984780654
0.0958336849
0.094179726
0.0939288283
0.0948394158
0.0965091813
0.0985784744
0.100592388
0.102159911
0.102805239
0.102073153
0.0997383092
0.0959173189
0.0910288477
0.0857568072
0.0812769224
0.0799472029
0.0861935596
0.106085311
0.142600296
0.182182989
0.166288865
0.0283053131
0.072956257
0.0835965325
0.133878262
0.150185529
0.137817689
0.119528245
0.109278438
0.105939298
0.103426635
0.0992076666
0.0946495659
0.0916592149
0.09089594
0.0921207065
0.0948013524
0.0978729113
0.100635109
0.102897667
0.104226641
0.104117909
0.102372005
0.0992364814
0.0951995276
0.0906212053
0.0855622858
0.0803946126
0.0777992981
0.0851459268
0.112003063
0.157995349
0.183732348
0.0413245932
0.0763660983
0.0767113034
0.125743821
0.147342225
0.139027332
0.121861468
0.111646201
0.108867881
0.107213688
0.103309326
0.0982827191
0.0944042913
0.0926417288
0.0929525668
0.0967302965
0.100219072
0.102843424
0.104709011
0.105398976
0.10443398
0.101827183
0.0981982912
0.09445443
0.0912585228
0.0884799284
0.0849874716
0.079989116
0.0777436467
0.0917376586
0.130394759
0.185033112
0.0644048655
0.0808529027
0.0702831271
0.114029161
0.141767151
0.140860292
0.126674828
0.115379145
0.111215077
0.110263407
0.108698308
0.10601825
0.103544017
0.102334132
0.102820991
0.104091243
0.105545334
0.106828454
0.107363048
0.106474368
0.103899498
0.100067696
0.0959254147
0.0924929462
0.0904179998
0.0896256044
0.0889663733
0.0860836657
0.0800849203
0.0824974416
0.10862153
0.17550682
0.0931401924
0.0857904737
0.0654852226
0.099433441
0.131334505
0.140190086
0.132635329
0.121870601
0.115048595
0.112301206
0.111293109
0.110539235
0.109828426
0.10940296
0.109278264
0.109487108
0.109763313
0.109421871
0.1077576
0.104589154
0.100461072
0.0963859881
0.0933716162
0.0920302203
0.0923942927
0.0938703509
0.0951342404
0.0938357881
0.0872296931
0.0822641878
0.0988150752
0.161370597
0.11589514
0.0892997032
0.0633695776
0.0831903399
0.114074388
0.132202807
0.135045697
0.129736783
0.123128174
0.118291129
0.1154554
0.113906239
0.112977511
0.112508628
0.112445086
0.112047763
0.110456312
0.107301477
0.103026843
0.0987023651
0.0955085595
0.0942480727
0.0951206518
0.0977721784
0.101465682
0.105201242
0.107607247
0.10643291
0.0982694248
0.0868837085
0.0933696669
0.14922845
0.130394075
0.0882107101
0.0660202435
0.0693282505
0.0901379065
0.110945467
0.123512054
0.127927968
0.127487406
0.125214282
0.122774588
0.120713986
0.119053957
0.116915333
0.113390265
0.108417952
0.102868032
0.0982118328
0.0958563268
0.0965452714
0.100136507
0.105789849
0.112354638
0.118729902
0.124043461
0.127610936
0.12864995
0.125393202
0.113898666
0.0957362387
0.0919087731
0.141120242
0.137577695
0.0701814775
0.0674526397
0.0639420353
0.0693305099
0.0806675777
0.0923981349
0.101212733
0.106354537
0.108406644
0.108303297
0.106321686
0.102152418
0.0969269062
0.0925449761
0.090983002
0.0936560682
0.100893966
0.111798475
0.124603056
0.137322508
0.148318164
0.156568432
0.161660959
0.163619846
0.162643305
0.158698654
0.150308154
0.132780888
0.106823795
0.0944807382
0.138815765
0.13896046
0.0749639626
0.0756071467
0.0713269022
0.0666388314
0.0645570814
0.0652370787
0.0674499729
0.0699579153
0.072034364
0.0737049954
0.0765017117
0.0824833398
0.0925319727
0.106857677
0.124920594
0.145302222
0.165806637
0.184117317
0.198609805
0.208691162
0.214457725
0.216333834
0.2148229
0.210295066
0.203009091
0.192806799
0.177423148
0.150983686
0.116340169
0.0999319177
0.14247319
0.138310096
0.189236141
0.200823545
0.198151897
0.189263213
0.179296667
0.170499082
0.164084046
0.16071782
0.161001869
0.165317326
0.173220296
0.184088286
0.197254124
0.211702792
0.225988269
0.2379222
0.245611103
0.248882441
0.249027653
0.247661591
0.245578125
0.242681949
0.238750263
0.23343129
0.226302328
0.216105526
0.198410694
0.166269255
0.127166704
0.110898947
0.146246889
0.137593506
0.235706049
0.224469601
0.206566837
0.19887672
0.196261805
0.19564429
0.196116893
0.196884764
0.198008219
0.200980168
0.207687528
0.218866438
0.232860915
0.245910369
0.253058897
0.252153592
0.246490708
0.240554635
0.236403842
0.234287602
0.234269684
0.235224065
0.234675168
0.228607814
0.212706196
0.187218647
0.159231742
0.139734767
0.137732055
0.151706606
0.165176596
0.122345596
0.228853564
0.191303241
0.1814734
0.192494096
0.197588309
0.200035163
0.208166414
0.219938316
0.227489215
0.23246321
0.245176022
0.264527078
0.277228968
0.273818709
0.255938718
0.237507505
0.2300725
0.229406309
0.228326399
0.227535569
0.22967973
0.234255207
0.236437552
0.229317687
0.210302578
0.185769851
0.166924563
0.161066598
0.167073933
0.176227461
0.17192661
0.114723546
0.225759468
0.180949863
0.20679696
0.227228935
0.226804088
0.223448974
0.226570459
0.237429337
0.254585199
0.274206668
0.288710777
0.292912635
0.285861365
0.269209446
0.249020138
0.23451808
0.230173636
0.230931724
0.230627291
0.229336624
0.229495862
0.231358981
0.230625922
0.221732247
0.205741336
0.191363749
0.185605123
0.187408569
0.192160645
0.195135471
0.18275163
0.112226083
0.216980625
0.190068809
0.22729863
0.231484163
0.227589886
0.232786062
0.246952451
0.266369373
0.284892283
0.29816482
0.304579722
0.304013259
0.297173728
0.285155652
0.269288057
0.252979595
0.241460248
0.236659136
0.235331937
0.234267426
0.232827248
0.231204257
0.228933513
0.225354213
0.22095943
0.216863722
0.213852906
0.211559383
0.208353952
0.205082932
0.202156026
0.135117565
0.211077494
0.197957392
0.229700002
0.2290762
0.231426608
0.244191203
0.263126743
0.283443744
0.300936896
0.312495546
0.315928289
0.311938948
0.303303028
0.293226843
0.284527699
0.277375206
0.269321714
0.259270369
0.249613853
0.243314314
0.240045741
0.238225362
0.236760747
0.23516223
0.233341946
0.230741456
0.226464767
0.221156391
0.217943913
0.215597671
0.197852298
0.1213178
0.208144135
0.200212047
0.22850242
0.227135092
0.233653076
0.249482682
0.269443534
0.290033945
0.307033051
0.316794099
0.319017199
0.315069629
0.305804782
0.293492016
0.280942197
0.270840046
0.264663635
0.260252041
0.254697966
0.247968375
0.242993317
0.240830919
0.240447827
0.240767054
0.241337858
0.241103529
0.240455295
0.239383115
0.236241443
0.229716596
0.226734086
0.167985473
0.206353026
0.1993044
0.226305525
0.224436271
0.232333728
0.247701699
0.265194791
0.282054521
0.294849048
0.303555879
0.309032773
0.307209645
0.298487547
0.290277971
0.282879066
0.273763057
0.264778725
0.258804823
0.25597968
0.253957705
0.251431355
0.24901287
0.247063419
0.245270369
0.242625878
0.239163961
0.235496459
0.232882796
0.23322617
0.232785328
0.212033768
0.120352312
0.205360101
0.196216791
0.224011234
0.220935939
0.228129955
0.241398218
0.253961391
0.263644676
0.271308
0.284043617
0.297943128
0.293519518
0.276159286
0.267538604
0.267641506
0.266693095
0.262009015
0.256647278
0.253056005
0.251339226
0.249918888
0.247101866
0.241734519
0.23414339
0.22526939
0.21454267
0.207148825
0.204533424
0.204761936
0.206142503
0.205657435
0.137745715
0.20496811
0.191412016
0.222265481
0.21740745
0.221976482
0.233110854
0.240997174
0.243745336
0.248721325
0.271173636
0.299315815
0.293944702
0.265368955
0.246726294
0.243432391
0.243931635
0.242063218
0.240477
0.240612195
0.241270395
0.240364356
0.236072531
0.227586145
0.215989371
0.200380846
0.171435714
0.147997647
0.135117244
0.131847823
0.130952836
0.121647461
0.0605924087
0.205153819
0.185110223
0.221230815
0.215636251
0.215090158
0.224067824
0.23034861
0.231457997
0.235785932
0.263634528
0.304378138
0.311139895
0.288505269
0.263376778
0.246705026
0.234574207
0.222445738
0.213795945
0.211914572
0.21577711
0.221246744
0.220622579
0.211854871
0.199411044
0.186043879
0.171090778
0.157398653
0.149111071
0.140594062
0.12467286
0.0938673613
0.0375537838
0.205201862
0.179128205
0.218838179
0.217195449
0.210439531
0.215472334
0.221288648
0.223817264
0.229470321
0.25740295
0.301212527
0.326054418
0.325226403
0.310520833
0.29101152
0.269915081
0.247380795
0.226642607
0.212424258
0.206104965
0.206349654
0.210009165
0.211572913
0.208113191
0.201535023
0.197711293
0.200096595
0.206409255
0.20805234
0.197525573
0.17201814
0.0926852026
0.205052345
0.175111109
0.214233687
0.220514254
0.210525716
0.210307274
0.214767711
0.219441798
0.23106431
0.26538108
0.311432856
0.336946698
0.342711919
0.338965347
0.329216141
0.315154174
0.29856002
0.281069664
0.263895226
0.24857421
0.236951173
0.231190212
0.232251468
0.237446939
0.243550169
0.250794222
0.260957154
0.274712409
0.290854369
0.311274336
0.320469958
0.175025524
0.205152719
0.172740369
0.210108533
0.223701356
0.213636509
0.209660786
0.21328625
0.222295468
0.247085819
0.301753208
0.343277187
0.35104405
0.349631168
0.34553465
0.338891512
0.331472897
0.324082067
0.316565238
0.307912976
0.296495342
0.280071997
0.26480474
0.261962132
0.269536804
0.281126641
0.293195149
0.305876318
0.320006261
0.336798688
0.344571173
0.308295441
0.161733076
0.205754371
0.171565979
0.208498305
0.226500263
0.216952945
0.211887973
0.217261372
0.236913739
0.289745599
0.349519091
0.361624696
0.359737742
0.360199681
0.357099354
0.351000446
0.343456957
0.335591932
0.328886889
0.324023232
0.320045403
0.314565326
0.305645346
0.295156953
0.289391096
0.28980038
0.294401385
0.29966105
0.303226848
0.305825777
0.320572204
0.347422978
0.249309185
0.206566826
0.172081194
0.208609236
0.228613941
0.219449163
0.215537329
0.229063304
0.274584234
0.340373593
0.366742695
0.361678909
0.360284554
0.362618776
0.36600099
0.366482431
0.358895829
0.343039418
0.323980583
0.308694857
0.301454763
0.301911975
0.30631934
0.308908374
0.306797369
0.302604515
0.29813836
0.293099652
0.287609887
0.286553116
0.303642484
0.334909034
0.273848859
0.207610622
0.173995149
0.208707203
0.230133163
0.221501838
0.221160715
0.247117954
0.30635189
0.358739315
0.362168853
0.343738834
0.332176501
0.335758023
0.350624116
0.363111526
0.360108017
0.338193414
0.304450775
0.271190852
0.249067066
0.242808259
0.250832679
0.264811086
0.273302461
0.270669375
0.262522676
0.257511573
0.258382677
0.265173626
0.286056079
0.323965476
0.265340752
0.208869366
0.17700775
0.207140901
0.231540545
0.223893062
0.226883231
0.260136103
0.320525307
0.358083207
0.340992681
0.300939416
0.274409254
0.277100191
0.304492347
0.338380239
0.35928313
0.354600087
0.324525901
0.281398671
0.240314069
0.212325096
0.204255043
0.214865011
0.232968311
0.246186282
0.250053875
0.247175323
0.239728637
0.231106129
0.238984848
0.297017201
0.261137185
0.210244015
0.181950794
0.202479899
0.232805146
0.227189976
0.229809377
0.259908174
0.311016191
0.338948918
0.313681784
0.260948031
0.22235544
0.219311302
0.248147038
0.296481359
0.346565057
0.372558495
0.358633959
0.315937683
0.26559172
0.221485854
0.193229202
0.186020497
0.198524542
0.223109343
0.246841052
0.259214476
0.262593042
0.270581883
0.291586386
0.306376024
0.214960039
0.211504021
0.19055113
0.194747966
0.231331842
0.232241257
0.230750291
0.249953068
0.284491991
0.306240235
0.290851528
0.251022905
0.216443883
0.204905547
0.217516049
0.256186529
0.318550513
0.368401165
0.367414415
0.325635825
0.271601378
0.223690421
0.193632586
0.184172738
0.192365354
0.212650899
0.23829092
0.264933217
0.290116065
0.311881908
0.326972285
0.315386402
0.212687817
0.212621717
0.202627551
0.190186369
0.221713986
0.236268656
0.233716467
0.241053085
0.258358509
0.272283342
0.268214072
0.250216337
0.23520452
0.228710096
0.225690543
0.24367547
0.303330592
0.362603389
0.363156266
0.317651943
0.25677415
0.205393971
0.180449905
0.180573974
0.201213447
0.234428315
0.263073836
0.277943279
0.28863656
0.307675433
0.331140902
0.328690725
0.216578743
0.214081546
0.214371385
0.197899542
0.207999474
0.23055272
0.236667278
0.239344203
0.245248351
0.251351327
0.25199869
0.247203053
0.242723217
0.239603204
0.234120662
0.246271749
0.308398386
0.366033222
0.359930372
0.313012176
0.247579884
0.195958385
0.176502891
0.178830038
0.202914584
0.251121647
0.300938448
0.324650903
0.326061924
0.330721241
0.343292507
0.329780572
0.20847141
0.216265875
0.222066705
0.218828492
0.205814548
0.217353189
0.230845993
0.237960572
0.241890514
0.244545059
0.245800544
0.24565107
0.244663314
0.241367461
0.23617813
0.254833612
0.324532018
0.366672001
0.351922379
0.306770059
0.239080352
0.193248883
0.181643353
0.179859228
0.190905474
0.232797601
0.29323651
0.332744229
0.334359497
0.327809341
0.334596755
0.317587967
0.197722033
0.21912579
0.22502155
0.246546173
0.225573949
0.213662832
0.21940706
0.22912531
0.23620568
0.240168783
0.242023749
0.242350491
0.240831909
0.237243546
0.23992431
0.278989076
0.345310367
0.357985979
0.34038816
0.295491796
0.226530056
0.190195856
0.1868074
0.183044433
0.181535195
0.208208355
0.268554339
0.32902849
0.346531835
0.325993957
0.31778934
0.316532174
0.204762403
0.222278861
0.224863218
0.274289463
0.264179124
0.233173108
0.218608489
0.219718136
0.225929646
0.231291384
0.234336151
0.235365561
0.235568393
0.239600889
0.262225604
0.31671742
0.352095496
0.340263046
0.328006901
0.279293276
0.213728818
0.188005281
0.189824122
0.187098711
0.180052062
0.192000414
0.241251739
0.314043964
0.361261102
0.346087767
0.310922347
0.308769579
0.216040614
0.225339872
0.22304321
0.298234794
0.310481988
0.274739779
0.240802123
0.225596701
0.223640008
0.22675114
0.230795525
0.235504829
0.243928911
0.26322056
0.301054304
0.339917636
0.334285995
0.321228725
0.31186373
0.25964567
0.204425262
0.187358084
0.190756813
0.190642918
0.183419417
0.184138176
0.216400244
0.286687083
0.360366437
0.372886106
0.32054712
0.300373926
0.215195553
0.228013163
0.219933299
0.314932019
0.352661895
0.326667051
0.285187336
0.25658526
0.244274734
0.242706884
0.247372225
0.257316894
0.274451012
0.300421484
0.327389738
0.329403933
0.306758822
0.301628801
0.288135553
0.24082664
0.199769422
0.187353151
0.189488481
0.192367031
0.188943908
0.183692245
0.19929091
0.256907743
0.34324863
0.39121386
0.342159942
0.298304003
0.205227347
0.230713286
0.215434848
0.320069303
0.381422785
0.374220127
0.339244692
0.3073759
0.288823176
0.28267546
0.285656192
0.295377641
0.309509721
0.322226753
0.321030492
0.298133304
0.277943169
0.273983528
0.258836026
0.225198796
0.197871021
0.187366314
0.187077132
0.191933695
0.194395319
0.188719258
0.19045614
0.230054224
0.315615916
0.394816872
0.368424388
0.304951076
0.198590023
0.233944199
0.209186189
0.31172543
0.391151686
0.40457154
0.383951972
0.357363569
0.337459735
0.326608004
0.322825966
0.322594321
0.321010227
0.311374633
0.288561759
0.259903829
0.243885366
0.239072932
0.229015343
0.211070274
0.195400734
0.186772241
0.184703671
0.189870854
0.197780066
0.196814445
0.190001993
0.209319779
0.283084561
0.382684217
0.391475806
0.31963518
0.210305301
0.237818548
0.202894691
0.290376619
0.379688152
0.411729027
0.405205008
0.384867033
0.364114656
0.347061287
0.332934278
0.318825385
0.301091232
0.276968018
0.248038202
0.223043971
0.209962622
0.205943965
0.202578711
0.196518393
0.189690575
0.184364742
0.182823187
0.188126987
0.199177844
0.204842866
0.196593407
0.19795187
0.252284411
0.358539613
0.404719645
0.338087973
0.239046748
0.249717765
0.201455926
0.257933023
0.345632957
0.39581929
0.404609026
0.389672017
0.36590247
0.340767204
0.316321561
0.291942488
0.26643723
0.239777335
0.214541289
0.195386666
0.1850993
0.182068204
0.182188845
0.1822104
0.181115851
0.180146316
0.181773346
0.188772035
0.20158122
0.211875558
0.206316312
0.19624364
0.229360854
0.330243896
0.406103323
0.355428439
0.264357439
0.251215046
0.210974313
0.225609626
0.287979547
0.34803615
0.380762297
0.385099822
0.369477884
0.342900813
0.311848233
0.280156667
0.249961005
0.222781504
0.200233009
0.183874069
0.174264385
0.170815445
0.171040362
0.172511862
0.174931704
0.179182311
0.18564756
0.194913128
0.207919693
0.219744911
0.216729512
0.200130399
0.213979612
0.303249198
0.398357044
0.369241261
0.275362896
0.231140661
0.216003082
0.207196328
0.225391234
0.262279048
0.302308809
0.333974787
0.351633354
0.354363681
0.344234033
0.324679662
0.299472257
0.272188458
0.245925834
0.223073948
0.20515833
0.192710131
0.185405566
0.184340254
0.188943348
0.19628674
0.203440354
0.210635969
0.220331314
0.229627778
0.226010549
0.205754484
0.205583882
0.281310357
0.387000488
0.378227318
0.280754606
0.476465002
0.393055685
0.340837478
0.309328262
0.286902978
0.268852204
0.254189711
0.247488641
0.252254528
0.262712985
0.273649347
0.282127363
0.286920376
0.287853848
0.285394585
0.280417444
0.273895561
0.267113954
0.25976866
0.251927608
0.243182235
0.235217447
0.232098824
0.235480072
0.239324821
0.231226374
0.208189043
0.201413136
0.267287179
0.377050167
0.38233901
0.286406436
0.946798828
0.924148862
0.909315326
0.877541515
0.832690263
0.784945635
0.739914718
0.694240733
0.642394076
0.585086795
0.522803122
0.45969378
0.400271331
0.347785763
0.304104672
0.26992601
0.245033414
0.228625723
0.219459938
0.216010869
0.218080809
0.224840778
0.233694103
0.240769566
0.239563385
0.224934267
0.202082587
0.198580403
0.262786617
0.372593426
0.383272114
0.286742565
1.00061
1.03016486
0.954722357
0.825834629
0.70891444
0.62624222
0.577043062
0.554809074
0.552861035
0.566889619
0.593148996
0.62551944
0.648645625
0.652829232
0.636042844
0.600871018
0.552433964
0.496762609
0.439592383
0.385469027
0.337493595
0.2970653
0.263682824
0.235352501
0.211538525
0.19372145
0.184543139
0.198618127
0.270280943
0.376575869
0.382110121
0.282807796
0.996567163
0.999517304
0.778441963
0.567501492
0.43282984
0.357600475
0.319253293
0.302093876
0.296284255
0.296866691
0.302999422
0.313779544
0.340249577
0.388287016
0.449931208
0.511367412
0.559146411
0.583930332
0.582101765
0.555491825
0.509807901
0.452682154
0.391699413
0.333158752
0.28260993
0.244520578
0.222823555
0.231286096
0.298043287
0.390448882
0.37838017
0.273261595
1.0064213
0.936810917
0.638012267
0.45094097
0.356942027
0.317817187
0.31251436
0.321576453
0.331312763
0.335674135
0.333670998
0.327167557
0.318173482
0.30933784
0.314817352
0.345062352
0.399713852
0.467216043
0.530043397
0.571807609
0.582634125
0.561196681
0.513559501
0.450285257
0.383515011
0.324320413
0.283607802
0.280517111
0.338152342
0.406921986
0.370051632
0.259797627
1.00947919
0.864833715
0.561323134
0.407483651
0.329984417
0.321776422
0.353565621
0.389265111
0.414047681
0.425825367
0.425261211
0.414203167
0.397135615
0.376847004
0.351866632
0.332241659
0.335145446
0.371578192
0.436733913
0.511410029
0.57156435
0.598801833
0.58641675
0.539714724
0.472344431
0.401578842
0.347865948
0.336971661
0.384094197
0.418198685
0.355583234
0.24023499
1.0126208
0.813288179
0.523771441
0.377634524
0.319532346
0.360283255
0.424662377
0.469132764
0.497133285
0.514326398
0.51671093
0.500274018
0.46879188
0.434523778
0.40146151
0.366846717
0.340144073
0.341613706
0.384036594
0.459496593
0.542379225
0.60317169
0.6221169
0.595733215
0.535457805
0.462850427
0.406464646
0.394326483
0.42684682
0.413971081
0.336642708
0.221845046
1.01457167
0.77844966
0.500106194
0.356905335
0.33693007
0.417927304
0.481360712
0.51192738
0.540628941
0.572430288
0.589657404
0.574943535
0.527181784
0.465881194
0.414236884
0.3706517
0.336696868
0.329027845
0.364634085
0.44134868
0.534890897
0.611876112
0.646546566
0.63097682
0.576154577
0.507708098
0.457349823
0.44636757
0.450534575
0.386632028
0.320351045
0.206558698
1.0132011
0.756993801
0.486409799
0.350823801
0.366871195
0.454778324
0.49282546
0.506855916
0.540985471
0.592836603
0.632742309
0.630935142
0.577481687
0.491661827
0.418544999
0.368090146
0.340927794
0.348245338
0.39803943
0.482451624
0.576222022
0.648119302
0.675813935
0.65521626
0.601171912
0.540536717
0.497769123
0.475270575
0.433559463
0.349927812
0.311249746
0.195093517
1.0081401
0.748235033
0.4832399
0.356149775
0.388443066
0.460455043
0.474345157
0.477092391
0.513674976
0.578861662
0.63976823
0.663161084
0.635765112
0.571738704
0.503713091
0.457985072
0.443407078
0.464812646
0.518971517
0.591555072
0.659506726
0.700147204
0.701230606
0.665971967
0.610398965
0.553765506
0.505296562
0.454901373
0.384804926
0.326469259
0.308158972
0.192686973
1.00192235
0.751612476
0.491112439
0.365290655
0.394200586
0.448911045
0.4468884
0.440059366
0.471178191
0.536189429
0.607609008
0.658499074
0.675663421
0.662254073
0.634537817
0.613433578
0.611706097
0.631247781
0.665600139
0.701746046
0.724457204
0.72236743
0.692743602
0.642026117
0.581418483
0.519775849
0.458580398
0.395546762
0.341182534
0.322886888
0.306517142
0.190348762
0.998113648
0.767094417
0.511668633
0.37600791
0.388482128
0.429798445
0.423076833
0.41112058
0.430636172
0.480952616
0.54367004
0.601309672
0.644709461
0.671472441
0.684441345
0.691663657
0.699599544
0.7090937
0.716228496
0.714499615
0.697979046
0.664199173
0.615375284
0.557239852
0.49621554
0.437112221
0.383807288
0.343290301
0.326610088
0.330088244
0.31067086
0.209319261
0.998019415
0.795323661
0.547481426
0.392774616
0.377771265
0.408889391
0.407449071
0.397179264
0.405781595
0.435492685
0.475816181
0.51663572
0.553363605
0.584116562
0.607183245
0.622095601
0.629246226
0.628253526
0.617866929
0.596879512
0.565287392
0.524971148
0.479528516
0.433407834
0.391017153
0.356529587
0.334252937
0.32774555
0.334758459
0.340272497
0.321732871
0.229102362
1.0013245
0.83549936
0.602659823
0.425813887
0.372281182
0.388168738
0.394743636
0.392935087
0.398642654
0.414209998
0.433750955
0.45070991
0.462638389
0.470363103
0.474764851
0.474858295
0.470242646
0.460580606
0.445833147
0.426561443
0.404136961
0.380659763
0.358642297
0.340637828
0.328953155
0.325311286
0.330031837
0.340534081
0.350385504
0.35148144
0.332659423
0.233504512
1.00593924
0.884334869
0.68036861
0.490008326
0.390087152
0.375191631
0.379176553
0.384373336
0.393853001
0.40650306
0.417638891
0.422269819
0.418185059
0.406808588
0.391509978
0.374776423
0.358565125
0.344219886
0.332441648
0.323561372
0.317776952
0.315287584
0.31632328
0.321061265
0.329361339
0.340261023
0.351430122
0.35925224
0.360106036
0.350566485
0.315713629
0.185860948
1.00870462
0.935293205
0.778706491
0.599810772
0.461214787
0.398722986
0.375875343
0.369579649
0.374713606
0.386704293
0.399845411
0.408501047
0.409014127
0.400933197
0.386636364
0.370096245
0.354391628
0.341944562
0.334062896
0.330994434
0.332213679
0.33678742
0.343635557
0.351580083
0.359188327
0.364595184
0.365663562
0.360706869
0.34912598
0.329495066
0.289831159
0.178830661
1.00731787
0.979017331
0.885908216
0.755558206
0.617167324
0.515983349
0.448959143
0.403723927
0.376904764
0.365226217
0.365019899
0.372020992
0.381054638
0.3875411
0.389065748
0.385975399
0.381477418
0.376965198
0.373432117
0.37127363
0.370356959
0.370170151
0.369991469
0.369003749
0.366415709
0.361710012
0.35507882
0.347889947
0.342707968
0.341566968
0.33657418
0.262654274
1.00294815
1.0062637
0.979228293
0.921350807
0.843360965
0.76674765
0.691049428
0.61430118
0.547400743
0.493563927
0.44813289
0.409674904
0.380503995
0.362143838
0.353378054
0.351006231
0.350331792
0.349812155
0.348695948
0.346960465
0.344499946
0.341204216
0.336921343
0.331483047
0.324778256
0.316927502
0.308775442
0.303170527
0.306118187
0.323299332
0.343317841
0.270778395
0.999700833
1.01060099
1.02548935
1.01512798
1.00137944
1.0161322
1.02809753
0.99919528
0.953696304
0.928946955
0.920979658
0.904363322
0.865443887
0.809389332
0.750201717
0.699450761
0.661849586
0.636772337
0.621440286
0.612297219
0.607375662
0.605391215
0.605632899
0.607814816
0.611921757
0.618239497
0.627818612
0.643255938
0.664951257
0.692075926
0.702973795
0.545872538
)
;

boundaryField
{
    inner_wall
    {
        type            zeroGradient;
    }
    outer_wall
    {
        type            fixedValue;
        value           uniform 0;
    }
    top
    {
        type            fixedValue;
        value           uniform 1;
    }
    bottom
    {
        type            inletOutlet;
        inletValue      uniform 0;
        value           nonuniform List<scalar> 
32
(
0
0
0
0
0
0
0
0
0
0
0
0
0
0
-0.00407628857
-0.00425978385
-0.00437964952
-0.0044479513
-0.00440004215
-0.00411092394
-0.00341945645
-0.00208818772
0.000295056989
0.00444356639
0.0113922366
0.0221503442
0.0366966094
0.0522843784
0.0618253779
0.0550086202
0.0280942383
0.00307437476
)
;
    }
    front
    {
        type            wedge;
    }
    back
    {
        type            wedge;
    }
}


// ************************************************************************* //
