/*--------------------------------*- C++ -*----------------------------------*\
| =========                 |                                                 |
| \\      /  F ield         | OpenFOAM: The Open Source CFD Toolbox           |
|  \\    /   O peration     | Version:  2506                                  |
|   \\  /    A nd           | Website:  www.openfoam.com                      |
|    \\/     M anipulation  |                                                 |
\*---------------------------------------------------------------------------*/
FoamFile
{
    version     2.0;
    format      ascii;
    arch        "LSB;label=32;scalar=64";
    class       volScalarField;
    location    "728";
    object      p;
}
// * * * * * * * * * * * * * * * * * * * * * * * * * * * * * * * * * * * * * //

dimensions      [0 2 -2 0 0 0 0];

internalField   nonuniform List<scalar> 
3072
(
-0.000123967123
-9.41514962e-05
-9.04856742e-05
-8.4451184e-05
-7.46945433e-05
-6.29698217e-05
-5.1020774e-05
-3.99856204e-05
-2.77742635e-05
-1.40153895e-05
-7.56289071e-06
-7.7602014e-06
-7.62206039e-06
-6.3104834e-06
-4.47206171e-06
-2.49542614e-06
-5.35748069e-07
1.32377048e-06
3.02535193e-06
4.5241696e-06
5.80684893e-06
7.01602057e-06
8.04228098e-06
8.74648481e-06
9.2723703e-06
9.66433733e-06
9.94256028e-06
1.01314686e-05
1.02633758e-05
1.03857557e-05
1.05658901e-05
1.08151502e-05
-0.000264310246
-0.000186451942
-0.000160138498
-0.000141512565
-0.00012347469
-0.000104850561
-8.64209616e-05
-6.86356811e-05
-5.08429486e-05
-3.39335763e-05
-2.18125157e-05
-1.44699764e-05
-8.57003143e-06
-3.29992275e-06
1.33038449e-06
5.32475719e-06
8.74332967e-06
1.16448594e-05
1.40880551e-05
1.61498023e-05
1.77775306e-05
1.9200293e-05
2.04184472e-05
2.12384415e-05
2.18513959e-05
2.23315511e-05
2.27115919e-05
2.30231446e-05
2.33042773e-05
2.36021209e-05
2.39473437e-05
2.42410433e-05
-0.000326423512
-0.000221780902
-0.000176574009
-0.000146112651
-0.000121669214
-0.000100771525
-8.23234134e-05
-6.56794508e-05
-5.03711626e-05
-3.65144754e-05
-2.47566606e-05
-1.50288726e-05
-6.70540105e-06
5.33407319e-07
6.82431357e-06
1.22634647e-05
1.69346e-05
2.09093014e-05
2.42732169e-05
2.72005685e-05
2.95866434e-05
3.14880726e-05
3.30811432e-05
3.43168966e-05
3.52851655e-05
3.60471766e-05
3.66468907e-05
3.71229977e-05
3.75126086e-05
3.78540993e-05
3.81780119e-05
3.84491784e-05
-0.000386213066
-0.000266915297
-0.000210788446
-0.000168760908
-0.000135762962
-0.000109664124
-8.78521445e-05
-6.89315377e-05
-5.21829064e-05
-3.72966934e-05
-2.41970705e-05
-1.27466813e-05
-2.72753487e-06
6.04070331e-06
1.36900895e-05
2.03248352e-05
2.60363757e-05
3.09109804e-05
3.50378573e-05
3.85008764e-05
4.14022379e-05
4.37573076e-05
4.56285309e-05
4.71510055e-05
4.83629429e-05
4.93169893e-05
5.00673558e-05
5.06622593e-05
5.11447721e-05
5.15568836e-05
5.19302102e-05
5.22252892e-05
-0.000442025866
-0.000315681373
-0.000246466526
-0.000194679115
-0.000154291433
-0.000122039739
-9.54369362e-05
-7.29137477e-05
-5.34570268e-05
-3.64587897e-05
-2.15556298e-05
-8.48069809e-06
2.98931937e-06
1.30324012e-05
2.17902499e-05
2.93829694e-05
3.59217835e-05
4.15133017e-05
4.6235349e-05
5.00707082e-05
5.32996314e-05
5.60634573e-05
5.82579184e-05
6.00107243e-05
6.14106173e-05
6.25242271e-05
6.34104049e-05
6.41220145e-05
6.47073883e-05
6.52150115e-05
6.56820937e-05
6.60573e-05
-0.000490655787
-0.000359350548
-0.000280091812
-0.000220370925
-0.000173455668
-0.000135075079
-0.000103461969
-7.69820162e-05
-5.44131598e-05
-3.4937685e-05
-1.8014045e-05
-3.25741432e-06
9.62023933e-06
2.08406093e-05
3.05810201e-05
3.89915397e-05
4.62062137e-05
5.23486554e-05
5.75292068e-05
6.18422123e-05
6.54205124e-05
6.83735378e-05
7.07719697e-05
7.27055497e-05
7.42586095e-05
7.55057409e-05
7.65131927e-05
7.73397164e-05
7.80398488e-05
7.86708364e-05
7.92764252e-05
7.97776241e-05
-0.000531925641
-0.000396359893
-0.000311284562
-0.000245353057
-0.000191929082
-0.000147979102
-0.000111621349
-8.11856809e-05
-5.53783064e-05
-3.32742055e-05
-1.42176854e-05
2.27287858e-06
1.6559979e-05
2.89245554e-05
3.9592645e-05
4.87540411e-05
5.65745068e-05
6.32033305e-05
6.87775737e-05
7.34250666e-05
7.72689097e-05
8.04237177e-05
8.29929185e-05
8.50733763e-05
8.67547705e-05
8.81187365e-05
8.92382538e-05
9.01778893e-05
9.09984743e-05
9.17666156e-05
9.25327552e-05
9.31833754e-05
-0.000566133084
-0.000427474353
-0.000338406839
-0.000267796739
-0.000209055456
-0.000160191495
-0.000119500759
-8.53394471e-05
-5.6398488e-05
-3.17026205e-05
-1.05252869e-05
7.68767691e-06
2.33649985e-05
3.68456151e-05
4.84055409e-05
5.82766939e-05
6.66600402e-05
7.37341046e-05
7.96606518e-05
8.45882091e-05
8.86543185e-05
9.1985904e-05
9.46995185e-05
9.69022272e-05
9.86919427e-05
0.00010015735
0.000101377525
0.000102422328
0.000103358417
0.000104261244
0.000105187295
0.000105987488
-0.000594147658
-0.000453436147
-0.000361224863
-0.000286858337
-0.00022398874
-0.000171080089
-0.00012666266
-8.91949794e-05
-5.74013984e-05
-3.02977638e-05
-7.12090945e-06
1.27310473e-05
2.97374319e-05
4.42859739e-05
5.66971908e-05
6.7242251e-05
7.6155899e-05
8.36453332e-05
8.98963274e-05
9.50772563e-05
9.93417427e-05
0.000102830104
0.000105670372
0.000107979176
0.000109862335
0.000111415153
0.000112722226
0.000113858105
0.000114894462
0.000115914282
0.000116979049
0.000117908771
-0.000616490769
-0.000474437615
-0.000379940447
-0.000302669388
-0.000236575265
-0.000180405895
-0.000132889512
-9.25998184e-05
-5.83168416e-05
-2.90717279e-05
-4.08823559e-06
1.7263428e-05
3.54977803e-05
5.10401918e-05
6.42476052e-05
7.54248459e-05
8.48364857e-05
9.27156593e-05
9.92701642e-05
0.000104686872
0.000109134674
0.000112766579
0.000115721157
0.000118123724
0.000120087242
0.000121712908
0.000123090138
0.000124297465
0.000125410609
0.000126518274
0.000127685717
0.000128710555
-0.000633726687
-0.000490848589
-0.000394799399
-0.000315366637
-0.000246804183
-0.000188073473
-0.000138060397
-9.54450206e-05
-5.90692273e-05
-2.79913027e-05
-1.43709688e-06
2.12363134e-05
4.05659783e-05
5.70041571e-05
7.09357879e-05
8.26926245e-05
9.2563989e-05
0.000100804961
0.000107642358
0.00011327919
0.000117897862
0.000121662578
0.000124721133
0.000127206382
0.000129237422
0.000130920426
0.000132348813
0.000133604347
0.000134765759
0.000135925479
0.000137151278
0.000138229017
-0.000646482959
-0.000503164183
-0.00040615037
-0.000325165925
-0.000254771463
-0.000194091008
-0.000142131511
-9.76639571e-05
-5.95903706e-05
-2.70000427e-05
8.70179198e-07
2.46665007e-05
4.49387571e-05
6.21570719e-05
7.67265733e-05
8.89993426e-05
9.92840468e-05
0.000107853293
0.000114949369
0.000120788545
0.000125564429
0.000129450511
0.000132602214
0.000135158565
0.000137243637
0.00013896756
0.000140426901
0.000141705903
0.000142885322
0.000144059354
0.000145297131
0.000146383833
-0.00065539555
-0.000511913887
-0.00041439877
-0.000332350265
-0.000260648039
-0.00019853787
-0.000145115302
-9.92260073e-05
-5.98247918e-05
-2.60323275e-05
2.89957082e-06
2.76145076e-05
4.86680682e-05
6.65412616e-05
8.16527708e-05
9.43691649e-05
0.000105013328
0.000113871094
0.000121196572
0.000127216301
0.000132132587
0.000136126147
0.000139358301
0.000141972821
0.000144097531
0.000145845506
0.000147315609
0.000148593878
0.000149762192
0.00015091479
0.000152121177
0.000153176072
-0.000661079481
-0.000517623644
-0.000419969927
-0.000337237116
-0.000264648566
-0.000201539472
-0.000147065378
-0.000100130126
-5.97332627e-05
-2.50242748e-05
4.72924467e-06
3.01651954e-05
5.18402341e-05
7.02411432e-05
8.57949291e-05
9.8877789e-05
0.000109822367
0.000118923846
0.000126444778
0.000132619122
0.000137655461
0.000141739734
0.000145037476
0.000147695807
0.000149845143
0.000151600541
0.0001530624
0.000154317935
0.000155449415
0.000156549701
0.000157687905
0.000158676761
-0.000664111741
-0.000520794791
-0.000423285369
-0.000340155681
-0.000267011358
-0.000203251083
-0.000148065418
-0.000100401591
-5.92958675e-05
-2.3922533e-05
6.43620802e-06
3.24111212e-05
5.45572491e-05
7.33635136e-05
8.92614409e-05
0.000102632969
0.000113816921
0.000123114509
0.000130793846
0.000137093773
0.000142227015
0.000146382905
0.000149729687
0.000152416571
0.000154575532
0.000156322772
0.000157759568
0.000158973806
0.000160047568
0.000161071294
0.000162113152
0.000163010146
-0.00066502164
-0.000521896356
-0.000424752648
-0.000341432665
-0.000267983215
-0.000203844772
-0.000148220278
-0.000100087701
-5.85124207e-05
-2.26891152e-05
8.08735417e-06
3.44404991e-05
5.69223383e-05
7.60216223e-05
9.21717049e-05
0.000105757392
0.000117120898
0.000126566842
0.000134366542
0.000140761629
0.000145967179
0.000150174391
0.000153552942
0.000156253071
0.000158407464
0.000160132772
0.000161530626
0.000162689179
0.000163689921
0.000164620193
0.000165546875
0.000166335153
-0.000664284282
-0.000521353628
-0.000424746613
-0.000341376462
-0.000267806125
-0.000203497683
-0.000147646801
-9.92514391e-05
-5.7399731e-05
-2.13024232e-05
9.73515687e-06
3.6329984e-05
5.90304552e-05
7.83238725e-05
9.46435959e-05
0.000108375316
0.000119862569
0.000129411426
0.000137294579
0.000143754843
0.000149008221
0.000153246579
0.00015664001
0.000159338966
0.000161476162
0.00016316818
0.000164516597
0.000165609548
0.000166527662
0.000167354841
0.000168156495
0.000168827721
-0.00066231254
-0.000519541794
-0.000423608236
-0.000340272657
-0.000266709403
-0.000202383926
-0.000146466435
-9.79659983e-05
-5.59883128e-05
-1.97563928e-05
1.14162027e-05
3.81409733e-05
6.09626799e-05
8.03665921e-05
9.6784986e-05
0.000110603133
0.000122164448
0.000131775069
0.000139707739
0.000146205277
0.000151483567
0.000155734252
0.000159127102
0.000161812168
0.000163921713
0.000165571876
0.000166863899
0.000167885688
0.000168716886
0.000169437869
0.000170112544
0.000170665771
-0.000659463237
-0.000516783542
-0.000421640469
-0.000338378591
-0.000264903846
-0.000200668615
-0.000144799726
-9.63101236e-05
-5.43189405e-05
-1.80584792e-05
1.31516546e-05
3.99185236e-05
6.27836686e-05
8.22301789e-05
9.86887815e-05
0.000112543486
0.00012413668
0.000133773613
0.000141726209
0.000148236475
0.000153519476
0.000157766023
0.000161145057
0.000163805823
0.000165879816
0.000167482486
0.000168714562
0.000169663595
0.000170408192
0.000171025341
0.000171577499
0.000172017686
-0.000656031753
-0.000513346009
-0.000419107596
-0.000335922246
-0.000262578487
-0.000198503286
-0.000142761406
-9.43632957e-05
-5.24385189e-05
-1.62262968e-05
1.49495878e-05
4.16927083e-05
6.45417578e-05
8.39781473e-05
0.000100431097
0.000114282699
0.00012587372
0.000135507978
0.000143456068
0.000149958694
0.000155229671
0.000159458612
0.00016281333
0.000165442024
0.000167475241
0.00016902761
0.000170199247
0.000171077276
0.000171739297
0.000172259177
0.000172698053
0.000173034467
-0.000652250179
-0.0005094695
-0.000416223677
-0.00033309821
-0.000259900645
-0.000196023899
-0.00014045644
-9.22011648e-05
-5.03954988e-05
-1.42831873e-05
1.68095624e-05
4.34830659e-05
6.62708665e-05
8.56567263e-05
0.00010207088
0.000115890391
0.000127453557
0.000137062843
0.000144987444
0.000151466567
0.00015671257
0.000160913697
0.000164236499
0.000166828026
0.000168817804
0.000170319589
0.000171432849
0.000172244252
0.000172830455
0.000173262566
0.000173600568
0.000173845263
-0.000648310715
-0.0005055446
-0.000413024483
-0.0003300169
-0.000257005781
-0.000193346094
-0.000137975035
-8.98906733e-05
-4.823476e-05
-1.22525252e-05
1.87296559e-05
4.53076668e-05
6.79945048e-05
8.72924146e-05
0.000103648707
0.000117418593
0.000128936851
0.000138505744
0.000146393496
0.000152837903
0.000158049879
0.000162216308
0.00016550248
0.000168054299
0.00017000028
0.000171453327
0.000172512264
0.000173263303
0.000173782256
0.000174137857
0.000174389121
0.000174555623
-0.000644359408
-0.000501786273
-0.00040959533
-0.000326788629
-0.000254004184
-0.000190565383
-0.000135395495
-8.74939422e-05
-4.60041175e-05
-1.01717115e-05
2.06748025e-05
4.71285736e-05
6.9722207e-05
8.89471909e-05
0.000105225778
0.000118923291
0.000130379668
0.000139895201
0.000147735687
0.000154137079
0.000159308731
0.000163436104
0.000166683197
0.000169194781
0.000171098389
0.000172506091
0.000173516088
0.000174214158
0.000174675373
0.000174966473
0.00017514561
0.0001752479
-0.000640496573
-0.000498120584
-0.000406182728
-0.000323535543
-0.000250977353
-0.000187754203
-0.000132779885
-8.50592114e-05
-4.37374641e-05
-8.06493365e-06
2.26379289e-05
4.89658301e-05
7.14747437e-05
9.06221765e-05
0.00010680599
0.000120422353
0.00013181058
0.00014126718
0.000149055601
0.00015541019
0.000160538879
0.00016462582
0.000167833861
0.000170306725
0.000172170916
0.000173537882
0.000174505278
0.000175158373
0.000175571653
0.000175810274
0.000175931433
0.000175982546
-0.000636799132
-0.000494584899
-0.000402826959
-0.000320371279
-0.000247994622
-0.000184959534
-0.000130166738
-8.26134023e-05
-4.14417515e-05
-5.94944834e-06
2.4629842e-05
5.08464662e-05
7.32414958e-05
9.22813501e-05
0.000108380346
0.000121923981
0.000133247278
0.000142645903
0.000150382606
0.000156690727
0.000161777111
0.000165824919
0.000168996238
0.000171433868
0.000173261129
0.000174591729
0.000175523787
0.000176140248
0.000176515222
0.000176712941
0.000176789658
0.000176800649
-0.000633315612
-0.000491226548
-0.000399595463
-0.000317332413
-0.000245110925
-0.000182230678
-0.000127597239
-8.02024743e-05
-3.91864027e-05
-3.79723708e-06
2.66453031e-05
5.27494359e-05
7.50337651e-05
9.39656197e-05
0.000109982228
0.000123454754
0.000134714274
0.000144056044
0.000151742249
0.000158005314
0.000163051117
0.000167061876
0.000170198661
0.000172603598
0.000174401791
0.000175703507
0.000176605467
0.000177192238
0.000177537437
0.000177704264
0.000177748682
0.000177731962
-0.000630068121
-0.000488069851
-0.000396542767
-0.000314419539
-0.000242330599
-0.000179586257
-0.000125091366
-7.78331536e-05
-3.69480196e-05
-1.67721371e-06
2.86565396e-05
5.4661528e-05
7.68373569e-05
9.56691509e-05
0.00011161174
0.000125019533
0.00013622026
0.000145509333
0.000153148702
0.000159370115
0.000164378707
0.000168355984
0.000171462339
0.000173839315
0.000175611631
0.000176888969
0.000177767659
0.000178332091
0.000178655532
0.000178800542
0.000178822805
0.000178787447
-0.000627059843
-0.00048512215
-0.000393675019
-0.000311654952
-0.00023967432
-0.000177043939
-0.000122665529
-7.55225961e-05
-3.47488131e-05
4.17475215e-07
3.06590644e-05
5.65749621e-05
7.86533303e-05
9.73992051e-05
0.000113276374
0.000126625799
0.000137773246
0.000147014493
0.000154611383
0.000160795165
0.000165770413
0.000169718089
0.000172798082
0.000175151466
0.000176902531
0.000178160608
0.000179021726
0.000179570023
0.000179878512
0.000180009361
0.000180018043
0.000179971708
-0.000624280805
-0.000482378873
-0.000390988417
-0.000309043553
-0.000237147917
-0.000174609269
-0.000120325965
-7.32785768e-05
-3.25988053e-05
2.47641322e-06
3.2633254e-05
5.84774967e-05
8.04889671e-05
9.91672907e-05
0.000114983394
0.000128278243
0.000139377192
0.000148575461
0.000156134405
0.000162284813
0.000167230804
0.000171152898
0.000174210566
0.000176544506
0.000178278669
0.00017952209
0.000180370549
0.000180907975
0.000181207196
0.000181330164
0.00018133221
0.000181281054
-0.000621711819
-0.0004798261
-0.000388472287
-0.000306579239
-0.000234747432
-0.000172279851
-0.000118071647
-7.11012043e-05
-3.04988683e-05
4.49852684e-06
3.4577866e-05
6.03552454e-05
8.23330721e-05
0.00010097699
0.000116735219
0.000129977135
0.000141031578
0.000150191601
0.0001577172
0.000163838588
0.000168759472
0.000172659984
0.000175699239
0.000178017622
0.000179738811
0.000180971603
0.000181811571
0.000182342472
0.000182636998
0.000182757026
0.000182757795
0.000182706523
-0.000619328214
-0.000477443878
-0.000386110475
-0.000304249511
-0.000232462794
-0.00017004724
-0.000115894841
-6.89820689e-05
-2.84371753e-05
6.50472426e-06
3.65269722e-05
6.22289081e-05
8.4164193e-05
0.000102790974
0.000118507063
0.000131707206
0.000142725764
0.000151854739
0.000159353152
0.000165450861
0.000170351356
0.000174234541
0.000177259308
0.000179565833
0.000181277605
0.000182503253
0.000183338197
0.000183866056
0.000184159435
0.000184280239
0.000184283663
0.000184235665
-0.000617103037
-0.000475209344
-0.000383883965
-0.000302038897
-0.000230281672
-0.000167901946
-0.000113788608
-6.69165547e-05
-2.64116574e-05
8.49334877e-06
3.84763324e-05
6.41158109e-05
8.5998491e-05
0.000104600328
0.000120288994
0.000133460961
0.000144453309
0.000153558691
0.00016103614
0.000167115492
0.000172000204
0.000175870112
0.000178884015
0.000181181982
0.000182887399
0.00018410879
0.000184941469
0.000185468955
0.000185763805
0.000185888024
0.000185896792
0.000185854335
-0.000615009042
-0.000473098674
-0.000381772573
-0.000299930492
-0.000228190697
-0.000165834228
-0.000111747123
-6.49035139e-05
-2.44281938e-05
1.04469177e-05
4.03985685e-05
6.60078066e-05
8.78586635e-05
0.000106428409
0.00012209129
0.000135241352
0.000146213626
0.000155300697
0.000162761861
0.000168827058
0.000173699745
0.000177559728
0.000180565764
0.000182857875
0.000184559387
0.000185778761
0.000186611243
0.000187140273
0.000187438392
0.000187567749
0.000187583531
0.000187547964
-0.000613019759
-0.0004710882
-0.000379755841
-0.000297906432
-0.000226174982
-0.000163832046
-0.000109760893
-6.29356693e-05
-2.24810106e-05
1.23711552e-05
4.22996888e-05
6.7900235e-05
8.97385364e-05
0.000108273356
0.000123907322
0.000137041709
0.000148000435
0.000157074406
0.000164523627
0.000170578447
0.000175442415
0.00017929536
0.000182296053
0.000184584513
0.000186284051
0.0001875031
0.000188336864
0.000188868732
0.000189171245
0.000189306727
0.00018933038
0.000189302332
-0.000611110478
-0.000469155499
-0.000377814209
-0.000295949146
-0.000224219648
-0.000161883063
-0.000107819851
-6.10049485e-05
-2.0563287e-05
1.42731073e-05
4.41859588e-05
6.97848109e-05
9.16200824e-05
0.000110129429
0.000125739608
0.000138862458
0.000149811302
0.000158875642
0.000166316111
0.000172363414
0.000177221196
0.000181069325
0.000184066601
0.000186353063
0.000188052028
0.000189271921
0.000190107919
0.000190643378
0.000190950857
0.000191092856
0.000191124601
0.000191104141
-0.00060925896
-0.000467280133
-0.000375929783
-0.000294042089
-0.000222310543
-0.000159975306
-0.000105913833
-5.91026205e-05
-1.86668807e-05
1.6161845e-05
4.60663865e-05
7.1658457e-05
9.34857951e-05
0.000111986341
0.000127588356
0.000140702164
0.000151642559
0.000160699464
0.000168133537
0.000174175493
0.000179029013
0.000182874005
0.000185869301
0.000188154962
0.000189854317
0.000191075793
0.000191914553
0.000192453931
0.000192766507
0.000192914963
0.000192954533
0.000192941302
-0.000607445969
-0.0004654442
-0.000374086959
-0.000292170359
-0.000220435121
-0.000158098353
-0.000104034334
-5.72221097e-05
-1.67874113e-05
1.80388197e-05
4.79399568e-05
7.35276761e-05
9.53482858e-05
0.000113844784
0.000129444471
0.00014255268
0.000153487393
0.000162539395
0.000169969324
0.000176007875
0.000180858782
0.000184702014
0.00018769645
0.000189982187
0.000191682575
0.000192906053
0.00019374778
0.000194291076
0.000194608555
0.000194763061
0.000194809828
0.000194803138
-0.000605655501
-0.0004636326
-0.000372272716
-0.000290320843
-0.000218582595
-0.00015624319
-0.000102173897
-5.53575453e-05
-1.49206646e-05
1.9906396e-05
4.98074507e-05
7.5393737e-05
9.72096276e-05
0.000115704147
0.00013130429
0.000144409737
0.000155341304
0.000164390547
0.000171818152
0.000177854837
0.000182704414
0.000186546925
0.000189541309
0.000191827702
0.000193529485
0.000194755116
0.000195599757
0.000196146724
0.000196468665
0.000196628569
0.000196681641
0.000196680572
-0.000603874817
-0.000461833181
-0.000370476786
-0.000288482214
-0.00021674429
-0.00015440241
-0.000100326324
-5.35040685e-05
-1.30631173e-05
2.17667507e-05
5.16696799e-05
7.72564378e-05
9.90699597e-05
0.00011756448
0.000133166475
0.00014627091
0.00015720108
0.000166249103
0.000173675705
0.000179711646
0.000184560817
0.000188403333
0.000191398191
0.00019368557
0.000195388884
0.000196616609
0.000197463918
0.000198014126
0.000198339916
0.000198504399
0.000198562722
0.000198566194
-0.00060209429
-0.000460036914
-0.000368691221
-0.00028664494
-0.000214913827
-0.000152570045
-9.8486565e-05
-5.16577251e-05
-1.12118297e-05
2.36218932e-05
5.35278105e-05
7.91162593e-05
0.000100929191
0.000119425012
0.000135029576
0.00014813416
0.000159064139
0.000168112013
0.000175538537
0.000181574513
0.000186423903
0.00019026689
0.000193262521
0.000195551016
0.000197255819
0.000198485425
0.000199335017
0.000199887915
0.000200216836
0.000200384982
0.000200447409
0.000200454258
-0.000600307005
-0.000458237908
-0.000366905954
-0.00028480533
-0.000213087107
-0.000150741147
-9.6650613e-05
-4.98154513e-05
-9.36450275e-06
2.54734402e-05
5.53828492e-05
8.09736948e-05
0.000102787257
0.000121285062
0.000136892451
0.000149997985
0.000160928586
0.000169977027
0.000177404086
0.000183440605
0.000188290605
0.000192134324
0.000195130852
0.000197420442
0.000199126565
0.000200357731
0.000201209135
0.000201764103
0.000202095379
0.000202266211
0.000202331527
0.00020234068
-0.000598508013
-0.000456431671
-0.000365098177
-0.000282979081
-0.000211262115
-0.00014891223
-9.48158098e-05
-4.79751345e-05
-7.51947328e-06
2.7322596e-05
5.72355756e-05
8.2829159e-05
0.000104644139
0.000123144173
0.000138754364
0.000151861409
0.000162793181
0.00017184265
0.000179270632
0.000185308003
0.00019015883
0.000194003393
0.000197000816
0.000199291378
0.000200998566
0.000202230909
0.000203083606
0.00020364
0.000203972844
0.000204145322
0.000204212094
0.000204223365
-0.000596696385
-0.00045461689
-0.000363280295
-0.000281153727
-0.000209434681
-0.000147081019
-9.29801321e-05
-4.61350813e-05
-5.67541687e-06
2.91703214e-05
5.90866284e-05
8.46830176e-05
0.000106499886
0.000125002176
0.000140615048
0.000153724018
0.000164657333
0.000173708126
0.000181137265
0.000187175662
0.000192027416
0.000195872837
0.000198871071
0.000201162416
0.000202870373
0.000204103476
0.000204956935
0.000205514097
0.000205847723
0.000206020955
0.000206088275
0.000206100494
-0.000594872524
-0.000452793171
-0.000361454922
-0.000279328186
-0.000207604398
-0.000145247167
-9.1143021e-05
-4.42947156e-05
-3.83182596e-06
3.10170017e-05
6.0936213e-05
8.65351772e-05
0.000108354189
0.000126859138
0.000142474912
0.000155586047
0.000166521081
0.000175573364
0.000183003802
0.000189043319
0.000193896035
0.000197742276
0.000200741202
0.000203033118
0.000204741532
0.000205974986
0.000206828688
0.000207385989
0.000207719647
0.000207892822
0.000207960085
0.000207971973
-0.000593038242
-0.000450962326
-0.000359621629
-0.000277503566
-0.000205772197
-0.000143411479
-8.93051955e-05
-4.24545925e-05
-1.98912442e-06
3.28622929e-05
6.27839191e-05
8.83847042e-05
0.00011020528
0.000128714971
0.000144335809
0.000157448894
0.000168385309
0.000177439011
0.000184870781
0.000190911453
0.000195765132
0.000199612142
0.000202611638
0.000204903926
0.000206612512
0.000207845935
0.000208699408
0.000209256272
0.000209589281
0.000209761651
0.000209828197
0.000209838678
-0.000591196411
-0.000449127143
-0.000357773101
-0.00027568913
-0.000203941469
-0.000141576029
-8.74683713e-05
-4.06159404e-05
-1.48011004e-07
3.47061194e-05
6.46305207e-05
9.02331608e-05
0.000112052989
0.000130568117
0.000146197263
0.000159312741
0.000170250461
0.000179305672
0.000186738948
0.000192780931
0.000197635671
0.000201483478
0.000204483498
0.000206776025
0.00020848456
0.000209717641
0.000210570479
0.000211126415
0.00021145819
0.000211629038
0.00021169395
0.00021170261
-0.000589352335
-0.000447292215
-0.000355922816
-0.000273877779
-0.000202115022
-0.000139743759
-8.56346945e-05
-3.87802756e-05
1.69063851e-06
3.65483876e-05
6.64770159e-05
9.20831433e-05
0.00011390074
0.000132418465
0.000148056383
0.000161176092
0.000172116322
0.000181173825
0.0001886092
0.000194652946
0.000199509072
0.000203357882
0.000206358517
0.000208651267
0.000210359633
0.000211592154
0.000212444047
0.000212998659
0.000213328713
0.000213497397
0.0002135598
0.00021356641
-0.000587512576
-0.000445462957
-0.000354082573
-0.000272068749
-0.000200295887
-0.000137918532
-8.38072616e-05
-3.69500668e-05
3.52476984e-06
3.83872077e-05
6.83211725e-05
9.39320405e-05
0.000115749588
0.000134269825
0.000149915525
0.00016304068
0.000173984649
0.000183045354
0.000190483535
0.000196529614
0.000201387568
0.000205237699
0.000208239149
0.000210532211
0.000212240389
0.000213472231
0.000214322966
0.000214875953
0.000215203904
0.000215369941
0.000215429229
0.000215433191
-0.000585684572
-0.000443645958
-0.000352258593
-0.000270268555
-0.000198488417
-0.000136104609
-8.19896809e-05
-3.51282107e-05
5.35205066e-06
4.02206183e-05
7.01610683e-05
9.57777418e-05
0.000117598445
0.00013612412
0.000151778164
0.000164909375
0.000175857962
0.00018492274
0.000192364506
0.00019841359
0.00020327393
0.000207125819
0.000210128404
0.000212421982
0.000214130069
0.000215361225
0.000216210702
0.000216761877
0.000217087457
0.000217250494
0.000217306213
0.000217307037
-0.000583876699
-0.000441849006
-0.000350457151
-0.000268484655
-0.000196697892
-0.000134306562
-8.01857712e-05
-3.33176645e-05
7.17038841e-06
4.20474344e-05
7.19966205e-05
9.76212915e-05
0.000119447647
0.000137981019
0.000153644908
0.0001667835
0.000177738061
0.000186808167
0.000194254616
0.000200307645
0.000205171155
0.00020902544
0.000212029655
0.000214324114
0.000216032352
0.000217262957
0.000218111209
0.000218660519
0.000218983596
0.000219143423
0.000219195271
0.000219192613
-0.000582098139
-0.000440080686
-0.000348685375
-0.000266724675
-0.000194930289
-0.000132529393
-7.83996871e-05
-3.15216878e-05
8.97740631e-06
4.38661386e-05
7.3827175e-05
9.94628738e-05
0.000121297926
0.000139841429
0.00015551685
0.000168664571
0.000179626931
0.00018870402
0.000196156592
0.000202214798
0.000207082519
0.00021094006
0.000213946602
0.000216242487
0.000217951288
0.000219181634
0.00022002885
0.000220576393
0.000220896987
0.000221053552
0.000221101399
0.000221095077
-0.000580358708
-0.000438350123
-0.000346951037
-0.0002649964
-0.000193192006
-0.000130778431
-7.6635824e-05
-2.97437398e-05
1.0770569e-05
4.56750771e-05
7.56519343e-05
0.000101302593
0.000123150299
0.00014170654
0.000157395007
0.000170553958
0.000181526524
0.000190612742
0.000198073266
0.000204138212
0.00020901147
0.000212873378
0.00021588316
0.000218181217
0.000219891178
0.000221121733
0.000221968274
0.000222514321
0.000222832628
0.000222986063
0.000223029979
0.000223019995
-0.00057866864
-0.000436666745
-0.000345262285
-0.000263307645
-0.000191489615
-0.00012905915
-7.48986813e-05
-2.79873431e-05
1.25473369e-05
4.74727186e-05
7.74705229e-05
0.000103141672
0.000125007708
0.000143577607
0.000159278503
0.000172451762
0.000183438214
0.000192536535
0.000200007388
0.000206081051
0.000210961507
0.000214829169
0.000217843347
0.000220144533
0.00022185645
0.000223087877
0.000223934295
0.000224479309
0.000224795725
0.000224946378
0.000224986667
0.000224973237
-0.000577038295
-0.000435040006
-0.000343627348
-0.000261666061
-0.000189829626
-0.000127377023
-7.31928086e-05
-2.62561723e-05
1.43048742e-05
4.92570098e-05
7.92816212e-05
0.000104979687
0.000126871225
0.000145456428
0.000161168906
0.000174359934
0.000185364469
0.000194478301
0.000201962181
0.00020804679
0.000212936321
0.000216811323
0.000219831237
0.000222136692
0.00022385154
0.000225084687
0.000225931729
0.000226476383
0.000226791527
0.000226939993
0.000226977236
0.000226960827
-0.000575477774
-0.000433479013
-0.00034205417
-0.000260078839
-0.000188218198
-0.000125737279
-7.15226663e-05
-2.4554066e-05
1.60397517e-05
5.10245222e-05
8.10808987e-05
0.000106810534
0.000128736705
0.000147348482
0.000163075424
0.000176283874
0.000187309447
0.000196441966
0.000203941493
0.000210039238
0.000214939737
0.000218823723
0.000221850809
0.000224161792
0.000225880695
0.000227116578
0.000227965185
0.000228510365
0.000228825097
0.000228972245
0.000229007338
0.000228988703
-0.000573996438
-0.000431992067
-0.000340549947
-0.000258552269
-0.000186660626
-0.000124144308
-6.9891829e-05
-2.28838766e-05
1.77497342e-05
5.27735189e-05
8.28669202e-05
0.000108632584
0.000130601878
0.00014925332
0.000165000377
0.000178226591
0.00018927637
0.000198430632
0.000205948392
0.000212061501
0.000216974924
0.000220869627
0.000223905428
0.000226223334
0.000227947572
0.000229187391
0.000230038711
0.000230585538
0.000230900981
0.00023104798
0.000231082161
0.000231062368
-0.000572602428
-0.000430586187
-0.000339120702
-0.000257091283
-0.00018516093
-0.000122601273
-6.8302616e-05
-2.124709e-05
1.94341938e-05
5.4504517e-05
8.46420724e-05
0.000110449425
0.000132462589
0.000151159471
0.000166940835
0.000180193508
0.000191270009
0.000200447688
0.000207985675
0.000214116179
0.000219044413
0.000222951561
0.000225997674
0.000228323999
0.000230054993
0.000231300124
0.000232155513
0.000232705348
0.000233022897
0.000233171231
0.000233206097
0.000233186533
-0.000571302176
-0.000429266617
-0.000337770892
-0.000255699025
-0.000183721517
-0.000121109935
-6.67561106e-05
-1.96441291e-05
2.10933554e-05
5.62184799e-05
8.64083743e-05
0.000112264431
0.000134322091
0.000153065808
0.000168893781
0.000182183769
0.000193290016
0.000202493153
0.000210053673
0.000216203854
0.000221148988
0.00022507049
0.000228128687
0.000230465106
0.00023220447
0.000233456504
0.000234317557
0.000234872026
0.000235193369
0.000235344852
0.000235382368
0.000235364752
-0.000570099881
-0.000428036219
-0.000336503048
-0.000254376322
-0.000182342826
-0.000119670432
-6.52520513e-05
-1.80743644e-05
2.2728132e-05
5.79164146e-05
8.81667303e-05
0.000114079413
0.000136188308
0.000154980019
0.000170856842
0.000184190803
0.000195331697
0.000204564183
0.000212150509
0.000218323177
0.000223287664
0.000227225709
0.000230297997
0.000232646401
0.000234395969
0.000235656726
0.00023652529
0.000237086297
0.000237413434
0.000237570231
0.000237612751
0.000237599142
-0.000568996835
-0.000426894695
-0.000335317976
-0.000253120718
-0.000181022801
-0.000118281153
-6.37887004e-05
-1.65358956e-05
2.43403905e-05
5.95997759e-05
8.99177669e-05
0.000115893864
0.000138060353
0.000156903456
0.000172832421
0.000186214938
0.000197394048
0.000206659377
0.000214274581
0.000220472396
0.000225458594
0.000229415332
0.000232503732
0.000234866074
0.000236627789
0.000237899261
0.000238777393
0.00023934709
0.00023968232
0.000239846958
0.000239897254
0.000239890071
-0.000567990671
-0.000425838191
-0.000334216896
-0.000251921973
-0.000179753999
-0.000116937329
-6.23614254e-05
-1.50244121e-05
2.59318923e-05
6.12706653e-05
9.16631977e-05
0.00011770845
0.000139937696
0.000158835946
0.00017482117
0.000188255901
0.000199475316
0.000208776177
0.000216422846
0.000222648104
0.000227658096
0.000231635494
0.00023474194
0.00023712023
0.000238896215
0.000240180444
0.000241070451
0.000241651353
0.000241997323
0.000242172699
0.000242233928
0.00024223592
-0.000567074494
-0.00042486014
-0.000333197649
-0.000250757119
-0.000178519668
-0.000115625541
-6.09573398e-05
-1.35306595e-05
2.74935658e-05
6.29252607e-05
9.34011618e-05
0.000119522461
0.000141820484
0.000160775622
0.000176819022
0.000190309712
0.000201571475
0.000210910224
0.000218590519
0.000224845156
0.000229880764
0.000233880628
0.000237007036
0.000239403612
0.000241196633
0.000242492773
0.000243396472
0.000243991931
0.00024435189
0.000244541357
0.000244616992
0.000244631085
-0.000566234217
-0.000423947528
-0.000332189321
-0.00024968256
-0.000177347356
-0.000114348073
-5.95817304e-05
-1.20568713e-05
2.90811636e-05
6.45933229e-05
9.51495564e-05
0.00012134847
0.000143718991
0.000162726326
0.000178821376
0.00019237036
0.000203677573
0.000213055691
0.000220770607
0.000227055592
0.000232117825
0.000236141243
0.000239288694
0.000241704082
0.000243514257
0.000244830668
0.000245751626
0.000246362886
0.000246739275
0.000246946174
0.000247040802
0.000247072488
-0.000565449122
-0.00042307856
-0.000331186938
-0.000248646688
-0.000176188145
-0.000113071693
-5.82026893e-05
-1.05795611e-05
3.06553922e-05
6.62568152e-05
9.68969033e-05
0.000123175128
0.000145621842
0.000164684128
0.000180829215
0.00019443536
0.000205788086
0.000215205091
0.000222954233
0.000229269482
0.0002343586
0.000238406179
0.000241575705
0.000244011642
0.00024584141
0.000247177165
0.000248117323
0.00024874803
0.000249144552
0.000249372969
0.000249491281
0.000249544765
-0.00056469294
-0.000422224967
-0.000330205441
-0.000247589481
-0.000175014338
-0.000111784428
-5.68111864e-05
-9.08908525e-06
3.22398922e-05
6.7928668e-05
9.86470516e-05
0.000124995722
0.000147522645
0.000166664434
0.00018285827
0.000196501646
0.000207895221
0.000217348659
0.000225129812
0.000231473585
0.000236588485
0.000240659736
0.000243851451
0.000246308697
0.000248159443
0.000249516318
0.000250478155
0.000251131398
0.000251551702
0.000251806044
0.000251952975
0.000252031647
-0.000563927412
-0.0004213481
-0.000329201243
-0.00024648774
-0.000173798769
-0.000110458884
-5.5383063e-05
-7.56425456e-06
3.38558395e-05
6.96298832e-05
0.00010042729
0.000126845757
0.000149431549
0.000168630616
0.000184866094
0.00019854107
0.000209974939
0.000219464642
0.000227276646
0.000233647441
0.000238786817
0.000242880874
0.000246094462
0.000248573316
0.000250445997
0.000251825636
0.000252811462
0.000253490215
0.000253937979
0.000254222752
0.000254403568
0.00025451212
-0.000563101966
-0.000420402891
-0.000328124177
-0.000245305809
-0.000172506687
-0.000109062727
-5.38912844e-05
-5.98421377e-06
3.55175287e-05
7.13675881e-05
0.000102236828
0.000128717651
0.000151330877
0.000170563127
0.000186849512
0.000200558696
0.000212024355
0.000221542269
0.000229378979
0.000235771973
0.000240932057
0.000245046172
0.000248279888
0.000250779576
0.000252674355
0.000254077824
0.000255089568
0.000255796584
0.000256275376
0.000256595048
0.000256815107
0.000256958715
-0.000562152605
-0.000419361306
-0.000326903474
-0.000243993173
-0.00017109724
-0.000107559556
-5.23054341e-05
-4.32628858e-06
3.7238398e-05
7.31427253e-05
0.000104057709
0.000130577317
0.000153222137
0.000172497598
0.000188825154
0.000202553595
0.000214033174
0.000223565135
0.000231415906
0.000237822891
0.000242997346
0.000247126792
0.000250377353
0.000252895906
0.000254812021
0.000256239675
0.000257278731
0.000258016372
0.000258529489
0.000258888369
0.000259152976
0.00025933674
-0.000561015658
-0.000418291799
-0.000325368822
-0.00024246188
-0.000169515829
-0.000105902848
-5.05851383e-05
-2.55666179e-06
3.90468914e-05
7.49812792e-05
0.000105918116
0.000132455032
0.00015512556
0.000174417076
0.000190745723
0.000204479013
0.000215962325
0.000225497777
0.000233352688
0.000239765109
0.000244946878
0.000249086073
0.000252349322
0.000254883945
0.000256819887
0.000258271429
0.000259338626
0.000260108766
0.000260659086
0.000261061115
0.000261375258
0.000261603979
-0.000559603161
-0.000416989963
-0.000323543846
-0.000240666096
-0.00016770187
-0.000104040174
-4.86874546e-05
-6.40984348e-07
4.09691817e-05
7.69022594e-05
0.000107832159
0.000134359383
0.000157019462
0.000176290789
0.000192597026
0.000206315888
0.000217786411
0.000227310315
0.000235156056
0.000241562562
0.000246742254
0.00025088367
0.000254153825
0.000256700358
0.000258653465
0.000260127605
0.00026122291
0.000262026658
0.000262616361
0.000263064819
0.000263432851
0.000263710779
-0.000557823218
-0.000415296991
-0.000321382295
-0.000238543032
-0.000165586095
-0.000101912018
-4.65647839e-05
1.45719367e-06
4.30307734e-05
7.89198434e-05
0.000109801422
0.000136278576
0.000158888549
0.000178109977
0.000194369038
0.000208045604
0.000219478586
0.00022897006
0.00023678905
0.000243174927
0.000248340422
0.000252474294
0.00025574372
0.000258296439
0.000260262702
0.000261756967
0.000262879275
0.000263716747
0.000264347058
0.000264844269
0.000265269563
0.000265600093
-0.000555571711
-0.000413107492
-0.000318786768
-0.000236006576
-0.000163092334
-9.94540233e-05
-4.41651118e-05
3.77786471e-06
4.52601511e-05
8.10516085e-05
0.000111833406
0.000138211845
0.000160726645
0.000179858234
0.000196034371
0.000209636109
0.000221002994
0.000230437486
0.000238208835
0.000244556509
0.000249693236
0.000253807697
0.000257066934
0.000259618515
0.00026159249
0.000263103082
0.000264250035
0.000265120126
0.000265791047
0.000266338055
0.000266822611
0.000267207935
-0.000552728914
-0.000410310635
-0.000315651117
-0.000232961715
-0.000160139039
-9.65979112e-05
-4.14335241e-05
6.36272342e-06
4.768628e-05
8.33145552e-05
0.000113934152
0.000140155541
0.000162521587
0.000181514968
0.000197565013
0.000211053762
0.000222321248
0.000231670054
0.000239369307
0.000245658189
0.000250749024
0.000254830021
0.000258067712
0.000260609138
0.000262583826
0.000264105472
0.000265273266
0.00026617341
0.000266883435
0.000267479653
0.000268023666
0.000268464334
-0.000549162625
-0.000406784232
-0.000311861434
-0.000229307457
-0.000156639728
-9.32718662e-05
-3.83129232e-05
9.25443344e-06
5.03380649e-05
8.57247816e-05
0.00011610809
0.000142103666
0.000164258166
0.000183056846
0.000198930619
0.00021226232
0.00022339215
0.000232622414
0.000240221649
0.000246428242
0.000251453604
0.000255484972
0.000258687892
0.000261208441
0.000263175219
0.000264701044
0.000265884231
0.000266810155
0.000267555988
0.000268198894
0.000268800116
0.000269293387
-0.000544730523
-0.000402397174
-0.000307296768
-0.000224937664
-0.000152504157
-8.94017461e-05
-3.4745201e-05
1.2495586e-05
5.32434851e-05
8.82968334e-05
0.000118357666
0.000144047959
0.000165918795
0.000184458256
0.000200098772
0.000213223672
0.000224172879
0.000233247863
0.000240715955
0.000246814108
0.000251752182
0.000255715824
0.00025886902
0.000261356352
0.000263305021
0.000264826539
0.000266017985
0.000266963602
0.000267740002
0.000268425001
0.000269078443
0.000269615493
-0.000539282176
-0.000397011525
-0.000301831054
-0.000219742745
-0.000147640026
-8.49126922e-05
-3.06726497e-05
1.61275176e-05
5.64286878e-05
9.10431001e-05
0.000120683073
0.000145978007
0.000167483994
0.000185692079
0.000201036013
0.00021389917
0.000224620573
0.000233500137
0.000240803207
0.000246764508
0.000251591565
0.000255467701
0.000258554645
0.000260994855
0.000262913566
0.000264420495
0.000265611068
0.000266567943
0.000267366441
0.000268084588
0.000268784871
0.000269376586
-0.00053266141
-0.000390484729
-0.000295335463
-0.000213611783
-0.000141955024
-7.97309806e-05
-2.60395695e-05
2.01890142e-05
5.99170461e-05
9.3973271e-05
0.000123082129
0.000147881548
0.000168933105
0.000186730799
0.000201709315
0.000214251427
0.000224694444
0.000233335806
0.000240437917
0.000246232312
0.000250923267
0.000254690907
0.000257693914
0.000260071902
0.000261947503
0.000263428084
0.000264606955
0.000265564883
0.000266375676
0.000267116654
0.000267849669
0.000268479167
-0.00052470906
-0.000382672192
-0.000287681068
-0.000206435031
-0.000135359152
-7.37861283e-05
-2.07940647e-05
2.47148879e-05
6.37281727e-05
9.70938232e-05
0.000125550264
0.000149744959
0.000170245273
0.000187547925
0.000202087913
0.000214246519
0.000224358285
0.000232717043
0.000239581097
0.000245177671
0.000249706712
0.000253344155
0.000256244729
0.000258544394
0.000260362464
0.000261803333
0.000262957661
0.000263903937
0.000264714292
0.000265465033
0.00026621512
0.000266856475
-0.000515266086
-0.000373430204
-0.000278741863
-0.00019810675
-0.000127767371
-6.70132657e-05
-1.48900697e-05
2.97343863e-05
6.78768315e-05
0.000100407488
0.000128080564
0.000151553875
0.000171400614
0.000188119684
0.000202145464
0.000213856557
0.000223583413
0.000231614882
0.000238203807
0.000243571792
0.000247913239
0.000251398778
0.000254178178
0.000256382858
0.000258128037
0.000259514477
0.000260629645
0.00026154926
0.00026234315
0.000263085781
0.000263834287
0.000264477259
-0.000504177013
-0.000362619127
-0.000268398108
-0.000188528419
-0.000119102573
-5.93558027e-05
-8.28964896e-06
3.52693481e-05
7.23716477e-05
0.00010391258
0.000130663743
0.00015329381
0.000172381455
0.00018842683
0.000201862368
0.000213062459
0.000222351827
0.000230012701
0.000236290888
0.000241400897
0.000245530234
0.000248843004
0.000251482943
0.000253575993
0.000255232473
0.000256548795
0.00025760867
0.000258484602
0.0002592436
0.000259957438
0.00026068115
0.000261305244
-0.000491293582
-0.000350106743
-0.000256539966
-0.000177612289
-0.000109298851
-5.07683362e-05
-9.65601259e-07
4.13320114e-05
7.72134679e-05
0.000107602012
0.000133287877
0.000154950598
0.000173173456
0.000188456382
0.000201228067
0.000211856729
0.000220659388
0.000227909745
0.000233844784
0.000238670283
0.000242565386
0.000245686386
0.000248169879
0.000250135341
0.000251687319
0.00025291716
0.000253904265
0.000254717538
0.000255420675
0.000256081803
0.000256753359
0.000257333707
-0.000476478315
-0.000335771414
-0.000243071225
-0.000165285464
-9.8305457e-05
-4.12202247e-05
7.09519501e-06
4.79220809e-05
8.23930358e-05
0.000111461701
0.000135937582
0.000156510365
0.000173766313
0.000188203
0.000200242982
0.000210245866
0.000218518617
0.000225324208
0.000230888807
0.000235407689
0.000239050088
0.000241963177
0.000244275273
0.00024609844
0.000247530669
0.000248657507
0.00024955337
0.000250283445
0.000250907635
0.00025148938
0.000252077987
0.000252586433
-0.000459607391
-0.000319504875
-0.000227914779
-0.000151498184
-8.60934306e-05
-3.06998765e-05
1.58865911e-05
5.5021751e-05
8.78870268e-05
0.000115467692
0.000138592176
0.000157958641
0.000174153762
0.000187669753
0.000198919954
0.000208252398
0.000215961253
0.000222296315
0.000227470792
0.000231667627
0.000235044608
0.000237738517
0.000239868452
0.000241538488
0.000242839036
0.00024384747
0.000244632373
0.000245257368
0.0002457765
0.000246248581
0.000246719748
0.0002471251
-0.000440569713
-0.000301213332
-0.000211024797
-0.00013624574
-7.26523281e-05
-1.91962074e-05
2.53842576e-05
6.25913726e-05
9.36537341e-05
0.000119582642
0.000141222975
0.000159278538
0.000174332568
0.000186867808
0.000197284471
0.000205915457
0.000213038986
0.000218888957
0.000223663296
0.000227530626
0.000230635487
0.000233102439
0.000235039903
0.000236544357
0.000237698978
0.00023855711
0.000239215593
0.000239731949
0.000240124867
0.000240457894
0.000240775442
0.000241043792
-0.000419249148
-0.000280799531
-0.000192375204
-0.000119564192
-5.7934189e-05
-6.63794042e-06
3.55466023e-05
7.05676891e-05
9.96302697e-05
0.000123752412
0.000143790308
0.000160448481
0.000174300914
0.000185815363
0.000195374023
0.00020329042
0.000209823402
0.000215188049
0.0002195646
0.000223105441
0.000225939969
0.000228178605
0.000229916263
0.000231247882
0.000232298638
0.000233073191
0.00023354724
0.000233848366
0.000234077466
0.000234248363
0.000234380201
0.000234477647
-0.000395504333
-0.000258114722
-0.000171839899
-0.000101297069
-4.21238399e-05
6.54773059e-06
4.61251114e-05
7.87966129e-05
0.000105693645
0.000127877573
0.00014622729
0.000161433298
0.000174053175
0.000184534747
0.00019323717
0.000200449618
0.000206409195
0.000211309453
0.000215310742
0.000218548004
0.000221136353
0.000223175667
0.000224753222
0.000225930103
0.000226712156
0.000227240979
0.000227653773
0.000227893801
0.000227954445
0.000227909717
0.000227807354
0.000227700427
-0.000369314192
-0.000233137825
-0.000149571432
-8.15342545e-05
-2.55647851e-05
2.00938752e-05
5.70916423e-05
8.71116125e-05
0.000111700023
0.000131813445
0.000148442749
0.000162184913
0.000173578
0.000183047555
0.000190924658
0.00019747075
0.000202895268
0.000207367744
0.000211027152
0.000213989055
0.000216351151
0.000218197031
0.000219599043
0.000220618301
0.000221308913
0.000221740207
0.000221939077
0.000221939287
0.000221796492
0.000221531262
0.000221170598
0.000220824913
-0.000340649488
-0.000205809759
-0.000125742151
-6.04229577e-05
-8.09063839e-06
3.38437611e-05
6.79722906e-05
9.53073719e-05
0.000117442637
0.000135512623
0.000150370903
0.000162656567
0.000172866207
0.00018138247
0.000188499744
0.000194446599
0.000199402724
0.000203511336
0.000206888335
0.000209629118
0.000211813712
0.000213510054
0.000214777234
0.000215667209
0.000216227205
0.00021650248
0.000216535773
0.000216359871
0.000216006153
0.000215489975
0.000214834783
0.000214218288
-0.000309513433
-0.000176410392
-0.000100546343
-3.87046891e-05
9.95076959e-06
4.81533993e-05
7.86917829e-05
0.000103073489
0.000122709521
0.000138698453
0.000151850249
0.000162764555
0.000171888154
0.000179555376
0.000186017983
0.000191467503
0.000196051635
0.000199886122
0.000203063307
0.000205658309
0.000207733561
0.000209342242
0.000210530215
0.000211338043
0.000211803056
0.000211960071
0.000211842832
0.000211483533
0.000210907682
0.000210120765
0.000209142304
0.000208226004
-0.000275799345
-0.000145528826
-7.37001598e-05
-1.64999711e-05
2.77457766e-05
6.19528808e-05
8.87836879e-05
0.000110067254
0.000127187851
0.000141164946
0.000152733903
0.000162423144
0.000170614095
0.000177584137
0.000183537107
0.000188624843
0.000192962315
0.000196638169
0.000199722068
0.000202269833
0.000204327107
0.000205932025
0.000207117196
0.000207911468
0.00020834048
0.000208428718
0.000208201152
0.000207683923
0.000206896102
0.000205831362
0.000204503571
0.000203256674
-0.000239286266
-0.000113208874
-4.55483611e-05
5.78581e-06
4.47196716e-05
7.44643959e-05
9.7507462e-05
0.000115736717
0.000130476971
0.000142638622
0.000152848375
0.000161539954
0.000169016019
0.000175490483
0.000181117138
0.000186008759
0.000190249777
0.000193904652
0.000197023383
0.000199645178
0.000201801019
0.00020351556
0.000204808501
0.000205695505
0.00020618902
0.000206299659
0.000206038848
0.000205420606
0.000204451846
0.000203109354
0.000201406373
0.000199787275
-0.000199685603
-7.91734849e-05
-1.72904783e-05
2.71746839e-05
6.01266351e-05
8.49729883e-05
0.000104202107
0.000119569736
0.00013222282
0.000142898684
0.000152077566
0.000160077474
0.000167112944
0.000173332652
0.000178843043
0.000183722833
0.000188031967
0.00019181706
0.000195114527
0.000197952291
0.000200350975
0.000202325146
0.000203884056
0.000205030783
0.000205762006
0.000206067252
0.000205930483
0.000205342657
0.000204286025
0.000202700032
0.000200574157
0.000198500323
-0.000156253413
-4.34459524e-05
1.01048549e-05
4.62730906e-05
7.253554e-05
9.24170152e-05
0.000108133692
0.00012110311
0.000132172742
0.000141844426
0.000150423722
0.000158103661
0.000165010752
0.000171234244
0.000176842354
0.000181889642
0.000186421305
0.000190475479
0.000194083673
0.000197269685
0.000200049241
0.000202433996
0.000204433763
0.000206044332
0.000207253871
0.000208037159
0.000208321243
0.000208040104
0.000207127619
0.000205445661
0.000202878149
0.000200261647
-0.000107439847
-6.95994518e-06
3.45267168e-05
6.10013581e-05
8.03940834e-05
9.58110237e-05
0.000108788899
0.000120162711
0.000130369951
0.000139643921
0.000148116392
0.000155869381
0.00016295408
0.000169415247
0.000175300873
0.00018065764
0.000185531037
0.000189966488
0.000194008523
0.000197693977
0.000201043723
0.000204089323
0.000206880124
0.000209400728
0.000211624706
0.000213568646
0.000215047093
0.000215787464
0.000215620241
0.000214323284
0.000211483464
0.000208438293
-4.2457013e-05
2.91301976e-05
5.17417402e-05
6.76968271e-05
8.1277782e-05
9.37777566e-05
0.000105534085
0.000116609597
0.000126994209
0.000136678631
0.000145664685
0.000153945953
0.000161524489
0.000168436654
0.000174736949
0.000180479492
0.000185721308
0.000190528882
0.000194983745
0.00019915775
0.000203037739
0.000206573819
0.000209879738
0.000213282262
0.000217065803
0.000220849626
0.00022367825
0.000225483586
0.000227042623
0.000228189755
0.000227837103
0.000225776429
6.4611625e-05
6.48622863e-05
6.23754205e-05
6.80875785e-05
7.77928289e-05
8.91338993e-05
0.000100943091
0.000112571912
0.00012366271
0.000134101863
0.000143879628
0.00015290455
0.000161079762
0.000168463675
0.000175161
0.000181237058
0.000186754325
0.000191794178
0.000196498513
0.000201024055
0.000205401374
0.000209573065
0.000213608233
0.00021781445
0.000222895959
0.00022975037
0.000238626116
0.000250126838
0.0002652058
0.000285366084
0.000314261448
0.000349257275
)
;

boundaryField
{
    inner_wall
    {
        type            zeroGradient;
    }
    outer_wall
    {
        type            zeroGradient;
    }
    top
    {
        type            zeroGradient;
    }
    bottom
    {
        type            fixedValue;
        value           uniform 0;
    }
    front
    {
        type            wedge;
    }
    back
    {
        type            wedge;
    }
}


// ************************************************************************* //
