/*--------------------------------*- C++ -*----------------------------------*\
| =========                 |                                                 |
| \\      /  F ield         | OpenFOAM: The Open Source CFD Toolbox           |
|  \\    /   O peration     | Version:  2506                                  |
|   \\  /    A nd           | Website:  www.openfoam.com                      |
|    \\/     M anipulation  |                                                 |
\*---------------------------------------------------------------------------*/
FoamFile
{
    version     2.0;
    format      ascii;
    arch        "LSB;label=32;scalar=64";
    class       volScalarField;
    location    "521";
    object      C;
}
// * * * * * * * * * * * * * * * * * * * * * * * * * * * * * * * * * * * * * //

dimensions      [0 0 0 0 0 0 0];

internalField   nonuniform List<scalar> 
3072
(
2.18688161e-09
-3.19042767e-07
-1.42375617e-06
2.03540953e-05
6.17391939e-05
-8.37231669e-05
-0.000701986561
-0.00179367486
-0.00319862758
-0.00503803149
-0.00819181268
-0.0184300842
-0.0375131986
-0.052439328
-0.0157891524
0.143533725
0.433827529
0.746603483
0.959136823
1.03533412
1.02864935
1.0064998
0.997220248
0.997931293
1.00161904
1.00597268
1.00800734
1.00201394
0.978253722
0.897450973
0.674589841
0.259841899
-1.56203086e-09
2.15912318e-07
1.1308154e-05
-1.64742492e-05
-0.00025005115
-0.000374732517
0.000748901653
0.00377621849
0.00753527833
0.00946407607
0.00658380547
-0.00352256852
-0.0257051265
-0.0514718408
-0.0240853736
0.140494992
0.44426
0.764514442
0.971443693
1.03740237
1.02571884
1.00428893
0.99687908
0.998298816
1.00202472
1.00632048
1.00803508
1.00135071
0.976567986
0.893900054
0.669283233
0.255757391
9.41952945e-09
2.54100332e-06
-2.21320435e-06
-0.000160611917
-0.000193459426
0.00165875576
0.0066513921
0.0125101896
0.0156323832
0.0155079061
0.0137037126
0.00707316031
-0.0142669269
-0.0486417493
-0.0308983322
0.135395905
0.447578312
0.772889472
0.977107671
1.03782099
1.02400297
1.00328569
0.996828635
0.998507048
1.0022225
1.006487
1.00803176
1.00104177
0.975968055
0.893164991
0.669488217
0.258531789
1.36322193e-08
3.49038767e-06
-2.14855937e-05
-0.000260541941
0.000181813695
0.00404377279
0.0110831859
0.0161102868
0.0165731506
0.0157924674
0.0142004365
0.0120567389
-0.00631381976
-0.0463087344
-0.032740763
0.140645184
0.462881987
0.790058739
0.986093738
1.03814708
1.02154501
1.00198438
0.99678542
0.99877442
1.00247554
1.00669723
1.00802257
1.0006521
0.975201391
0.892071848
0.668961543
0.260944944
8.61256911e-10
3.86434977e-06
-2.32975457e-05
-0.000279304109
0.000251326466
0.00461997834
0.0123424078
0.0172863614
0.0176503374
0.016722036
0.0131385133
0.0119315286
-0.00746828334
-0.0476702244
-0.0229734587
0.169879077
0.503829019
0.822434615
0.999021037
1.03746616
1.01801599
1.00050961
0.996855522
0.999116182
1.00278348
1.00694434
1.00797886
1.00014399
0.974220074
0.89061184
0.668065065
0.263810231
-1.02286813e-07
4.15949943e-06
-1.51974846e-05
-0.00026762412
3.10432887e-05
0.00349314921
0.0100171298
0.0148574871
0.01672237
0.0145820574
0.0118425089
0.00885237242
-0.0162393415
-0.0505722283
0.0056109711
0.23721813
0.581161072
0.873844839
1.01541072
1.0346576
1.01298663
0.998860587
0.997101617
0.99958465
1.00320888
1.00727305
1.00786455
0.999356596
0.972648012
0.887916322
0.665284406
0.26549912
-1.36852191e-08
4.44786159e-06
-1.89262418e-06
-0.000224099798
-0.00023101686
0.00173698942
0.0058770132
0.00946147166
0.0107759544
0.00905292779
0.00846215161
0.000484547376
-0.0319088789
-0.0435557617
0.0734224909
0.356447246
0.695353024
0.937450741
1.02977401
1.02818595
1.00688876
0.997490759
0.997620213
1.00018555
1.00378485
1.0076915
1.00761286
0.998146669
0.970216523
0.883458379
0.659907872
0.265360819
-1.05344453e-06
2.92784506e-06
9.76756973e-06
-0.000155220833
-0.00034487502
0.000378394056
0.002227943
0.00406339099
0.00430719974
0.00433366554
0.00290751517
-0.0168609968
-0.0443903511
0.00373206979
0.209004201
0.532145341
0.830594791
0.99607909
1.03455549
1.01789107
1.00115553
0.996968382
0.9984052
1.00089633
1.00453909
1.00817391
1.00711949
0.996359702
0.966670866
0.876775408
0.651353467
0.262859769
3.24224598e-06
6.62591244e-06
2.33175849e-05
-7.34311556e-05
-0.000284789161
-0.000225027962
0.00025152319
0.000702193754
0.00094926025
0.00118296754
-0.0114442202
-0.0369480299
-0.0145053632
0.140920239
0.430346732
0.742120017
0.952727452
1.02972092
1.02630484
1.00652073
0.99763218
0.997499634
0.999296258
1.00171132
1.00549209
1.00863884
1.00623481
0.993834965
0.961779114
0.86751681
0.63932978
0.25780598
-1.91012064e-05
-1.95347506e-05
-1.58002508e-06
-3.78835943e-05
-0.000174206913
-0.000296772106
-0.000309436229
-0.000381040643
-0.00011543801
-0.0109172274
-0.0312580366
-0.00773617651
0.134624762
0.403334797
0.706386281
0.928062701
1.02334771
1.03025799
1.01066703
0.998737483
0.997131856
0.998593452
1.00010302
1.00270212
1.00663326
1.00893048
1.00477076
0.990410836
0.955316152
0.855405528
0.623752825
0.250246514
9.7159814e-05
0.000106062106
0.000130354766
0.000113832594
5.27905867e-05
-7.18379745e-05
-0.000138593063
-0.000183343569
-0.0122849253
-0.0238024138
0.0229470404
0.185823697
0.453605091
0.737391389
0.939475564
1.02565856
1.03116789
1.0115539
0.998976313
0.996969372
0.998419836
0.999461387
1.00087283
1.0039985
1.00786104
1.00881396
1.00252668
0.985939248
0.94706233
0.840242247
0.604739542
0.240430853
-0.000544728159
-0.000596493198
-0.000618368313
-0.000484997471
-0.000440319644
4.20120746e-06
-0.00108701387
-0.0132273856
0.00216069477
0.103936183
0.314155884
0.586070663
0.831612799
0.983704464
1.03572472
1.02850455
1.00826057
0.997724275
0.996901474
0.998646246
0.999392651
0.999920978
1.00194126
1.00563767
1.00893498
1.00800834
0.999332549
0.980302118
0.936812824
0.82193143
0.582604594
0.228760981
0.0033204945
0.00362477381
0.00374926258
0.00251521315
0.0016370816
-0.00363317735
0.012238497
0.108002861
0.300738993
0.55247023
0.792219226
0.958672085
1.0328851
1.03909688
1.01856945
1.00130672
0.995892309
0.997348761
0.99928263
0.999596263
0.999475276
1.00059656
1.00356642
1.00741837
1.00950948
1.0062586
0.995095508
0.973424011
0.924403947
0.800534561
0.557871148
0.215749894
-0.0243178015
-0.0268848455
-0.0268570878
-0.00571892016
0.0709975445
0.226332563
0.445373883
0.678656971
0.873841772
0.997661297
1.04697113
1.04430424
1.02144775
1.00221807
0.994863361
0.995905904
0.998858535
1.00014716
0.999768537
0.999212067
0.999766684
1.00200327
1.00559171
1.00895419
1.00924599
1.00341558
0.989831312
0.965280916
0.909762891
0.776340878
0.531276287
0.201979406
0.328394639
0.422991489
0.559343544
0.719878391
0.865025402
0.975935103
1.04275493
1.06612458
1.0571418
1.03288693
1.00935239
0.995634388
0.992481991
0.995323139
0.998974503
1.00072981
1.00056285
0.999632738
0.998990774
0.999281759
1.00091701
1.00395614
1.00760398
1.00986095
1.00792162
0.999492311
0.983670894
0.955913289
0.892984047
0.749937146
0.503755598
0.188056178
1.02866541
1.04565119
1.05253227
1.04866233
1.03676818
1.02075491
1.00511536
0.993766962
0.988721576
0.9894623
0.993516222
0.997927615
1.0007224
1.00149973
1.00097713
1.00007612
0.999329047
0.998921371
0.999064004
1.0001713
1.00258988
1.00604764
1.00923154
1.00986988
1.00549774
0.994683037
0.97684203
0.945455448
0.874420813
0.722245688
0.47639271
0.174565972
0.996109432
0.993354584
0.991442633
0.990971521
0.991964815
0.994151953
0.99697186
0.999673907
1.00156852
1.00231016
1.00203184
1.00122437
1.00042395
0.999914295
0.999643767
0.999400833
0.999105816
0.999003884
0.999614599
1.00143126
1.00448596
1.00797801
1.01019316
1.0088875
1.00215685
0.989331703
0.969637976
0.934185958
0.854758856
0.694495443
0.450329445
0.162029647
1.00067368
1.00117644
1.00159271
1.00178963
1.0017286
1.00141571
1.00091162
1.00033677
0.999845643
0.99957021
0.999557341
0.999735899
0.999938676
0.999977491
0.999745524
0.999310848
0.998963897
0.999177749
1.00044253
1.00297342
1.00637844
1.00946234
1.01035582
1.00705589
0.998267808
0.983852612
0.962395327
0.92257912
0.83501844
0.668103396
0.426646609
0.150866195
0.999869627
0.999769798
0.999680542
0.999629762
0.999625885
0.999668662
0.999751015
0.999860937
0.999984233
1.00010499
1.00020009
1.00022973
1.00013581
0.999866423
0.999436708
0.999007116
0.998923589
0.999648243
1.00154415
1.00456338
1.00798114
1.01035437
1.00981906
1.00470803
0.994274427
0.978647051
0.955488083
0.911309719
0.816443349
0.644477228
0.406239783
0.141367935
1.00002665
1.00004772
1.00006813
1.0000819
1.00008436
1.00007142
1.00004505
1.00001842
1.00001292
1.00004289
1.00009256
1.00010149
0.999980236
0.999668786
0.999224516
0.998892798
0.999094325
1.00028067
1.00267048
1.00596094
1.00916534
1.01071157
1.00884299
1.00223991
0.990582272
0.974049727
0.949312507
0.90116757
0.800282778
0.624789744
0.389720159
0.133690843
0.999994122
0.999989598
0.999985913
0.999984151
0.999981942
0.999976374
0.99997049
0.999977119
1.00001244
1.00007747
1.00013636
1.0001117
0.999916498
0.999526576
0.99906673
0.998854716
0.999341909
1.00092422
1.00366696
1.00705948
1.00994257
1.01070358
1.00772948
0.999998635
0.98748703
0.970300546
0.944235828
0.892889581
0.787535786
0.609796568
0.377364095
0.127860171
1.00000112
1.00000227
1.00000405
1.00000594
1.00000452
0.9999966
0.999986742
0.999990712
1.0000261
1.00008997
1.00013662
1.00007937
0.999834875
0.999406084
0.998965648
0.998877548
0.999601856
1.0014762
1.00444135
1.00783776
1.01040232
1.01052623
1.0067299
0.998215902
0.985148782
0.967529249
0.940516983
0.886978424
0.778758047
0.599753329
0.369119536
0.123789176
0.999999574
0.999999435
1.00000002
1.00000105
0.999999009
0.99999083
0.999982097
0.999989965
1.00003161
1.00009951
1.0001398
1.0000597
0.999780899
0.999328387
0.998909318
0.998916619
0.999808965
1.0018758
1.00496953
1.00833506
1.01065295
1.0103334
1.0059969
0.996994201
0.983602198
0.965750217
0.938241821
0.883594383
0.774001022
0.594446456
0.36466134
0.12130717
0.999999921
1.00000008
1.00000096
1.0000022
1.00000011
0.999991606
0.999982803
0.999991717
1.0000355
1.00010428
1.0001398
1.0000461
0.999748198
0.999284172
0.998880896
0.99894661
0.999936757
1.00211083
1.0052703
1.00860852
1.01077991
1.01021183
1.00558436
0.99632937
0.982785808
0.964874414
0.937312228
0.882562949
0.772886776
0.593308832
0.363474959
0.120190563
0.99999984
0.999999921
1.00000074
1.00000195
0.999999839
0.999991283
0.99998248
0.999991758
1.0000364
1.00010583
1.00014012
1.00004186
0.999736889
0.99926811
0.998869987
0.998956806
0.999982974
1.00219681
1.00538118
1.00871164
1.01083546
1.01018866
1.00547331
0.996147752
0.982578314
0.964739639
0.937491499
0.883477464
0.774770445
0.595573434
0.364945093
0.120192359
0.999999858
0.999999944
1.00000076
1.00000202
1.00000004
0.999991568
0.999982543
0.999991223
1.00003528
1.00010485
1.00014069
1.00004514
0.99974259
0.999273649
0.998870737
0.998947618
0.999960677
1.00216299
1.00534432
1.00868759
1.01084527
1.01025322
1.00560485
0.996342066
0.982830005
0.965142324
0.938470496
0.885843088
0.778935426
0.600416499
0.368410064
0.12105114
0.999999855
0.999999922
1.0000007
1.000002
1.00000026
0.999992016
0.999982665
0.99999003
1.00003236
1.00010179
1.00014145
1.00005437
0.999761569
0.999295946
0.998880632
0.998924119
0.999887356
1.0020403
1.00519847
1.00857021
1.01082154
1.01038098
1.00590971
0.996797
0.983377354
0.965864196
0.939945252
0.889194856
0.784691812
0.607039775
0.37324723
0.12251688
0.999999858
0.99999991
1.00000064
1.00000199
1.00000053
0.999992621
0.999982923
0.99998859
1.00002847
1.00009729
1.00014184
1.00006664
0.999788573
0.999329475
0.998898295
0.998894559
0.999784622
1.00186254
1.00498169
1.00838805
1.01076766
1.01053821
1.00631508
0.997413722
0.984115637
0.966776189
0.941662505
0.893040319
0.791355139
0.614778568
0.37898807
0.1244073
0.99999986
0.999999896
1.00000058
1.00000196
1.0000008
0.999993292
0.999983292
0.999987126
1.00002414
1.00009192
1.00014151
1.00007971
0.999819237
0.999369419
0.998922271
0.998865599
0.999670464
1.00165797
1.00472581
1.0081652
1.01068719
1.01069841
1.00676237
0.998109587
0.984951051
0.967767109
0.943432563
0.897020928
0.798400064
0.623086692
0.385228662
0.12655924
0.999999863
0.999999885
1.00000051
1.00000192
1.00000106
0.999993974
0.99998375
0.9999858
1.00001982
1.00008617
1.00014037
1.00009202
0.999850195
0.999411728
0.99895067
0.998841298
0.999557764
1.00144809
1.00445627
1.00792238
1.01058604
1.01084456
1.00720906
0.998822242
0.985813857
0.968761222
0.945131184
0.900886759
0.805440269
0.63155319
0.391661294
0.128844837
0.999999865
0.999999875
1.00000045
1.00000187
1.00000128
0.999994625
0.999984261
0.999984683
1.00001578
1.00008044
1.00013855
1.00010274
0.999879254
0.999453328
0.998981362
0.998823236
0.999454316
1.00124744
1.00419174
1.00767651
1.01047191
1.01096853
1.00762805
0.999508255
0.98665353
0.96970838
0.946687554
0.904487095
0.812218777
0.639888463
0.398062219
0.13116697
0.999999868
0.999999868
1.0000004
1.00000182
1.00000147
0.999995219
0.999984787
0.99998379
1.00001217
1.00007502
1.00013626
1.00011167
0.999905373
0.999492319
0.999012427
0.998811245
0.999363739
1.00106453
1.00394458
1.00744041
1.01035292
1.0110687
1.00800476
1.00014055
0.987436588
0.970578439
0.94806929
0.907746058
0.818583029
0.647906412
0.40428205
0.133456989
0.999999871
0.999999861
1.00000035
1.00000177
1.00000163
0.999995741
0.999985296
0.999983104
1.00000906
1.00007008
1.00013373
1.00011884
0.99992808
0.999527515
0.99904225
0.998804289
0.999287027
1.00090357
1.00372225
1.00722308
1.01023648
1.01114729
1.00833348
1.00070453
0.988142873
0.971355122
0.949268619
0.910639486
0.824458304
0.655501531
0.410230675
0.135669589
0.999999873
0.999999856
1.00000031
1.00000173
1.00000175
0.999996185
0.999985761
0.99998259
1.00000646
1.00006577
1.00013121
1.00012444
0.99994719
0.999558158
0.999069538
0.998801017
0.999223708
1.00076598
1.00352859
1.00703024
1.01012858
1.0112083
1.00861405
1.00119452
0.988762299
0.972031656
0.950292047
0.91317567
0.829823994
0.662627879
0.415863178
0.137777673
0.999999876
0.999999851
1.00000028
1.00000169
1.00000185
0.999996553
0.999986166
0.99998221
1.00000434
1.00006214
1.00012888
1.00012872
0.999962865
0.999584021
0.999093463
0.998800088
0.999172449
1.00065128
1.00336471
1.00686485
1.01003352
1.0112562
1.00884964
1.00161091
0.989292247
0.972607861
0.951153719
0.915381725
0.834695633
0.669282573
0.421168679
0.139768285
0.999999878
0.999999847
1.00000025
1.00000166
1.00000193
0.999996849
0.999986503
0.99998193
1.00000265
1.00005917
1.00012686
1.00013196
0.999975422
0.999605194
0.999113581
0.99880037
0.999131597
1.00055784
1.00322981
1.00672764
1.00995381
1.01129505
1.00904507
1.00195802
0.989735453
0.973088174
0.95187135
0.91729433
0.839111561
0.675492922
0.426161323
0.14163913
0.99999988
0.999999843
1.00000023
1.00000164
1.00000199
0.999997082
0.999986769
0.999981718
1.00000133
1.00005682
1.00012521
1.00013442
0.999985281
0.999622026
0.999129816
0.998801017
0.999099419
1.00048334
1.0031217
1.00661752
1.00989036
1.01132816
1.00920591
1.00224265
0.990098502
0.973480397
0.952464032
0.918954047
0.843123965
0.681307516
0.430874105
0.143396327
0.999999882
0.999999839
1.00000021
1.00000162
1.00000205
0.999997261
0.99998697
0.999981553
1.00000032
1.00005501
1.00012393
1.00013631
0.999992892
0.999635061
0.999142417
0.998801484
0.999074227
1.00042502
1.00303721
1.00653201
1.00984265
1.011358
1.00933791
1.00247313
0.990390653
0.973794759
0.95295102
0.920401798
0.846792536
0.686789471
0.435354025
0.145052682
0.999999883
0.999999835
1.00000019
1.00000161
1.00000209
0.999997395
0.999987114
0.999981417
0.999999548
1.00005367
1.000123
1.00013779
0.999998689
0.999644918
0.999151827
0.998801485
0.9990545
1.00038001
1.00297262
1.00646774
1.00980915
1.01138625
1.00944663
1.00265855
0.990622817
0.974043054
0.953350957
0.921676572
0.850179596
0.692010735
0.439657793
0.146625971
0.999999885
0.999999832
1.00000018
1.00000161
1.00000212
0.999997495
0.999987211
0.9999813
0.999998972
1.00005269
1.00012237
1.00013898
1.00000308
0.999652238
0.999158603
0.998800926
0.999038907
1.00034547
1.00292397
1.00642076
1.00978759
1.01141389
1.00953732
1.00280819
0.990806746
0.974237918
0.953681403
0.922814046
0.853346526
0.6970475
0.443848296
0.148137483
0.999999887
0.999999828
1.00000017
1.0000016
1.00000215
0.999997569
0.999987272
0.999981195
0.999998533
1.00005198
1.00012197
1.00013997
1.00000644
0.999657665
0.999163367
0.998799853
0.999026282
1.00031868
1.00288729
1.0063869
1.00977527
1.01144145
1.00961484
1.00293119
0.990954429
0.974392232
0.953958559
0.923845843
0.856351254
0.701976696
0.447991879
0.149610978
0.999999888
0.999999824
1.00000016
1.0000016
1.00000218
0.999997627
0.999987309
0.999981095
0.999998184
1.00005145
1.00012173
1.00014084
1.00000912
0.999661823
0.999166764
0.998798398
0.999015608
1.00029707
1.00285867
1.00636196
1.00976931
1.01146911
1.0096836
1.00303632
0.991077656
0.974518684
0.954197112
0.924799212
0.859246563
0.70687335
0.452156271
0.151071901
0.99999989
0.99999982
1.00000015
1.00000161
1.00000221
0.999997677
0.999987335
0.999980999
0.999997881
1.00005102
1.00012158
1.00014164
1.00001145
0.999665302
0.999169427
0.998796738
0.999005989
1.00027827
1.00283442
1.00634185
1.00976679
1.01149679
1.0097476
1.00313182
0.991187683
0.974629417
0.954410166
0.925696926
0.862078895
0.711808497
0.45640788
0.152543689
0.999999892
0.999999816
1.00000014
1.00000161
1.00000224
0.999997726
0.999987359
0.999980904
0.999997587
1.00005061
1.00012143
1.00014243
1.00001369
0.999668648
0.999171959
0.998795075
0.998996643
1.00026011
1.00281111
1.00632271
1.00976487
1.01152432
1.00981046
1.00322524
0.991295007
0.974735792
0.954609224
0.926557311
0.864887436
0.716847467
0.460812777
0.15405219
0.999999895
0.999999812
1.00000013
1.00000161
1.00000226
0.99999778
0.999987392
0.99998081
0.999997266
1.00005014
1.00012123
1.00014323
1.00001611
0.999672351
0.999174918
0.998793619
0.998986901
1.00024065
1.00278562
1.006301
1.00976089
1.01155139
1.00987532
1.00332342
0.991409243
0.974848272
0.954804274
0.92739451
0.867703914
0.722049097
0.465434272
0.155621591
0.999999897
0.999999808
1.00000012
1.00000161
1.00000229
0.999997847
0.999987444
0.999980715
0.999996889
1.00004954
1.0001209
1.00014408
1.00001892
0.999676846
0.999178807
0.998792584
0.998976204
1.0002182
1.00275517
1.00627348
1.00975238
1.01157762
1.0099449
1.00343243
0.991539057
0.974976391
0.955003956
0.928218846
0.870552793
0.727466134
0.470334797
0.157276552
0.9999999
0.999999804
1.00000011
1.0000016
1.00000233
0.999997931
0.999987523
0.999980621
0.99999643
1.00004876
1.0001204
1.00014498
1.00002231
0.999682526
0.999184099
0.998792197
0.998964097
1.00019128
1.00271729
1.00623729
1.00973705
1.01160252
1.01002146
1.00355752
0.991692085
0.975128707
0.955215675
0.929037079
0.873451073
0.733144464
0.475575008
0.159040996
0.999999903
0.9999998
1.0000001
1.00000159
1.00000236
0.999998037
0.999987637
0.999980529
0.999995867
1.00004775
1.00011965
1.00014594
1.00002644
0.99968974
0.999191223
0.998792698
0.998950255
1.0001587
1.00266992
1.0061899
1.00971282
1.01162551
1.01010671
1.00370297
0.991874779
0.975312656
0.955445637
0.929852591
0.876407794
0.739121677
0.4812133
0.16093866
0.999999907
0.999999797
1.00000008
1.00000158
1.0000024
0.999998168
0.999987794
0.999980443
0.999995188
1.00004647
1.00011861
1.00014695
1.00003139
0.999698724
0.999200516
0.998794329
0.998934529
1.00011965
1.00261151
1.00612934
1.00967793
1.01164587
1.01020173
1.00387194
0.992092169
0.975534346
0.955698857
0.930665617
0.879423659
0.745425744
0.487305352
0.162993889
0.999999911
0.999999794
1.00000006
1.00000156
1.00000243
0.999998326
0.999987998
0.999980367
0.999994389
1.00004489
1.00011724
1.00014799
1.00003721
0.999709609
0.999212211
0.998797331
0.998916961
1.00007373
1.0025411
1.00605419
1.00963096
1.0116628
1.01030691
1.00406634
0.992347681
0.975798363
0.955979175
0.93147362
0.882490965
0.752073761
0.493902621
0.165230095
0.999999915
0.999999792
1.00000004
1.00000153
1.00000247
0.999998512
0.999988253
0.999980309
0.999993474
1.00004301
1.00011551
1.00014899
1.00004385
0.999722434
0.999226454
0.998801939
0.998897767
1.00002096
1.00245832
1.00596368
1.00957088
1.01167539
1.01042189
1.00428674
0.992642955
0.976107564
0.956289252
0.932271801
0.885593813
0.759070829
0.501051863
0.167670445
0.99999992
0.99999979
1.00000001
1.0000015
1.00000251
0.999998725
0.99998856
0.999980274
0.999992454
1.00004083
1.00011341
1.00014992
1.00005123
0.999737129
0.999243279
0.998808363
0.998877334
0.999961787
1.0023635
1.00585776
1.00949715
1.01168269
1.01054558
1.00453222
0.992977635
0.976462774
0.956630457
0.933053631
0.888708469
0.766408611
0.508793687
0.170337714
0.999999925
0.999999789
0.999999989
1.00000146
1.00000255
0.99999896
0.999988918
0.999980272
0.999991352
1.00003839
1.00011093
1.0001507
1.0000592
0.999753513
0.999262592
0.998816763
0.998856203
0.99989711
1.00225765
1.0057372
1.00940987
1.01168386
1.01067619
1.00480029
0.993349092
0.976862374
0.957002601
0.933811408
0.891804005
0.774063717
0.517160587
0.17325397
0.999999931
0.999999789
0.999999961
1.00000141
1.00000259
0.999999214
0.999989322
0.999980309
0.999990196
1.00003572
1.00010809
1.00015126
1.00006757
0.999771285
0.99928414
0.998827201
0.998835024
0.999828286
1.00214263
1.00560378
1.00930997
1.01167825
1.01081119
1.00508672
0.993752129
0.977301817
0.957403495
0.934536796
0.89484336
0.781996084
0.52617436
0.176439918
0.999999937
0.99999979
0.999999931
1.00000136
1.00000262
0.999999481
0.999989765
0.999980389
0.999989023
1.00003289
1.00010496
1.00015156
1.00007607
0.999789984
0.99930745
0.99883957
0.998814525
0.999757163
1.00202124
1.00546049
1.00919947
1.01166572
1.0109475
1.0053855
0.994178686
0.977773091
0.957828359
0.935221316
0.897785016
0.790147807
0.535843198
0.179913966
0.999999944
0.999999792
0.999999902
1.0000013
1.00000265
0.999999753
0.999990233
0.999980512
0.999987874
1.00003
1.00010163
1.00015157
1.0000844
0.99980897
0.999331764
0.998853521
0.998795437
0.999686044
1.00189727
1.00531169
1.0090817
1.01164681
1.0110816
1.00568889
0.994617717
0.978264345
0.95826919
0.935856758
0.900585566
0.79844333
0.546159332
0.183691512
0.999999951
0.999999794
0.999999872
1.00000124
1.00000267
1.00000002
0.99999071
0.999980673
0.999986791
1.00002716
1.00009824
1.0001513
1.00009224
0.999827485
0.999356084
0.99886842
0.998778377
0.999617549
1.0017754
1.00516313
1.00896147
1.01162302
1.01120986
1.00598757
0.995055289
0.97875977
0.95871421
0.936435405
0.903203021
0.806791401
0.557097789
0.18778514
0.999999958
0.999999797
0.999999843
1.00000118
1.00000268
1.00000026
0.999991174
0.999980859
0.999985811
1.00002449
1.00009495
1.00015082
1.00009929
0.999844694
0.99937918
0.99888332
0.998763766
0.999554475
1.00166106
1.00502186
1.0088451
1.01159697
1.01132875
1.00627095
0.995474776
0.97923965
0.959147376
0.936949843
0.905600265
0.815088263
0.568615705
0.192205644
0.999999964
0.999999801
0.999999817
1.00000113
1.00000269
1.00000049
0.9999916
0.99998105
0.999984969
1.00002212
1.00009197
1.00015023
1.00010531
0.99985972
0.999399649
0.998896985
0.998751764
0.999499651
1.00156026
1.00489608
1.00874041
1.01157254
1.01143507
1.00652738
0.995857038
0.979680473
0.95954796
0.937392275
0.907748117
0.823221681
0.580651878
0.196964353
0.999999971
0.999999804
0.999999793
1.00000108
1.00000269
1.00000068
0.999991957
0.999981217
0.999984296
1.00002021
1.00008956
1.0001497
1.00011003
0.999871621
0.999415915
0.998907908
0.998742307
0.99945599
1.00147964
1.00479523
1.00865673
1.01155485
1.01152587
1.00674397
0.996180252
0.980054785
0.959890022
0.937753186
0.909627282
0.831074696
0.593124982
0.202076139
0.999999978
0.999999807
0.999999772
1.00000104
1.0000027
1.00000082
0.99999221
0.999981324
0.999983822
1.00001893
1.00008799
1.00014944
1.0001132
0.999879316
0.999426134
0.998914296
0.998735226
0.999426728
1.00142678
1.00473025
1.00860509
1.01155022
1.01159825
1.00690626
0.996419345
0.980330689
0.96014179
0.938019432
0.911228874
0.838529922
0.605930849
0.207563438
0.999999984
0.999999808
0.999999756
1.00000102
1.00000271
1.0000009
0.999992323
0.999981334
0.999983579
1.00001844
1.00008758
1.00014966
1.00011451
0.99988158
0.999428243
0.998914175
0.998730425
0.999415653
1.00141039
1.00471366
1.00859813
1.01156593
1.01164887
1.00699753
0.996545305
0.980471257
0.960265119
0.938171383
0.912552587
0.845478284
0.618942091
0.213460519
0.99999999
0.999999808
0.999999745
1.00000102
1.00000273
1.00000091
0.999992259
0.999981214
0.999983609
1.00001894
1.0000886
1.00015052
1.00011358
0.999877157
0.999420205
0.998905695
0.998728104
0.999427156
1.0014402
1.00475937
1.00864986
1.01160996
1.01167365
1.00699837
0.996524573
0.980433947
0.960214537
0.938175924
0.913597341
0.851843828
0.632021903
0.21981425
0.999999996
0.999999806
0.999999739
1.00000103
1.00000276
1.00000084
0.999992008
0.999980951
0.999983946
1.00002057
1.00009131
1.00015208
1.00010988
0.999864556
0.999399844
0.998887258
0.998729389
0.999467227
1.00152786
1.00488286
1.0087749
1.01168958
1.01166632
1.00688544
0.996317484
0.980167342
0.959930588
0.937958908
0.914322038
0.857652998
0.645034353
0.226573452
1
0.999999802
0.999999737
1.00000108
1.0000028
1.00000068
0.999991514
0.999980525
0.999984733
1.00002371
1.00009611
1.00015426
1.00010212
0.999841041
0.999363865
0.998857337
0.998737643
0.999546472
1.00169093
1.00510463
1.00898947
1.01180849
1.01161197
1.00662381
0.995873255
0.979613275
0.959357833
0.937477249
0.914695683
0.862873856
0.657875573
0.23369425
1.00000001
0.999999798
0.99999974
1.00000115
1.00000285
1.00000039
0.999990724
0.999979952
0.999986202
1.00002883
1.00010338
1.0001566
1.00008823
0.999802979
0.999308724
0.998815725
0.998759642
0.999680595
1.00195222
1.00544837
1.00930888
1.01196453
1.01148548
1.0061657
0.995127355
0.978700182
0.958428558
0.936680372
0.914699662
0.867462689
0.670400878
0.241144157
1.00000001
0.999999791
0.999999751
1.00000125
1.0000029
0.999999923
0.999989575
0.999979303
0.999988731
1.00003654
1.00011338
1.00015794
1.00006491
0.999745575
0.999230978
0.998764919
0.998808097
0.999893467
1.00234217
1.00594117
1.00974474
1.012144
1.01124422
1.00544343
0.993996916
0.977342309
0.957065609
0.935511119
0.91431064
0.871391469
0.682474375
0.24886558
1.00000001
0.999999782
0.999999772
1.0000014
1.00000293
0.999999206
0.999988013
0.999978752
0.999992917
1.00004763
1.00012603
1.00015593
1.00002685
0.999662336
0.999127854
0.998712499
0.998905599
1.00022124
1.00290107
1.0066122
1.0102995
1.01231306
1.01081825
1.00436054
0.992373965
0.975435414
0.955180145
0.933905576
0.913503706
0.874641323
0.693964772
0.256781734
1.00000002
0.999999772
0.999999806
1.00000158
1.00000291
0.99999815
0.999986013
0.99997865
0.999999652
1.00006292
1.0001405
1.00014617
0.999966009
0.999545462
0.998999821
0.998675979
0.99909042
1.00071661
1.00367916
1.00748699
1.01095529
1.01240337
1.01009595
1.00278018
0.990118013
0.972853478
0.952671389
0.931794101
0.912252087
0.877203635
0.704751701
0.26479703
1.00000002
0.99999976
0.999999859
1.00000182
1.00000279
0.999996643
0.999983626
0.99997962
1.00001016
1.00008304
1.0001543
1.00012104
0.999871285
0.999387994
0.99885602
0.998690704
0.999424095
1.00145213
1.00473214
1.00857416
1.01165419
1.01229001
1.00890419
1.0005106
0.987047793
0.969445694
0.94942696
0.929103128
0.910528444
0.879079354
0.714729111
0.272799871
1.00000002
0.999999748
0.999999936
1.0000021
1.0000025
0.99999457
0.999981054
0.999982684
1.00002595
1.00010777
1.00016199
1.00006842
0.99972901
0.999188053
0.998723115
0.998821208
1.00000006
1.00251983
1.00610793
1.00984008
1.01226539
1.01175867
1.00698156
0.997287465
0.982932416
0.965034023
0.945323935
0.925757436
0.908306203
0.880277404
0.723804647
0.280662538
1.00000002
0.999999736
1.00000004
1.0000024
1.00000192
0.999991838
0.999978762
0.999989353
1.00004847
1.00013481
1.00015325
0.999970828
0.999526232
0.998958794
0.998660818
0.999176207
1.0009487
1.00401816
1.00781326
1.01116014
1.0125323
1.01045923
1.00394551
0.992755944
0.977485213
0.959414078
0.940232542
0.921684056
0.905562026
0.880813766
0.731898838
0.288242106
1.00000002
0.999999727
1.00000018
1.0000027
1.00000094
0.999988443
0.999977622
1.00000162
1.0000784
1.00015787
1.00011087
0.999806909
0.999260117
0.998747058
0.998784094
0.99992156
1.00242664
1.00600965
1.00974332
1.01223526
1.01199395
1.0078464
0.999257598
0.986457408
0.970364408
0.952361906
0.934023707
0.916818208
0.902279335
0.880711056
0.738943503
0.295381333
1.00000002
0.999999721
1.00000034
1.00000295
0.999999408
0.999984553
0.999979029
1.00002167
1.00011404
1.000164
1.00001006
0.999558496
0.998957553
0.99866218
0.999286115
1.00127514
1.00456587
1.00842267
1.01155391
1.01246297
1.00988166
1.00311592
0.992197791
0.977830439
0.961186914
0.943649976
0.92658179
0.911111599
0.898452825
0.879998474
0.744878889
0.301906783
1.00000001
0.999999721
1.00000054
1.0000031
0.999997217
0.999980617
0.999984938
1.00005108
1.00014901
1.00013123
0.99982207
0.999228481
0.998708443
0.998909783
1.00044187
1.00344824
1.0073402
1.01086132
1.01245728
1.01076577
1.00500952
0.995160672
0.981869833
0.966241431
0.94956384
0.933076106
0.917823637
0.90454316
0.89409383
0.878712322
0.749652981
0.307635786
1.00000001
0.999999729
1.00000077
1.00000308
0.999994315
0.99997746
0.999997648
1.00008936
1.00016945
1.0000288
0.999527382
0.998874153
0.998708546
0.999807081
1.00254554
1.00647263
1.01029503
1.01229695
1.01095264
1.0054178
0.995712197
0.982596402
0.967273324
0.951065067
0.935166593
0.920507933
0.907723975
0.897131686
0.889236044
0.876897339
0.753239279
0.312502435
1.00000001
0.999999745
1.000001
1.0000028
0.999990769
0.999976312
1.00001924
1.00013189
1.00015205
0.999823932
0.9991434
0.998653857
0.999287972
1.00172403
1.00570233
1.00983984
1.01210965
1.01067529
1.00458188
0.993986593
0.979939154
0.963935891
0.947487541
0.931834051
0.917828326
0.905941693
0.896344589
0.88894809
0.883939312
0.874590066
0.755456729
0.31604272
1
0.999999768
1.00000123
1.00000223
0.999986813
0.999978694
1.00005058
1.0001678
1.00006563
0.999499754
0.998766707
0.998866257
1.0008676
1.00485959
1.00938936
1.01193167
1.01007875
1.00262808
0.989950315
0.97361386
0.955667144
0.938002157
0.922002472
0.908462938
0.897674161
0.889567977
0.883862876
0.880126664
0.878294994
0.871852649
0.756293196
0.31812712
0.999999999
0.9999998
1.00000143
1.00000132
0.999982851
0.999986127
1.0000901
1.00017922
0.999879291
0.999085323
0.998614668
0.999931152
1.00375467
1.00877083
1.01179567
1.0094221
0.999869001
0.983738261
0.963430731
0.941930353
0.921780859
0.904619695
0.891177987
0.88150997
0.875246305
0.871818646
0.870581707
0.870861367
0.872415522
0.868739136
0.755716889
0.318690356
0.999999996
0.999999836
1.00000159
1.00000011
0.999979425
0.999999657
1.00013283
1.00014345
0.999578515
0.998688736
0.999028147
1.00223845
1.00771526
1.01171519
1.00924628
0.997228275
0.976280035
0.950025461
0.922980605
0.898756295
0.879371916
0.865448381
0.856693643
0.852372145
0.851554557
0.853349194
0.856924182
0.861435253
0.866497064
0.865320774
0.75347554
0.317308412
0.999999994
0.999999876
1.00000169
0.99999865
0.999977099
1.00001935
1.00017044
1.00003958
0.999185266
0.998509006
1.00038236
1.00582733
1.01143007
1.01022159
0.996491305
0.969989262
0.935840507
0.901029382
0.870934921
0.84811529
0.832907774
0.824507519
0.821682089
0.823220714
0.828086498
0.835220362
0.843615521
0.852301044
0.860782312
0.861645365
0.749325766
0.3136849
0.999999993
0.999999917
1.00000174
0.999997059
0.99997632
1.00004396
1.000193
0.999858223
0.998769991
0.998793178
1.00288173
1.01000958
1.01228055
0.999747771
0.968889879
0.925744643
0.881056176
0.843364445
0.816109179
0.798932454
0.79005125
0.787630036
0.79033821
0.797118541
0.806941718
0.818752418
0.831456691
0.843939139
0.855538677
0.857722167
0.742875807
0.307445153
0.999999992
0.999999955
1.00000172
0.999995465
0.999977261
1.00007104
1.0001924
0.999610485
0.998438994
0.999721526
1.00631492
1.01329488
1.00720139
0.977231498
0.92659877
0.870453675
0.823363586
0.790963742
0.771737362
0.761993934
0.758810912
0.760696109
0.766874287
0.776842552
0.789942727
0.805171272
0.821267803
0.83687417
0.85104704
0.853480477
0.733545415
0.298169371
0.999999992
0.99999999
1.00000166
0.999993992
0.999979735
1.00009749
1.00016633
0.999329985
0.998288356
1.00125615
1.00997403
1.01407004
0.994989529
0.944959021
0.878191497
0.818646859
0.779249387
0.757562086
0.746971652
0.742776942
0.74271081
0.745932246
0.752772552
0.763624409
0.778207809
0.795453015
0.813816231
0.831646398
0.84761585
0.848659485
0.720308422
0.285243983
0.999999992
1.00000002
1.00000157
0.999992732
0.999983204
1.00012044
1.00012113
0.99906446
0.998339599
1.00304888
1.01293464
1.01202103
0.97899964
0.912692284
0.838826989
0.785551882
0.758138461
0.744794252
0.738326306
0.736573457
0.737140468
0.740020462
0.746395294
0.757156949
0.772195048
0.790360311
0.809882767
0.828841263
0.845356389
0.842651041
0.701437394
0.267513721
0.999999992
1.00000004
1.00000147
0.999991738
0.999986856
1.00013792
1.00007178
0.998861307
0.998499891
1.00450105
1.01458036
1.00920437
0.967426832
0.894410179
0.821790035
0.775964917
0.754971421
0.743203662
0.736648602
0.735651119
0.736165369
0.739350176
0.746051025
0.757112865
0.772354839
0.790586685
0.810031404
0.828953145
0.844864294
0.83361688
0.673573502
0.245433227
0.999999993
1.00000006
1.00000139
0.999991052
0.99998968
1.00014864
1.00003917
0.998759594
0.998593652
1.00495499
1.01479946
1.0090206
0.96900763
0.900684505
0.832229639
0.786361506
0.763303604
0.751318706
0.743874534
0.741245487
0.742631085
0.746823282
0.754512614
0.76586681
0.780478066
0.797331202
0.815385274
0.833712026
0.846287877
0.815622257
0.629630736
0.217972561
0.999999993
1.00000007
1.00000134
0.999990726
0.999990598
1.00015081
1.00004609
0.998802358
0.998473701
1.0038475
1.01334116
1.01292201
0.986369714
0.932900935
0.870395316
0.819968179
0.790050044
0.775527225
0.767798022
0.762760965
0.761266362
0.764779135
0.771487538
0.781567682
0.7945527
0.810201772
0.827807872
0.843707424
0.84188472
0.774966425
0.560975427
0.183169007
0.999999993
1.00000007
1.00000134
0.999990995
0.999988238
1.00013739
1.00012047
0.999088617
0.998132695
1.00116807
1.00952629
1.0162237
1.00914381
0.981134726
0.936375402
0.887289255
0.846351223
0.820246615
0.80922212
0.809501444
0.815914187
0.823946619
0.832074831
0.839258476
0.848713172
0.85748941
0.861311242
0.849846484
0.801600385
0.680786979
0.452617896
0.138034052
0.999999993
1.00000006
1.00000139
0.999992817
0.999979616
1.0000974
1.00022246
0.999596484
0.998239407
0.99845857
1.00304175
1.01146271
1.01871601
1.01819051
1.00559646
0.980731145
0.946594714
0.907397419
0.866981647
0.828160197
0.792720585
0.761671083
0.735324346
0.712440403
0.688270312
0.66114474
0.626879632
0.578731575
0.50639468
0.397604767
0.246014727
0.0711892018
0.999999993
1.00000001
1.00000143
0.999996666
0.999973548
1.00003187
1.0002328
1.00013594
0.999172235
0.997794154
0.997695689
1.00060072
1.00694639
1.01563475
1.02474215
1.03239355
1.03724206
1.03849176
1.03566505
1.0283109
1.0157456
0.996837073
0.969817185
0.932117654
0.880269728
0.810027921
0.71711808
0.59872148
0.456275776
0.299425441
0.149305992
0.0332008016
0.999999995
0.999999943
1.00000109
1.00000123
0.999979377
0.999971026
1.00010311
1.00032368
1.00024297
0.999474927
0.998063549
0.99651391
0.995495405
0.995545696
0.996958543
0.999831266
1.00417029
1.0099794
1.01730204
1.02621284
1.03675102
1.04876821
1.06163394
1.07370618
1.08145023
1.07812706
1.05218532
0.986110142
0.85778032
0.648462365
0.36400178
0.0734947444
0.999999999
0.999999923
1.00000034
1.0000034
0.999995853
0.999961882
0.999957726
1.00008101
1.00033347
1.00058173
1.00065015
1.00042101
0.999866668
0.999027883
0.997980145
0.996813481
0.995632419
0.994574403
0.993845138
0.993772023
0.994876105
0.997951948
1.00411138
1.01467179
1.03062368
1.05118659
1.07073545
1.07346067
1.02665926
0.878112744
0.574092014
0.137661358
1
0.999999972
0.999999757
1.00000156
1.00000602
0.999996964
0.999959661
0.999913576
0.999901344
0.999954368
1.00007695
1.00025204
1.00045285
1.00065021
1.00081404
1.00091091
1.00090005
1.00073009
1.00034021
0.999673657
0.998719896
0.997615478
0.996845191
0.997569165
1.00199413
1.01336408
1.03443238
1.06206577
1.07488499
1.01395032
0.770912944
0.251171565
1
1.00000001
0.999999874
0.99999939
1.00000137
1.00000824
1.00001436
1.00001014
0.999990891
0.999958867
0.99992022
0.999881942
0.99985056
0.999832199
0.999833036
0.999859581
0.999918096
1.00001204
1.00013569
1.00026104
1.00031612
1.00016079
0.999594971
0.998498791
0.997297108
0.997924917
1.00498037
1.02494492
1.05749113
1.069101
0.942763997
0.446253095
1
0.999999998
1.00000005
1.00000003
0.999999154
0.999997748
0.999997682
1.00000041
1.00000588
1.00001299
1.00002035
1.00002671
1.00003091
1.00003187
1.00002847
1.00001956
1.00000432
0.999983226
0.999960222
0.999946622
0.999965411
1.00004795
1.00020173
1.00032241
1.00008982
0.999126621
0.998030177
1.00054298
1.01467071
1.04431075
1.04582447
0.770400677
)
;

boundaryField
{
    inner_wall
    {
        type            zeroGradient;
    }
    outer_wall
    {
        type            fixedValue;
        value           uniform 0;
    }
    top
    {
        type            fixedValue;
        value           uniform 1;
    }
    bottom
    {
        type            inletOutlet;
        inletValue      uniform 0;
        value           nonuniform List<scalar> 
32
(
0
0
0
0
0
0
0
0
0
0
-0.00819181268
-0.0184300842
-0.0375131986
-0.052439328
-0.0157891524
0.143533725
0.433827529
0.746603483
0.959136823
1.03533412
1.02864935
1.0064998
0.997220248
0.997931293
1.00161904
1.00597268
1.00800734
1.00201394
0.978253722
0.897450973
0.674589841
0.259841899
)
;
    }
    front
    {
        type            wedge;
    }
    back
    {
        type            wedge;
    }
}


// ************************************************************************* //
