/*--------------------------------*- C++ -*----------------------------------*\
| =========                 |                                                 |
| \\      /  F ield         | OpenFOAM: The Open Source CFD Toolbox           |
|  \\    /   O peration     | Version:  2506                                  |
|   \\  /    A nd           | Website:  www.openfoam.com                      |
|    \\/     M anipulation  |                                                 |
\*---------------------------------------------------------------------------*/
FoamFile
{
    version     2.0;
    format      ascii;
    arch        "LSB;label=32;scalar=64";
    class       volScalarField;
    location    "987";
    object      p;
}
// * * * * * * * * * * * * * * * * * * * * * * * * * * * * * * * * * * * * * //

dimensions      [0 2 -2 0 0 0 0];

internalField   nonuniform List<scalar> 
3072
(
-0.000123967106
-9.41514778e-05
-9.04856575e-05
-8.44511672e-05
-7.46945325e-05
-6.29698154e-05
-5.10207685e-05
-3.99856133e-05
-2.77742575e-05
-1.40153853e-05
-7.56288767e-06
-7.76020047e-06
-7.62206097e-06
-6.31048565e-06
-4.47206433e-06
-2.49542937e-06
-5.35751158e-07
1.32376722e-06
3.02534901e-06
4.52416676e-06
5.80684562e-06
7.01601679e-06
8.04227744e-06
8.74648151e-06
9.27236722e-06
9.66433435e-06
9.94255723e-06
1.01314654e-05
1.02633726e-05
1.03857527e-05
1.05658875e-05
1.08151481e-05
-0.000264310173
-0.000186451865
-0.000160138411
-0.000141512481
-0.000123474621
-0.000104850507
-8.64209108e-05
-6.86356341e-05
-5.08429041e-05
-3.39335369e-05
-2.18124854e-05
-1.44699523e-05
-8.57001538e-06
-3.29990963e-06
1.33039257e-06
5.32476419e-06
8.74333361e-06
1.16448628e-05
1.40880565e-05
1.61498034e-05
1.77775293e-05
1.92002903e-05
2.04184436e-05
2.12384378e-05
2.18513918e-05
2.23315466e-05
2.27115868e-05
2.3023139e-05
2.33042712e-05
2.36021149e-05
2.3947338e-05
2.42410379e-05
-0.000326423414
-0.000221780785
-0.000176573868
-0.000146112486
-0.00012166906
-0.000100771376
-8.23232841e-05
-6.5679331e-05
-5.03710597e-05
-3.65143809e-05
-2.47565749e-05
-1.50287952e-05
-6.70533288e-06
5.3346576e-07
6.82436336e-06
1.2263506e-05
1.69346345e-05
2.09093291e-05
2.42732398e-05
2.72005866e-05
2.95866559e-05
3.148808e-05
3.30811481e-05
3.43168989e-05
3.52851659e-05
3.60471749e-05
3.66468877e-05
3.71229934e-05
3.75126033e-05
3.78540928e-05
3.81780038e-05
3.84491693e-05
-0.000386213079
-0.000266915315
-0.000210788464
-0.000168760915
-0.000135762928
-0.00010966409
-8.78520938e-05
-6.89315009e-05
-5.21828647e-05
-3.72966637e-05
-2.41970367e-05
-1.27466559e-05
-2.72750745e-06
6.04072297e-06
1.36901087e-05
2.03248473e-05
2.60363858e-05
3.09109842e-05
3.50378587e-05
3.85008744e-05
4.14022357e-05
4.37573015e-05
4.56285225e-05
4.71509943e-05
4.83629304e-05
4.93169748e-05
5.00673405e-05
5.06622428e-05
5.11447551e-05
5.15568652e-05
5.19301903e-05
5.22252682e-05
-0.000442026023
-0.000315681559
-0.000246466781
-0.000194679391
-0.000154291683
-0.000122039966
-9.54371371e-05
-7.29139298e-05
-5.34571876e-05
-3.64589368e-05
-2.15557583e-05
-8.48081449e-06
2.98921771e-06
1.30323092e-05
2.17901686e-05
2.93828951e-05
3.59217163e-05
4.1513239e-05
4.62352907e-05
5.00706532e-05
5.32995807e-05
5.60634101e-05
5.82578729e-05
6.00106798e-05
6.14105735e-05
6.25241841e-05
6.34103623e-05
6.41219725e-05
6.47073468e-05
6.52149708e-05
6.56820539e-05
6.6057261e-05
-0.00049065585
-0.000359350649
-0.000280091965
-0.000220371118
-0.000173455865
-0.000135075262
-0.000103462163
-7.69821961e-05
-5.44133421e-05
-3.49378483e-05
-1.80142043e-05
-3.25755485e-06
9.62010485e-06
2.08404902e-05
3.05809069e-05
3.89914384e-05
4.62061178e-05
5.23485685e-05
5.75291243e-05
6.18421357e-05
6.54204389e-05
6.83734689e-05
7.07719033e-05
7.27054862e-05
7.42585478e-05
7.55056811e-05
7.65131338e-05
7.73396584e-05
7.80397912e-05
7.86707797e-05
7.92763697e-05
7.97775696e-05
-0.000531925627
-0.000396359846
-0.00031128447
-0.000245352943
-0.000191929017
-0.000147979044
-0.000111621324
-8.11856655e-05
-5.53783151e-05
-3.32742212e-05
-1.42177172e-05
2.27284173e-06
1.65599318e-05
2.89245051e-05
3.95925883e-05
4.87539827e-05
5.6574445e-05
6.32032682e-05
6.87775098e-05
7.34250026e-05
7.72688448e-05
8.0423653e-05
8.29928533e-05
8.50733114e-05
8.67547056e-05
8.81186719e-05
8.92381894e-05
9.0177825e-05
9.09984099e-05
9.1766551e-05
9.25326903e-05
9.31833104e-05
-0.000566133136
-0.00042747438
-0.000338406821
-0.000267796711
-0.000209055399
-0.000160191453
-0.000119500708
-8.53394182e-05
-5.63984604e-05
-3.17026125e-05
-1.05252847e-05
7.68766295e-06
2.33649777e-05
3.68455822e-05
4.84055021e-05
5.82766465e-05
6.66599883e-05
7.3734047e-05
7.9660591e-05
8.45881448e-05
8.86542521e-05
9.19858354e-05
9.46994486e-05
9.69021559e-05
9.86918706e-05
0.000100157277
0.000101377452
0.000102422255
0.000103358343
0.000104261169
0.000105187219
0.000105987412
-0.000594147855
-0.000453436353
-0.000361225085
-0.000286858552
-0.000223988951
-0.000171080285
-0.000126662835
-8.91951425e-05
-5.74015418e-05
-3.02978991e-05
-7.12103088e-06
1.27309306e-05
2.97373238e-05
4.42858684e-05
5.66970905e-05
6.72421521e-05
7.6155803e-05
8.3645238e-05
8.98962338e-05
9.50771632e-05
9.93416505e-05
0.000102830012
0.000105670281
0.000107979085
0.000109862244
0.000111415062
0.000112722136
0.000113858015
0.000114894373
0.000115914192
0.00011697896
0.000117908682
-0.000616490936
-0.000474437804
-0.000379940657
-0.000302669622
-0.000236575514
-0.000180406142
-0.00013288976
-9.26000498e-05
-5.83170653e-05
-2.90719325e-05
-4.08843031e-06
1.72632497e-05
3.54976113e-05
5.10400356e-05
6.42474566e-05
7.54247066e-05
8.48363522e-05
9.27155324e-05
9.92700415e-05
0.000104686754
0.000109134559
0.000112766467
0.000115721047
0.000118123616
0.000120087136
0.000121712803
0.000123090034
0.000124297363
0.000125410507
0.000126518173
0.000127685616
0.000128710455
-0.000633726784
-0.000490848675
-0.00039479948
-0.000315366707
-0.000246804274
-0.000188073564
-0.000138060511
-9.54451358e-05
-5.90693582e-05
-2.79914329e-05
-1.43723547e-06
2.12361774e-05
4.0565839e-05
5.70040216e-05
7.0935652e-05
8.26924925e-05
9.2563858e-05
0.000100804833
0.000107642232
0.000113279068
0.000117897741
0.000121662459
0.000124721016
0.000127206267
0.000129237308
0.000130920313
0.000132348701
0.000133604236
0.000134765649
0.00013592537
0.000137151169
0.000138228908
-0.000646483069
-0.000503164282
-0.000406150447
-0.000325166001
-0.000254771515
-0.000194091068
-0.000142131565
-9.76640244e-05
-5.95904415e-05
-2.70001259e-05
8.70089617e-07
2.46664025e-05
4.49386534e-05
6.21569632e-05
7.67264609e-05
8.89992279e-05
9.928393e-05
0.000107853176
0.00011494925
0.000120788427
0.000125564311
0.000129450393
0.000132602096
0.000135158448
0.000137243521
0.000138967445
0.000140426786
0.000141705789
0.000142885208
0.00014405924
0.000145297018
0.00014638372
-0.000655395733
-0.000511914073
-0.000414398963
-0.00033235045
-0.000260648221
-0.000198538039
-0.00014511546
-9.92261573e-05
-5.9824932e-05
-2.60324633e-05
2.89944106e-06
2.76143796e-05
4.86679434e-05
6.65411375e-05
8.16526483e-05
9.43690429e-05
0.000105013207
0.000113870973
0.000121196451
0.000127216182
0.000132132468
0.000136126028
0.000139358183
0.000141972704
0.000144097415
0.00014584539
0.000147315493
0.000148593762
0.000149762077
0.000150914675
0.000152121062
0.000153175958
-0.000661079657
-0.00051762383
-0.000419970123
-0.000337237323
-0.000264648778
-0.000201539684
-0.000147065587
-0.000100130327
-5.97334554e-05
-2.50244568e-05
4.72907105e-06
3.01650309e-05
5.18400767e-05
7.02409927e-05
8.5794784e-05
9.88776488e-05
0.000109822231
0.000118923713
0.000126444648
0.000132618994
0.000137655336
0.00014173961
0.000145037354
0.000147695686
0.000149845023
0.000151600422
0.000153062282
0.000154317818
0.000155449298
0.000156549585
0.000157687789
0.000158676645
-0.000664111888
-0.000520794933
-0.00042328551
-0.000340155817
-0.000267011505
-0.000203251228
-0.000148065575
-0.000100401746
-5.92960288e-05
-2.39226906e-05
6.43604857e-06
3.24109666e-05
5.45570953e-05
7.33633648e-05
8.92612942e-05
0.000102632827
0.000113816781
0.000123114373
0.000130793713
0.000137093643
0.000142226887
0.00014638278
0.000149729563
0.000152416448
0.000154575411
0.000156322653
0.00015775945
0.000158973689
0.000160047451
0.000161071177
0.000162113036
0.000163010031
-0.000665021778
-0.000521896489
-0.000424752772
-0.000341432787
-0.000267983327
-0.000203844886
-0.000148220389
-0.000100087817
-5.85125389e-05
-2.26892368e-05
8.08722955e-06
3.44403732e-05
5.69222103e-05
7.60214946e-05
9.21715764e-05
0.000105757265
0.000117120771
0.000126566717
0.000134366417
0.000140761506
0.000145967057
0.000150174272
0.000153552822
0.000156252954
0.000158407347
0.000160132657
0.000161530511
0.000162689065
0.000163689807
0.000164620081
0.000165546763
0.000166335042
-0.000664284435
-0.000521353781
-0.000424746766
-0.00034137661
-0.000267806271
-0.000203497822
-0.000147646936
-9.92515684e-05
-5.73998566e-05
-2.13025454e-05
9.73503667e-06
3.63298657e-05
5.90303379e-05
7.83237565e-05
9.46434805e-05
0.000108375202
0.000119862455
0.000129411313
0.000137294467
0.000143754732
0.000149008111
0.000153246469
0.000156639901
0.000159338858
0.000161476054
0.000163168073
0.000164516491
0.000165609442
0.000166527557
0.000167354736
0.00016815639
0.000168827615
-0.000662312682
-0.000519541939
-0.000423608385
-0.00034027281
-0.000266709557
-0.00020238408
-0.000146466585
-9.79661447e-05
-5.59884538e-05
-1.97565291e-05
1.14160718e-05
3.81408465e-05
6.09625574e-05
8.03664728e-05
9.678487e-05
0.000110603019
0.000122164337
0.00013177496
0.000139707632
0.000146205171
0.000151483462
0.000155734149
0.000159126999
0.000161812066
0.000163921612
0.000165571775
0.000166863799
0.000167885589
0.000168716787
0.00016943777
0.000170112446
0.000170665672
-0.00065946336
-0.000516783664
-0.00042164059
-0.000338378712
-0.000264903972
-0.000200668742
-0.000144799857
-9.63102529e-05
-5.43190712e-05
-1.80586066e-05
1.31515279e-05
3.99184007e-05
6.27835476e-05
8.22300617e-05
9.86886665e-05
0.000112543375
0.00012413657
0.000133773506
0.000141726104
0.000148236373
0.000153519375
0.000157765924
0.000161144959
0.000163805726
0.000165879721
0.000167482392
0.000168714468
0.000169663502
0.000170408099
0.000171025249
0.000171577407
0.000172017594
-0.000656031865
-0.000513346118
-0.000419107698
-0.000335922345
-0.000262578585
-0.000198503384
-0.000142761506
-9.43633956e-05
-5.24386205e-05
-1.62263982e-05
1.4949485e-05
4.16926066e-05
6.45416557e-05
8.3978047e-05
0.000100430997
0.000114282601
0.000125873622
0.000135507882
0.000143455974
0.000149958602
0.00015522958
0.000159458522
0.000162813241
0.000165441936
0.000167475154
0.000169027523
0.000170199161
0.000171077191
0.000171739212
0.000172259093
0.000172697969
0.000173034383
-0.000652250293
-0.000509469609
-0.000416223771
-0.000333098301
-0.000259900734
-0.000196023986
-0.000140456527
-9.22012494e-05
-5.03955831e-05
-1.428327e-05
1.68094794e-05
4.34829842e-05
6.62707845e-05
8.56566453e-05
0.000102070799
0.000115890311
0.000127453477
0.000137062764
0.000144987366
0.000151466489
0.000156712493
0.00016091362
0.000164236423
0.000166827951
0.000168817729
0.000170319515
0.000171432776
0.000172244178
0.000172830382
0.000173262492
0.000173600494
0.00017384519
-0.000648310814
-0.000505544698
-0.000413024578
-0.000330016993
-0.000257005872
-0.000193346184
-0.000137975122
-8.98907591e-05
-4.82348427e-05
-1.22526064e-05
1.87295776e-05
4.53075901e-05
6.79944299e-05
8.72923403e-05
0.000103648634
0.000117418521
0.000128936781
0.000138505674
0.000146393427
0.000152837835
0.000158049811
0.000162216241
0.000165502413
0.000168054233
0.000170000214
0.000171453262
0.000172512199
0.000173263238
0.000173782191
0.000174137792
0.000174389057
0.000174555558
-0.00064435949
-0.000501786354
-0.000409595411
-0.000326788711
-0.000254004267
-0.000190565466
-0.000135395578
-8.74940238e-05
-4.60041981e-05
-1.017179e-05
2.06747258e-05
4.71284992e-05
6.97221343e-05
8.89471204e-05
0.000105225709
0.000118923224
0.000130379603
0.000139895137
0.000147735624
0.000154137018
0.00015930867
0.000163436044
0.000166683139
0.000169194723
0.000171098332
0.000172506035
0.000173516032
0.000174214101
0.000174675317
0.000174966418
0.000175145555
0.000175247845
-0.000640496633
-0.000498120645
-0.000406182789
-0.000323535603
-0.000250977415
-0.000187754265
-0.000132779948
-8.50592739e-05
-4.37375273e-05
-8.06499526e-06
2.26378668e-05
4.89657695e-05
7.14746836e-05
9.06221185e-05
0.000106805932
0.000120422297
0.000131810524
0.000141267126
0.000149055548
0.000155410138
0.000160538828
0.000164625769
0.000167833811
0.000170306676
0.000172170868
0.000173537834
0.00017450523
0.000175158325
0.000175571606
0.000175810227
0.000175931386
0.0001759825
-0.00063679918
-0.000494584946
-0.000402827005
-0.000320371323
-0.000247994665
-0.000184959577
-0.00013016678
-8.26134439e-05
-4.1441793e-05
-5.94948961e-06
2.46298006e-05
5.08464251e-05
7.32414545e-05
9.22813093e-05
0.000108380305
0.000121923941
0.000133247238
0.000142645863
0.000150382566
0.000156690688
0.000161777072
0.00016582488
0.0001689962
0.000171433831
0.000173261092
0.000174591692
0.000175523749
0.000176140211
0.000176515185
0.000176712904
0.00017678962
0.000176800612
-0.000633315654
-0.00049122659
-0.000399595504
-0.000317332454
-0.000245110963
-0.000182230716
-0.000127597274
-8.020251e-05
-3.91864365e-05
-3.79727094e-06
2.66452707e-05
5.27494035e-05
7.50337336e-05
9.39655883e-05
0.000109982197
0.000123454723
0.000134714244
0.000144056014
0.00015174222
0.000158005284
0.000163051088
0.000167061846
0.000170198632
0.000172603569
0.000174401762
0.000175703478
0.000176605438
0.00017719221
0.000177537408
0.000177704236
0.000177748654
0.000177731934
-0.00063006816
-0.000488069889
-0.000396542805
-0.000314419577
-0.000242330637
-0.000179586295
-0.000125091402
-7.7833189e-05
-3.69480539e-05
-1.67724619e-06
2.86565088e-05
5.46614984e-05
7.68373281e-05
9.56691231e-05
0.000111611713
0.000125019507
0.000136220235
0.000145509309
0.000153148679
0.000159370092
0.000164378685
0.000168355962
0.000171462317
0.000173839294
0.00017561161
0.000176888948
0.000177767639
0.00017833207
0.000178655511
0.000178800521
0.000178822785
0.000178787426
-0.000627059867
-0.000485122175
-0.000393675043
-0.000311654977
-0.000239674345
-0.000177043964
-0.000122665555
-7.55226206e-05
-3.47488373e-05
4.17452144e-07
3.06590416e-05
5.65749405e-05
7.86533092e-05
9.73991853e-05
0.000113276355
0.000126625781
0.000137773228
0.000147014476
0.000154611367
0.000160795149
0.000165770397
0.000169718074
0.000172798067
0.000175151452
0.000176902517
0.000178160594
0.000179021712
0.000179570009
0.000179878498
0.000180009347
0.00018001803
0.000179971695
-0.000624280816
-0.000482378883
-0.000390988425
-0.00030904356
-0.000237147924
-0.000174609276
-0.000120325973
-7.32785837e-05
-3.25988134e-05
2.47640538e-06
3.26332446e-05
5.84774882e-05
8.04889589e-05
9.91672829e-05
0.000114983386
0.000128278235
0.000139377184
0.000148575454
0.000156134398
0.000162284806
0.000167230798
0.000171152892
0.00017421056
0.0001765445
0.000178278663
0.000179522084
0.000180370543
0.000180907969
0.00018120719
0.000181330159
0.000181332204
0.000181281048
-0.000621711822
-0.000479826104
-0.00038847229
-0.000306579241
-0.000234747432
-0.000172279853
-0.000118071647
-7.11012045e-05
-3.04988677e-05
4.49852676e-06
3.45778661e-05
6.03552452e-05
8.23330721e-05
0.00010097699
0.000116735219
0.000129977135
0.000141031578
0.000150191601
0.0001577172
0.000163838588
0.000168759473
0.000172659984
0.00017569924
0.000178017623
0.000179738811
0.000180971603
0.000181811572
0.000182342473
0.000182636998
0.000182757026
0.000182757796
0.000182706524
-0.000619328217
-0.000477443881
-0.000386110477
-0.000304249513
-0.000232462796
-0.000170047242
-0.000115894842
-6.89820696e-05
-2.84371749e-05
6.50472562e-06
3.65269747e-05
6.22289109e-05
8.4164196e-05
0.000102790978
0.000118507067
0.00013170721
0.000142725769
0.000151854744
0.000159353157
0.000165450867
0.000170351362
0.000174234548
0.000177259315
0.00017956584
0.000181277612
0.00018250326
0.000183338204
0.000183866063
0.000184159442
0.000184280246
0.000184283669
0.000184235672
-0.000617103031
-0.000475209338
-0.000383883959
-0.000302038892
-0.000230281667
-0.00016790194
-0.000113788603
-6.69165491e-05
-2.64116516e-05
8.49335553e-06
3.84763397e-05
6.41158189e-05
8.59984993e-05
0.000104600337
0.000120289003
0.00013346097
0.000144453319
0.000153558702
0.000161036151
0.000167115503
0.000172000215
0.000175870124
0.000178884026
0.000181181994
0.000182887411
0.000184108801
0.000184941481
0.000185468967
0.000185763817
0.000185888036
0.000185896804
0.000185854347
-0.000615009026
-0.000473098656
-0.000381772555
-0.000299930474
-0.000228190679
-0.000165834209
-0.000111747105
-6.49034961e-05
-2.44281769e-05
1.04469349e-05
4.03985853e-05
6.60078237e-05
8.78586802e-05
0.000106428425
0.000122091307
0.000135241369
0.000146213643
0.000155300714
0.000162761878
0.000168827075
0.000173699762
0.000177559745
0.000180565781
0.000182857892
0.000184559404
0.000185778779
0.00018661126
0.000187140291
0.00018743841
0.000187567767
0.000187583549
0.000187547982
-0.000613019738
-0.000471088179
-0.000379755819
-0.00029790641
-0.000226174959
-0.000163832023
-0.000109760869
-6.29356462e-05
-2.24809872e-05
1.2371178e-05
4.22997117e-05
6.79002575e-05
8.97385589e-05
0.000108273378
0.000123907345
0.000137041731
0.000148000457
0.000157074428
0.00016452365
0.000170578469
0.000175442437
0.000179295383
0.000182296075
0.000184584535
0.000186284073
0.000187503123
0.000188336886
0.000188868754
0.000189171267
0.000189306749
0.000189330402
0.000189302354
-0.000611110456
-0.000469155477
-0.000377814188
-0.000295949125
-0.000224219627
-0.000161883041
-0.000107819829
-6.10049258e-05
-2.05632637e-05
1.42731308e-05
4.41859828e-05
6.97848353e-05
9.16201071e-05
0.000110129454
0.000125739633
0.000138862484
0.000149811327
0.000158875667
0.000166316137
0.00017236344
0.000177221222
0.000181069351
0.000184066627
0.00018635309
0.000188052055
0.000189271947
0.000190107945
0.000190643405
0.000190950883
0.000191092883
0.000191124627
0.000191104167
-0.000609258933
-0.000467280106
-0.000375929756
-0.000294042063
-0.000222310517
-0.00015997528
-0.000105913807
-5.91025938e-05
-1.8666854e-05
1.61618723e-05
4.6066414e-05
7.16584851e-05
9.34858234e-05
0.000111986369
0.000127588385
0.000140702193
0.000151642588
0.000160699493
0.000168133567
0.000174175523
0.000179029043
0.000182874035
0.000185869331
0.000188154992
0.000189854347
0.000191075823
0.000191914583
0.000192453961
0.000192766537
0.000192914993
0.000192954564
0.000192941332
-0.000607445934
-0.000465444165
-0.000374086924
-0.000292170323
-0.000220435085
-0.000158098317
-0.000104034299
-5.72220745e-05
-1.67873766e-05
1.80388544e-05
4.79399911e-05
7.35277103e-05
9.534832e-05
0.000113844818
0.000129444505
0.000142552714
0.000153487427
0.000162539429
0.000169969358
0.000176007909
0.000180858816
0.000184702048
0.000187696485
0.000189982221
0.00019168261
0.000192906087
0.000193747814
0.00019429111
0.000194608589
0.000194763095
0.000194809862
0.000194803172
-0.000605655463
-0.000463632562
-0.000372272678
-0.000290320804
-0.000218582556
-0.000156243151
-0.000102173858
-5.53575067e-05
-1.49206258e-05
1.99064344e-05
4.98074891e-05
7.5393775e-05
9.72096656e-05
0.000115704185
0.000131304328
0.000144409774
0.000155341341
0.000164390584
0.000171818189
0.000177854875
0.000182704452
0.000186546963
0.000189541346
0.000191827739
0.000193529523
0.000194755153
0.000195599795
0.000196146762
0.000196468702
0.000196628606
0.000196681679
0.00019668061
-0.00060387478
-0.000461833144
-0.00037047675
-0.000288482178
-0.000216744253
-0.000154402372
-0.000100326287
-5.35040308e-05
-1.30630792e-05
2.17667891e-05
5.16697186e-05
7.72564768e-05
9.90699987e-05
0.000117564519
0.000133166514
0.000146270949
0.00015720112
0.000166249143
0.000173675745
0.000179711686
0.000184560857
0.000188403373
0.000191398231
0.00019368561
0.000195388924
0.000196616649
0.000197463958
0.000198014166
0.000198339957
0.000198504439
0.000198562762
0.000198566234
-0.000602094248
-0.000460036873
-0.00036869118
-0.0002866449
-0.000214913787
-0.000152570005
-9.84865247e-05
-5.16576844e-05
-1.1211789e-05
2.36219343e-05
5.35278518e-05
7.9116301e-05
0.000100929233
0.000119425054
0.000135029618
0.000148134203
0.000159064181
0.000168112055
0.000175538579
0.000181574556
0.000186423946
0.000190266933
0.000193262564
0.000195551059
0.000197255862
0.000198485468
0.00019933506
0.000199887958
0.000200216879
0.000200385025
0.000200447452
0.000200454301
-0.000600306958
-0.000458237861
-0.000366905906
-0.000284805282
-0.000213087059
-0.000150741099
-9.66505654e-05
-4.98154039e-05
-9.36445557e-06
2.54734872e-05
5.53828959e-05
8.09737413e-05
0.000102787303
0.000121285108
0.000136892497
0.000149998031
0.000160928632
0.000169977073
0.000177404132
0.000183440651
0.000188290651
0.00019213437
0.000195130898
0.000197420489
0.000199126611
0.000200357778
0.000201209181
0.000201764149
0.000202095426
0.000202266257
0.000202331573
0.000202340726
-0.000598507965
-0.000456431622
-0.000365098127
-0.000282979031
-0.000211262065
-0.00014891218
-9.48157598e-05
-4.79750847e-05
-7.51942355e-06
2.73226454e-05
5.7235625e-05
8.28292082e-05
0.000104644188
0.000123144222
0.000138754413
0.000151861458
0.00016279323
0.000171842699
0.00017927068
0.000185308051
0.000190158879
0.000194003442
0.000197000864
0.000199291426
0.000200998615
0.000202230957
0.000203083655
0.000203640049
0.000203972893
0.00020414537
0.000204212143
0.000204223414
-0.000596696337
-0.000454616842
-0.000363280248
-0.00028115368
-0.000209434633
-0.000147080971
-9.29800842e-05
-4.61350331e-05
-5.67536843e-06
2.91703701e-05
5.90866774e-05
8.46830669e-05
0.000106499936
0.000125002226
0.000140615098
0.000153724068
0.000164657383
0.000173708176
0.000181137315
0.000187175712
0.000192027467
0.000195872888
0.000198871122
0.000201162467
0.000202870423
0.000204103527
0.000204956986
0.000205514148
0.000205847774
0.000206021006
0.000206088326
0.000206100545
-0.000594872473
-0.00045279312
-0.000361454872
-0.000279328136
-0.000207604348
-0.000145247117
-9.11429707e-05
-4.42946651e-05
-3.83177529e-06
3.10170527e-05
6.09362641e-05
8.65352286e-05
0.000108354241
0.00012685919
0.000142474963
0.000155586099
0.000166521133
0.000175573416
0.000183003854
0.000189043371
0.000193896087
0.000197742329
0.000200741254
0.000203033171
0.000204741585
0.000205975038
0.000206828741
0.000207386042
0.0002077197
0.000207892875
0.000207960138
0.000207972026
-0.000593038186
-0.00045096227
-0.000359621572
-0.000277503509
-0.00020577214
-0.000143411422
-8.93051388e-05
-4.2454536e-05
-1.98906812e-06
3.2862349e-05
6.27839749e-05
8.83847599e-05
0.000110205335
0.000128715027
0.000144335864
0.00015744895
0.000168385365
0.000177439066
0.000184870836
0.000190911509
0.000195765187
0.000199612197
0.000202611694
0.000204903982
0.000206612567
0.00020784599
0.000208699463
0.000209256328
0.000209589336
0.000209761706
0.000209828252
0.000209838734
-0.000591196354
-0.000449127086
-0.000357773044
-0.000275689072
-0.00020394141
-0.000141575971
-8.74683128e-05
-4.06158822e-05
-1.47952828e-07
3.47061773e-05
6.46305786e-05
9.02332185e-05
0.000112053046
0.000130568174
0.000146197321
0.000159312798
0.000170250518
0.000179305729
0.000186739006
0.000192780988
0.000197635728
0.000201483535
0.000204483556
0.000206776082
0.000208484617
0.000209717698
0.000210570536
0.000211126472
0.000211458247
0.000211629095
0.000211694007
0.000211702667
-0.000589352278
-0.000447292159
-0.00035592276
-0.000273877724
-0.000202114966
-0.000139743704
-8.56346384e-05
-3.87802192e-05
1.69069509e-06
3.65484444e-05
6.6477073e-05
9.20832006e-05
0.000113900798
0.000132418522
0.000148056441
0.00016117615
0.00017211638
0.000181173884
0.000188609258
0.000194653004
0.00019950913
0.00020335794
0.000206358575
0.000208651326
0.000210359691
0.000211592212
0.000212444106
0.000212998717
0.000213328772
0.000213497456
0.000213559859
0.000213566468
-0.000587512516
-0.000445462898
-0.000354082515
-0.00027206869
-0.000200295829
-0.000137918474
-8.38072035e-05
-3.69500085e-05
3.5248283e-06
3.83872665e-05
6.83212313e-05
9.39320995e-05
0.000115749647
0.000134269884
0.000149915585
0.00016304074
0.000173984709
0.000183045414
0.000190483595
0.000196529674
0.000201387628
0.000205237759
0.000208239209
0.000210532271
0.000212240449
0.000213472291
0.000214323027
0.000214876014
0.000215203965
0.000215370001
0.000215429289
0.000215433252
-0.000585684509
-0.000443645894
-0.000352258529
-0.000270268491
-0.000198488353
-0.000136104545
-8.1989617e-05
-3.5128147e-05
5.35211419e-06
4.02206817e-05
7.01611314e-05
9.57778049e-05
0.000117598508
0.000136124183
0.000151778226
0.000164909437
0.000175858024
0.000184922803
0.000192364569
0.000198413653
0.000203273992
0.000207125882
0.000210128466
0.000212422045
0.000214130131
0.000215361288
0.000216210764
0.00021676194
0.000217087519
0.000217250556
0.000217306275
0.000217307099
-0.000583876635
-0.000441848941
-0.000350457086
-0.00026848459
-0.000196697827
-0.000134306496
-8.01857059e-05
-3.33175994e-05
7.1704535e-06
4.20474992e-05
7.19966854e-05
9.76213562e-05
0.000119447712
0.000137981084
0.000153644972
0.000166783564
0.000177738125
0.000186808231
0.000194254681
0.000200307709
0.000205171219
0.000209025504
0.000212029719
0.000214324178
0.000216032417
0.000217263022
0.000218111273
0.000218660583
0.00021898366
0.000219143487
0.000219195335
0.000219192677
-0.000582098076
-0.000440080623
-0.000348685312
-0.000266724612
-0.000194930227
-0.00013252933
-7.83996242e-05
-3.15216247e-05
8.97746965e-06
4.38662021e-05
7.38272388e-05
9.94629378e-05
0.000121297991
0.000139841494
0.000155516915
0.000168664636
0.000179626995
0.000188704085
0.000196156657
0.000202214863
0.000207082584
0.000210940126
0.000213946667
0.000216242553
0.000217951354
0.0002191817
0.000220028915
0.000220576458
0.000220897052
0.000221053617
0.000221101464
0.000221095143
-0.000580358642
-0.000438350058
-0.000346950972
-0.000264996336
-0.000193191942
-0.000130778366
-7.66357595e-05
-2.97436751e-05
1.07706338e-05
4.56751422e-05
7.56519994e-05
0.000101302658
0.000123150364
0.000141706605
0.000157395073
0.000170554024
0.00018152659
0.000190612809
0.000198073333
0.000204138278
0.000209011536
0.000212873444
0.000215883227
0.000218181283
0.000219891244
0.0002211218
0.000221968341
0.000222514388
0.000222832695
0.00022298613
0.000223030045
0.000223020062
-0.000578668571
-0.000436666676
-0.000345262215
-0.000263307575
-0.000191489546
-0.00012905908
-7.48986118e-05
-2.79872736e-05
1.25474061e-05
4.74727878e-05
7.74705918e-05
0.000103141741
0.000125007776
0.000143577675
0.000159278571
0.000172451831
0.000183438282
0.000192536604
0.000200007457
0.000206081119
0.000210961575
0.000214829237
0.000217843416
0.000220144602
0.000221856518
0.000223087945
0.000223934363
0.000224479377
0.000224795794
0.000224946447
0.000224986735
0.000224973305
-0.000577038225
-0.000435039936
-0.000343627278
-0.00026166599
-0.000189829556
-0.000127376952
-7.31927376e-05
-2.62561016e-05
1.43049449e-05
4.92570803e-05
7.92816918e-05
0.000104979757
0.000126871296
0.000145456498
0.000161168976
0.000174360004
0.000185364539
0.000194478371
0.000201962251
0.000208046859
0.000212936391
0.000216811393
0.000219831307
0.000222136762
0.00022385161
0.000225084757
0.000225931799
0.000226476453
0.000226791597
0.000226940063
0.000226977306
0.000226960896
-0.000575477705
-0.000433478944
-0.000342054101
-0.000260078771
-0.00018821813
-0.00012573721
-7.15225976e-05
-2.45539972e-05
1.60398208e-05
5.10245914e-05
8.10809681e-05
0.000106810604
0.000128736775
0.000147348552
0.000163075494
0.000176283945
0.000187309517
0.000196442037
0.000203941563
0.000210039309
0.000214939807
0.000218823794
0.000221850879
0.000224161863
0.000225880765
0.000227116649
0.000227965256
0.000228510436
0.000228825168
0.000228972316
0.000229007409
0.000228988774
-0.000573996368
-0.000431991997
-0.000340549876
-0.000258552199
-0.000186660556
-0.000124144238
-6.98917592e-05
-2.28838066e-05
1.77498042e-05
5.27735891e-05
8.28669905e-05
0.000108632655
0.000130601949
0.00014925339
0.000165000448
0.000178226662
0.000189276441
0.000198430704
0.000205948463
0.000212061573
0.000216974996
0.000220869699
0.000223905499
0.000226223406
0.000227947643
0.000229187463
0.000230038783
0.00023058561
0.000230901053
0.000231048052
0.000231082233
0.00023106244
-0.000572602354
-0.000430586113
-0.000339120628
-0.000257091208
-0.000185160855
-0.000122601199
-6.83025419e-05
-2.12470159e-05
1.94342676e-05
5.45045907e-05
8.46421459e-05
0.000110449499
0.000132462662
0.000151159545
0.000166940908
0.000180193581
0.000191270082
0.000200447761
0.000207985748
0.000214116252
0.000219044486
0.000222951634
0.000225997747
0.000228324072
0.000230055066
0.000231300198
0.000232155587
0.000232705421
0.00023302297
0.000233171304
0.00023320617
0.000233186606
-0.000571302102
-0.000429266543
-0.000337770817
-0.00025569895
-0.000183721442
-0.000121109859
-6.67560352e-05
-1.96440539e-05
2.10934306e-05
5.62185548e-05
8.64084492e-05
0.000112264506
0.000134322165
0.000153065883
0.000168893855
0.000182183844
0.000193290091
0.000202493227
0.000210053748
0.000216203928
0.000221149062
0.000225070564
0.000228128761
0.00023046518
0.000232204545
0.000233456578
0.000234317631
0.0002348721
0.000235193443
0.000235344926
0.000235382442
0.000235364826
-0.000570099808
-0.000428036146
-0.000336502975
-0.000254376249
-0.000182342752
-0.000119670359
-6.52519778e-05
-1.80742908e-05
2.27282058e-05
5.79164885e-05
8.81668044e-05
0.000114079487
0.000136188382
0.000154980094
0.000170856917
0.000184190878
0.000195331772
0.000204564258
0.000212150583
0.000218323252
0.000223287739
0.000227225784
0.000230298072
0.000232646476
0.000234396044
0.000235656801
0.000236525365
0.000237086372
0.000237413509
0.000237570306
0.000237612826
0.000237599217
-0.00056899676
-0.00042689462
-0.000335317902
-0.000253120644
-0.000181022727
-0.000118281079
-6.37886263e-05
-1.65358214e-05
2.43404647e-05
5.95998505e-05
8.99178415e-05
0.000115893939
0.000138060428
0.000156903531
0.000172832497
0.000186215013
0.000197394124
0.000206659452
0.000214274657
0.000220472472
0.000225458669
0.000229415408
0.000232503808
0.00023486615
0.000236627865
0.000237899336
0.000238777468
0.000239347166
0.000239682396
0.000239847034
0.00023989733
0.000239890147
-0.000567990593
-0.000425838113
-0.000334216818
-0.000251921895
-0.000179753921
-0.000116937251
-6.23613477e-05
-1.50243346e-05
2.59319696e-05
6.12707424e-05
9.16632747e-05
0.000117708526
0.000139937773
0.000158836022
0.000174821247
0.000188255978
0.000199475393
0.000208776254
0.000216422923
0.000222648181
0.000227658173
0.000231635571
0.000234742016
0.000237120307
0.000238896292
0.00024018052
0.000241070528
0.000241651429
0.0002419974
0.000242172776
0.000242234005
0.000242235997
-0.000567074416
-0.000424860061
-0.000333197571
-0.00025075704
-0.000178519589
-0.000115625462
-6.09572607e-05
-1.35305805e-05
2.74936441e-05
6.29253387e-05
9.34012396e-05
0.000119522538
0.000141820562
0.000160775699
0.0001768191
0.00019030979
0.000201571553
0.000210910301
0.000218590597
0.000224845233
0.000229880842
0.000233880706
0.000237007113
0.00023940369
0.000241196711
0.000242492851
0.000243396549
0.000243992009
0.000244351967
0.000244541435
0.000244617069
0.000244631163
-0.000566234139
-0.000423947451
-0.000332189244
-0.000249682483
-0.000177347279
-0.000114347995
-5.95816531e-05
-1.20567939e-05
2.90812411e-05
6.45934003e-05
9.51496339e-05
0.000121348547
0.000143719069
0.000162726404
0.000178821453
0.000192370438
0.000203677651
0.000213055769
0.000220770685
0.00022705567
0.000232117904
0.000236141321
0.000239288772
0.00024170416
0.000243514335
0.000244830747
0.000245751705
0.000246362964
0.000246739353
0.000246946252
0.00024704088
0.000247072567
-0.000565449044
-0.000423078482
-0.00033118686
-0.00024864661
-0.000176188067
-0.000113071616
-5.82026118e-05
-1.05794834e-05
3.06554699e-05
6.62568931e-05
9.68969813e-05
0.000123175206
0.00014562192
0.000164684206
0.000180829293
0.000194435438
0.000205788165
0.00021520517
0.000222954311
0.00022926956
0.000234358679
0.000238406257
0.000241575784
0.000244011721
0.000245841489
0.000247177244
0.000248117402
0.000248748109
0.000249144631
0.000249373048
0.00024949136
0.000249544844
-0.00056469286
-0.000422224886
-0.00033020536
-0.000247589401
-0.000175014258
-0.000111784348
-5.68111063e-05
-9.08900525e-06
3.22399721e-05
6.79287478e-05
9.86471313e-05
0.000124995802
0.000147522725
0.000166664514
0.000182858349
0.000196501725
0.0002078953
0.000217348738
0.000225129891
0.000231473665
0.000236588565
0.000240659816
0.000243851531
0.000246308777
0.000248159523
0.000249516398
0.000250478234
0.000251131477
0.000251551781
0.000251806123
0.000251953055
0.000252031726
-0.000563927331
-0.000421348019
-0.000329201162
-0.000246487659
-0.000173798689
-0.000110458804
-5.53829821e-05
-7.56417385e-06
3.38559202e-05
6.96299637e-05
0.00010042737
0.000126845837
0.000149431629
0.000168630696
0.000184866174
0.000198541151
0.00020997502
0.000219464723
0.000227276726
0.000233647521
0.000238786897
0.000242880955
0.000246094542
0.000248573396
0.000250446077
0.000251825716
0.000252811542
0.000253490295
0.000253938059
0.000254222832
0.000254403648
0.0002545122
-0.000563101886
-0.000420402811
-0.000328124097
-0.00024530573
-0.000172506608
-0.000109062648
-5.38912048e-05
-5.98413414e-06
3.55176086e-05
7.13676679e-05
0.000102236908
0.000128717732
0.000151330957
0.000170563207
0.000186849592
0.000200558776
0.000212024436
0.000221542349
0.00022937906
0.000235772053
0.000240932138
0.000245046253
0.000248279969
0.000250779656
0.000252674435
0.000254077905
0.000255089648
0.000255796664
0.000256275456
0.000256595129
0.000256815187
0.000256958795
-0.000562152525
-0.000419361226
-0.000326903394
-0.000243993092
-0.00017109716
-0.000107559476
-5.23053543e-05
-4.3262086e-06
3.7238478e-05
7.31428054e-05
0.000104057789
0.000130577397
0.000153222217
0.000172497679
0.000188825234
0.000202553675
0.000214033254
0.000223565215
0.000231415986
0.000237822971
0.000242997426
0.000247126873
0.000250377434
0.000252895987
0.000254812102
0.000256239756
0.000257278812
0.000258016452
0.00025852957
0.00025888845
0.000259153057
0.000259336821
-0.000561015577
-0.000418291718
-0.00032536874
-0.000242461797
-0.000169515747
-0.000105902766
-5.05850563e-05
-2.55657998e-06
3.9046973e-05
7.49813607e-05
0.000105918198
0.000132455113
0.000155125641
0.000174417157
0.000190745804
0.000204479094
0.000215962406
0.000225497859
0.00023335277
0.00023976519
0.000244946959
0.000249086154
0.000252349403
0.000254884026
0.000256819969
0.00025827151
0.000259338707
0.000260108847
0.000260659167
0.000261061196
0.000261375339
0.00026160406
-0.000559603081
-0.000416989882
-0.000323543764
-0.000240666013
-0.000167701788
-0.000104040092
-4.8687372e-05
-6.40901912e-07
4.09692641e-05
7.69023416e-05
0.000107832241
0.000134359465
0.000157019544
0.000176290871
0.000192597108
0.00020631597
0.000217786493
0.000227310396
0.000235156138
0.000241562644
0.000246742336
0.000250883751
0.000254153907
0.00025670044
0.000258653547
0.000260127687
0.000261222992
0.00026202674
0.000262616442
0.000263064901
0.000263432932
0.00026371086
-0.000557823137
-0.00041529691
-0.000321382214
-0.000238542951
-0.000165586014
-0.000101911937
-4.65647023e-05
1.45727525e-06
4.30308552e-05
7.89199252e-05
0.000109801504
0.000136278658
0.00015888863
0.000178110058
0.00019436912
0.000208045686
0.000219478668
0.000228970142
0.000236789132
0.000243175009
0.000248340504
0.000252474376
0.000255743801
0.00025829652
0.000260262784
0.000261757048
0.000262879357
0.000263716829
0.000264347139
0.000264844351
0.000265269645
0.000265600174
-0.000555571629
-0.000413107411
-0.000318786687
-0.000236006494
-0.000163092253
-9.94539418e-05
-4.41650305e-05
3.77794616e-06
4.52602326e-05
8.10516901e-05
0.000111833488
0.000138211927
0.000160726726
0.000179858316
0.000196034453
0.00020963619
0.000221003076
0.000230437568
0.000238208917
0.000244556591
0.000249693318
0.000253807779
0.000257067016
0.000259618597
0.000261592572
0.000263103164
0.000264250117
0.000265120208
0.000265791129
0.000266338137
0.000266822693
0.000267208017
-0.000552728831
-0.000410310553
-0.000315651034
-0.000232961633
-0.000160138957
-9.65978288e-05
-4.14334417e-05
6.36280571e-06
4.76863623e-05
8.33146374e-05
0.000113934234
0.000140155623
0.000162521669
0.000181515051
0.000197565095
0.000211053844
0.00022232133
0.000231670136
0.000239369389
0.000245658271
0.000250749106
0.000254830103
0.000258067794
0.000260609221
0.000262583908
0.000264105554
0.000265273348
0.000266173492
0.000266883517
0.000267479735
0.000268023748
0.000268464417
-0.000549162542
-0.000406784149
-0.000311861351
-0.000229307374
-0.000156639646
-9.32717833e-05
-3.83128403e-05
9.25451626e-06
5.03381477e-05
8.57248643e-05
0.000116108173
0.000142103748
0.000164258248
0.000183056928
0.000198930701
0.000212262402
0.000223392233
0.000232622497
0.000240221732
0.000246428324
0.000251453686
0.000255485054
0.000258687974
0.000261208523
0.000263175301
0.000264701126
0.000265884314
0.000266810238
0.00026755607
0.000268198976
0.000268800198
0.000269293469
-0.00054473044
-0.000402397092
-0.000307296686
-0.000224937582
-0.000152504074
-8.94016636e-05
-3.47451184e-05
1.24956686e-05
5.32435677e-05
8.8296916e-05
0.000118357749
0.000144048041
0.000165918878
0.000184458339
0.000200098855
0.000213223755
0.000224172961
0.000233247945
0.000240716038
0.000246814191
0.000251752264
0.000255715907
0.000258869103
0.000261356435
0.000263305103
0.000264826621
0.000266018067
0.000266963685
0.000267740085
0.000268425083
0.000269078526
0.000269615575
-0.000539282093
-0.000397011443
-0.000301830972
-0.000219742663
-0.000147639944
-8.49126098e-05
-3.06725673e-05
1.61276e-05
5.64287702e-05
9.10431826e-05
0.000120683155
0.00014597809
0.000167484076
0.000185692162
0.000201036096
0.000213899252
0.000224620655
0.000233500219
0.00024080329
0.00024676459
0.000251591648
0.000255467783
0.000258554728
0.000260994938
0.000262913648
0.000264420578
0.00026561115
0.000266568026
0.000267366523
0.00026808467
0.000268784954
0.000269376668
-0.000532661328
-0.000390484646
-0.00029533538
-0.0002136117
-0.000141954942
-7.9730898e-05
-2.60394869e-05
2.01890968e-05
5.99171287e-05
9.39733535e-05
0.000123082211
0.000147881631
0.000168933188
0.000186730881
0.000201709398
0.00021425151
0.000224694527
0.000233335889
0.000240437999
0.000246232395
0.00025092335
0.00025469099
0.000257693997
0.000260071985
0.000261947585
0.000263428167
0.000264607038
0.000265564966
0.000266375759
0.000267116737
0.000267849751
0.00026847925
-0.000524708977
-0.000382672109
-0.000287680986
-0.000206434948
-0.000135359069
-7.37860455e-05
-2.07939819e-05
2.47149707e-05
6.37282554e-05
9.70939059e-05
0.000125550347
0.000149745042
0.000170245356
0.000187548008
0.000202087996
0.000214246601
0.000224358367
0.000232717125
0.000239581179
0.000245177753
0.000249706795
0.000253344238
0.000256244812
0.000258544477
0.000260362547
0.000261803415
0.000262957744
0.00026390402
0.000264714375
0.000265465116
0.000266215202
0.000266856557
-0.000515266003
-0.000373430121
-0.000278741781
-0.000198106668
-0.000127767288
-6.7013183e-05
-1.48899869e-05
2.97344691e-05
6.78769143e-05
0.000100407571
0.000128080646
0.000151553957
0.000171400696
0.000188119767
0.000202145546
0.000213856639
0.000223583496
0.000231614965
0.00023820389
0.000243571874
0.000247913322
0.00025139886
0.000254178261
0.00025638294
0.00025812812
0.000259514559
0.000260629728
0.000261549342
0.000262343233
0.000263085863
0.00026383437
0.000264477341
-0.00050417693
-0.000362619044
-0.000268398025
-0.000188528336
-0.00011910249
-5.935572e-05
-8.28956629e-06
3.52694308e-05
7.23717304e-05
0.000103912663
0.000130663826
0.000153293893
0.000172381538
0.000188426913
0.000201862451
0.000213062542
0.00022235191
0.000230012783
0.000236290971
0.00024140098
0.000245530317
0.000248843087
0.000251483026
0.000253576076
0.000255232556
0.000256548878
0.000257608753
0.000258484684
0.000259243683
0.00025995752
0.000260681232
0.000261305326
-0.000491293499
-0.00035010666
-0.000256539883
-0.000177612207
-0.000109298769
-5.07682536e-05
-9.65518613e-07
4.1332094e-05
7.72135506e-05
0.000107602094
0.000133287959
0.000154950681
0.000173173538
0.000188456465
0.00020122815
0.000211856811
0.000220659471
0.000227909828
0.000233844866
0.000238670366
0.000242565469
0.000245686468
0.000248169962
0.000250135424
0.000251687401
0.000252917243
0.000253904348
0.000254717621
0.000255420758
0.000256081886
0.000256753441
0.00025733379
-0.000476478233
-0.000335771331
-0.000243071142
-0.000165285381
-9.83053744e-05
-4.1220142e-05
7.09527766e-06
4.79221636e-05
8.23931184e-05
0.000111461784
0.000135937665
0.000156510447
0.000173766396
0.000188203083
0.000200243065
0.000210245949
0.0002185187
0.000225324291
0.000230888889
0.000235407771
0.00023905017
0.00024196326
0.000244275356
0.000246098523
0.000247530751
0.000248657589
0.000249553453
0.000250283528
0.000250907718
0.000251489463
0.00025207807
0.000252586515
-0.000459607308
-0.000319504792
-0.000227914696
-0.000151498101
-8.60933479e-05
-3.06997939e-05
1.58866738e-05
5.50218337e-05
8.78871094e-05
0.000115467775
0.000138592259
0.000157958724
0.000174153845
0.000187669835
0.000198920037
0.000208252481
0.000215961335
0.000222296397
0.000227470875
0.000231667709
0.000235044691
0.0002377386
0.000239868534
0.000241538571
0.000242839119
0.000243847553
0.000244632456
0.000245257451
0.000245776583
0.000246248664
0.00024671983
0.000247125182
-0.00044056963
-0.000301213249
-0.000211024715
-0.000136245658
-7.26522454e-05
-1.91961248e-05
2.53843402e-05
6.25914552e-05
9.36538167e-05
0.000119582725
0.000141223058
0.00015927862
0.00017433265
0.000186867891
0.000197284554
0.000205915539
0.000213039069
0.000218889039
0.000223663378
0.000227530709
0.00023063557
0.000233102521
0.000235039986
0.000236544439
0.000237699061
0.000238557193
0.000239215676
0.000239732031
0.00024012495
0.000240457976
0.000240775524
0.000241043874
-0.000419249066
-0.000280799448
-0.000192375122
-0.000119564109
-5.79341064e-05
-6.63785786e-06
3.55466849e-05
7.05677717e-05
9.96303522e-05
0.000123752494
0.000143790391
0.000160448564
0.000174300996
0.000185815446
0.000195374105
0.000203290502
0.000209823485
0.000215188132
0.000219564682
0.000223105523
0.000225940051
0.000228178687
0.000229916346
0.000231247964
0.00023229872
0.000233073273
0.000233547323
0.000233848449
0.000234077549
0.000234248446
0.000234380284
0.000234477729
-0.000395504251
-0.00025811464
-0.000171839817
-0.000101296987
-4.21237573e-05
6.54781313e-06
4.6125194e-05
7.87966954e-05
0.000105693728
0.000127877656
0.000146227373
0.000161433381
0.000174053258
0.00018453483
0.000193237253
0.0002004497
0.000206409277
0.000211309535
0.000215310824
0.000218548086
0.000221136436
0.00022317575
0.000224753305
0.000225930186
0.000226712238
0.000227241061
0.000227653856
0.000227893884
0.000227954528
0.000227909799
0.000227807437
0.000227700509
-0.00036931411
-0.000233137742
-0.00014957135
-8.1534172e-05
-2.55647025e-05
2.00939577e-05
5.70917249e-05
8.7111695e-05
0.000111700106
0.000131813527
0.000148442832
0.000162184995
0.000173578083
0.000183047637
0.00019092474
0.000197470832
0.00020289535
0.000207367827
0.000211027234
0.000213989138
0.000216351233
0.000218197113
0.000219599125
0.000220618383
0.000221308995
0.000221740289
0.000221939159
0.000221939369
0.000221796574
0.000221531345
0.000221170681
0.000220824995
-0.000340649406
-0.000205809677
-0.000125742068
-6.04228752e-05
-8.09055588e-06
3.38438436e-05
6.79723732e-05
9.53074544e-05
0.000117442719
0.000135512706
0.000150370986
0.000162656649
0.00017286629
0.000181382553
0.000188499827
0.000194446681
0.000199402806
0.000203511419
0.000206888417
0.0002096292
0.000211813794
0.000213510137
0.000214777316
0.000215667292
0.000216227287
0.000216502563
0.000216535855
0.000216359953
0.000216006235
0.000215490057
0.000214834865
0.00021421837
-0.00030951335
-0.00017641031
-0.00010054626
-3.87046067e-05
9.95085207e-06
4.81534818e-05
7.86918654e-05
0.000103073572
0.000122709603
0.000138698535
0.000151850332
0.000162764638
0.000171888237
0.000179555458
0.000186018065
0.000191467586
0.000196051718
0.000199886205
0.000203063389
0.000205658392
0.000207733643
0.000209342324
0.000210530297
0.000211338125
0.000211803138
0.000211960153
0.000211842915
0.000211483616
0.000210907765
0.000210120848
0.000209142386
0.000208226086
-0.000275799263
-0.000145528744
-7.37000773e-05
-1.64998887e-05
2.77458591e-05
6.19529632e-05
8.87837704e-05
0.000110067337
0.000127187934
0.000141165029
0.000152733985
0.000162423227
0.000170614177
0.00017758422
0.00018353719
0.000188624925
0.000192962397
0.000196638252
0.000199722151
0.000202269915
0.000204327189
0.000205932107
0.000207117278
0.00020791155
0.000208340563
0.0002084288
0.000208201235
0.000207684006
0.000206896184
0.000205831444
0.000204503654
0.000203256757
-0.000239286184
-0.000113208792
-4.55482786e-05
5.78589245e-06
4.47197541e-05
7.44644784e-05
9.75075445e-05
0.000115736799
0.000130477053
0.000142638705
0.000152848457
0.000161540037
0.000169016101
0.000175490565
0.000181117221
0.000186008842
0.00019024986
0.000193904735
0.000197023465
0.00019964526
0.000201801102
0.000203515643
0.000204808584
0.000205695588
0.000206189102
0.000206299741
0.00020603893
0.000205420688
0.000204451928
0.000203109436
0.000201406455
0.000199787357
-0.000199685521
-7.91734024e-05
-1.72903959e-05
2.71747663e-05
6.01267176e-05
8.49730707e-05
0.000104202189
0.000119569818
0.000132222902
0.000142898767
0.000152077648
0.000160077556
0.000167113027
0.000173332735
0.000178843126
0.000183722916
0.00018803205
0.000191817143
0.000195114609
0.000197952374
0.000200351058
0.000202325229
0.000203884138
0.000205030865
0.000205762089
0.000206067334
0.000205930565
0.000205342739
0.000204286107
0.000202700114
0.00020057424
0.000198500406
-0.000156253331
-4.34458699e-05
1.01049373e-05
4.6273173e-05
7.25356225e-05
9.24170976e-05
0.000108133775
0.000121103192
0.000132172825
0.000141844509
0.000150423804
0.000158103743
0.000165010834
0.000171234326
0.000176842436
0.000181889725
0.000186421387
0.000190475561
0.000194083755
0.000197269767
0.000200049323
0.000202434078
0.000204433845
0.000206044414
0.000207253953
0.000208037242
0.000208321326
0.000208040186
0.000207127701
0.000205445744
0.000202878231
0.000200261729
-0.000107439765
-6.95986276e-06
3.45267992e-05
6.10014405e-05
8.03941658e-05
9.58111061e-05
0.000108788982
0.000120162794
0.000130370033
0.000139644003
0.000148116475
0.000155869463
0.000162954162
0.00016941533
0.000175300956
0.000180657722
0.000185531119
0.00018996657
0.000194008605
0.000197694059
0.000201043806
0.000204089405
0.000206880207
0.00020940081
0.000211624788
0.000213568728
0.000215047176
0.000215787546
0.000215620324
0.000214323367
0.000211483546
0.000208438376
-4.24569306e-05
2.913028e-05
5.17418226e-05
6.76969095e-05
8.12778644e-05
9.3777839e-05
0.000105534167
0.00011660968
0.000126994292
0.000136678714
0.000145664767
0.000153946035
0.000161524571
0.000168436737
0.000174737032
0.000180479575
0.00018572139
0.000190528964
0.000194983827
0.000199157832
0.000203037821
0.000206573902
0.00020987982
0.000213282344
0.000217065885
0.000220849708
0.000223678333
0.000225483668
0.000227042705
0.000228189838
0.000227837185
0.000225776511
6.46117074e-05
6.48623687e-05
6.23755029e-05
6.80876609e-05
7.77929113e-05
8.91339817e-05
0.000100943174
0.000112571994
0.000123662792
0.000134101945
0.00014387971
0.000152904632
0.000161079845
0.000168463757
0.000175161083
0.00018123714
0.000186754407
0.00019179426
0.000196498595
0.000201024138
0.000205401456
0.000209573148
0.000213608315
0.000217814533
0.000222896041
0.000229750452
0.000238626199
0.000250126921
0.000265205882
0.000285366167
0.00031426153
0.000349257357
)
;

boundaryField
{
    inner_wall
    {
        type            zeroGradient;
    }
    outer_wall
    {
        type            zeroGradient;
    }
    top
    {
        type            zeroGradient;
    }
    bottom
    {
        type            fixedValue;
        value           uniform 0;
    }
    front
    {
        type            wedge;
    }
    back
    {
        type            wedge;
    }
}


// ************************************************************************* //
