/*--------------------------------*- C++ -*----------------------------------*\
| =========                 |                                                 |
| \\      /  F ield         | OpenFOAM: The Open Source CFD Toolbox           |
|  \\    /   O peration     | Version:  2506                                  |
|   \\  /    A nd           | Website:  www.openfoam.com                      |
|    \\/     M anipulation  |                                                 |
\*---------------------------------------------------------------------------*/
FoamFile
{
    version     2.0;
    format      ascii;
    arch        "LSB;label=32;scalar=64";
    class       volScalarField;
    location    "127";
    object      C;
}
// * * * * * * * * * * * * * * * * * * * * * * * * * * * * * * * * * * * * * //

dimensions      [0 0 0 0 0 0 0];

internalField   nonuniform List<scalar> 
3072
(
4.93051721e-09
-5.74674257e-07
4.17849269e-07
3.68655041e-05
4.36205245e-05
-0.000301130793
-0.00106463253
-0.00157574584
-0.00130027496
-0.00117498092
-0.00399269505
-0.0153823459
-0.0359104538
-0.0520164835
-0.0159385845
0.143305722
0.433715031
0.746586526
0.959149668
1.03533869
1.02864209
1.00650396
0.997272866
0.998013999
1.00152651
1.00530348
1.00663479
1.00119645
0.981445388
0.907990939
0.689269853
0.266978686
-7.86586279e-09
1.02257954e-06
1.52069182e-05
-7.20886826e-05
-0.000407472095
-7.0775326e-05
0.00283769757
0.00857176621
0.0144282599
0.0167902187
0.0129761699
0.000921494304
-0.0234934912
-0.0508751538
-0.0242118981
0.140267533
0.44415266
0.764502159
0.971456885
1.03740528
1.02571092
1.0042956
0.996936913
0.998379983
1.00190514
1.00559295
1.00661982
1.00061508
0.980048973
0.904840105
0.684258177
0.262967939
1.12092868e-08
4.34593247e-06
-2.44515017e-05
-0.000300582586
1.76457444e-05
0.0040211352
0.0129739671
0.0225761316
0.0275624666
0.0272239318
0.023135993
0.0131060809
-0.011416986
-0.0478712436
-0.0310009561
0.135168863
0.447472682
0.772879199
0.977120776
1.03782299
1.02399485
1.00329396
0.996889266
0.998586572
1.00208724
1.00572924
1.00659756
1.00034533
0.979565893
0.904250337
0.684608306
0.265916953
1.93252139e-08
5.29695893e-06
-6.70625947e-05
-0.000436448315
0.000889794962
0.00839443096
0.0210116004
0.0307907165
0.0336062099
0.03201538
0.0264255118
0.0194606125
-0.00297224785
-0.0454285658
-0.0328338894
0.140422195
0.462783419
0.790052351
0.98610655
1.03814771
1.0215367
1.00199494
0.996849759
0.998851404
1.0023195
1.00590092
1.00656524
1.00000555
0.978946925
0.90334539
0.684261077
0.268525178
-4.36202429e-09
6.0383436e-06
-7.19942631e-05
-0.00046575515
0.00105264967
0.00947893939
0.0233893995
0.0335710064
0.0373880249
0.0344401816
0.0259869508
0.0193870864
-0.00426948664
-0.0469025899
-0.0230988478
0.169671659
0.503749171
0.822434595
0.99903279
1.03746479
1.01800772
1.00052369
0.996924615
0.999188419
1.00259884
1.00609966
1.00649773
0.999566315
0.978146086
0.902094528
0.683539842
0.271603141
-1.48631034e-07
7.25374891e-06
-5.69282382e-05
-0.000468523746
0.000561649768
0.00737765301
0.0192451145
0.0287419667
0.0328075147
0.0290846913
0.0222228477
0.0146216834
-0.0139726206
-0.0501640448
0.0054340963
0.237051011
0.581112488
0.873852415
1.01541995
1.03465347
1.01297909
0.998880469
0.997177153
0.999647397
1.0029798
1.0063595
1.00635741
0.998891555
0.976843437
0.899687646
0.680943459
0.273484362
-1.51320455e-07
8.59078496e-06
-3.04086847e-05
-0.000423263888
-8.29244635e-05
0.00399116316
0.0117068727
0.0185155422
0.0210332886
0.0180446367
0.0145927242
0.00359402334
-0.0309206454
-0.0435453295
0.0732318121
0.35634382
0.69533874
0.937462838
1.02977872
1.02817882
1.00688357
0.997519823
0.997703377
1.00022958
1.0034872
1.00668214
1.00608318
0.997863444
0.974808811
0.895624674
0.675756822
0.273496842
-1.34099417e-06
7.74692429e-06
-3.06073134e-06
-0.0003221295
-0.000466329798
0.00122001261
0.00486445053
0.00833611698
0.00903108933
0.00822261694
0.00525897451
-0.0159417789
-0.0443119643
0.00355418496
0.20887318
0.532109454
0.830603014
0.996089123
1.0345544
1.01788189
1.00115576
0.997010906
0.998494847
1.00090509
1.00413947
1.00703933
1.00558413
0.996357647
0.971820903
0.889459303
0.667391168
0.271086498
2.74816597e-06
1.13912962e-05
2.4562461e-05
-0.00018485765
-0.000492249196
-0.000179640678
0.000896699877
0.00187406507
0.0021770752
0.00201520273
-0.0111543514
-0.0370341108
-0.0146991426
0.140789123
0.430305931
0.742125684
0.952739212
1.02972402
1.02629863
1.006512
0.997642728
0.997559797
0.99938568
1.0016573
1.00494818
1.00735428
1.00473486
0.994248196
0.967671147
0.880838778
0.655540245
0.266051483
-1.98385717e-05
-1.56566526e-05
8.70923696e-06
-9.09293138e-05
-0.00033548212
-0.000491726602
-0.000439176304
-0.000460142596
-0.00021879898
-0.011096934
-0.0314785939
-0.00791863732
0.134527041
0.403310286
0.706395091
0.928074282
1.02335186
1.03025458
1.01065815
0.998733572
0.997159341
0.99867274
1.00017514
1.00254373
1.00589719
1.00748667
1.00338357
0.99141099
0.962145834
0.869466601
0.640098809
0.258431941
9.61758252e-05
0.000108412752
0.000143299779
0.000103702078
-2.03447133e-05
-0.000214336727
-0.000333803371
-0.000392602572
-0.0124796922
-0.0239568048
0.0228523937
0.185787788
0.45360645
0.737404104
0.93948454
1.02566115
1.03116567
1.01154699
0.998968166
0.996977104
0.998471116
0.999553592
1.00089457
1.00367956
1.0068879
1.00723152
1.00137654
0.98773281
0.955020378
0.855107298
0.621158501
0.248475415
-0.000545932143
-0.000595902979
-0.000608178599
-0.000475317419
-0.000448867063
-3.23825682e-05
-0.0011427447
-0.0132789923
0.0021275746
0.103925674
0.314162081
0.58608257
0.831621676
0.983707916
1.03572482
1.02850284
1.00825567
0.997715938
0.996899665
0.998674997
0.999470396
1.00000494
1.00185954
1.0050929
1.00769766
1.00635367
0.998595887
0.983118939
0.94606411
0.837615301
0.599008861
0.236587036
0.00331913057
0.00362387194
0.00375394422
0.00252523029
0.00164884232
-0.00362250439
0.0122483652
0.108012976
0.300748985
0.552478307
0.792223734
0.958673057
1.03288432
1.0390962
1.01856876
1.00130349
0.995884781
0.997342757
0.999297013
0.999654602
0.999569986
1.00062938
1.00331017
1.0065872
1.00801811
1.00465584
0.994995183
0.977495288
0.93506396
0.81699361
0.574153108
0.223288217
-0.0243194044
-0.0268866438
-0.0268574436
-0.00571705176
0.0710006943
0.226335314
0.445375602
0.678657467
0.873841114
0.99765989
1.04696973
1.0443037
1.02144828
1.00221849
0.994861078
0.995898967
0.998850614
1.00015288
0.999810816
0.999299648
0.999848087
1.00191925
1.00508373
1.00780195
1.0075656
1.00204736
0.990616331
0.970808215
0.921876194
0.793472924
0.547318559
0.20917425
0.328393268
0.422990281
0.559342625
0.719877772
0.865024932
0.975934673
1.04275452
1.06612419
1.05714157
1.03288707
1.00935313
0.995635592
0.992482621
0.995321061
0.998967861
1.00072091
1.0005631
0.999662812
0.999066576
0.999380145
1.00093112
1.00367655
1.0067823
1.0084005
1.00617883
0.998582984
0.985581984
0.963034507
0.906510937
0.76759166
0.519444835
0.194869467
1.0286655
1.04565131
1.0525324
1.04866246
1.03676829
1.02075496
1.00511534
0.993766916
0.988721705
0.989462864
0.993517203
0.99792816
1.00072056
1.00149353
1.00096774
1.00007241
0.999349229
0.998984404
0.999164355
1.00024053
1.00246726
1.00550124
1.00807286
1.00817262
1.00386799
0.99446402
0.980069798
0.95421695
0.889237872
0.740243825
0.491634586
0.180979917
0.996109427
0.993354579
0.991442629
0.990971508
0.991964755
0.994151813
0.996971695
0.999673928
1.00156902
1.00231119
1.00203268
1.00122317
1.00041854
0.999904795
0.999636748
0.999411955
0.999155098
0.999097515
0.999713099
1.00141717
1.00416058
1.00712415
1.0087261
1.00707433
1.00083174
0.989996807
0.974285436
0.944530204
0.870675595
0.712656264
0.465061552
0.168047277
1.00067369
1.00117646
1.00159273
1.00178963
1.00172852
1.00141555
1.00091156
1.00033713
0.99984661
0.99957132
0.999557004
0.999731781
0.999929763
0.999967882
0.999747855
0.999344733
0.999043635
0.999286838
1.00050197
1.00282421
1.00580854
1.00830423
1.0086548
1.0052683
0.997412052
0.985517597
0.968456984
0.934352852
0.851806876
0.686270173
0.440846379
0.156509715
0.999869635
0.999769812
0.999680556
0.999629732
0.99962576
0.999668509
0.999751111
0.999861625
0.999985443
1.00010561
1.00019786
1.00022258
1.00012511
0.999860995
0.999453994
0.999066279
0.999026465
0.999750496
1.00152978
1.00424637
1.00716051
1.00893496
1.00798067
1.00307079
0.993988616
0.981327273
0.962852282
0.924290462
0.833872347
0.662537054
0.419925661
0.146675213
1.00002666
1.00004774
1.00006814
1.00008185
1.00008421
1.0000713
1.00004532
1.00001938
1.00001414
1.00004265
1.00008827
1.00009203
0.999969918
0.999670741
0.999258779
0.998974154
0.999208533
1.00035598
1.0025618
1.00547067
1.00812021
1.00909559
1.00695684
1.00083132
0.990884867
0.977662288
0.957784939
0.915099549
0.818147244
0.642681904
0.402946202
0.138710673
0.999994129
0.999989611
0.999985923
0.999984094
0.999981782
0.999976294
0.999970906
0.999978245
1.00001351
1.00007629
1.00013032
1.00010091
0.999908109
0.999536993
0.999116525
0.998952203
0.999456741
1.00096162
1.00346218
1.00641468
1.00871855
1.00895676
1.00585726
0.998839128
0.988319607
0.974687388
0.953574786
0.907517752
0.805673526
0.627509055
0.390209809
0.132647117
1.00000113
1.00000228
1.00000406
1.00000588
1.00000435
0.999996556
0.999987268
0.999991934
1.00002697
1.00008798
1.00012931
1.00006803
0.999828941
0.999424104
0.999027518
0.998985039
0.999711136
1.00147549
1.00415427
1.00707194
1.00905018
1.0087014
1.00489919
0.997275496
0.986398591
0.972490898
0.950468928
0.902072418
0.79705278
0.617310765
0.381677719
0.128398766
0.999999581
0.999999449
1.00000003
1.00000098
0.999998838
0.99999081
0.999982692
0.999991233
1.00003231
1.00009695
1.00013168
1.00004822
0.999777082
0.999352017
0.99897929
0.999029535
0.999911387
1.00184491
1.00462284
1.00748665
1.00921899
1.00846647
1.00420755
0.996211273
0.985131291
0.971079078
0.948569046
0.898960153
0.792375337
0.611894589
0.377026606
0.125792063
0.999999927
1.00000009
1.00000097
1.00000213
0.999999936
0.999991598
0.999983432
0.999993006
1.0000361
1.00010141
1.00013126
1.00003464
0.999745711
0.999311096
0.998955386
0.999062102
1.00003426
1.00206153
1.00488897
1.00771385
1.00930209
1.00832468
1.00382046
0.995631395
0.984457141
0.970380191
0.94780978
0.898044879
0.791290997
0.61070032
0.37573478
0.1245979
0.999999845
0.999999935
1.00000075
1.00000188
0.999999671
0.999991276
0.999983115
0.999993054
1.00003698
1.00010286
1.00013145
1.00003039
0.999734856
0.999296187
0.998946078
0.999073216
1.00007875
1.00214108
1.00498795
1.00780144
1.00934318
1.00829438
1.0037145
0.995467363
0.984273435
0.970264204
0.94799438
0.898955417
0.793172646
0.612957862
0.377174067
0.124562151
0.999999863
0.999999958
1.00000077
1.00000195
0.999999873
0.999991551
0.999983161
0.999992515
1.0000359
1.00010198
1.00013211
1.00003363
0.999740249
0.999301122
0.998946155
0.999063864
1.00005768
1.00211083
1.00495748
1.00778584
1.00936072
1.00836058
1.00383371
0.995625959
0.984457338
0.970564742
0.948853663
0.901228314
0.797316313
0.617836003
0.380666688
0.125414032
0.99999986
0.999999936
1.00000071
1.00000194
1.00000009
0.99999198
0.999983244
0.999991309
1.00003308
1.00009917
1.00013315
1.00004281
0.999758335
0.999321439
0.998953569
0.999039257
0.999987671
1.00199905
1.00483153
1.0076947
1.0093613
1.00849696
1.00411458
0.996008099
0.984872476
0.971099062
0.950121053
0.904427585
0.803042072
0.624526738
0.385573512
0.126894667
0.999999862
0.999999923
1.00000066
1.00000193
1.00000036
0.999992563
0.999983452
0.999989845
1.0000293
1.000095
1.00013395
1.00005506
0.999784149
0.999352168
0.998967554
0.999007762
0.999889143
1.00183633
1.0046428
1.00755005
1.00934288
1.00866874
1.004491
0.996531802
0.985441692
0.971772887
0.951576215
0.908079944
0.80966611
0.632354258
0.391413439
0.128815989
0.999999864
0.999999909
1.00000059
1.0000019
1.00000064
0.999993211
0.999983766
0.999988346
1.00002509
1.00009
1.00013411
1.00006818
0.999813553
0.999388957
0.998987188
0.998976175
0.999779144
1.00164831
1.00441874
1.00737059
1.00930457
1.00884847
1.00490954
0.99712755
0.986092572
0.972502365
0.95305638
0.911844182
0.81666551
0.640763652
0.397771531
0.13100949
0.999999866
0.999999898
1.00000053
1.00000187
1.0000009
0.999993873
0.999984167
0.999986978
1.00002087
1.00008461
1.00013349
1.00008062
0.999843339
0.999428105
0.999011019
0.99894875
0.999669988
1.00145463
1.00418148
1.00717287
1.00924852
1.00901776
1.00533077
0.99774212
0.986770931
0.973232273
0.954458178
0.915484341
0.823656282
0.649337416
0.404331609
0.133343095
0.999999869
0.999999887
1.00000047
1.00000183
1.00000112
0.999994506
0.999984624
0.999985815
1.00001692
1.00007922
1.00013218
1.00009153
0.999871391
0.999466762
0.999037246
0.998927302
0.999569242
1.00126876
1.00394753
1.00697081
1.00917947
1.00916694
1.00572898
0.998337566
0.987436323
0.973926458
0.955725941
0.918860733
0.830384057
0.657781542
0.410863715
0.135716455
0.999999871
0.999999879
1.00000042
1.00000179
1.00000132
0.999995084
0.999985101
0.999984875
1.00001337
1.0000741
1.00013036
1.00010069
0.999896686
0.999503133
0.999064151
0.99891188
0.999480537
1.0010987
1.00372805
1.00677531
1.00910338
1.00929281
1.00608971
0.998889507
0.988060997
0.974563388
0.956837389
0.921905595
0.836698798
0.665907287
0.417214262
0.1380586
0.999999874
0.999999872
1.00000038
1.00000175
1.00000148
0.999995595
0.999985567
0.999984143
1.00001031
1.00006942
1.00012827
1.00010812
0.999918742
0.999536071
0.999090243
0.998901628
0.999404999
1.00094856
1.00352992
1.00659428
1.0090262
1.00939626
1.00640667
0.999384185
0.988627403
0.975131316
0.957790763
0.924600291
0.842527979
0.673607788
0.423290521
0.140322656
0.999999877
0.999999866
1.00000034
1.00000171
1.00000161
0.99999603
0.999985997
0.999983587
1.00000774
1.00006532
1.00012613
1.00011396
0.999937354
0.999564827
0.999114296
0.998895335
0.99934233
1.00081987
1.00335686
1.00643296
1.00895308
1.00948028
1.00667885
0.999815601
0.989125994
0.975625107
0.958595479
0.926956433
0.847852717
0.680836637
0.429046171
0.142480533
0.999999879
0.999999861
1.0000003
1.00000167
1.00000171
0.99999639
0.999986372
0.999983172
1.00000564
1.00006185
1.00012412
1.00011847
0.999952657
0.999589151
0.999135495
0.998891748
0.999291366
1.00071233
1.00321011
1.00629423
1.00888791
1.0095486
1.0069085
1.00018322
0.989553389
0.976044255
0.959266284
0.929002655
0.852689727
0.687591068
0.434469833
0.144518734
0.99999988
0.999999856
1.00000027
1.00000165
1.0000018
0.999996681
0.999986685
0.999982861
1.00000397
1.00005902
1.00012236
1.00012192
0.999964938
0.999609095
0.999153381
0.998889779
0.9992506
1.00062458
1.00308915
1.00617904
1.00883322
1.00960492
1.00709965
1.00049017
0.989910796
0.976391595
0.959819858
0.930775705
0.85707796
0.693898848
0.439575805
0.146434758
0.999999882
0.999999852
1.00000025
1.00000162
1.00000186
0.99999691
0.999986933
0.999982625
1.00000266
1.00005678
1.00012091
1.00012455
0.999974593
0.999624964
0.999167835
0.99888859
0.999218408
1.00055454
1.00299219
1.0060867
1.00879015
1.00965247
1.00725723
1.00074195
0.990202842
0.976672509
0.960273105
0.932315087
0.861069711
0.699809253
0.444397744
0.148234795
0.999999883
0.999999848
1.00000023
1.00000161
1.00000192
0.999997086
0.99998712
0.999982441
1.00000165
1.00005505
1.0001198
1.00012657
0.99998205
0.999637258
0.999179047
0.998887607
0.999193176
1.00049969
1.00291648
1.0060153
1.0087587
1.00969386
1.00738653
1.00094563
0.990436608
0.976894315
0.960642305
0.933659809
0.864724326
0.705386228
0.44898371
0.149931942
0.999999885
0.999999844
1.00000022
1.0000016
1.00000196
0.999997218
0.999987253
0.999982291
1.00000089
1.00005376
1.00011899
1.00012815
0.999987732
0.999646549
0.999187393
0.998886495
0.999173427
1.00045739
1.00285874
1.00596204
1.0087379
1.00973107
1.00749281
1.00110906
0.990620763
0.977065649
0.960942663
0.934846341
0.868103394
0.710702577
0.453391735
0.151544425
0.999999886
0.99999984
1.0000002
1.00000159
1.000002
0.999997315
0.999987341
0.999982164
1.00000032
1.00005283
1.00011845
1.00012941
0.999992032
0.999653439
0.999193365
0.998885103
0.999157847
1.00042497
1.00281543
1.00592362
1.00872618
1.00976553
1.00758113
1.00124043
0.990764851
0.977195928
0.961188085
0.935907471
0.871267282
0.715835372
0.457686226
0.15309412
0.999999887
0.999999836
1.00000019
1.00000159
1.00000203
0.999997388
0.999987396
0.999982051
0.999999887
1.00005216
1.00011812
1.00013046
0.999995322
0.999658533
0.999197516
0.998883409
0.999145273
1.00039989
1.00278295
1.00589649
1.00872154
1.00979827
1.00765627
1.00134789
0.990878754
0.977294888
0.961391086
0.936871761
0.874272715
0.720862409
0.461935183
0.154605458
0.999999889
0.999999832
1.00000018
1.00000159
1.00000206
0.999997445
0.999987429
0.999981946
0.999999542
1.00005166
1.00011793
1.00013136
0.999997943
0.999662423
0.999200428
0.998881476
0.99913468
1.00037971
1.0027578
1.00587703
1.00872179
1.00982996
1.00772264
1.0014393
0.990972285
0.977372217
0.961562777
0.937763354
0.877171141
0.725859542
0.466208069
0.156104631
0.999999891
0.999999827
1.00000017
1.0000016
1.00000208
0.999997493
0.99998745
0.999981846
0.999999244
1.00005125
1.00011782
1.0001322
1.00000021
0.99966567
0.999202676
0.998879415
0.999125156
1.00036219
1.0027366
1.00586173
1.00872467
1.00986108
1.00778426
1.00152209
0.991054893
0.977437278
0.961712892
0.938601997
0.880007588
0.730898563
0.470573038
0.157615778
0.999999893
0.999999823
1.00000017
1.0000016
1.00000211
0.999997541
0.99998747
0.999981747
0.999998953
1.00005086
1.00011771
1.00013302
1.0000024
0.999668792
0.999204809
0.998877366
0.999115903
1.00034527
1.00271625
1.00584724
1.00872799
1.00989193
1.00784479
1.00160314
0.99113545
0.97749891
0.961849841
0.939403158
0.88281981
0.736045481
0.475097948
0.159165541
0.999999895
0.999999819
1.00000016
1.0000016
1.00000214
0.999997594
0.999987499
0.999981647
0.999998637
1.00005041
1.00011756
1.00013385
1.00000476
0.999672256
0.999207335
0.998875481
0.999106231
1.0003271
1.00269388
1.00583049
1.00872966
1.00992269
1.00790747
1.00168869
0.991222128
0.977565327
0.961980834
0.940178321
0.885638088
0.741359729
0.479847878
0.160778871
0.999999897
0.999999815
1.00000015
1.0000016
1.00000217
0.999997659
0.999987545
0.999981546
0.999998263
1.00004985
1.00011729
1.00013474
1.00000751
0.999676478
0.999210715
0.998873921
0.99909556
1.00030605
1.00266695
1.00580865
1.00872769
1.0099534
1.0079751
1.00178428
0.991322344
0.977644096
0.962112042
0.940935368
0.888485431
0.746894541
0.484887056
0.162481228
0.9999999
0.999999811
1.00000013
1.0000016
1.0000022
0.999997741
0.999987618
0.999981443
0.999997807
1.00004911
1.00011685
1.00013571
1.00001084
0.999681833
0.999215382
0.998872865
0.999083412
1.00028072
1.00263319
1.00577921
1.00872027
1.00998398
1.00805006
1.00189477
0.991442686
0.977742092
0.962248741
0.94167886
0.891377379
0.752696176
0.490277932
0.164297326
0.999999902
0.999999807
1.00000012
1.00000159
1.00000224
0.999997845
0.999987724
0.99998134
0.999997247
1.00004814
1.00011619
1.00013675
1.0000149
0.999688657
0.999221735
0.998872509
0.999069438
1.00024996
1.00259071
1.00573993
1.0087057
1.01001419
1.00813417
1.00202416
0.99158877
0.977865391
0.962395383
0.94241027
0.894321528
0.75880245
0.496080691
0.166251715
0.999999906
0.999999803
1.0000001
1.00000157
1.00000227
0.999997974
0.999987871
0.99998124
0.99999657
1.0000469
1.00011527
1.00013787
1.00001979
0.999697179
0.999230087
0.998873063
0.999053463
1.00021297
1.00253804
1.00568907
1.00868252
1.01004361
1.00822866
1.00217543
0.991765044
0.978019103
0.962555658
0.943128271
0.897317183
0.765241371
0.502352768
0.168369588
0.99999991
0.9999998
1.00000008
1.00000155
1.00000231
0.999998131
0.999988063
0.999981146
0.999995772
1.00004539
1.00011403
1.00013904
1.00002554
0.999707527
0.999240662
0.998874743
0.999035501
1.00016934
1.00247428
1.00562532
1.00864952
1.01007165
1.00833407
1.00235047
0.991974615
0.978207207
0.962732552
0.943829177
0.900355336
0.772029891
0.509147316
0.170675204
0.999999915
0.999999798
1.00000006
1.00000153
1.00000236
0.999998315
0.999988304
0.999981066
0.999994854
1.00004357
1.00011246
1.00014022
1.00003212
0.999719745
0.999253602
0.998877773
0.999015745
1.00011906
1.00239907
1.00554797
1.00860575
1.01009757
1.00845022
1.00254992
0.992219087
0.978432364
0.96292838
0.944507505
0.903418908
0.77917274
0.516512701
0.173192593
0.999999919
0.999999796
1.00000004
1.0000015
1.0000024
0.999998525
0.999988596
0.999981006
0.999993831
1.00004147
1.00011054
1.00014134
1.00003945
0.999733772
0.999268952
0.998882361
0.998994559
1.00006255
1.00231262
1.00545687
1.00855066
1.01012048
1.00857618
1.00277311
0.992498362
0.978695649
0.963144722
0.945156586
0.906483195
0.786660977
0.524491018
0.175945404
0.999999925
0.999999794
1.00000001
1.00000146
1.00000244
0.99999876
0.999988937
0.999980974
0.999992721
1.0000391
1.00010825
1.00014235
1.00004739
0.999749441
0.999286637
0.99888868
0.998972463
1.00000061
1.00221585
1.00535263
1.00848421
1.01013948
1.00871026
1.0030179
0.992810383
0.978996185
0.963382222
0.945769231
0.909516612
0.794470366
0.533116064
0.178956593
0.99999993
0.999999794
0.999999985
1.00000142
1.00000248
0.999999013
0.999989323
0.999980978
0.999991554
1.00003651
1.00010564
1.00014317
1.00005575
0.999766471
0.999306437
0.99889682
0.998950105
0.999934524
1.00211042
1.00523675
1.008407
1.01015376
1.00885005
1.00328055
0.99315085
0.979330687
0.963640223
0.946338387
0.912481894
0.802559763
0.542410676
0.182247739
0.999999936
0.999999794
0.999999956
1.00000137
1.00000252
0.999999278
0.999989747
0.999981022
0.999990367
1.00003376
1.00010273
1.00014375
1.00006426
0.999784424
0.999327922
0.998906727
0.998928222
0.999866046
1.00199885
1.00511181
1.00832057
1.01016279
1.00899245
1.00355562
0.993512935
0.979692982
0.96391623
0.946857751
0.915337965
0.810870021
0.55238377
0.185838095
0.999999942
0.999999795
0.999999926
1.00000131
1.00000255
0.999999548
0.999990197
0.999981108
0.9999892
1.00003095
1.00009963
1.00014406
1.00007263
0.999802686
0.999350398
0.998918129
0.998907583
0.999797386
1.00188465
1.00498161
1.00822758
1.01016652
1.00913379
1.00383597
0.993887137
0.980073629
0.964205314
0.947322254
0.918042662
0.819324226
0.563027895
0.189743861
0.999999948
0.999999797
0.999999896
1.00000126
1.00000258
0.999999813
0.999990656
0.999981232
0.999988096
1.00002818
1.00009646
1.00014408
1.00008054
0.999820529
0.999372939
0.998930494
0.998888871
0.999731083
1.00177213
1.00485124
1.00813195
1.01016565
1.00927015
1.00411293
0.994261332
0.980459767
0.964499523
0.9477283
0.920556208
0.82782979
0.574317961
0.193978391
0.999999956
0.999999799
0.999999867
1.0000012
1.00000259
1.00000006
0.999991103
0.999981382
0.999987095
1.00002557
1.00009337
1.00014388
1.00008767
0.999837141
0.999394391
0.998942995
0.998872606
0.999669879
1.00166638
1.00472699
1.00803894
1.01016177
1.00939748
1.00437646
0.994620913
0.980835115
0.96478734
0.948073534
0.922844783
0.836281793
0.586210541
0.198553291
0.999999963
0.999999802
0.99999984
1.00000115
1.00000261
1.00000029
0.999991514
0.999981541
0.999986231
1.00002326
1.00009058
1.00014355
1.00009377
0.999851664
0.999413433
0.998954536
0.998859075
0.999616576
1.00157303
1.00461625
1.00795515
1.01015749
1.00951186
1.00461542
0.994948923
0.981180044
0.965053212
0.948356095
0.924883683
0.844567168
0.598643381
0.203480839
0.999999971
0.999999805
0.999999816
1.0000011
1.00000262
1.00000048
0.999991859
0.999981681
0.99998554
1.00002139
1.0000883
1.00014323
1.00009857
0.999863176
0.999428571
0.998963763
0.998848371
0.999574086
1.00149837
1.00452756
1.00788856
1.01015644
1.00960944
1.00481735
0.995225898
0.981471458
0.96527706
0.948573285
0.926659384
0.852568674
0.611533572
0.208777156
0.999999978
0.999999808
0.999999795
1.00000106
1.00000263
1.00000062
0.999992104
0.999981769
0.999985053
1.00002013
1.00008683
1.00014311
1.00010179
0.999870614
0.999438056
0.998969056
0.998840506
0.999545655
1.00144954
1.00447082
1.00784858
1.01016321
1.00968616
1.00496818
0.995429386
0.981682409
0.965433778
0.948719705
0.928170167
0.860169464
0.62477478
0.214466455
0.999999984
0.999999809
0.999999779
1.00000104
1.00000264
1.0000007
0.999992211
0.99998177
0.999984807
1.00001966
1.00008646
1.00014337
1.0001031
0.999872776
0.999439931
0.998968637
0.998835581
0.999535067
1.0014348
1.00445742
1.00784608
1.01018309
1.0097374
1.00505163
0.995533352
0.981781628
0.965492822
0.948784415
0.929424275
0.867262239
0.638236906
0.220585491
0.99999999
0.999999808
0.999999768
1.00000104
1.00000266
1.00000071
0.999992148
0.999981655
0.999984844
1.00002015
1.00008745
1.00014415
1.00010211
0.999868435
0.999432265
0.998960836
0.99883396
0.999546651
1.0014633
1.00449996
1.00789307
1.0102219
1.00975771
1.00504884
0.995507651
0.981733018
0.965417342
0.948743821
0.930430197
0.873775116
0.651780636
0.227184245
0.999999995
0.999999805
0.999999762
1.00000106
1.00000269
1.00000064
0.999991901
0.99998141
0.9999852
1.00002176
1.00009003
1.0001455
1.00009829
0.999856148
0.999413014
0.998944247
0.998836892
0.999586212
1.00154591
1.00461238
1.00800205
1.01028476
1.00973963
1.00493747
0.995316737
0.981492703
0.965158042
0.948534108
0.9311567
0.879744842
0.665269736
0.234210666
1
0.999999802
0.99999976
1.0000011
1.00000272
1.00000048
0.999991419
0.999981021
0.999986022
1.00002485
1.0000946
1.00014731
1.00009034
0.999833289
0.999379133
0.998917664
0.998847889
0.999663944
1.00169883
1.00481278
1.00818616
1.01037266
1.00966731
1.00468482
0.994915982
0.981012323
0.964671579
0.948124668
0.931583483
0.885146742
0.67860081
0.24162003
1.00000001
0.999999797
0.999999764
1.00000117
1.00000277
1.00000018
0.999990649
0.999980506
0.999987538
1.00002988
1.0001015
1.00014907
1.00007625
0.999796404
0.999327415
0.998881224
0.998873726
0.999794728
1.00194286
1.00512168
1.00845711
1.01048073
1.00951551
1.00424699
0.994249394
0.980232903
0.963905147
0.947479891
0.931705187
0.889945188
0.691628267
0.249379963
1.00000001
0.999999791
0.999999776
1.00000127
1.0000028
0.999999709
0.999989534
0.999979941
0.999990123
1.00003742
1.00011091
1.00014962
1.00005279
0.999740997
0.999254882
0.99883778
0.998926835
1.00000091
1.00230534
1.00556183
1.00882214
1.01059282
1.0092431
1.00356311
0.993246326
0.979085063
0.96279972
0.94655984
0.931512967
0.894121552
0.704216166
0.25743205
1.00000002
0.999999782
0.999999798
1.00000141
1.00000282
0.999998988
0.999988024
0.999979507
0.999994362
1.0000482
1.00012272
1.00014659
1.00001487
0.999661063
0.9991594
0.998795208
0.999028955
1.00031589
1.00282177
1.00615646
1.00927865
1.01067357
1.00878451
1.00254812
0.991816557
0.977486304
0.961288925
0.945320705
0.930997999
0.897667412
0.716233672
0.265698009
1.00000002
0.999999772
0.999999834
1.0000016
1.00000279
0.999997933
0.999986103
0.999979556
1.00000112
1.000063
1.00013601
1.00013564
0.999954817
0.999549566
0.999042233
0.998770991
0.999216367
1.00078762
1.00353513
1.00692322
1.00980355
1.0106556
1.0080378
1.00108397
0.989845444
0.975339679
0.959299944
0.943716235
0.930151066
0.900585429
0.727561461
0.274080042
1.00000002
0.999999761
0.999999889
1.00000182
1.00000265
0.999996436
0.99998383
0.999980708
1.00001156
1.00008234
1.00014823
1.00010937
0.999862246
0.999400632
0.998913276
0.998799531
0.999546481
1.00148071
1.00449065
1.00786121
1.01033502
1.01042032
1.00684868
0.999009159
0.987189254
0.972533327
0.956755213
0.941699976
0.928963709
0.902888272
0.738095003
0.282463671
1.00000002
0.999999749
0.999999966
1.00000209
1.00000233
0.999994388
0.999981419
0.999983966
1.00002712
1.00010584
1.00015395
1.00005614
0.999724631
0.999213779
0.998799453
0.998942415
1.00010487
1.00247455
1.00572197
1.00892661
1.01074317
1.00977051
1.00499013
0.996107362
0.983671347
0.968941369
0.953575186
0.939228029
0.927429418
0.904596656
0.747743704
0.290717563
1.00000002
0.999999738
1.00000007
1.00000238
1.00000173
0.999991709
0.999979342
0.999990801
1.00004911
1.0001311
1.00014305
0.99995945
0.99953075
0.99900354
0.9987591
0.999301369
1.0010079
1.00384867
1.00721833
1.0099882
1.01078452
1.00839364
1.00213979
0.992098422
0.979082611
0.964428662
0.949683645
0.936263171
0.925545698
0.905737891
0.756429788
0.29869441
1.00000002
0.999999729
1.00000021
1.00000266
1.00000072
0.999988408
0.999978468
1.00000312
1.00007802
1.00015177
1.00009895
0.999799608
0.999279948
0.998817078
0.998901817
1.00002793
1.00238929
1.00564032
1.00885901
1.01075393
1.01003809
1.00581925
0.997861119
0.986637694
0.973190329
0.958861695
0.945016441
0.932780465
0.923316826
0.90634477
0.764086303
0.306231756
1.00000002
0.999999725
1.00000038
1.00000289
0.999999176
0.999984665
0.999980173
1.00002297
1.00011196
1.00015507
0.999998112
0.999560962
0.99900098
0.998760564
0.99940735
1.00131415
1.0043479
1.00775133
1.01029912
1.01066395
1.00782917
1.0013825
0.991600795
0.979333372
0.965761181
0.95212811
0.939534349
0.928774309
0.920757089
0.906454644
0.770653793
0.313149967
1.00000001
0.999999726
1.00000057
1.00000301
0.999996987
0.999980941
0.999986352
1.00005174
1.00014445
1.00011976
0.999814091
0.999249333
0.998783081
0.999028405
1.00052361
1.00333124
1.00681996
1.00977673
1.01079826
1.00876219
1.00316593
0.994221782
0.982725305
0.969796117
0.956605201
0.944167019
0.933240133
0.924266545
0.917894184
0.906108831
0.776079136
0.319259361
1.00000001
0.999999735
1.00000079
1.00000296
0.999994112
0.99997806
0.999999206
1.00008872
1.00016174
1.00001661
0.999530563
0.998923667
0.998814263
0.999911874
1.00249979
1.00606291
1.00933385
1.01074438
1.00901855
1.00359936
0.994749325
0.983361208
0.970629652
0.957737223
0.945645844
0.93501011
0.926198504
0.919314545
0.914772215
0.905352688
0.780333322
0.324490667
1
0.999999751
1.00000102
1.00000265
0.999990631
0.999977235
1.00002066
1.00012911
1.0001412
0.999815479
0.999168142
0.998738841
0.999402764
1.00173456
1.00538464
1.00897696
1.01064032
1.0088237
1.00290157
0.993294114
0.981165077
0.967950129
0.95495365
0.943125637
0.933014417
0.924828695
0.918554916
0.914016847
0.911452534
0.904218252
0.783226547
0.328361453
1
0.999999776
1.00000124
1.00000205
0.999986782
0.999979946
1.00005142
1.00016209
1.00005309
0.999502882
0.99882396
0.998978526
1.00092673
1.00463406
1.00862501
1.01054408
1.00833671
1.00121771
0.989874302
0.975969595
0.961400782
0.947726026
0.935919085
0.926392461
0.919152692
0.913974875
0.910547274
0.908514992
0.908014431
0.902755779
0.784739438
0.330735081
0.999999998
0.999999808
1.00000144
1.00000113
0.999982973
0.999987644
1.00008973
1.00017014
0.999868802
0.999110733
0.99870858
1.00002926
1.00363263
1.00812827
1.01050661
1.00781837
0.998863829
0.984684275
0.9677699
0.950806763
0.935777662
0.923686565
0.914730121
0.908624429
0.904880682
0.902990186
0.902495502
0.902982162
0.904545119
0.901002214
0.784831081
0.331541276
0.999999996
0.999999845
1.00000159
0.999999899
0.999979735
1.00000129
1.00013058
1.00013148
0.999576542
0.998746785
0.999143373
1.00222928
1.00723687
1.01055257
1.00776543
0.996657158
0.978559366
0.957256565
0.93675982
0.919725278
0.907125472
0.898748093
0.893849554
0.891622333
0.891359385
0.892544756
0.894775286
0.897635548
0.901179565
0.898987552
0.783221944
0.330334472
0.999999994
0.999999885
1.00000168
0.999998441
0.999977618
1.00002088
1.00016574
1.00002649
0.999200238
0.998603298
1.00046991
1.0055656
1.01045227
1.00878487
0.996105273
0.973431859
0.94637882
0.921254118
0.901864499
0.888969984
0.881476219
0.877842907
0.876815596
0.877650999
0.879990216
0.883520384
0.887918504
0.892773383
0.898065164
0.896711941
0.779642728
0.326801883
0.999999993
0.999999926
1.00000172
0.999996862
0.999977046
1.00004513
1.00018559
0.999847142
0.998810004
0.998912812
1.00285414
1.00934012
1.01086928
0.999026108
0.972433096
0.938531973
0.907615158
0.885953417
0.873961075
0.868698474
0.86692624
0.866696123
0.867422033
0.869192526
0.872262905
0.876723171
0.882355539
0.888641612
0.89534025
0.894123199
0.773667175
0.320548362
0.999999992
0.999999964
1.00000169
0.99999529
0.999978172
1.00007159
1.00018245
0.999605307
0.998508447
0.99983733
1.00606483
1.01214438
1.0058346
0.979201622
0.93848816
0.899719352
0.875073442
0.865689108
0.865610315
0.868152491
0.869526662
0.869136962
0.867869698
0.867302134
0.868687817
0.872473823
0.878338059
0.88544171
0.893122758
0.891076387
0.764671239
0.311130583
0.999999992
0.999999998
1.00000163
0.999993846
0.999980792
1.00009723
1.00015444
0.999334164
0.998385364
1.00132776
1.00942045
1.01253736
0.994554237
0.952105933
0.902918489
0.870364498
0.86222309
0.869394744
0.880154772
0.886823245
0.887296188
0.882459112
0.875642985
0.870246198
0.868357586
0.870472562
0.875895721
0.883324098
0.891536542
0.887224846
0.751566421
0.29790179
0.999999992
1.00000003
1.00000153
0.999992616
0.99998436
1.00011932
1.0001081
0.999079583
0.998456448
1.00304496
1.01207598
1.01035429
0.980289516
0.926327582
0.877458358
0.859158161
0.868943119
0.887322177
0.902547254
0.90956511
0.906299381
0.895743138
0.883445975
0.87387932
0.869314015
0.870026603
0.874964992
0.882419228
0.890468879
0.881850453
0.732535331
0.279648865
0.999999992
1.00000005
1.00000143
0.99999165
0.999988072
1.00013605
1.00005832
0.998886051
0.998626975
1.00442415
1.0135165
1.00760574
0.970219335
0.912428738
0.868278831
0.859935003
0.876675707
0.895632135
0.909376722
0.915214228
0.908415724
0.896736004
0.883942405
0.874273104
0.869764653
0.870533156
0.8754281
0.882891626
0.890392012
0.873008195
0.704056935
0.256824244
0.999999993
1.00000007
1.00000134
0.999990985
0.999990928
1.00014627
1.00002559
0.998789332
0.998723631
1.0048546
1.01371433
1.00746573
0.971624702
0.917159166
0.873920515
0.860645963
0.870221641
0.884424557
0.893350089
0.896409789
0.893521933
0.886240625
0.878344565
0.872658466
0.870670397
0.872566983
0.877966322
0.886242813
0.891345459
0.854504478
0.65870476
0.228323888
0.999999993
1.00000008
1.00000129
0.999990669
0.99999186
1.0001484
1.00003242
0.99882891
0.998599877
1.00381085
1.01250744
1.01137883
0.986842897
0.94160149
0.895269136
0.867147468
0.861048782
0.86694027
0.873082477
0.874523962
0.872888651
0.870983898
0.868862968
0.868378676
0.870440158
0.875819634
0.884478535
0.893081639
0.885327421
0.812082513
0.587434121
0.192081039
0.999999993
1.00000008
1.00000129
0.999990926
0.999989483
1.00013579
1.00010695
0.999097846
0.998237064
1.00126569
1.00916653
1.01499588
1.00763925
0.981704917
0.942866774
0.903751397
0.875521725
0.86267204
0.863297315
0.872140354
0.883403526
0.892690906
0.899188559
0.902834559
0.907878935
0.911907086
0.911036385
0.894958343
0.841600079
0.713719909
0.474572451
0.144957599
0.999999993
1.00000007
1.00000134
0.999992689
0.999980717
1.00009777
1.00021131
0.999585151
0.99829133
0.998604712
1.00311639
1.0110824
1.01753246
1.01626149
1.00358701
0.979800315
0.948058697
0.912373443
0.87616643
0.8417788
0.810596788
0.783347176
0.760169003
0.739683871
0.716974563
0.690458884
0.655897223
0.606352961
0.531124063
0.417403614
0.258510061
0.074922667
0.999999993
1.00000002
1.00000141
0.999996458
0.999974196
1.00003395
1.00022826
1.00011726
0.999164269
0.997856404
0.997863903
1.00081747
1.007051
1.01542469
1.02405862
1.03117743
1.0355399
1.03642513
1.03338851
1.02597753
1.01348717
0.99475745
0.967993899
0.930606755
0.879109767
0.809242089
0.716718201
0.598703327
0.456607326
0.300024383
0.149993785
0.033503179
0.999999995
0.999999948
1.0000011
1.00000102
0.999979335
0.999973033
1.00010538
1.00031656
1.0002194
0.999446732
0.998063386
0.996579659
0.995651275
0.995793191
0.997279499
1.00019727
1.00455199
1.01035227
1.01764844
1.02652155
1.03701575
1.04898609
1.06180424
1.07382959
1.08152849
1.07816294
1.05218284
0.986075361
0.85772257
0.648396083
0.363948542
0.0734807655
0.999999999
0.999999925
1.00000036
1.0000033
0.999995405
0.999962139
0.999960669
1.00008557
1.00033345
1.00056892
1.00061918
1.00037174
0.999803273
0.998956539
0.997906851
0.996742907
0.995567631
0.994517098
0.993796043
0.993731266
0.994843476
0.997927065
1.00409376
1.01466089
1.03061885
1.05118709
1.07074032
1.07346868
1.02666881
0.878121766
0.574098059
0.137662614
1
0.99999997
0.999999771
1.00000159
1.0000058
0.999996241
0.999959214
0.999915205
0.999906638
0.999963746
1.00008966
1.00026673
1.00046815
1.00066505
1.00082773
1.00092307
1.00091055
1.00073891
1.00034742
0.999679356
0.998724194
0.997618487
0.996847032
0.997569973
1.00199405
1.01336328
1.03443107
1.06206418
1.0748834
1.01394902
0.770912187
0.251171442
1
1.00000001
0.999999872
0.99999942
1.00000145
1.00000817
1.00001371
1.00000862
0.999988499
0.999955848
0.999916901
0.999878604
0.999847408
0.999829344
0.999830531
0.99985744
0.999916308
1.00001059
1.00013454
1.00026017
1.00031551
1.00016042
0.999594798
0.998498796
0.997297252
0.99792516
1.00498067
1.02494523
1.05749141
1.06910119
0.942764081
0.446253097
1
0.999999998
1.00000005
1.00000002
0.999999148
0.99999782
0.999997912
1.00000082
1.00000643
1.00001362
1.00002101
1.00002733
1.00003149
1.00003238
1.00002891
1.00001993
1.00000463
0.999983475
0.999960414
0.999946764
0.999965506
1.000048
1.00020174
1.00032239
1.00008978
0.999126564
0.998030116
1.00054292
1.01467067
1.04431073
1.04582447
0.770400674
)
;

boundaryField
{
    inner_wall
    {
        type            zeroGradient;
    }
    outer_wall
    {
        type            fixedValue;
        value           uniform 0;
    }
    top
    {
        type            fixedValue;
        value           uniform 1;
    }
    bottom
    {
        type            inletOutlet;
        inletValue      uniform 0;
        value           nonuniform List<scalar> 
32
(
0
0
0
0
0
0
0
0
0
0
-0.00399269505
-0.0153823459
-0.0359104538
-0.0520164835
-0.0159385845
0.143305722
0.433715031
0.746586526
0.959149668
1.03533869
1.02864209
1.00650396
0.997272866
0.998013999
1.00152651
1.00530348
1.00663479
1.00119645
0.981445388
0.907990939
0.689269853
0.266978686
)
;
    }
    front
    {
        type            wedge;
    }
    back
    {
        type            wedge;
    }
}


// ************************************************************************* //
