/*--------------------------------*- C++ -*----------------------------------*\
| =========                 |                                                 |
| \\      /  F ield         | OpenFOAM: The Open Source CFD Toolbox           |
|  \\    /   O peration     | Version:  2506                                  |
|   \\  /    A nd           | Website:  www.openfoam.com                      |
|    \\/     M anipulation  |                                                 |
\*---------------------------------------------------------------------------*/
FoamFile
{
    version     2.0;
    format      ascii;
    arch        "LSB;label=32;scalar=64";
    class       volScalarField;
    location    "338";
    object      C;
}
// * * * * * * * * * * * * * * * * * * * * * * * * * * * * * * * * * * * * * //

dimensions      [0 0 0 0 0 0 0];

internalField   nonuniform List<scalar> 
3072
(
2.18822258e-09
-3.19167582e-07
-1.42285787e-06
2.03621542e-05
6.17303611e-05
-8.38292251e-05
-0.000702163419
-0.0017935683
-0.00319770096
-0.00503614641
-0.00818976418
-0.0184285951
-0.0375124098
-0.0524391193
-0.0157892602
0.14353353
0.433827408
0.746603532
0.959136876
1.03533356
1.02864805
1.00650047
0.997228334
0.997944367
1.00160589
1.0058705
1.00779251
1.00187105
0.978685977
0.898895012
0.676514055
0.260731829
-1.56511317e-09
2.16306073e-07
1.13100573e-05
-1.65013904e-05
-0.000250127982
-0.000374584254
0.000749920692
0.00377855799
0.00753864086
0.00946764967
0.00658692394
-0.00352039886
-0.0257040409
-0.051471545
-0.024085464
0.140494805
0.444259899
0.764514508
0.971443729
1.03740174
1.02571753
1.00428999
0.996887969
0.998311704
1.00200747
1.00620919
1.00781314
1.00121929
0.977042655
0.89540234
0.671248997
0.256656573
9.42039424e-09
2.54188364e-06
-2.22405349e-06
-0.000160680228
-0.000193356462
0.00165990845
0.00665447724
0.0125151015
0.0156382048
0.0155136233
0.0137083152
0.0070761042
-0.0142655336
-0.0486413691
-0.0308983946
0.135395755
0.447578244
0.772889564
0.9771077
1.03782032
1.02400167
1.00328699
0.996837957
0.998519713
1.00220286
1.00637097
1.00780664
1.00091591
0.976460112
0.89468929
0.671475563
0.259453834
1.36350105e-08
3.49126799e-06
-2.15078174e-05
-0.000260627781
0.000182159058
0.00404589576
0.011088031
0.0161174509
0.0165814626
0.0158003842
0.0142064025
0.0120603513
-0.00631219029
-0.0463083028
-0.0327408096
0.14064506
0.462881956
0.790058857
0.986093755
1.03814635
1.02154372
1.00198601
0.996795318
0.998786735
1.00245272
1.00657517
1.00779354
1.00053332
0.975715398
0.893624487
0.670975368
0.261892457
8.58725912e-10
3.86540996e-06
-2.33212972e-05
-0.000279395108
0.000251717349
0.0046223492
0.0123477985
0.017294308
0.0176599691
0.0167306822
0.0131447836
0.0119351662
-0.00746672308
-0.047669847
-0.0229735229
0.169878959
0.503829008
0.822434749
0.99902102
1.03746534
1.01801475
1.00051177
0.996866162
0.999127823
1.00275629
1.00681469
1.00774572
1.00003504
0.974760755
0.892195619
0.670104623
0.264785449
-1.02309333e-07
4.16100859e-06
-1.52178413e-05
-0.000267722165
3.13020752e-05
0.00349504459
0.0100216328
0.0148642624
0.016730219
0.014589135
0.0118475747
0.00885518714
-0.016238235
-0.0505720265
0.00561087336
0.23721802
0.581161083
0.873844979
1.01541062
1.03465663
1.01298553
0.99886361
0.997113275
0.999594914
1.00317488
1.00713257
1.00762675
0.999263798
0.973228174
0.889542071
0.66735029
0.266499145
-1.37522231e-08
4.44988193e-06
-1.90653487e-06
-0.000224196988
-0.00023094466
0.00173808938
0.00587985821
0.00946589018
0.0107809607
0.00905731641
0.00846514338
0.000486065167
-0.0319083939
-0.0435557587
0.0734223707
0.356447162
0.695353072
0.937450871
1.02977375
1.02818479
1.00688802
0.997495163
0.9976331
1.00019305
1.00374031
1.00753589
1.0073706
0.998080059
0.970854512
0.885140486
0.661999872
0.266379873
-1.05358479e-06
2.9301946e-06
9.76131346e-06
-0.000155302266
-0.000344934315
0.000378804654
0.00222922947
0.00406547595
0.00430950485
0.00433556303
0.0029086632
-0.0168605445
-0.0443903097
0.00373196475
0.209004085
0.532145296
0.830594882
0.996079159
1.03455497
1.01788976
1.00115557
0.996974841
0.998419185
1.00089856
1.00447882
1.00799844
1.00687493
0.996333774
0.967389832
0.878530339
0.653470177
0.263889569
3.24200529e-06
6.62823624e-06
2.33181936e-05
-7.34855118e-05
-0.000284890379
-0.00022500585
0.000251837905
0.000702765411
0.000949859085
0.00118337431
-0.0114440737
-0.0369480674
-0.0145054726
0.140920124
0.430346649
0.742120034
0.952727572
1.02972083
1.02630397
1.00651947
0.997633728
0.997508836
0.99931037
1.00170406
1.00540947
1.00843935
1.00599372
0.993869382
0.962605523
0.8693605
0.641467612
0.258836674
-1.9101564e-05
-1.95328608e-05
-1.57500988e-06
-3.79094772e-05
-0.000174285603
-0.000296867233
-0.000309499529
-0.00038107935
-0.000115488142
-0.0109173096
-0.0312581394
-0.00773628711
0.134624653
0.403334707
0.706386263
0.928062799
1.02334779
1.03025756
1.0106658
0.998736855
0.997135969
0.998605695
1.0001147
1.00267896
1.0065207
1.0087051
1.00454434
0.990530855
0.956277985
0.857350909
0.625905241
0.251267418
9.71593085e-05
0.000106063262
0.000130361102
0.000113827688
5.27550165e-05
-7.19074366e-05
-0.000138687944
-0.000183447737
-0.0122850203
-0.0238024925
0.0229469609
0.1858236
0.453604998
0.737391347
0.939475631
1.02565868
1.03116772
1.01155299
0.998975056
0.996970452
0.998427645
0.9994758
1.00087703
1.00395069
1.00771128
1.00856526
1.00233323
0.986175309
0.948186633
0.842296887
0.606896634
0.241431189
-0.000544728804
-0.000596493151
-0.00061836366
-0.000484993193
-0.00044032482
4.18400804e-06
-0.00108705586
-0.0132274224
0.00216067018
0.103936143
0.314155806
0.586070567
0.831612746
0.98370451
1.03572484
1.02850451
1.00825993
0.997722978
0.996901104
0.998650558
0.999404649
0.999934391
1.00192981
1.00555494
1.00874333
1.00774582
0.999198311
0.980688087
0.938122585
0.824095638
0.584753288
0.229730621
0.00332049532
0.00362477596
0.00374926784
0.00251522264
0.00163709712
-0.00363317263
0.0122385165
0.108002875
0.300738978
0.552470175
0.792219154
0.958672045
1.03288516
1.03909701
1.01856947
1.00130625
0.995891119
0.997347768
0.999284739
0.999605189
0.999490095
1.00060243
1.00352827
1.00729099
1.00927683
1.00600055
0.995053804
0.973993837
0.925914643
0.802800354
0.559996098
0.216680099
-0.0243178104
-0.0268848603
-0.0268571047
-0.00571895898
0.0709974718
0.226332491
0.445373822
0.678656919
0.873841726
0.99766126
1.04697112
1.04430431
1.02144789
1.00221812
0.994862983
0.995904816
0.998857279
1.00014795
0.999774954
0.999225636
0.999779769
1.00199149
1.00551472
1.00877625
1.00898157
1.00318933
0.989919484
0.966063959
0.91147943
0.778692248
0.533361465
0.2028635
0.328394666
0.422991502
0.559343506
0.719878348
0.865025367
0.975935084
1.04275492
1.06612456
1.05714178
1.03288694
1.00935247
0.995634535
0.992482064
0.995322821
0.99897349
1.00072843
1.00056282
0.999637261
0.999002438
0.999297255
1.00092011
1.00391444
1.00747816
1.00963372
1.00764418
0.99933169
0.983925075
0.956929242
0.894899037
0.752351833
0.505786302
0.188890064
1.02866542
1.0456512
1.05253227
1.04866233
1.03676819
1.02075491
1.00511535
0.993766944
0.988721588
0.989462384
0.993516378
0.997927711
1.00072213
1.00149879
1.00097567
1.00007548
0.99933204
0.998931013
0.999079651
1.00018266
1.00257225
1.00596473
1.00905271
1.00960366
1.00523367
0.994623177
0.977290803
0.946710303
0.87651499
0.724698353
0.478357634
0.175348387
0.99610943
0.993354583
0.991442632
0.99097152
0.991964807
0.994151932
0.996971835
0.999673912
1.0015686
1.00231032
1.00203198
1.0012242
1.00042313
0.999912825
0.999642633
0.999402438
0.999113305
0.999018375
0.999630258
1.00143015
1.00443724
1.00784722
1.00996516
1.00860037
1.00193533
0.989402216
0.970296746
0.935670403
0.85700392
0.696961576
0.452222301
0.162762106
1.00067368
1.00117645
1.00159271
1.00178963
1.00172859
1.00141568
1.00091161
1.00033683
0.99984579
0.999570383
0.999557299
0.999735282
0.999937307
0.999975975
0.999745789
0.999315946
0.998976152
0.999194838
1.0004525
1.00295178
1.00629192
1.00928372
1.01008966
1.00676937
0.998114192
0.984071417
0.963263268
0.924270085
0.837381689
0.670563034
0.428466948
0.151552642
0.999869628
0.999769801
0.999680543
0.999629756
0.999625866
0.99966864
0.999751031
0.999861041
0.999984418
1.00010509
1.00019976
1.00022865
1.00013414
0.999865517
0.999439249
0.999016134
0.998939542
0.999664534
1.00154305
1.00451599
1.00785559
1.01013421
1.00952943
1.0044414
0.994204535
0.979016966
0.956548649
0.913174581
0.818892775
0.646917469
0.407992825
0.142014186
1.00002665
1.00004773
1.00006813
1.00008189
1.00008434
1.0000714
1.00004509
1.00001857
1.00001311
1.00004286
1.00009191
1.00010004
0.99997861
0.999668989
0.999229666
0.998905295
0.999112184
1.00029305
1.00265504
1.00588679
1.00900458
1.01045973
1.00854377
1.0020056
0.990599557
0.9745588
0.950537091
0.903169577
0.802791123
0.627205502
0.391415751
0.134303906
0.999994123
0.999989599
0.999985913
0.999984143
0.999981918
0.999976361
0.999970552
0.999977291
1.00001261
1.0000773
1.00013544
1.00011003
0.999915148
0.999528064
0.999074284
0.998869774
0.999360019
1.00093095
1.00363682
1.00696133
1.00975356
1.01043028
1.00743051
0.999800374
0.9875833
0.970925553
0.945589075
0.894992749
0.79008258
0.612189615
0.379015111
0.128447568
1.00000112
1.00000227
1.00000405
1.00000593
1.0000045
0.999996592
0.999986821
0.999990899
1.00002624
1.00008968
1.00013551
1.00007761
0.999833888
0.999408735
0.998975083
0.998894219
0.999619235
1.00147719
1.00439856
1.00772074
1.01019295
1.01023984
1.00643587
0.998049735
0.985307565
0.968240756
0.941962004
0.889150751
0.781329557
0.602130221
0.370740147
0.124358338
0.999999576
0.999999436
1.00000002
1.00000104
0.99999898
0.999990826
0.999982186
0.99999016
1.00003173
1.00009913
1.00013856
1.00005791
0.999780229
0.999331899
0.998920021
0.998934182
0.999825373
1.00187222
1.00491754
1.0082051
1.0104305
1.01003976
1.00570829
0.996851303
0.983803115
0.966517534
0.939744135
0.885809207
0.776588837
0.596816152
0.366265487
0.121865006
0.999999922
1.00000008
1.00000096
1.00000219
1.00000008
0.999991603
0.999982897
0.999991916
1.0000356
1.00010386
1.00013849
1.00004431
0.999747728
0.999288192
0.99889231
0.998964604
0.999952457
1.00210445
1.00521294
1.00847128
1.01055041
1.00991463
1.00529918
0.996199155
0.983008504
0.96566935
0.938842104
0.884798962
0.775485933
0.595680625
0.365075219
0.120743155
0.99999984
0.999999923
1.00000074
1.00000194
0.999999815
0.999991281
0.999982575
0.999991958
1.0000365
1.00010539
1.00013879
1.00004006
0.999736487
0.999272309
0.998881655
0.998974955
0.999998423
1.00218944
1.00532196
1.00857194
1.01060359
1.0098902
1.0051888
0.996020306
0.98280512
0.965538689
0.939024912
0.885718125
0.777377898
0.597955563
0.36655197
0.120744803
0.999999859
0.999999946
1.00000076
1.00000201
1.00000002
0.999991564
0.999982636
0.999991422
1.00003538
1.00010442
1.00013937
1.00004334
0.999742142
0.999277757
0.998882302
0.99896574
0.999976309
1.00215616
1.00528606
1.00854917
1.01061459
1.00995506
1.0053186
0.996209503
0.983047202
0.965927421
0.93998911
0.888076041
0.78154937
0.602815589
0.370031548
0.121607288
0.999999855
0.999999924
1.0000007
1.00000199
1.00000023
0.999992009
0.999982751
0.999990227
1.00003248
1.0001014
1.00014019
1.00005256
0.999760986
0.99929975
0.99889181
0.998942056
0.999903471
1.00203512
1.00514327
1.00843586
1.0105947
1.01008436
1.00562011
0.996653801
0.983575221
0.966622481
0.941436104
0.891411664
0.787311391
0.609460615
0.374888866
0.123079441
0.999999858
0.999999912
1.00000064
1.00000198
1.0000005
0.999992611
0.999983002
0.999988783
1.0000286
1.00009696
1.00014063
1.00006483
0.999787812
0.99933285
0.998908899
0.998912175
0.999801349
1.00185963
1.00493079
1.00825954
1.01054644
1.01024412
1.00602147
0.997256877
0.984288586
0.967499953
0.943117319
0.895234977
0.793979174
0.617224151
0.380653672
0.124978242
0.999999861
0.999999899
1.00000058
1.00000195
1.00000078
0.999993278
0.999983363
0.999987313
1.00002429
1.00009164
1.00014038
1.00007792
0.999818287
0.99937231
0.998932198
0.998882785
0.99968779
1.00165757
1.0046798
1.00804343
1.01047265
1.01040767
1.00646485
0.99793804
0.985096701
0.968452714
0.94484696
0.899189749
0.801027446
0.625558592
0.386920505
0.127139843
0.999999864
0.999999887
1.00000052
1.00000191
1.00000103
0.999993957
0.999983812
0.99998598
1.00001999
1.00008594
1.00013933
1.00009025
0.99984907
0.999414135
0.998959887
0.998857978
0.999575593
1.00145014
1.00441522
1.00780762
1.01037863
1.01055772
1.00690812
0.998636294
0.98593217
0.969408108
0.946503846
0.903027977
0.808070043
0.63405194
0.393380483
0.129435838
0.999999867
0.999999877
1.00000046
1.00000186
1.00000126
0.999994605
0.999984314
0.999984856
1.00001596
1.00008027
1.00013758
1.00010101
0.999877979
0.999455285
0.998989885
0.998839371
0.999472521
1.00125172
1.00415538
1.00756856
1.01027161
1.0106859
1.00732439
0.999309021
0.986745991
0.970318102
0.948019416
0.906600514
0.814850262
0.642413893
0.399809
0.13176869
0.999999869
0.999999869
1.0000004
1.00000182
1.00000145
0.999995197
0.999984833
0.999983956
1.00001236
1.00007489
1.00013536
1.00010997
0.999903977
0.999493877
0.999020304
0.998826831
0.999382194
1.00107075
1.00391247
1.00733876
1.01015938
1.01079031
1.00769908
0.99992954
0.987505552
0.97115387
0.949362827
0.909832677
0.821215872
0.650457948
0.406056096
0.13406945
0.999999872
0.999999863
1.00000035
1.00000177
1.0000016
0.999995718
0.999985336
0.999983262
1.00000926
1.00006999
1.0001329
1.00011719
0.999926588
0.999528728
0.999049548
0.99881935
0.999305631
1.00091142
1.00369385
1.00712704
1.01004911
1.01087297
1.00802636
1.00048339
0.988191094
0.971899843
0.950527242
0.912701152
0.827092473
0.658078399
0.412031307
0.136292614
0.999999874
0.999999857
1.00000031
1.00000173
1.00000173
0.999996161
0.999985796
0.999982742
1.00000666
1.00006571
1.00013044
1.00012282
0.999945624
0.999559083
0.999076336
0.998815599
0.999242384
1.00077517
1.00350335
1.00693909
1.00994668
1.01093773
1.00830597
1.00096483
0.988792619
0.972549516
0.951519647
0.91521477
0.832459738
0.665229252
0.417689538
0.138410956
0.999999876
0.999999852
1.00000028
1.00000169
1.00000183
0.999996528
0.999986196
0.999982357
1.00000454
1.0000621
1.00012816
1.00012714
0.999961246
0.999584713
0.999099839
0.99881425
0.999191147
1.00066154
1.00334209
1.00677783
1.0098563
1.01098895
1.00854091
1.00137411
0.989307398
0.973102679
0.952354317
0.917400928
0.837333423
0.671907676
0.423019862
0.140411459
0.999999878
0.999999848
1.00000025
1.00000166
1.00000191
0.999996824
0.999986529
0.999982072
1.00000285
1.00005916
1.00012618
1.00013041
0.999973763
0.999605699
0.999119613
0.998814177
0.999150291
1.00056895
1.00320931
1.00664401
1.00978051
1.01103061
1.0087359
1.00171536
0.989737939
0.973563542
0.953048846
0.919296363
0.841751999
0.678141068
0.428036461
0.142291803
0.99999988
0.999999844
1.00000023
1.00000164
1.00000198
0.999997056
0.999986793
0.999981856
1.00000154
1.00005682
1.00012456
1.0001329
0.999983592
0.999622384
0.999135573
0.998814535
0.999118096
1.00049511
1.00310291
1.00653663
1.00972023
1.01106604
1.00889641
1.00199522
0.990090536
0.973939554
0.953622029
0.920941533
0.845767725
0.683978156
0.432772441
0.144058125
0.999999882
0.99999984
1.00000021
1.00000162
1.00000203
0.999997234
0.999986992
0.999981688
1.00000052
1.00005503
1.00012331
1.00013481
0.999991179
0.999635306
0.99914796
0.998814775
0.999092888
1.00043732
1.00301975
1.00645329
1.00967505
1.01109773
1.00902812
1.00222181
0.990374124
0.974240514
0.954092695
0.922377119
0.849440298
0.68948223
0.437274983
0.145723281
0.999999884
0.999999836
1.0000002
1.00000161
1.00000207
0.999997368
0.999987134
0.99998155
0.999999758
1.00005369
1.0001224
1.0001363
0.999996959
0.999645077
0.999157207
0.998814601
0.999073151
1.00039271
1.0029562
1.00639071
1.00964352
1.01112739
1.00913656
1.00240403
0.990599277
0.974477744
0.954478989
0.923641768
0.852831974
0.69472539
0.441600996
0.147305108
0.999999886
0.999999833
1.00000018
1.0000016
1.0000021
0.999997467
0.999987229
0.999981431
0.999999182
1.00005272
1.00012178
1.0001375
1.00000134
0.999652333
0.99916386
0.998813913
0.999057555
1.00035849
1.00290836
1.00634504
1.00962347
1.01115611
1.00922696
1.00255102
0.990777417
0.974663397
0.954797931
0.924770752
0.856004023
0.69978399
0.445813602
0.148824988
0.999999887
0.999999829
1.00000017
1.0000016
1.00000213
0.999997541
0.999987289
0.999981324
0.999998744
1.00005202
1.00012139
1.0001385
1.00000469
0.999657709
0.999168531
0.998812745
0.999044936
1.00033195
1.00287232
1.0063122
1.00961232
1.01118447
1.00930416
1.00267177
0.990920218
0.974809883
0.955065175
0.925795264
0.859014234
0.70473512
0.449979402
0.150306774
0.999999889
0.999999825
1.00000016
1.0000016
1.00000216
0.999997599
0.999987326
0.999981224
0.999998395
1.00005149
1.00012116
1.00013938
1.00000736
0.999661827
0.999171853
0.998811216
0.999034272
1.00031056
1.00284422
1.00628809
1.0096073
1.01121275
1.00937258
1.00277491
0.991039169
0.974929433
0.955294873
0.926742101
0.861915225
0.709653961
0.454166391
0.151776023
0.99999989
0.999999821
1.00000015
1.0000016
1.00000219
0.999997648
0.999987351
0.999981128
0.999998093
1.00005107
1.00012101
1.00014019
1.00000968
0.999665271
0.999174453
0.998809495
0.999024667
1.00029195
1.00282043
1.0062687
1.0096056
1.01124096
1.00943625
1.00286856
0.991145256
0.97503377
0.955499621
0.927633591
0.864753246
0.714611683
0.458441243
0.153256276
0.999999892
0.999999817
1.00000015
1.00000161
1.00000222
0.999997697
0.999987374
0.999981032
0.999997799
1.00005066
1.00012087
1.00014098
1.00001191
0.999668583
0.999176926
0.998807773
0.999015335
1.00027398
1.00279757
1.00625027
1.00960447
1.01126899
1.00949877
1.00296018
0.991248732
0.975133871
0.955690453
0.928487642
0.86756729
0.719673736
0.462870301
0.154773496
0.999999895
0.999999813
1.00000014
1.00000161
1.00000225
0.999997751
0.999987407
0.999980937
0.999997479
1.00005019
1.00012068
1.00014179
1.00001432
0.999672251
0.999179819
0.998806251
0.999005602
1.00025471
1.00277255
1.00622931
1.00960135
1.01129662
1.00956332
1.00305652
0.991358993
0.975239857
0.955876937
0.929317997
0.870388883
0.724899067
0.467517146
0.156351982
0.999999897
0.999999809
1.00000013
1.00000161
1.00000227
0.999997818
0.999987458
0.999980841
0.999997103
1.0000496
1.00012036
1.00014264
1.00001712
0.999676704
0.999183631
0.998805136
0.998994907
1.00023247
1.00274263
1.00620266
1.00959383
1.01132354
1.00963264
1.00316358
0.991484513
0.975360961
0.956067335
0.93013461
0.873242278
0.730340509
0.472444485
0.158016515
0.9999999
0.999999805
1.00000011
1.0000016
1.00000231
0.999997901
0.999987536
0.999980746
0.999996644
1.00004883
1.00011986
1.00014355
1.0000205
0.999682335
0.999188828
0.998804646
0.998982791
1.00020579
1.00270538
1.00616749
1.00957971
1.01134932
1.00970899
1.00328653
0.991632773
0.975505482
0.956268723
0.930943908
0.876144262
0.736044017
0.477713248
0.159791134
0.999999903
0.999999801
1.0000001
1.00000159
1.00000234
0.999998007
0.999987649
0.999980652
0.999996081
1.00004782
1.00011913
1.00014453
1.00002462
0.99968949
0.999195834
0.998805014
0.998968925
1.00017349
1.00265876
1.00612135
1.00955697
1.01137344
1.00979412
1.00342963
0.991810096
0.975680644
0.956487036
0.93174898
0.879103657
0.742047226
0.483382108
0.161699698
0.999999907
0.999999798
1.00000008
1.00000158
1.00000238
0.999998138
0.999987804
0.999980564
0.999995403
1.00004654
1.0001181
1.00014556
1.00002957
0.999698404
0.999204982
0.998806478
0.998953155
1.00013475
1.00260122
1.00606227
1.00952389
1.01139524
1.00988914
1.00359602
0.992021423
0.975892404
0.956727084
0.932549814
0.882120948
0.748378109
0.489507009
0.163766678
0.999999911
0.999999795
1.00000006
1.00000156
1.00000242
0.999998296
0.999988006
0.999980485
0.999994604
1.00004498
1.00011676
1.00014661
1.00003537
0.999709208
0.999216505
0.998809273
0.998935519
1.00008917
1.00253182
1.00598888
1.00947909
1.01141392
1.00999443
1.00378759
0.992270132
0.976145254
0.956992571
0.933343695
0.885188235
0.755053755
0.496139675
0.166015614
0.999999915
0.999999793
1.00000004
1.00000153
1.00000246
0.999998481
0.999988259
0.999980423
0.999993688
1.00004311
1.00011505
1.00014764
1.00004201
0.99972194
0.999230548
0.998813635
0.998916229
1.00003677
1.0024502
1.0059004
1.00942154
1.01142862
1.0101097
1.00400494
0.992557859
0.976442018
0.957286102
0.934125711
0.88828943
0.76207921
0.503327113
0.168469807
0.99999992
0.999999791
1.00000002
1.0000015
1.0000025
0.999998693
0.999988564
0.999980385
0.999992668
1.00004094
1.00011298
1.0001486
1.00004938
0.999736535
0.999247146
0.998819772
0.998895671
0.999977989
1.00235665
1.00579676
1.00935072
1.0114384
1.01023387
1.00424716
0.992884283
0.976783557
0.957609074
0.934889301
0.891400642
0.76944605
0.511110167
0.171152162
0.999999925
0.99999979
0.999999993
1.00000146
1.00000254
0.999998928
0.999988919
0.999980379
0.999991564
1.0000385
1.00011053
1.00014941
1.00005735
0.99975281
0.999266208
0.998827847
0.99887438
0.999913719
1.00225219
1.00567872
1.00926669
1.01144239
1.01036514
1.00451183
0.993246865
0.977168368
0.957961424
0.935626834
0.89449083
0.777130755
0.519521539
0.174084885
0.999999931
0.99999979
0.999999965
1.00000141
1.00000257
0.999999182
0.999989321
0.99998041
0.999990407
1.00003585
1.00010773
1.00015002
1.00006572
0.99977047
0.999287487
0.998837926
0.998853007
0.9998453
1.00213864
1.005548
1.00917032
1.01143995
1.01050102
1.00479479
0.993640542
0.977592095
0.958341196
0.936330165
0.897522884
0.785093085
0.528583188
0.177288816
0.999999938
0.999999791
0.999999935
1.00000136
1.0000026
0.999999449
0.999989761
0.999980485
0.999989231
1.00003303
1.00010463
1.00015036
1.00007422
0.999789057
0.999310515
0.998849911
0.998832282
0.999774566
1.00201875
1.00540754
1.00906357
1.01143084
1.01063841
1.00509013
0.994057443
0.978047008
0.958743962
0.936991142
0.900455341
0.793274946
0.538303432
0.180782491
0.999999945
0.999999792
0.999999906
1.0000013
1.00000263
0.999999719
0.999990227
0.999980602
0.999988079
1.00003015
1.00010134
1.00015042
1.00008256
0.999807933
0.999334546
0.998863464
0.998812942
0.999703808
1.00189627
1.00526162
1.00894967
1.01141552
1.01077379
1.00539017
0.994486755
0.978521629
0.959162193
0.937602036
0.903244969
0.801600565
0.548674562
0.18458144
0.999999952
0.999999795
0.999999876
1.00000125
1.00000265
0.999999984
0.999990701
0.999980758
0.999986992
1.00002732
1.00009797
1.0001502
1.00009041
0.999826346
0.999358593
0.998877968
0.998795615
0.999635632
1.00177582
1.00511588
1.00883328
1.01139535
1.01090345
1.0056857
0.99491482
0.979000601
0.959584707
0.938155763
0.905850106
0.809978474
0.5596716
0.188698362
0.999999958
0.999999798
0.999999847
1.00000119
1.00000266
1.00000023
0.999991162
0.999980938
0.999986009
1.00002466
1.00009472
1.00014975
1.00009748
0.999843466
0.999381436
0.998892494
0.998780737
0.999572829
1.00166279
1.00497723
1.00872056
1.01137282
1.01102379
1.00596622
0.995325318
0.979464739
0.959996162
0.938645696
0.908234133
0.818304732
0.571251617
0.193144185
0.999999965
0.999999801
0.99999982
1.00000113
1.00000267
1.00000046
0.999991586
0.999981124
0.999985164
1.00002231
1.00009177
1.00014921
1.00010351
0.999858416
0.999401685
0.998905828
0.99876849
0.999518226
1.00156313
1.00485377
1.00861912
1.01135157
1.01113147
1.00622011
0.995699443
0.979891128
0.960376635
0.939064958
0.910368551
0.826466958
0.583353265
0.197930386
0.999999971
0.999999804
0.999999796
1.00000108
1.00000268
1.00000065
0.999991941
0.999981287
0.999984488
1.0000204
1.00008938
1.00014871
1.00010824
0.999870258
0.999417779
0.998916488
0.998758834
0.999474733
1.00148341
1.0047548
1.0085381
1.0113365
1.01122341
1.00643459
0.996015727
0.980252987
0.960701101
0.939405104
0.912234948
0.834348132
0.595894988
0.203072031
0.999999978
0.999999807
0.999999775
1.00000104
1.00000269
1.00000079
0.999992193
0.999981391
0.999984012
1.00001912
1.00008782
1.00014847
1.00011142
0.999877914
0.999427885
0.998922706
0.998751629
0.999445593
1.00143116
1.00469108
1.00848827
1.01133366
1.01129652
1.00659521
0.996249499
0.980519185
0.960938827
0.939654204
0.913825551
0.841830941
0.608772309
0.208591836
0.999999985
0.999999809
0.999999759
1.00000102
1.0000027
1.00000087
0.999992304
0.9999814
0.999983769
1.00001863
1.00008741
1.0001487
1.00011273
0.999880163
0.999429959
0.99892254
0.998746809
0.999434593
1.00141503
1.00467497
1.00848198
1.01135
1.01134724
1.00668532
0.996372199
0.98065367
0.961052856
0.939793993
0.915141383
0.848806566
0.62185744
0.214524453
0.999999992
0.999999808
0.999999748
1.00000102
1.00000272
1.00000088
0.999992241
0.99998128
0.9999838
1.00001913
1.00008844
1.00014954
1.0001118
0.999875752
0.999421978
0.998914167
0.998744602
0.999446114
1.00144464
1.00472018
1.00853294
1.01139316
1.01137127
1.00668558
0.996350786
0.980614896
0.960999061
0.939792855
0.916182867
0.85519967
0.6350132
0.220917233
0.999999998
0.999999806
0.999999742
1.00000104
1.00000275
1.00000081
0.99999199
0.99998102
0.999984139
1.00002076
1.00009112
1.00015107
1.00010808
0.999863198
0.999401789
0.998896021
0.998746153
0.999486121
1.00153152
1.00484193
1.00865543
1.01147008
1.01136214
1.00657279
0.996146222
0.980352614
0.960719564
0.939578267
0.916910483
0.861038298
0.648103566
0.227718872
1
0.999999803
0.99999974
1.00000108
1.00000279
1.00000065
0.999991499
0.9999806
0.999984932
1.00002389
1.00009589
1.00015319
1.00010028
0.999839782
0.999366135
0.998866626
0.998754852
0.999565159
1.00169303
1.00506037
1.0088652
1.01158401
1.01130478
1.00631236
0.995708667
0.979810181
0.960160825
0.939109105
0.917294923
0.866291648
0.661024723
0.234885369
1.00000001
0.999999797
0.999999743
1.00000115
1.00000284
1.00000036
0.999990711
0.999980036
0.999986409
1.000029
1.0001031
1.00015544
1.00008636
0.999801898
0.999311524
0.998825827
0.998777475
0.999698803
1.00195167
1.00539868
1.00917695
1.01173235
1.01117401
1.00585705
0.994974906
0.978917993
0.959257466
0.938337154
0.917319671
0.870917278
0.673631859
0.242384274
1.00000001
0.999999791
0.999999754
1.00000125
1.00000288
0.99999989
0.999989567
0.9999794
0.999988947
1.00003669
1.00011301
1.00015666
1.00006301
0.999744797
0.999234587
0.99877618
0.998826695
0.999910693
1.0023374
1.00588326
1.00960162
1.011901
1.01092743
1.00514025
0.993863962
0.977592856
0.957935183
0.937207977
0.916963685
0.874888635
0.685789063
0.250157873
1.00000002
0.999999782
0.999999776
1.0000014
1.00000291
0.999999173
0.999988014
0.999978868
0.999993142
1.00004772
1.00012553
1.00015449
1.00002497
0.999662062
0.999132651
0.998725316
0.998924973
1.00023655
1.00288975
1.00654236
1.01014084
1.01205583
1.01049572
1.00406726
0.992270623
0.97573393
0.956108674
0.935660837
0.916204604
0.878188488
0.697365109
0.258129159
1.00000002
0.999999772
0.999999811
1.00000159
1.00000289
0.999998116
0.999986026
0.999978788
0.999999881
1.00006294
1.00013981
1.00014454
0.999964234
0.999546013
0.999006312
0.998690749
0.999110279
1.00072836
1.00365782
1.00740022
1.0107759
1.01212861
1.00976874
1.0025041
0.990058429
0.973219761
0.953681572
0.933629801
0.915018444
0.880810003
0.708239784
0.266202213
1.00000002
0.999999761
0.999999864
1.00000182
1.00000277
0.999996611
0.999983656
0.999979787
1.00001038
1.00008294
1.00015337
1.00011922
0.99986983
0.999389861
0.998864835
0.998707687
0.999443515
1.0014574
1.00469565
1.00846397
1.01144817
1.01199535
1.00857622
1.00026373
0.987051988
0.96990567
0.950546999
0.931045604
0.913380875
0.882755985
0.718307268
0.274265
1.00000002
0.999999748
0.99999994
1.00000209
1.00000247
0.999994541
0.999981108
0.999982882
1.00002613
1.00010748
1.00016075
1.00006649
0.999728262
0.999191949
0.998734931
0.998840216
1.0000169
1.00251373
1.00604893
1.00969829
1.01202692
1.01144428
1.00666207
0.997089314
0.983028931
0.965621854
0.946588911
0.927838014
0.911268525
0.884037227
0.727475468
0.282189241
1.00000002
0.999999736
1.00000004
1.00000239
1.00000189
0.999991817
0.99997885
0.999989578
1.00004858
1.00013425
1.00015167
0.999969026
0.999526848
0.998965654
0.998676116
0.999195979
1.00095863
1.00399283
1.00772153
1.01097744
1.01225747
1.01013107
1.00365309
0.992637701
0.977714807
0.960174888
0.94168605
0.923939763
0.908661393
0.884671514
0.735665172
0.289831339
1.00000002
0.999999727
1.00000018
1.00000269
1.0000009
0.999988437
0.999977751
1.00000186
1.00007835
1.00015694
1.00010901
0.999805718
0.9992631
0.998757883
0.998802538
0.999938613
1.00242174
1.00595318
1.00960605
1.01200324
1.01168488
1.00752198
0.999026763
0.986468187
0.97078508
0.953355182
0.935719697
0.919292451
0.90554625
0.884683086
0.742808372
0.297033238
1.00000002
0.999999722
1.00000035
1.00000294
0.999999372
0.999984569
0.999979206
1.00002188
1.00011373
1.00016262
1.00000817
0.999558798
0.99896421
0.998677503
0.9993053
1.00128195
1.00453295
1.00831888
1.01135794
1.01217962
1.00955501
1.00283451
0.992089213
0.978046139
0.961880433
0.944953568
0.928586444
0.913854648
0.901920955
0.884102452
0.748845348
0.303620537
1.00000001
0.999999722
1.00000055
1.00000309
0.999997181
0.999980666
0.999985157
1.00005119
1.00014832
1.00012945
0.999820778
0.999231626
0.998720001
0.998928418
1.00045517
1.00343097
1.00726006
1.01069227
1.01219648
1.01044776
1.00471213
0.995000028
0.981985659
0.966776698
0.950643679
0.934790486
0.920216952
0.907612218
0.897799505
0.882966721
0.753723887
0.309409467
1.00000001
0.99999973
1.00000077
1.00000306
0.999994283
0.999977552
0.999997892
1.00008927
1.00016827
1.00002688
0.999527796
0.998881765
0.99872506
0.999823818
1.00253926
1.00640974
1.01014543
1.01205311
1.01064594
1.00512487
0.995548402
0.982698762
0.967778444
0.952088227
0.936786608
0.922759981
0.910600513
0.900590244
0.893217319
0.881320743
0.757417071
0.314333583
1.00000001
0.999999746
1.000001
1.00000278
0.999990747
0.999976453
1.00001946
1.00013147
1.00015037
0.999822569
0.99914715
0.998667056
0.999306119
1.00172639
1.00565377
1.00970568
1.01187896
1.01038157
1.00431051
0.993865034
0.980113813
0.964544622
0.948636356
0.93358344
0.920190464
0.908886681
0.899812578
0.892864222
0.888234556
0.879200343
0.759742423
0.317926006
1
0.99999977
1.00000123
1.0000022
0.999986807
0.999978887
1.00005072
1.00016693
1.00006367
0.99950016
0.998775531
0.998883866
1.00087738
1.00482536
1.00927068
1.01171387
1.0098021
1.00239861
0.98992481
0.973965351
0.956546071
0.93950703
0.924167177
0.911260496
0.901031932
0.893387694
0.888040641
0.884569816
0.882940726
0.876665779
0.760686636
0.320056089
0.999999999
0.999999801
1.00000143
1.00000129
0.999982869
0.999986361
1.00009005
1.00017782
0.99987762
0.999089174
0.998629285
0.999946828
1.00373651
1.00867128
1.01159348
1.0091671
0.999702641
0.983872464
0.964093433
0.943304205
0.923960762
0.90760022
0.894868223
0.885764315
0.879899237
0.876713407
0.875590814
0.875897879
0.8774443
0.87376836
0.76021643
0.320657749
0.999999996
0.999999838
1.00000159
1.00000008
0.999979471
0.999999909
1.00013249
1.00014159
0.999578137
0.99869768
0.99904627
1.00223774
1.0076415
1.01153317
1.00901083
0.997129881
0.976623335
0.95114343
0.925129081
0.90204123
0.883732773
0.870690668
0.862549213
0.858560058
0.857828579
0.859522821
0.862879153
0.867121156
0.871931722
0.870572714
0.758075156
0.319303596
0.999999994
0.999999878
1.00000169
0.999998617
0.999977178
1.00001959
1.00016972
1.00003753
0.999187496
0.998523664
1.00039646
1.00578744
1.01127754
1.00999384
0.996422343
0.970515505
0.937480561
0.904199663
0.875804672
0.854566805
0.840591902
0.832954164
0.830415281
0.831838653
0.836296411
0.842849452
0.85060059
0.858667881
0.866630482
0.867118977
0.754015257
0.315694668
0.999999993
0.999999918
1.00000173
0.999997028
0.999976431
1.00004415
1.00019186
0.999856461
0.998776106
0.998811936
1.00287821
1.00990588
1.01205823
0.9996274
0.969432246
0.927739972
0.885232783
0.850096058
0.825286196
0.810025704
0.802290154
0.80022094
0.802606524
0.808575622
0.817307532
0.827932371
0.839497083
0.850980965
0.861787281
0.863406483
0.747639424
0.309453094
0.999999992
0.999999957
1.00000172
0.999995438
0.9999774
1.00007113
1.00019086
0.999609615
0.998449709
0.99973991
1.00627692
1.01311515
1.00698254
0.977527871
0.928451507
0.875058913
0.831553493
0.80285739
0.786732193
0.778986777
0.776545086
0.778057359
0.783020904
0.791274981
0.802474677
0.815852147
0.830297327
0.844533058
0.85765676
0.859352508
0.738360376
0.300155406
0.999999992
0.999999991
1.00000166
0.999993969
0.999979898
1.00009746
1.00016448
0.999330549
0.998303412
1.0012679
1.00988868
1.01382888
0.994912234
0.946064389
0.882072597
0.826832165
0.792468815
0.775475983
0.768389442
0.765985732
0.766007945
0.76789993
0.772495163
0.780687476
0.792587169
0.807377863
0.823649272
0.839801457
0.85451752
0.854682251
0.72514198
0.287182885
0.999999992
1.00000002
1.00000156
0.999992713
0.999983383
1.00012027
1.0001191
0.999066711
0.998357816
1.00304907
1.01280141
1.01175685
0.979188975
0.914817281
0.844916551
0.797250113
0.775874393
0.767746269
0.764887832
0.764603843
0.764531798
0.765171281
0.768452337
0.775870428
0.787705295
0.803034199
0.820196483
0.837297907
0.852444525
0.848769591
0.706242318
0.269371301
0.999999992
1.00000004
1.00000146
0.999991723
0.999987044
1.00013764
1.00006968
0.998865047
0.998519768
1.00448998
1.01441476
1.00894934
0.967850004
0.897226862
0.82913355
0.78933758
0.7744943
0.767805735
0.764649048
0.764799651
0.764073156
0.764776042
0.768244685
0.77589543
0.787909324
0.803302431
0.820391892
0.837463128
0.852012727
0.839758418
0.678277395
0.24717503
0.999999993
1.00000006
1.00000138
0.999991041
0.999989873
1.00014829
1.00003704
0.998764108
0.998614009
1.00494029
1.01463046
1.00877247
0.969403967
0.903258545
0.83880965
0.79817431
0.780413547
0.772725278
0.767989689
0.766305764
0.766980113
0.769269741
0.774388663
0.782949224
0.794853839
0.809279305
0.825286256
0.841988767
0.853350564
0.821671542
0.634108579
0.219552792
0.999999993
1.00000007
1.00000133
0.999990717
0.999990793
1.00015045
1.00004396
0.998806378
0.998493429
1.00384261
1.01321181
1.012678
0.986433695
0.934250597
0.874297615
0.827420231
0.801323439
0.790101957
0.784633096
0.780659264
0.779144302
0.781769217
0.787034754
0.795394031
0.806605457
0.820591316
0.836749524
0.851464755
0.848671477
0.780720346
0.565038756
0.184525998
0.999999993
1.00000007
1.00000133
0.999990984
0.99998843
1.00013715
1.00011837
0.999089953
0.99814889
1.00118381
1.00947135
1.01603206
1.00890417
0.981212336
0.937374839
0.889853735
0.850922311
0.82692081
0.817752238
0.819400302
0.82659015
0.834823356
0.842686709
0.849297135
0.858037006
0.866042747
0.869100853
0.856882766
0.807804513
0.685859743
0.455972589
0.139083254
0.999999993
1.00000006
1.00000138
0.999992798
0.999979785
1.00009747
1.00022074
0.999594662
0.998247337
0.998481392
1.00305415
1.01140487
1.01853235
1.01788782
1.00527641
0.980573725
0.946805974
0.908153351
0.868392689
0.830262535
0.795486867
0.765029238
0.739174682
0.716661092
0.692712079
0.665672301
0.631349668
0.582972168
0.510175332
0.400616217
0.247903717
0.0717489715
0.999999993
1.00000001
1.00000143
0.999996635
0.999973646
1.00003219
1.00023211
1.00013304
0.999170892
0.997803632
0.997721804
1.00063495
1.00696406
1.01560436
1.02463873
1.03220749
1.03698027
1.03817296
1.03531325
1.02794996
1.0153961
0.996515242
0.969535105
0.931884016
0.880090433
0.809906389
0.717055886
0.598717648
0.456325014
0.299514831
0.149408338
0.033245421
0.999999995
0.999999944
1.00000109
1.0000012
0.999979369
0.999971334
1.00010347
1.0003226
1.00023933
0.99947047
0.998063283
0.996523713
0.995519094
0.995583587
0.997007884
0.999887678
1.00422922
1.01003703
1.0173556
1.0262606
1.03679197
1.04880191
1.06166028
1.07372529
1.08146238
1.07813271
1.05218511
0.986105022
0.857771737
0.648452515
0.363993896
0.0734926955
0.999999999
0.999999924
1.00000034
1.00000338
0.999995782
0.999961918
0.999958176
1.00008172
1.0003335
1.00057981
1.00064544
1.00041347
0.999856932
0.999016899
0.997968842
0.996802583
0.995622407
0.994565543
0.993837545
0.993765718
0.994871055
0.997948094
1.00410865
1.01467009
1.03062291
1.05118664
1.07073616
1.07346185
1.02666067
0.878114084
0.574092907
0.137661541
1
0.999999971
0.999999759
1.00000156
1.00000598
0.999996852
0.999959589
0.999913818
0.999902146
0.999955801
1.0000789
1.0002543
1.00045521
1.0006525
1.00081616
1.00091279
1.00090168
1.00073145
1.00034133
0.999674539
0.998720563
0.997615946
0.996845479
0.997569297
1.00199413
1.01336396
1.03443218
1.06206553
1.07488475
1.01395013
0.770912831
0.251171547
1
1.00000001
0.999999874
0.999999395
1.00000138
1.00000823
1.00001426
1.00000991
0.999990525
0.999958404
0.99991971
0.999881427
0.999850074
0.999831757
0.999832647
0.99985925
0.999917821
1.00001182
1.00013551
1.0002609
1.00031603
1.00016074
0.999594942
0.998498792
0.99729713
0.997924952
1.00498042
1.02494496
1.05749117
1.06910103
0.942764006
0.446253091
1
0.999999998
1.00000005
1.00000003
0.999999153
0.999997759
0.999997717
1.00000048
1.00000596
1.00001308
1.00002045
1.0000268
1.000031
1.00003195
1.00002854
1.00001961
1.00000437
0.999983265
0.999960251
0.999946644
0.999965426
1.00004796
1.00020173
1.00032241
1.00008982
0.999126612
0.998030168
1.00054297
1.01467071
1.04431075
1.04582447
0.770400674
)
;

boundaryField
{
    inner_wall
    {
        type            zeroGradient;
    }
    outer_wall
    {
        type            fixedValue;
        value           uniform 0;
    }
    top
    {
        type            fixedValue;
        value           uniform 1;
    }
    bottom
    {
        type            inletOutlet;
        inletValue      uniform 0;
        value           nonuniform List<scalar> 
32
(
0
0
0
0
0
0
0
0
0
0
-0.00818976418
-0.0184285951
-0.0375124098
-0.0524391193
-0.0157892602
0.14353353
0.433827408
0.746603532
0.959136876
1.03533356
1.02864805
1.00650047
0.997228334
0.997944367
1.00160589
1.0058705
1.00779251
1.00187105
0.978685977
0.898895012
0.676514055
0.260731829
)
;
    }
    front
    {
        type            wedge;
    }
    back
    {
        type            wedge;
    }
}


// ************************************************************************* //
