/*--------------------------------*- C++ -*----------------------------------*\
| =========                 |                                                 |
| \\      /  F ield         | OpenFOAM: The Open Source CFD Toolbox           |
|  \\    /   O peration     | Version:  2506                                  |
|   \\  /    A nd           | Website:  www.openfoam.com                      |
|    \\/     M anipulation  |                                                 |
\*---------------------------------------------------------------------------*/
FoamFile
{
    version     2.0;
    format      ascii;
    arch        "LSB;label=32;scalar=64";
    class       volScalarField;
    location    "144";
    object      p;
}
// * * * * * * * * * * * * * * * * * * * * * * * * * * * * * * * * * * * * * //

dimensions      [0 2 -2 0 0 0 0];

internalField   nonuniform List<scalar> 
3072
(
-0.000123967128
-9.41515015e-05
-9.04856787e-05
-8.44511873e-05
-7.46945431e-05
-6.29698179e-05
-5.10207704e-05
-3.99856174e-05
-2.77742608e-05
-1.40153859e-05
-7.56288689e-06
-7.76019658e-06
-7.6220555e-06
-6.31047786e-06
-4.47205655e-06
-2.49542082e-06
-5.35743187e-07
1.32377536e-06
3.02535643e-06
4.52417393e-06
5.80685323e-06
7.01602495e-06
8.04228512e-06
8.74648879e-06
9.27237413e-06
9.66434104e-06
9.94256399e-06
1.01314723e-05
1.02633795e-05
1.03857593e-05
1.05658934e-05
1.08151534e-05
-0.000264310275
-0.000186451973
-0.000160138531
-0.000141512598
-0.000123474706
-0.000104850572
-8.64209669e-05
-6.86356874e-05
-5.08429532e-05
-3.39335803e-05
-2.18125142e-05
-1.44699734e-05
-8.57002416e-06
-3.2999158e-06
1.33039372e-06
5.32476541e-06
8.74333909e-06
1.16448681e-05
1.40880644e-05
1.61498109e-05
1.77775398e-05
1.92003021e-05
2.04184564e-05
2.12384504e-05
2.18514047e-05
2.23315599e-05
2.27116009e-05
2.30231536e-05
2.33042866e-05
2.360213e-05
2.39473526e-05
2.42410519e-05
-0.000326423567
-0.000221780962
-0.00017657408
-0.000146112729
-0.000121669289
-0.000100771593
-8.23234701e-05
-6.56795e-05
-5.03712018e-05
-3.65145095e-05
-2.475669e-05
-1.50288975e-05
-6.70542123e-06
5.33392158e-07
6.82430264e-06
1.22634579e-05
1.69345963e-05
2.09093009e-05
2.42732184e-05
2.72005722e-05
2.95866492e-05
3.14880805e-05
3.30811519e-05
3.43169064e-05
3.52851762e-05
3.60471879e-05
3.66469027e-05
3.712301e-05
3.7512621e-05
3.78541121e-05
3.81780252e-05
3.84491923e-05
-0.000386213038
-0.000266915273
-0.000210788426
-0.0001687609
-0.000135762978
-0.00010966414
-8.7852168e-05
-6.89315515e-05
-5.21829221e-05
-3.72967002e-05
-2.41970797e-05
-1.27466839e-05
-2.72753883e-06
6.04070516e-06
1.36900912e-05
2.03248417e-05
2.60363829e-05
3.09109916e-05
3.50378694e-05
3.85008908e-05
4.14022521e-05
4.37573239e-05
4.5628548e-05
4.71510239e-05
4.83629618e-05
4.93170093e-05
5.00673759e-05
5.066228e-05
5.11447929e-05
5.15569049e-05
5.19302321e-05
5.22253118e-05
-0.000442025759
-0.000315681249
-0.000246466368
-0.000194678941
-0.000154291282
-0.000122039596
-9.54368138e-05
-7.29136333e-05
-5.34569286e-05
-3.64586974e-05
-2.15555502e-05
-8.48062369e-06
2.98938468e-06
1.30324624e-05
2.17903049e-05
2.93830212e-05
3.59218314e-05
4.15133475e-05
4.62353925e-05
5.00707503e-05
5.32996716e-05
5.60634959e-05
5.82579564e-05
6.00107616e-05
6.14106542e-05
6.25242635e-05
6.34104411e-05
6.41220501e-05
6.47074238e-05
6.52150465e-05
6.56821282e-05
6.60573341e-05
-0.000490655729
-0.000359350471
-0.000280091701
-0.000220370801
-0.000173455527
-0.000135074955
-0.00010346183
-7.69818921e-05
-5.44130307e-05
-3.49375724e-05
-1.80139332e-05
-3.25731679e-06
9.62033401e-06
2.0840693e-05
3.05811007e-05
3.89916122e-05
4.62062832e-05
5.23487189e-05
5.75292678e-05
6.18422694e-05
6.54205678e-05
6.83735903e-05
7.07720209e-05
7.27055989e-05
7.42586576e-05
7.55057877e-05
7.65132388e-05
7.73397619e-05
7.80398941e-05
7.86708813e-05
7.92764695e-05
7.9777668e-05
-0.00053192563
-0.0003963599
-0.000311284598
-0.000245353099
-0.000191929095
-0.000147979108
-0.000111621333
-8.11856592e-05
-5.53782693e-05
-3.32741658e-05
-1.42176357e-05
2.2729288e-06
1.65600352e-05
2.8924611e-05
3.95927037e-05
4.87540986e-05
5.65745656e-05
6.32033878e-05
6.87776312e-05
7.34251227e-05
7.72689657e-05
8.04237726e-05
8.29929731e-05
8.50734299e-05
8.67548237e-05
8.81187888e-05
8.92383056e-05
9.01779406e-05
9.09985255e-05
9.17666666e-05
9.25328059e-05
9.31834259e-05
-0.000566133037
-0.00042747432
-0.00033840683
-0.000267796737
-0.000209055474
-0.000160191503
-0.000119500772
-8.5339447e-05
-5.63984868e-05
-3.17026067e-05
-1.05252694e-05
7.68770434e-06
2.336503e-05
3.68456535e-05
4.84055827e-05
5.827674e-05
6.66600887e-05
7.37341554e-05
7.96607041e-05
8.45882626e-05
8.86543728e-05
9.19859588e-05
9.46995737e-05
9.69022825e-05
9.86919981e-05
0.000100157405
0.00010137758
0.000102422384
0.000103358472
0.000104261299
0.00010518735
0.000105987543
-0.000594147536
-0.000453436023
-0.000361224731
-0.000286858212
-0.000223988623
-0.00017107998
-0.000126662567
-8.91948915e-05
-5.74013239e-05
-3.02976911e-05
-7.12084499e-06
1.2731112e-05
2.97374921e-05
4.4286035e-05
5.66972498e-05
6.72423109e-05
7.61559579e-05
8.36453929e-05
8.98963867e-05
9.5077316e-05
9.93418023e-05
0.000102830164
0.000105670432
0.000107979236
0.000109862395
0.000111415212
0.000112722285
0.000113858165
0.000114894522
0.000115914341
0.000116979108
0.00011790883
-0.000616490661
-0.000474437496
-0.000379940317
-0.000302669246
-0.000236575113
-0.000180405747
-0.000132889363
-9.25996809e-05
-5.8316709e-05
-2.90716074e-05
-4.08812155e-06
1.72635324e-05
3.54978789e-05
5.10402835e-05
6.42476925e-05
7.54249283e-05
8.48365648e-05
9.27157352e-05
9.92702377e-05
0.000104686943
0.000109134744
0.000112766648
0.000115721224
0.00011812379
0.000120087308
0.000121712972
0.000123090201
0.000124297529
0.000125410672
0.000126518337
0.000127685779
0.000128710618
-0.000633726608
-0.000490848513
-0.00039479932
-0.000315366564
-0.000246804094
-0.000188073387
-0.000138060295
-9.54449215e-05
-5.90691189e-05
-2.79911989e-05
-1.43698942e-06
2.12364152e-05
4.05660805e-05
5.70042537e-05
7.09358833e-05
8.26927148e-05
9.25640775e-05
0.000100805045
0.000107642441
0.000113279269
0.000117897939
0.000121662652
0.000124721207
0.000127206453
0.000129237492
0.000130920494
0.00013234888
0.000133604413
0.000134765826
0.000135925545
0.000137151343
0.000138229081
-0.000646482892
-0.000503164119
-0.000406150318
-0.000325165868
-0.000254771422
-0.000194090958
-0.000142131465
-9.76639033e-05
-5.95903143e-05
-2.69999807e-05
8.70245337e-07
2.46665694e-05
4.49388291e-05
6.21571441e-05
7.67266474e-05
8.89994156e-05
9.92841207e-05
0.000107853366
0.000114949441
0.000120788615
0.000125564499
0.000129450579
0.000132602281
0.000135158631
0.000137243702
0.000138967624
0.000140426964
0.000141705966
0.000142885384
0.000144059416
0.000145297193
0.000146383894
-0.000655395466
-0.000511913807
-0.00041439869
-0.000332350197
-0.000260647972
-0.000198537812
-0.000145115248
-9.92259573e-05
-5.98247448e-05
-2.60322807e-05
2.89961694e-06
2.76145551e-05
4.86681164e-05
6.65413113e-05
8.16528215e-05
9.43692168e-05
0.00010501338
0.000113871147
0.000121196626
0.000127216356
0.000132132642
0.000136126201
0.000139358355
0.000141972876
0.000144097586
0.00014584556
0.000147315663
0.000148593931
0.000149762246
0.000150914844
0.000152121231
0.000153176127
-0.000661079395
-0.000517623555
-0.000419969837
-0.00033723702
-0.000264648474
-0.00020153938
-0.000147065293
-0.000100130043
-5.97331868e-05
-2.50242021e-05
4.72931139e-06
3.01652598e-05
5.1840294e-05
7.02412018e-05
8.57949847e-05
9.88778438e-05
0.00010982242
0.000118923898
0.000126444829
0.000132619172
0.000137655511
0.000141739783
0.000145037525
0.000147695856
0.000149845192
0.000151600589
0.000153062447
0.000154317982
0.000155449462
0.000156549748
0.000157687952
0.000158676808
-0.000664111654
-0.000520794703
-0.000423285274
-0.000340155588
-0.000267011253
-0.000203250982
-0.000148065312
-0.000100401491
-5.92957665e-05
-2.39224392e-05
6.4362997e-06
3.24112058e-05
5.45573304e-05
7.33635886e-05
8.92615126e-05
0.000102633036
0.000113816985
0.000123114569
0.000130793903
0.000137093827
0.000142227067
0.000146382955
0.000149729735
0.000152416616
0.000154575577
0.000156322815
0.000157759611
0.000158973848
0.000160047609
0.000161071335
0.000162113192
0.000163010186
-0.000665021588
-0.000521896302
-0.000424752595
-0.000341432607
-0.00026798316
-0.000203844714
-0.000148220219
-0.000100087642
-5.8512359e-05
-2.26890558e-05
8.08741562e-06
3.44405567e-05
5.69223968e-05
7.60216764e-05
9.2171759e-05
0.000105757442
0.000117120947
0.000126566888
0.000134366586
0.00014076167
0.000145967219
0.000150174429
0.000153552979
0.000156253107
0.000158407498
0.000160132805
0.000161530658
0.00016268921
0.000163689951
0.000164620224
0.000165546904
0.000166335182
-0.000664284263
-0.000521353614
-0.000424746607
-0.000341376464
-0.000267806126
-0.000203497689
-0.000147646804
-9.92514431e-05
-5.73997306e-05
-2.13024223e-05
9.73516179e-06
3.63299899e-05
5.90304644e-05
7.83238823e-05
9.4643608e-05
0.000108375329
0.000119862582
0.00012941144
0.000137294593
0.000143754857
0.000149008236
0.000153246593
0.000156640025
0.00015933898
0.000161476175
0.000163168194
0.000164516611
0.000165609561
0.000166527675
0.000167354854
0.000168156509
0.000168827735
-0.00066231252
-0.000519541777
-0.000423608222
-0.000340272645
-0.000266709398
-0.00020238392
-0.000146466436
-9.79659969e-05
-5.59883165e-05
-1.97563937e-05
1.14161985e-05
3.81409717e-05
6.09626762e-05
8.03665906e-05
9.67849833e-05
0.000110603132
0.000122164446
0.000131775068
0.000139707738
0.000146205277
0.000151483566
0.000155734252
0.000159127102
0.000161812168
0.000163921713
0.000165571875
0.000166863898
0.000167885688
0.000168716885
0.000169437868
0.000170112544
0.00017066577
-0.000659463211
-0.000516783509
-0.000421640426
-0.000338378542
-0.000264903793
-0.000200668564
-0.000144799678
-9.63100811e-05
-5.43189032e-05
-1.8058448e-05
1.31516809e-05
3.99185444e-05
6.27836852e-05
8.22301908e-05
9.868879e-05
0.000112543491
0.000124136682
0.000133773612
0.000141726206
0.00014823647
0.000153519469
0.000157766015
0.000161145048
0.000163805812
0.000165879805
0.000167482474
0.000168714549
0.000169663582
0.000170408179
0.000171025328
0.000171577485
0.000172017672
-0.000656031757
-0.000513346011
-0.000419107593
-0.000335922243
-0.000262578474
-0.000198503275
-0.000142761389
-9.43632839e-05
-5.24385048e-05
-1.62262895e-05
1.49495958e-05
4.16927101e-05
6.45417592e-05
8.3978143e-05
0.000100431091
0.000114282689
0.000125873708
0.000135507962
0.000143456052
0.000149958675
0.000155229651
0.000159458589
0.000162813307
0.000165441999
0.000167475216
0.000169027583
0.00017019922
0.000171077248
0.000171739269
0.000172259149
0.000172698024
0.000173034437
-0.000652250214
-0.000509469549
-0.000416223756
-0.000333098294
-0.000259900729
-0.00019602398
-0.000140456514
-9.2201236e-05
-5.03955631e-05
-1.42832496e-05
1.68095061e-05
4.34830103e-05
6.62708153e-05
8.56566755e-05
0.000102070831
0.000115890342
0.000127453509
0.000137062795
0.000144987397
0.00015146652
0.000156712523
0.000160913649
0.000164236452
0.000166827979
0.000168817756
0.000170319541
0.000171432801
0.000172244204
0.000172830407
0.000173262518
0.000173600521
0.000173845216
-0.000648310763
-0.000505544656
-0.000413024548
-0.000330016973
-0.000257005865
-0.000193346177
-0.000137975124
-8.98907572e-05
-4.82348457e-05
-1.22526051e-05
1.87295742e-05
4.53075891e-05
6.79944286e-05
8.72923438e-05
0.000103648636
0.000117418524
0.000128936782
0.000138505677
0.000146393429
0.000152837837
0.000158049813
0.000162216244
0.000165502415
0.000168054235
0.000170000216
0.000171453263
0.0001725122
0.000173263239
0.000173782191
0.000174137792
0.000174389057
0.000174555559
-0.000644359447
-0.000501786309
-0.000409595362
-0.000326788659
-0.000254004214
-0.000190565416
-0.000135395533
-8.74939843e-05
-4.60041657e-05
-1.01717632e-05
2.06747452e-05
4.71285138e-05
6.9722144e-05
8.89471258e-05
0.00010522571
0.000118923222
0.000130379597
0.000139895129
0.000147735614
0.000154137005
0.000159308655
0.000163436027
0.00016668312
0.000169194703
0.000171098311
0.000172506013
0.000173516009
0.000174214079
0.000174675295
0.000174966395
0.000175145532
0.000175247821
-0.000640496651
-0.000498120658
-0.000406182797
-0.000323535607
-0.00025097741
-0.000187754261
-0.000132779939
-8.5059271e-05
-4.37375232e-05
-8.06499948e-06
2.26378636e-05
4.89657602e-05
7.14746715e-05
9.0622098e-05
0.000106805911
0.000120422271
0.000131810497
0.000141267094
0.000149055515
0.000155410102
0.00016053879
0.00016462573
0.000167833771
0.000170306634
0.000172170825
0.00017353779
0.000174505186
0.00017515828
0.00017557156
0.000175810181
0.000175931339
0.000175982452
-0.000636799261
-0.000494585031
-0.000402827096
-0.000320371418
-0.000247994759
-0.000184959669
-0.000130166869
-8.26135318e-05
-4.14418778e-05
-5.9495722e-06
2.46297215e-05
5.08463476e-05
7.32413798e-05
9.22812345e-05
0.000108380232
0.000121923868
0.000133247166
0.000142645791
0.000150382494
0.000156690615
0.000161776999
0.000165824807
0.000168996126
0.000171433757
0.000173261018
0.000174591618
0.000175523675
0.000176140137
0.000176515111
0.00017671283
0.000176789547
0.000176800539
-0.000633315744
-0.000491226683
-0.000399595602
-0.000317332555
-0.000245111075
-0.000182230826
-0.000127597391
-8.02026217e-05
-3.91865514e-05
-3.79738091e-06
2.66451583e-05
5.27492953e-05
7.50336255e-05
9.39654839e-05
0.000109982093
0.000123454622
0.000134714143
0.000144055914
0.00015174212
0.000158005186
0.000163050989
0.000167061749
0.000170198534
0.000172603472
0.000174401665
0.000175703382
0.000176605342
0.000177192113
0.000177537311
0.000177704139
0.000177748557
0.000177731837
-0.000630068232
-0.000488069959
-0.000396542872
-0.000314419645
-0.000242330704
-0.000179586367
-0.000125091478
-7.78332691e-05
-3.69481396e-05
-1.6773376e-06
2.86564102e-05
5.46613974e-05
7.68372254e-05
9.56690185e-05
0.000111611606
0.000125019398
0.000136220124
0.000145509197
0.000153148566
0.000159369978
0.00016437857
0.000168355847
0.000171462201
0.000173839177
0.000175611493
0.000176888831
0.000177767521
0.000178331953
0.000178655394
0.000178800404
0.000178822668
0.000178787309
-0.000627059982
-0.000485122285
-0.000393675149
-0.000311655079
-0.000239674443
-0.000177044062
-0.000122665651
-7.55227212e-05
-3.47489392e-05
4.1734465e-07
3.06589326e-05
5.6574827e-05
7.86531939e-05
9.73990654e-05
0.000113276234
0.000126625656
0.000137773102
0.000147014348
0.000154611237
0.000160795018
0.000165770265
0.000169717941
0.000172797933
0.000175151317
0.000176902382
0.000178160459
0.000179021577
0.000179569873
0.000179878362
0.000180009211
0.000180017893
0.000179971558
-0.000624280985
-0.000482379056
-0.000390988603
-0.000309043742
-0.000237148102
-0.000174609454
-0.000120326145
-7.32787567e-05
-3.25989792e-05
2.47624148e-06
3.26330893e-05
5.84773307e-05
8.04888006e-05
9.91671239e-05
0.000114983228
0.000128278078
0.000139377027
0.000148575297
0.000156134241
0.000162284649
0.00016723064
0.000171152734
0.000174210403
0.000176544343
0.000178278506
0.000179521927
0.000180370386
0.000180907812
0.000181207033
0.000181330002
0.000181332047
0.000181280891
-0.000621712003
-0.000479826288
-0.000388472478
-0.000306579431
-0.000234747631
-0.000172280048
-0.000118071847
-7.11013997e-05
-3.04990643e-05
4.49833638e-06
3.45776772e-05
6.03550601e-05
8.23328871e-05
0.000100976808
0.000116735037
0.000129976955
0.000141031399
0.000150191423
0.000157717023
0.000163838412
0.000168759296
0.000172659808
0.000175699064
0.000178017448
0.000179738637
0.000180971429
0.000181811397
0.000182342298
0.000182636824
0.000182756852
0.000182757622
0.00018270635
-0.000619328382
-0.000477444045
-0.000386110639
-0.000304249675
-0.000232462958
-0.000170047406
-0.00011589501
-6.89822404e-05
-2.84373511e-05
6.50454638e-06
3.65267906e-05
6.22287272e-05
8.41640114e-05
0.000102790792
0.00011850688
0.000131707023
0.000142725581
0.000151854555
0.000159352968
0.000165450677
0.000170351172
0.000174234358
0.000177259125
0.000179565649
0.000181277421
0.000182503069
0.000183338014
0.000183865873
0.000184159252
0.000184280056
0.00018428348
0.000184235483
-0.000617103222
-0.000475209527
-0.000383884144
-0.000302039074
-0.000230281845
-0.000167902119
-0.00011378878
-6.69167294e-05
-2.64118327e-05
8.49316952e-06
3.84761514e-05
6.41156275e-05
8.59983066e-05
0.000104600141
0.000120288807
0.000133460772
0.00014445312
0.000153558502
0.00016103595
0.000167115301
0.000172000013
0.000175869922
0.000178883824
0.000181181791
0.000182887208
0.000184108598
0.000184941278
0.000185468764
0.000185763613
0.000185887832
0.000185896601
0.000185854143
-0.000615009257
-0.00047309889
-0.000381772791
-0.000299930712
-0.000228190914
-0.000165834445
-0.000111747336
-6.49037256e-05
-2.44284011e-05
1.04467106e-05
4.03983636e-05
6.60076014e-05
8.78584605e-05
0.000106428206
0.000122091088
0.00013524115
0.000146213425
0.000155300495
0.00016276166
0.000168826856
0.000173699544
0.000177559527
0.000180565563
0.000182857674
0.000184559186
0.000185778561
0.000186611042
0.000187140073
0.000187438192
0.000187567549
0.000187583331
0.000187547765
-0.000613019978
-0.00047108842
-0.000379756064
-0.000297906656
-0.000226175211
-0.000163832273
-0.000109761122
-6.29358944e-05
-2.24812355e-05
1.23709342e-05
4.22994687e-05
6.79000178e-05
8.97383202e-05
0.000108273142
0.000123907109
0.000137041497
0.000148000223
0.000157074195
0.000164523417
0.000170578237
0.000175442206
0.000179295152
0.000182295845
0.000184584305
0.000186283843
0.000187502893
0.000188336656
0.000188868524
0.000189171038
0.000189306519
0.000189330173
0.000189302124
-0.000611110684
-0.000469155705
-0.000377814413
-0.00029594935
-0.000224219853
-0.000161883269
-0.00010782006
-6.10051585e-05
-2.05634994e-05
1.42728947e-05
4.41857448e-05
6.97845967e-05
9.16198677e-05
0.000110129215
0.000125739393
0.000138862244
0.000149811087
0.000158875427
0.000166315896
0.0001723632
0.000177220982
0.000181069111
0.000184066387
0.000186352849
0.000188051814
0.000189271707
0.000190107705
0.000190643165
0.000190950643
0.000191092643
0.000191124388
0.000191103928
-0.000609259176
-0.000467280347
-0.000375929995
-0.0002940423
-0.000222310751
-0.000159975514
-0.000105914041
-5.91028302e-05
-1.86670908e-05
1.61616328e-05
4.60661732e-05
7.16582417e-05
9.34855792e-05
0.000111986124
0.000127588139
0.000140701946
0.000151642341
0.000160699246
0.000168133319
0.000174175274
0.000179028795
0.000182873786
0.000185869082
0.000188154743
0.000189854099
0.000191075575
0.000191914335
0.000192453712
0.000192766288
0.000192914744
0.000192954315
0.000192941083
-0.000607446205
-0.000465444437
-0.000374087197
-0.000292170597
-0.000220435357
-0.000158098588
-0.000104034567
-5.72223414e-05
-1.6787641e-05
1.80385904e-05
4.79397293e-05
7.3527449e-05
9.5348059e-05
0.000113844556
0.000129444245
0.000142552454
0.000153487168
0.000162539169
0.000169969099
0.00017600765
0.000180858557
0.000184701789
0.000187696226
0.000189981962
0.000191682351
0.000192905828
0.000193747556
0.000194290852
0.000194608331
0.000194762837
0.000194809604
0.000194802914
-0.000605655739
-0.000463632839
-0.000372272957
-0.000290321085
-0.000218582839
-0.000156243433
-0.00010217414
-5.53577862e-05
-1.4920905e-05
1.99061579e-05
4.98072136e-05
7.5393502e-05
9.72093934e-05
0.000115703914
0.000131304057
0.000144409505
0.000155341072
0.000164390316
0.000171817921
0.000177854607
0.000182704184
0.000186546696
0.00018954108
0.000191827473
0.000193529257
0.000194754887
0.000195599529
0.000196146496
0.000196468437
0.00019662834
0.000196681413
0.000196680344
-0.000603875046
-0.00046183341
-0.000370477014
-0.000288482443
-0.000216744519
-0.000154402639
-0.000100326555
-5.35042998e-05
-1.30633496e-05
2.17665183e-05
5.16694465e-05
7.72562043e-05
9.90697265e-05
0.000117564248
0.000133166242
0.000146270677
0.000157200847
0.000166248871
0.000173675472
0.000179711414
0.000184560584
0.000188403101
0.000191397958
0.000193685338
0.000195388652
0.000196616377
0.000197463686
0.000198013894
0.000198339685
0.000198504167
0.00019856249
0.000198565962
-0.000602094523
-0.000460037147
-0.000368691452
-0.00028664517
-0.000214914056
-0.000152570274
-9.84867939e-05
-5.16579552e-05
-1.12120602e-05
2.36216615e-05
5.35275781e-05
7.91160258e-05
0.000100928957
0.000119424778
0.000135029342
0.000148133926
0.000159063904
0.000168111778
0.000175538302
0.000181574278
0.000186423668
0.000190266655
0.000193262286
0.000195550781
0.000197255584
0.000198485191
0.000199334783
0.000199887681
0.000200216602
0.000200384747
0.000200447174
0.000200454023
-0.00060030725
-0.000458238154
-0.0003669062
-0.000284805576
-0.000213087352
-0.000150741392
-9.6650857e-05
-4.98156946e-05
-9.3647451e-06
2.54731984e-05
5.53826083e-05
8.09734544e-05
0.000102787016
0.000121284821
0.000136892211
0.000149997745
0.000160928347
0.000169976788
0.000177403847
0.000183440366
0.000188290366
0.000192134085
0.000195130613
0.000197420204
0.000199126327
0.000200357494
0.000201208897
0.000201763866
0.000202095142
0.000202265973
0.000202331289
0.000202340443
-0.00059850826
-0.000456431918
-0.000365098426
-0.00028297933
-0.000211262365
-0.00014891248
-9.48160593e-05
-4.7975383e-05
-7.5197212e-06
2.73223493e-05
5.72353298e-05
8.28289145e-05
0.000104643895
0.00012314393
0.000138754121
0.000151861167
0.000162792939
0.000171842409
0.00017927039
0.000185307762
0.000190158589
0.000194003152
0.000197000575
0.000199291137
0.000200998326
0.000202230669
0.000203083367
0.00020363976
0.000203972605
0.000204145082
0.000204211855
0.000204223126
-0.000596696625
-0.00045461713
-0.000363280535
-0.000281153968
-0.000209434922
-0.00014708126
-9.29803734e-05
-4.61353229e-05
-5.67565889e-06
2.91700792e-05
5.90863857e-05
8.46827749e-05
0.000106499644
0.000125001934
0.000140614806
0.000153723776
0.000164657091
0.000173707883
0.000181137022
0.000187175419
0.000192027174
0.000195872595
0.00019887083
0.000201162175
0.000202870131
0.000204103235
0.000204956693
0.000205513856
0.000205847482
0.000206020714
0.000206088034
0.000206100253
-0.000594872766
-0.000452793413
-0.000361455163
-0.000279328427
-0.000207604638
-0.000145247407
-9.11432611e-05
-4.42949562e-05
-3.83206682e-06
3.10167602e-05
6.09359711e-05
8.65349347e-05
0.000108353947
0.000126858895
0.000142474669
0.000155585804
0.000166520838
0.000175573121
0.000183003558
0.000189043075
0.000193895792
0.000197742033
0.000200740959
0.000203032875
0.000204741289
0.000205974743
0.000206828446
0.000207385746
0.000207719404
0.000207892579
0.000207959842
0.00020797173
-0.000593038493
-0.000450962577
-0.00035962188
-0.000277503816
-0.000205772448
-0.000143411729
-8.93054449e-05
-4.24548414e-05
-1.98937272e-06
3.2862045e-05
6.27836719e-05
8.83844575e-05
0.000110205033
0.000128714725
0.000144335562
0.000157448648
0.000168385063
0.000177438765
0.000184870535
0.000190911208
0.000195764887
0.000199611897
0.000202611394
0.000204903682
0.000206612267
0.00020784569
0.000208699163
0.000209256028
0.000209589037
0.000209761407
0.000209827953
0.000209838434
-0.000591196662
-0.000449127394
-0.000357773353
-0.000275689383
-0.000203941722
-0.000141576282
-8.74686236e-05
-4.06161918e-05
-1.48262042e-07
3.47058693e-05
6.4630271e-05
9.02329118e-05
0.00011205274
0.000130567869
0.000146197015
0.000159312493
0.000170250214
0.000179305425
0.000186738702
0.000192780684
0.000197635425
0.000201483232
0.000204483252
0.000206775779
0.000208484314
0.000209717395
0.000210570233
0.00021112617
0.000211457944
0.000211628792
0.000211693704
0.000211702365
-0.00058935258
-0.000447292461
-0.000355923061
-0.000273878024
-0.000202115267
-0.000139744005
-8.56349402e-05
-3.87805215e-05
1.69039226e-06
3.65481413e-05
6.64767691e-05
9.20828964e-05
0.000113900493
0.000132418218
0.000148056137
0.000161175846
0.000172116075
0.000181173579
0.000188608953
0.000194652699
0.000199508825
0.000203357635
0.00020635827
0.000208651021
0.000210359387
0.000211591908
0.000212443801
0.000212998412
0.000213328467
0.000213497151
0.000213559554
0.000213566164
-0.000587512823
-0.000445463203
-0.000354082819
-0.000272068994
-0.000200296132
-0.000137918777
-8.38075061e-05
-3.69503118e-05
3.52452469e-06
3.83869621e-05
6.83209268e-05
9.39317945e-05
0.000115749342
0.000134269578
0.000149915279
0.000163040433
0.000173984403
0.000183045107
0.000190483288
0.000196529367
0.000201387321
0.000205237452
0.000208238902
0.000210531964
0.000212240142
0.000213471984
0.00021432272
0.000214875707
0.000215203658
0.000215369694
0.000215428982
0.000215432945
-0.000585684824
-0.00044364621
-0.000352258845
-0.000270268807
-0.000198488669
-0.000136104861
-8.19899318e-05
-3.51284613e-05
5.35180062e-06
4.02203685e-05
7.0160819e-05
9.57774929e-05
0.000117598197
0.000136123872
0.000151777915
0.000164909126
0.000175857714
0.000184922493
0.000192364258
0.000198413343
0.000203273682
0.000207125572
0.000210128157
0.000212421735
0.000214129821
0.000215360978
0.000216210455
0.00021676163
0.00021708721
0.000217250247
0.000217305966
0.00021730679
-0.00058387695
-0.000441849257
-0.000350457402
-0.000268484907
-0.000196698145
-0.000134306814
-8.01860237e-05
-3.33179162e-05
7.17013686e-06
4.20471836e-05
7.19963698e-05
9.76210414e-05
0.000119447397
0.00013798077
0.000153644659
0.000166783251
0.000177737812
0.000186807919
0.000194254368
0.000200307397
0.000205170907
0.000209025192
0.000212029407
0.000214323867
0.000216032105
0.00021726271
0.000218110962
0.000218660272
0.000218983348
0.000219143175
0.000219195024
0.000219192366
-0.000582098386
-0.000440080933
-0.000348685621
-0.000266724921
-0.000194930536
-0.000132529639
-7.83999343e-05
-3.15219351e-05
8.97715867e-06
4.3865891e-05
7.3826927e-05
9.94626258e-05
0.000121297678
0.000139841181
0.000155516602
0.000168664323
0.000179626683
0.000188703772
0.000196156344
0.00020221455
0.000207082271
0.000210939813
0.000213946354
0.00021624224
0.000217951041
0.000219181387
0.000220028602
0.000220576145
0.000220896739
0.000221053304
0.000221101151
0.00022109483
-0.000580358956
-0.00043835037
-0.000346951284
-0.000264996647
-0.000193192252
-0.000130778677
-7.66360699e-05
-2.97439861e-05
1.07703226e-05
4.56748303e-05
7.56516875e-05
0.000101302346
0.000123150052
0.000141706292
0.000157394759
0.000170553711
0.000181526276
0.000190612495
0.000198073019
0.000204137964
0.000209011222
0.00021287313
0.000215882913
0.000218180969
0.00021989093
0.000221121486
0.000221968027
0.000222514073
0.00022283238
0.000222985816
0.000223029731
0.000223019748
-0.000578668891
-0.000436666996
-0.000345262536
-0.000263307896
-0.000191489866
-0.000129059401
-7.48989314e-05
-2.79875929e-05
1.25470875e-05
4.74724694e-05
7.7470274e-05
0.000103141424
0.000125007459
0.000143577359
0.000159278255
0.000172451514
0.000183437966
0.000192536287
0.000200007141
0.000206080803
0.000210961259
0.000214828921
0.0002178431
0.000220144286
0.000221856202
0.00022308763
0.000223934047
0.000224479062
0.000224795478
0.000224946131
0.000224986419
0.00022497299
-0.000577038544
-0.000435040256
-0.000343627599
-0.000261666311
-0.000189829877
-0.000127377273
-7.31930594e-05
-2.62564227e-05
1.43046239e-05
4.92567601e-05
7.92813716e-05
0.000104979438
0.000126870976
0.000145456179
0.000161168658
0.000174359686
0.000185364221
0.000194478054
0.000201961933
0.000208046542
0.000212936073
0.000216811075
0.00021983099
0.000222136444
0.000223851293
0.000225084439
0.000225931482
0.000226476136
0.00022679128
0.000226939746
0.000226976989
0.000226960579
-0.00057547802
-0.00043347926
-0.000342054416
-0.000260079086
-0.000188218445
-0.000125737525
-7.15229133e-05
-2.4554313e-05
1.60395044e-05
5.10242749e-05
8.10806512e-05
0.000106810287
0.000128736458
0.000147348234
0.000163075177
0.000176283627
0.000187309199
0.000196441719
0.000203941245
0.000210038991
0.00021493949
0.000218823476
0.000221850561
0.000224161545
0.000225880448
0.000227116331
0.000227964938
0.000228510118
0.00022882485
0.000228971998
0.000229007091
0.000228988456
-0.000573996686
-0.000431992314
-0.000340550193
-0.000258552515
-0.000186660872
-0.000124144554
-6.98920747e-05
-2.28841227e-05
1.77494882e-05
5.27732726e-05
8.28666738e-05
0.000108632337
0.000130601632
0.000149253073
0.00016500013
0.000178226344
0.000189276123
0.000198430386
0.000205948145
0.000212061254
0.000216974677
0.000220869381
0.000223905181
0.000226223087
0.000227947325
0.000229187145
0.000230038465
0.000230585291
0.000230900734
0.000231047733
0.000231081915
0.000231062121
-0.000572602677
-0.000430586436
-0.000339120951
-0.000257091532
-0.000185161179
-0.000122601522
-6.83028644e-05
-2.12473381e-05
1.9433946e-05
5.45042694e-05
8.4641825e-05
0.000110449178
0.000132462342
0.000151159224
0.000166940588
0.000180193261
0.000191269762
0.000200447441
0.000207985428
0.000214115932
0.000219044166
0.000222951315
0.000225997428
0.000228323753
0.000230054746
0.000231299878
0.000232155267
0.000232705102
0.000233022651
0.000233170985
0.00023320585
0.000233186286
-0.000571302424
-0.000429266865
-0.00033777114
-0.000255699274
-0.000183721766
-0.000121110183
-6.67563592e-05
-1.96443775e-05
2.10931072e-05
5.6218232e-05
8.64081265e-05
0.000112264184
0.000134321844
0.000153065561
0.000168893534
0.000182183522
0.00019328977
0.000202492907
0.000210053427
0.000216203607
0.000221148742
0.000225070244
0.000228128441
0.000230464859
0.000232204224
0.000233456258
0.000234317311
0.00023487178
0.000235193123
0.000235344606
0.000235382122
0.000235364506
-0.000570100127
-0.000428036465
-0.000336503294
-0.000254376567
-0.000182343071
-0.000119670677
-6.52522971e-05
-1.80746102e-05
2.27278859e-05
5.79161686e-05
8.81664841e-05
0.000114079167
0.000136188062
0.000154979773
0.000170856596
0.000184190557
0.000195331451
0.000204563937
0.000212150263
0.000218322931
0.000223287419
0.000227225463
0.000230297751
0.000232646155
0.000234395724
0.00023565648
0.000236525045
0.000237086051
0.000237413188
0.000237569985
0.000237612505
0.000237598896
-0.00056899708
-0.000426894941
-0.000335318222
-0.000253120964
-0.000181023046
-0.000118281398
-6.3788945e-05
-1.65361405e-05
2.43401457e-05
5.95995309e-05
8.99175218e-05
0.000115893619
0.000138060108
0.000156903211
0.000172832176
0.000186214693
0.000197393803
0.000206659132
0.000214274336
0.000220472151
0.000225458348
0.000229415087
0.000232503487
0.000234865829
0.000236627544
0.000237899015
0.000238777147
0.000239346845
0.000239682075
0.000239846713
0.000239897009
0.000239889825
-0.000567990918
-0.000425838438
-0.000334217143
-0.00025192222
-0.000179754246
-0.000116937575
-6.23616719e-05
-1.50246583e-05
2.59316464e-05
6.12704196e-05
9.16629521e-05
0.000117708204
0.000139937451
0.0001588357
0.000174820925
0.000188255656
0.000199475071
0.000208775932
0.000216422601
0.000222647859
0.000227657851
0.000231635249
0.000234741695
0.000237119985
0.00023889597
0.000240180199
0.000241070206
0.000241651108
0.000241997078
0.000242172454
0.000242233683
0.000242235676
-0.00056707474
-0.000424860386
-0.000333197895
-0.000250757366
-0.000178519914
-0.000115625787
-6.09575866e-05
-1.35309061e-05
2.74933201e-05
6.29250154e-05
9.34009166e-05
0.000119522215
0.000141820239
0.000160775377
0.000176818777
0.000190309467
0.00020157123
0.000210909979
0.000218590274
0.000224844911
0.00022988052
0.000233880384
0.000237006791
0.000239403368
0.000241196389
0.000242492529
0.000243396227
0.000243991687
0.000244351645
0.000244541113
0.000244616747
0.000244630841
-0.000566234461
-0.000423947772
-0.000332189565
-0.000249682804
-0.0001773476
-0.000114348317
-5.95819747e-05
-1.20571155e-05
2.90809193e-05
6.45930787e-05
9.51493122e-05
0.000121348226
0.000143718747
0.000162726082
0.000178821131
0.000192370116
0.000203677328
0.000213055447
0.000220770363
0.000227055348
0.000232117581
0.000236140999
0.00023928845
0.000241703838
0.000243514013
0.000244830424
0.000245751382
0.000246362642
0.000246739031
0.00024694593
0.000247040558
0.000247072245
-0.000565449366
-0.000423078804
-0.000331187182
-0.000248646932
-0.000176188388
-0.000113071936
-5.82029325e-05
-1.05798045e-05
3.06551488e-05
6.62565717e-05
9.68966598e-05
0.000123174885
0.000145621598
0.000164683884
0.000180828971
0.000194435116
0.000205787843
0.000215204848
0.000222953989
0.000229269238
0.000234358356
0.000238405935
0.000241575461
0.000244011399
0.000245841166
0.000247176921
0.000248117079
0.000248747786
0.000249144309
0.000249372726
0.000249491038
0.000249544522
-0.000564693185
-0.000422225211
-0.000330205685
-0.000247589726
-0.000175014583
-0.000111784672
-5.68114307e-05
-9.08932941e-06
3.22396482e-05
6.79284241e-05
9.86468077e-05
0.000124995478
0.000147522402
0.000166664191
0.000182858026
0.000196501402
0.000207894977
0.000217348415
0.000225129568
0.000231473342
0.000236588242
0.000240659493
0.000243851208
0.000246308454
0.0002481592
0.000249516075
0.000250477912
0.000251131155
0.000251551459
0.000251805801
0.000251952732
0.000252031404
-0.000563927655
-0.000421348343
-0.000329201487
-0.000246487984
-0.000173799013
-0.000110459128
-5.53833071e-05
-7.56449845e-06
3.38555956e-05
6.96296395e-05
0.000100427046
0.000126845513
0.000149431305
0.000168630372
0.00018486585
0.000198540827
0.000209974696
0.000219464399
0.000227276403
0.000233647198
0.000238786574
0.000242880632
0.00024609422
0.000248573073
0.000250445754
0.000251825393
0.000252811219
0.000253489973
0.000253937736
0.000254222509
0.000254403326
0.000254511877
-0.000563102208
-0.000420403134
-0.00032812442
-0.000245306051
-0.000172506929
-0.000109062969
-5.38915266e-05
-5.98445595e-06
3.55172864e-05
7.13673457e-05
0.000102236585
0.000128717409
0.000151330634
0.000170562884
0.000186849269
0.000200558454
0.000212024113
0.000221542026
0.000229378737
0.000235771731
0.000240931815
0.00024504593
0.000248279646
0.000250779334
0.000252674113
0.000254077582
0.000255089326
0.000255796342
0.000256275133
0.000256594806
0.000256814864
0.000256958473
-0.000562152847
-0.000419361549
-0.000326903717
-0.000243993415
-0.000171097482
-0.000107559798
-5.23056757e-05
-4.32653026e-06
3.72381564e-05
7.31424835e-05
0.000104057467
0.000130577075
0.000153221895
0.000172497356
0.000188824912
0.000202553353
0.000214032932
0.000223564893
0.000231415664
0.000237822649
0.000242997104
0.00024712655
0.000250377111
0.000252895664
0.000254811779
0.000256239434
0.000257278489
0.00025801613
0.000258529247
0.000258888127
0.000259152735
0.000259336498
-0.000561015899
-0.000418292041
-0.000325369065
-0.000242462123
-0.000169516072
-0.000105903091
-5.05853809e-05
-2.55690421e-06
3.90466491e-05
7.49810371e-05
0.000105917874
0.00013245479
0.000155125318
0.000174416834
0.000190745481
0.000204478771
0.000215962083
0.000225497536
0.000233352447
0.000239764867
0.000244946636
0.000249085831
0.00025234908
0.000254883703
0.000256819646
0.000258271188
0.000259338385
0.000260108524
0.000260658844
0.000261060874
0.000261375016
0.000261603737
-0.000559603401
-0.000416990203
-0.000323544088
-0.000240666338
-0.000167702113
-0.000104040417
-4.8687697e-05
-6.41226539e-07
4.09689395e-05
7.69020174e-05
0.000107831917
0.000134359141
0.00015701922
0.000176290548
0.000192596785
0.000206315647
0.00021778617
0.000227310073
0.000235155815
0.000241562321
0.000246742013
0.000250883428
0.000254153584
0.000256700117
0.000258653224
0.000260127364
0.000261222669
0.000262026417
0.00026261612
0.000263064578
0.00026343261
0.000263710538
-0.000557823458
-0.000415297232
-0.000321382535
-0.000238543273
-0.000165586336
-0.000101912259
-4.65650247e-05
1.45695286e-06
4.30305325e-05
7.89196025e-05
0.000109801181
0.000136278335
0.000158888308
0.000178109736
0.000194368797
0.000208045363
0.000219478345
0.000228969819
0.000236788809
0.000243174686
0.000248340181
0.000252474054
0.000255743479
0.000258296198
0.000260262461
0.000261756726
0.000262879035
0.000263716506
0.000264346817
0.000264844028
0.000265269322
0.000265599852
-0.000555571951
-0.000413107733
-0.000318787009
-0.000236006816
-0.000163092575
-9.94542634e-05
-4.41653519e-05
3.77762455e-06
4.5259911e-05
8.10513683e-05
0.000111833166
0.000138211605
0.000160726404
0.000179857993
0.00019603413
0.000209635868
0.000221002753
0.000230437246
0.000238208595
0.000244556269
0.000249692996
0.000253807457
0.000257066693
0.000259618275
0.000261592249
0.000263102841
0.000264249795
0.000265119885
0.000265790807
0.000266337814
0.000266822371
0.000267207694
-0.000552729155
-0.000410310876
-0.000315651358
-0.000232961956
-0.00016013928
-9.65981517e-05
-4.14337646e-05
6.3624831e-06
4.76860398e-05
8.3314315e-05
0.000113933912
0.000140155301
0.000162521347
0.000181514728
0.000197564773
0.000211053522
0.000222321008
0.000231669814
0.000239369067
0.000245657949
0.000250748784
0.000254829781
0.000258067472
0.000260608898
0.000262583586
0.000264105232
0.000265273026
0.00026617317
0.000266883195
0.000267479413
0.000268023426
0.000268464095
-0.000549162865
-0.000406784472
-0.000311861674
-0.000229307697
-0.000156639969
-9.32721065e-05
-3.83131635e-05
9.25419323e-06
5.03378247e-05
8.57245416e-05
0.00011610785
0.000142103426
0.000164257926
0.000183056606
0.000198930379
0.00021226208
0.000223391911
0.000232622175
0.00024022141
0.000246428002
0.000251453364
0.000255484732
0.000258687652
0.000261208201
0.000263174979
0.000264700804
0.000265883992
0.000266809916
0.000267555748
0.000268198654
0.000268799877
0.000269293147
-0.000544730762
-0.000402397414
-0.000307297008
-0.000224937904
-0.000152504396
-8.94019855e-05
-3.47454405e-05
1.24953465e-05
5.32432455e-05
8.82965939e-05
0.000118357426
0.000144047719
0.000165918556
0.000184458017
0.000200098533
0.000213223433
0.000224172639
0.000233247623
0.000240715716
0.000246813869
0.000251751942
0.000255715585
0.000258868781
0.000261356113
0.000263304782
0.0002648263
0.000266017746
0.000266963363
0.000267739763
0.000268424762
0.000269078204
0.000269615254
-0.000539282415
-0.000397011764
-0.000301831293
-0.000219742984
-0.000147640265
-8.49129311e-05
-3.06728885e-05
1.61272787e-05
5.64284489e-05
9.10428612e-05
0.000120682834
0.000145977768
0.000167483755
0.00018569184
0.000201035774
0.000213898931
0.000224620334
0.000233499898
0.000240802968
0.000246764269
0.000251591326
0.000255467462
0.000258554406
0.000260994616
0.000262913327
0.000264420256
0.000265610829
0.000266567705
0.000267366202
0.000268084349
0.000268784633
0.000269376347
-0.000532661649
-0.000390484968
-0.000295335701
-0.000213612021
-0.000141955263
-7.97312193e-05
-2.60398082e-05
2.01887756e-05
5.99168075e-05
9.39730324e-05
0.00012308189
0.00014788131
0.000168932867
0.00018673056
0.000201709077
0.000214251188
0.000224694205
0.000233335568
0.000240437678
0.000246232074
0.000250923029
0.000254690669
0.000257693676
0.000260071664
0.000261947264
0.000263427846
0.000264606717
0.000265564645
0.000266375438
0.000267116416
0.00026784943
0.000268478929
-0.000524709298
-0.00038267243
-0.000287681307
-0.00020643527
-0.000135359391
-7.37863669e-05
-2.07943031e-05
2.47146494e-05
6.37279343e-05
9.70935848e-05
0.000125550026
0.000149744721
0.000170245035
0.000187547687
0.000202087675
0.000214246281
0.000224358047
0.000232716804
0.000239580859
0.000245177433
0.000249706474
0.000253343917
0.000256244491
0.000258544156
0.000260362226
0.000261803095
0.000262957423
0.000263903699
0.000264714054
0.000265464795
0.000266214881
0.000266856237
-0.000515266324
-0.000373430442
-0.000278742102
-0.000198106988
-0.000127767609
-6.70135039e-05
-1.48903079e-05
2.97341482e-05
6.78765934e-05
0.00010040725
0.000128080326
0.000151553637
0.000171400376
0.000188119446
0.000202145226
0.000213856319
0.000223583176
0.000231614644
0.000238203569
0.000243571554
0.000247913001
0.00025139854
0.00025417794
0.00025638262
0.000258127799
0.000259514239
0.000260629407
0.000261549022
0.000262342913
0.000263085543
0.00026383405
0.000264477021
-0.00050417725
-0.000362619364
-0.000268398346
-0.000188528657
-0.000119102811
-5.93560404e-05
-8.28988667e-06
3.52691103e-05
7.237141e-05
0.000103912342
0.000130663506
0.000153293572
0.000172381217
0.000188426592
0.000201862131
0.000213062221
0.000222351589
0.000230012463
0.00023629065
0.00024140066
0.000245529997
0.000248842767
0.000251482706
0.000253575756
0.000255232236
0.000256548558
0.000257608433
0.000258484364
0.000259243362
0.0002599572
0.000260680912
0.000261305006
-0.000491293819
-0.000350106981
-0.000256540203
-0.000177612527
-0.000109299089
-5.07685736e-05
-9.65838706e-07
4.1331774e-05
7.72132305e-05
0.000107601774
0.000133287639
0.000154950361
0.000173173218
0.000188456145
0.00020122783
0.000211856491
0.000220659151
0.000227909508
0.000233844547
0.000238670046
0.000242565149
0.000245686148
0.000248169642
0.000250135104
0.000251687082
0.000252916923
0.000253904028
0.000254717301
0.000255420438
0.000256081566
0.000256753121
0.00025733347
-0.000476478552
-0.000335771651
-0.000243071462
-0.000165285701
-9.83056942e-05
-4.12204619e-05
7.09495785e-06
4.79218438e-05
8.23927987e-05
0.000111461464
0.000135937345
0.000156510127
0.000173766076
0.000188202763
0.000200242745
0.000210245629
0.00021851838
0.000225323971
0.00023088857
0.000235407452
0.000239049851
0.00024196294
0.000244275036
0.000246098203
0.000247530432
0.00024865727
0.000249553133
0.000250283208
0.000250907398
0.000251489143
0.00025207775
0.000252586196
-0.000459607628
-0.000319505112
-0.000227915016
-0.000151498421
-8.60936675e-05
-3.07001135e-05
1.58863541e-05
5.50215141e-05
8.78867898e-05
0.000115467455
0.000138591939
0.000157958404
0.000174153525
0.000187669516
0.000198919717
0.000208252161
0.000215961016
0.000222296078
0.000227470556
0.00023166739
0.000235044371
0.00023773828
0.000239868215
0.000241538251
0.000242838799
0.000243847234
0.000244632136
0.000245257132
0.000245776264
0.000246248345
0.000246719511
0.000247124863
-0.000440569949
-0.000301213569
-0.000211025034
-0.000136245977
-7.26525647e-05
-1.91964441e-05
2.5384021e-05
6.25911359e-05
9.36534974e-05
0.000119582405
0.000141222739
0.000159278301
0.000174332331
0.000186867572
0.000197284234
0.00020591522
0.00021303875
0.00021888872
0.000223663059
0.00022753039
0.000230635251
0.000233102202
0.000235039667
0.00023654412
0.000237698742
0.000238556874
0.000239215357
0.000239731712
0.000240124631
0.000240457657
0.000240775205
0.000241043555
-0.000419249385
-0.000280799767
-0.000192375441
-0.000119564428
-5.79344254e-05
-6.63817685e-06
3.55463659e-05
7.05674527e-05
9.96300333e-05
0.000123752175
0.000143790072
0.000160448245
0.000174300677
0.000185815127
0.000195373786
0.000203290184
0.000209823166
0.000215187813
0.000219564363
0.000223105204
0.000225939732
0.000228178369
0.000229916027
0.000231247645
0.000232298401
0.000233072955
0.000233547004
0.00023384813
0.00023407723
0.000234248127
0.000234379965
0.000234477411
-0.00039550457
-0.000258114958
-0.000171840136
-0.000101297306
-4.21240761e-05
6.54749435e-06
4.61248752e-05
7.87963766e-05
0.000105693409
0.000127877337
0.000146227054
0.000161433062
0.000174052939
0.000184534511
0.000193236934
0.000200449382
0.000206408958
0.000211309216
0.000215310505
0.000218547768
0.000221136117
0.000223175431
0.000224752986
0.000225929867
0.00022671192
0.000227240743
0.000227653537
0.000227893565
0.000227954209
0.000227909481
0.000227807118
0.000227700191
-0.000369314428
-0.000233138061
-0.000149571668
-8.15344906e-05
-2.55650211e-05
2.00936391e-05
5.70914063e-05
8.71113764e-05
0.000111699787
0.000131813209
0.000148442513
0.000162184677
0.000173577764
0.000183047319
0.000190924422
0.000197470514
0.000202895032
0.000207367508
0.000211026916
0.000213988819
0.000216350915
0.000218196795
0.000219598807
0.000220618065
0.000221308677
0.000221739971
0.000221938841
0.000221939051
0.000221796256
0.000221531026
0.000221170363
0.000220824677
-0.000340649724
-0.000205809995
-0.000125742386
-6.04231937e-05
-8.0908743e-06
3.38435252e-05
6.79720547e-05
9.5307136e-05
0.000117442401
0.000135512387
0.000150370667
0.000162656331
0.000172865971
0.000181382234
0.000188499508
0.000194446363
0.000199402488
0.000203511101
0.000206888099
0.000209628882
0.000211813476
0.000213509819
0.000214776998
0.000215666974
0.000216226969
0.000216502245
0.000216535537
0.000216359635
0.000216005917
0.000215489739
0.000214834547
0.000214218052
-0.000309513669
-0.000176410628
-0.000100546578
-3.87049249e-05
9.95053384e-06
4.81531636e-05
7.86915472e-05
0.000103073253
0.000122709285
0.000138698217
0.000151850013
0.00016276432
0.000171887918
0.00017955514
0.000186017747
0.000191467268
0.0001960514
0.000199885887
0.000203063071
0.000205658074
0.000207733325
0.000209342006
0.000210529979
0.000211337807
0.00021180282
0.000211959835
0.000211842597
0.000211483298
0.000210907447
0.00021012053
0.000209142068
0.000208225768
-0.000275799581
-0.000145529062
-7.37003954e-05
-1.65002067e-05
2.7745541e-05
6.19526451e-05
8.87834523e-05
0.000110067018
0.000127187616
0.000141164711
0.000152733667
0.000162422909
0.000170613859
0.000177583902
0.000183536872
0.000188624607
0.000192962079
0.000196637934
0.000199721833
0.000202269597
0.000204326871
0.000205931789
0.00020711696
0.000207911232
0.000208340245
0.000208428482
0.000208200917
0.000207683688
0.000206895866
0.000205831126
0.000204503336
0.000203256439
-0.000239286502
-0.00011320911
-4.55485966e-05
5.78557444e-06
4.47194361e-05
7.44641603e-05
9.75072265e-05
0.000115736481
0.000130476735
0.000142638387
0.000152848139
0.000161539719
0.000169015783
0.000175490247
0.000181116903
0.000186008524
0.000190249542
0.000193904417
0.000197023147
0.000199644942
0.000201800784
0.000203515325
0.000204808266
0.00020569527
0.000206188784
0.000206299423
0.000206038612
0.00020542037
0.00020445161
0.000203109118
0.000201406138
0.000199787039
-0.000199685838
-7.91737203e-05
-1.72907138e-05
2.71744484e-05
6.01263996e-05
8.49727528e-05
0.000104201871
0.0001195695
0.000132222584
0.000142898449
0.00015207733
0.000160077238
0.000167112709
0.000173332417
0.000178842808
0.000183722598
0.000188031732
0.000191816825
0.000195114291
0.000197952056
0.00020035074
0.000202324911
0.00020388382
0.000205030547
0.000205761771
0.000206067017
0.000205930248
0.000205342422
0.00020428579
0.000202699796
0.000200573922
0.000198500088
-0.000156253648
-4.34461878e-05
1.01046195e-05
4.62728552e-05
7.25353047e-05
9.24167798e-05
0.000108133457
0.000121102875
0.000132172507
0.000141844191
0.000150423486
0.000158103425
0.000165010516
0.000171234008
0.000176842119
0.000181889407
0.00018642107
0.000190475244
0.000194083438
0.000197269449
0.000200049006
0.000202433761
0.000204433527
0.000206044097
0.000207253636
0.000208036924
0.000208321008
0.000208039868
0.000207127384
0.000205445426
0.000202877913
0.000200261412
-0.000107440083
-6.96018055e-06
3.45264814e-05
6.10011228e-05
8.0393848e-05
9.58107884e-05
0.000108788664
0.000120162476
0.000130369715
0.000139643685
0.000148116157
0.000155869146
0.000162953844
0.000169415012
0.000175300638
0.000180657404
0.000185530801
0.000189966253
0.000194008288
0.000197693742
0.000201043488
0.000204089088
0.000206879889
0.000209400492
0.000211624471
0.000213568411
0.000215046858
0.000215787228
0.000215620006
0.000214323049
0.000211483228
0.000208438058
-4.24572483e-05
2.91299623e-05
5.17415048e-05
6.76965918e-05
8.12775467e-05
9.37775213e-05
0.00010553385
0.000116609362
0.000126993974
0.000136678396
0.000145664449
0.000153945717
0.000161524253
0.000168436419
0.000174736714
0.000180479257
0.000185721073
0.000190528647
0.00019498351
0.000199157515
0.000203037503
0.000206573584
0.000209879503
0.000213282027
0.000217065567
0.000220849391
0.000223678015
0.000225483351
0.000227042388
0.00022818952
0.000227836867
0.000225776193
6.46113896e-05
6.4862051e-05
6.23751852e-05
6.80873432e-05
7.77925936e-05
8.9133664e-05
0.000100942856
0.000112571677
0.000123662474
0.000134101628
0.000143879393
0.000152904315
0.000161079527
0.00016846344
0.000175160765
0.000181236822
0.000186754089
0.000191793942
0.000196498278
0.00020102382
0.000205401139
0.00020957283
0.000213607998
0.000217814215
0.000222895723
0.000229750134
0.000238625881
0.000250126603
0.000265205565
0.000285365849
0.000314261213
0.000349257039
)
;

boundaryField
{
    inner_wall
    {
        type            zeroGradient;
    }
    outer_wall
    {
        type            zeroGradient;
    }
    top
    {
        type            zeroGradient;
    }
    bottom
    {
        type            fixedValue;
        value           uniform 0;
    }
    front
    {
        type            wedge;
    }
    back
    {
        type            wedge;
    }
}


// ************************************************************************* //
