/*--------------------------------*- C++ -*----------------------------------*\
| =========                 |                                                 |
| \\      /  F ield         | OpenFOAM: The Open Source CFD Toolbox           |
|  \\    /   O peration     | Version:  2506                                  |
|   \\  /    A nd           | Website:  www.openfoam.com                      |
|    \\/     M anipulation  |                                                 |
\*---------------------------------------------------------------------------*/
FoamFile
{
    version     2.0;
    format      ascii;
    arch        "LSB;label=32;scalar=64";
    class       volScalarField;
    location    "277";
    object      C;
}
// * * * * * * * * * * * * * * * * * * * * * * * * * * * * * * * * * * * * * //

dimensions      [0 0 0 0 0 0 0];

internalField   nonuniform List<scalar> 
3072
(
2.19907361e-09
-3.20178628e-07
-1.41557304e-06
2.04274613e-05
6.16586792e-05
-8.46891922e-05
-0.000703597837
-0.00179270614
-0.00319019159
-0.00502086488
-0.00817315202
-0.0184165355
-0.037506065
-0.0524374469
-0.0157898701
0.143532585
0.433826938
0.746603533
0.959136967
1.03533311
1.02864695
1.00650105
0.997235193
0.997955448
1.00159473
1.00578382
1.00761036
1.0017501
0.979053383
0.900122127
0.678150472
0.261489322
-1.5900405e-09
2.19496731e-07
1.13254761e-05
-1.67213698e-05
-0.000250750608
-0.000373381795
0.000758183143
0.00379752691
0.00756590599
0.0094966282
0.00661220977
-0.00350281718
-0.0256952873
-0.0514691832
-0.0240859823
0.140493861
0.44425945
0.764514532
0.971443808
1.03740123
1.02571642
1.00429089
0.996895507
0.998322628
1.00199281
1.00611479
1.00762497
1.00110809
0.97744606
0.896678897
0.672920707
0.257421945
9.42742606e-09
2.54902272e-06
-2.31201486e-06
-0.00016123385
-0.000192521398
0.00166925261
0.00667948522
0.0125549153
0.0156853914
0.0155599631
0.0137456225
0.00709996768
-0.0142542568
-0.0486383189
-0.0308988158
0.135394815
0.447577805
0.7728896
0.977107771
1.03781977
1.02400056
1.00328809
0.996845862
0.998530448
1.00218617
1.00627256
1.00761576
1.00080942
0.976878269
0.895984522
0.673165586
0.260238654
1.36575147e-08
3.49841402e-06
-2.16881037e-05
-0.000261323536
0.000184959459
0.00406310386
0.0111273003
0.0161755157
0.0166488329
0.0158645499
0.0142547554
0.0120896354
-0.00629897102
-0.0463048188
-0.0327411906
0.14064414
0.462881554
0.790058916
0.98609381
1.03814574
1.02154263
1.0019874
0.996803711
0.998797172
1.00243335
1.00647164
1.00759936
1.00043284
0.976152183
0.894943761
0.67268786
0.262698933
8.38042312e-10
3.87400945e-06
-2.35139207e-05
-0.000280132552
0.000254886989
0.00464156796
0.0123914924
0.0173587181
0.0177380371
0.0168007623
0.0131956021
0.0119646547
-0.00745406877
-0.0476668086
-0.0229740328
0.169878102
0.503828688
0.822434841
0.999021038
1.03746465
1.0180137
1.0005136
0.996875186
0.999137685
1.0027332
1.00670472
1.00754807
0.999942922
0.975220178
0.893541321
0.671838958
0.265615484
-1.0249275e-07
4.17324795e-06
-1.53829077e-05
-0.000268516757
3.34009696e-05
0.00351040912
0.010058132
0.014919179
0.0167938398
0.0146464962
0.0118886311
0.00887800673
-0.0162292658
-0.0505704107
0.0056101541
0.237217319
0.581160899
0.873845106
1.01541057
1.03465581
1.01298461
0.998866175
0.997123162
0.999603606
1.00314601
1.00701341
1.00742515
0.99918539
0.973721109
0.890923403
0.669106986
0.267350288
-1.42966032e-08
4.46626911e-06
-2.01932955e-06
-0.000224984716
-0.000230358787
0.00174700528
0.00590291637
0.00950170058
0.0108215301
0.00909288045
0.00848939124
0.000498365883
-0.0319044802
-0.0435557201
0.0734215875
0.356446715
0.69535305
0.937451012
1.02977355
1.02818381
1.0068874
0.9974989
0.997644028
1.0001994
1.00370251
1.00740392
1.00716524
0.998023885
0.971396536
0.886569675
0.663778759
0.267247215
-1.05472248e-06
2.94925591e-06
9.71056716e-06
-0.000155962442
-0.000345414639
0.000382133573
0.00223965754
0.00408237573
0.00432818951
0.00435094522
0.00291796456
-0.0168569054
-0.0443899972
0.00373124858
0.209003532
0.532145139
0.830594989
0.996079251
1.03455454
1.01788864
1.0011556
0.996980321
0.998431042
1.00090043
1.00442768
1.00784963
1.00666764
0.996312137
0.968000598
0.880021384
0.655270078
0.264766064
3.24005306e-06
6.64708886e-06
2.33231166e-05
-7.39262522e-05
-0.000285710947
-0.000224826281
0.000254389904
0.000707400818
0.000954715752
0.00118666599
-0.0114429267
-0.0369484072
-0.0145062457
0.140919581
0.430346461
0.742120088
0.952727721
1.02972076
1.02630322
1.0065184
0.997635043
0.997516641
0.999322332
1.00169789
1.00533937
1.00827019
1.00578939
0.993898973
0.963307502
0.870926949
0.643285499
0.259713951
-1.91044962e-05
-1.95175375e-05
-1.53432697e-06
-3.81193077e-05
-0.000174923506
-0.000297638336
-0.000310012669
-0.000381392089
-0.000115897331
-0.0109180217
-0.0312590137
-0.00773701584
0.134624246
0.403334578
0.706386298
0.928062927
1.02334786
1.03025719
1.01066476
0.998736322
0.99713946
0.998616078
1.00012459
1.0026593
1.00642522
1.008514
1.00435249
0.99063311
0.957094939
0.859003765
0.627735581
0.252136401
9.7155532e-05
0.000106072652
0.000130412376
0.000113787669
5.2465745e-05
-7.24709289e-05
-0.000139460201
-0.000184274958
-0.0122857889
-0.0238031031
0.0229465782
0.185823432
0.453604962
0.737391376
0.939475719
1.02565878
1.03116758
1.01155221
0.99897399
0.99697137
0.998434269
0.99948802
1.00088057
1.00391013
1.00758427
1.00835441
1.00216939
0.98637606
0.949141529
0.844042601
0.608731031
0.242282716
-0.000544734026
-0.000596491068
-0.000618323451
-0.000484954876
-0.00044035819
4.03788157e-06
-0.00108726858
-0.0132276146
0.00216054401
0.103936089
0.314155799
0.58607057
0.831612757
0.983704566
1.03572494
1.02850447
1.00825938
0.997721879
0.996900791
0.998654217
0.999414824
0.999945759
1.00192008
1.00548476
1.00858081
1.00752328
0.999084755
0.981016079
0.939234953
0.825934501
0.586580642
0.230556074
0.00332049104
0.00362477169
0.00374928475
0.00251525912
0.00163713864
-0.00363312629
0.0122385606
0.108002923
0.300739021
0.552470201
0.792219157
0.958672048
1.03288521
1.03909711
1.01856949
1.00130584
0.995890108
0.997346927
0.99928653
0.99961276
0.999502659
1.0006074
1.0034959
1.00718295
1.00907956
1.00578186
0.995018801
0.974477885
0.927197643
0.804725613
0.561803378
0.217472038
-0.0243178165
-0.0268848555
-0.0268570865
-0.00571888331
0.0709976016
0.226332637
0.445373948
0.678657009
0.873841771
0.99766127
1.04697113
1.04430436
1.021448
1.00221817
0.994862661
0.995903892
0.998856212
1.00014863
0.999780398
0.999237143
0.999790859
1.00198148
1.0054494
1.00862534
1.0087574
1.00299766
0.989994715
0.966728983
0.912937248
0.780690327
0.535135051
0.203616244
0.328394658
0.422991518
0.559343566
0.719878394
0.865025408
0.975935112
1.04275494
1.06612455
1.05714177
1.03288694
1.00935253
0.995634656
0.992482125
0.995322549
0.998972631
1.00072725
1.00056279
0.999641097
0.99901233
0.999310392
1.00092273
1.00387905
1.00737143
1.00944104
1.00740901
0.999195758
0.984141196
0.957791965
0.896525419
0.754403841
0.507513689
0.189600115
1.02866542
1.0456512
1.05253228
1.04866234
1.0367682
1.02075491
1.00511534
0.99376693
0.988721597
0.989462453
0.993516508
0.997927793
1.00072191
1.001498
1.00097443
1.00007494
0.99933458
0.99893919
0.999092917
1.00019229
1.00255728
1.0058944
1.00890105
1.00937795
1.0050099
0.994572779
0.977672066
0.94777582
0.878293602
0.726782767
0.480029188
0.176014654
0.99610943
0.993354586
0.991442636
0.990971523
0.991964804
0.994151918
0.996971817
0.999673915
1.00156867
1.00231046
1.00203209
1.00122405
1.00042243
0.999911577
0.99964167
0.9994038
0.999119657
0.999030664
0.99964353
1.0014292
1.00439591
1.00773628
1.00977182
1.00835696
1.00174771
0.989462465
0.970856221
0.936930827
0.858910749
0.699057568
0.453832645
0.163385856
1.00067368
1.00117645
1.00159272
1.00178963
1.00172858
1.00141566
1.0009116
1.00033687
0.999845915
0.99957053
0.999557264
0.999734756
0.999936145
0.99997469
0.999746015
0.999320271
0.998986546
0.999209327
1.00046095
1.00293339
1.00621853
1.00913223
1.00986399
1.00652653
0.997984223
0.984257507
0.964000256
0.925705841
0.839388969
0.672653618
0.430015667
0.152137218
0.999869629
0.999769803
0.999680547
0.999629754
0.999625851
0.99966862
0.999751042
0.999861128
0.999984577
1.00010518
1.00019948
1.00022772
1.00013273
0.999864749
0.999441405
0.999023783
0.99895307
0.999678343
1.00154209
1.00447577
1.00774909
1.00994752
1.00928389
1.00421549
0.994145629
0.979331281
0.957449108
0.914757979
0.820973311
0.648991643
0.409484316
0.142564524
1.00002665
1.00004773
1.00006814
1.00008189
1.00008432
1.00007139
1.00004513
1.00001869
1.00001327
1.00004284
1.00009137
1.00009881
0.99997723
0.999669162
0.999234036
0.998915893
0.999127327
1.00030354
1.00264194
1.00582388
1.00886824
1.0102462
1.00829014
1.00180714
0.990614633
0.974991195
0.951576742
0.904869413
0.804921737
0.629258893
0.392858342
0.134825955
0.999994124
0.999989601
0.999985916
0.999984136
0.999981897
0.99997635
0.999970604
0.999977437
1.00001276
1.00007716
1.00013467
1.00010862
0.999914003
0.999529328
0.999080692
0.998882543
0.999375372
1.00093665
1.00361125
1.00687807
1.00959327
1.01019855
1.00717711
0.999632512
0.9876654
0.971456317
0.94673791
0.896778461
0.79224585
0.614223677
0.380419713
0.128947715
1.00000113
1.00000227
1.00000405
1.00000592
1.00000447
0.999996586
0.999986887
0.999991059
1.00002636
1.00008943
1.00013457
1.00007611
0.999833051
0.999410984
0.998983086
0.998908356
0.999633968
1.00147801
1.00436225
1.00762148
1.0100154
1.00999702
1.00618668
0.997909116
0.985442706
0.96884491
0.943188709
0.890995155
0.783513785
0.604150485
0.372118786
0.124842907
0.999999576
0.999999439
1.00000002
1.00000103
0.999998959
0.999990822
0.999982262
0.999990325
1.00003182
1.00009881
1.00013751
1.00005639
0.999779661
0.999334879
0.998929099
0.998949074
0.999839282
1.00186916
1.00487343
1.00809488
1.01024186
1.00979081
1.00546371
0.996730432
0.983974003
0.967169031
0.941019439
0.887689645
0.778786839
0.598830189
0.367629994
0.122339869
0.999999922
1.00000008
1.00000096
1.00000218
1.00000006
0.999991601
0.999982977
0.999992084
1.00003569
1.00010349
1.00013738
1.00004279
0.99974733
0.999291603
0.998901991
0.998979862
0.999965764
1.00209901
1.00516428
1.00835489
1.01035579
1.00966267
1.00505751
0.996089045
0.983197862
0.966344265
0.940140765
0.886697325
0.777693459
0.597696291
0.366436268
0.121213487
0.999999841
0.999999925
1.00000074
1.00000193
0.999999793
0.999991279
0.999982656
0.999992127
1.00003658
1.00010501
1.00013767
1.00003854
0.999736147
0.999275871
0.99889155
0.998990346
1.00001152
1.00218317
1.00527172
1.00845345
1.01040696
1.00963718
1.0049477
0.995912542
0.982997956
0.966217078
0.940326537
0.88762036
0.779592339
0.599979837
0.367918482
0.121214937
0.99999986
0.999999948
1.00000076
1.000002
0.999999995
0.999991561
0.999982715
0.999991591
1.00003547
1.00010406
1.00013826
1.00004181
0.999741763
0.999281241
0.99889211
0.998981107
0.999989558
1.00215035
1.00523664
1.00843177
1.01041898
1.0097023
1.00507603
0.996097393
0.983231877
0.966593951
0.941278137
0.889971653
0.783769185
0.604854093
0.371410315
0.122080504
0.999999856
0.999999926
1.0000007
1.00000198
1.00000021
0.999992003
0.999982825
0.999990394
1.00003258
1.00010107
1.00013911
1.00005103
0.999760493
0.999302978
0.99890129
0.998957265
0.999917132
1.00203071
1.00509643
1.00832191
1.01040235
1.00983289
1.00537469
0.996532661
0.983743487
0.967266243
0.942701531
0.893293487
0.789535849
0.611517414
0.376284603
0.123558043
0.999999859
0.999999914
1.00000065
1.00000197
1.00000048
0.999992603
0.99998307
0.999988946
1.00002872
1.00009667
1.00013961
1.0000633
0.999787168
0.999335713
0.998917893
0.998927113
0.999815528
1.00185716
1.00488761
1.00815054
1.01035885
1.0099948
1.00577266
0.997124153
0.984435702
0.968114409
0.944352124
0.897097913
0.796207275
0.619301789
0.382069621
0.125463907
0.999999861
0.9999999
1.00000058
1.00000194
1.00000076
0.999993267
0.999983423
0.999987472
1.00002442
1.0000914
1.00013942
1.0000764
0.999817483
0.999374763
0.998940618
0.998897359
0.999702477
1.00165722
1.00464077
1.00794015
1.01029072
1.01016117
1.0062127
0.997792836
0.985220647
0.969034777
0.946047431
0.901030672
0.803258248
0.627658407
0.388358601
0.12763366
0.999999864
0.999999889
1.00000052
1.0000019
1.00000101
0.999993944
0.999983865
0.999986133
1.00002013
1.00008575
1.00013844
1.00008875
0.999848117
0.999416177
0.998967703
0.998872121
0.999590706
1.00145186
1.0043804
1.00771028
1.01020275
1.01031453
1.00665306
0.998478865
0.986032915
0.969957304
0.947668865
0.904845391
0.810302738
0.636174386
0.394841668
0.129938436
0.999999867
0.999999879
1.00000046
1.00000186
1.00000124
0.99999459
0.99998436
0.999985003
1.00001611
1.00008012
1.00013676
1.00009953
0.999876899
0.999456946
0.998997113
0.998853052
0.999487952
1.00125534
1.00412454
1.00747699
1.01010176
1.01044627
1.00706701
0.999140316
0.986824795
0.970835753
0.949149784
0.908394257
0.817084278
0.644558833
0.401293486
0.132280342
0.99999987
0.999999871
1.00000041
1.00000181
1.00000143
0.999995179
0.999984872
0.999984096
1.00001252
1.00007478
1.0001346
1.00010853
0.999902792
0.999495198
0.999026984
0.998840048
0.999397839
1.00107601
1.00388523
1.00725253
1.00999527
1.01055427
1.00743998
0.999750845
0.987564415
0.971642416
0.950460645
0.911603605
0.823450917
0.6526249
0.407563611
0.134590177
0.999999872
0.999999864
1.00000036
1.00000177
1.00000159
0.999995698
0.999985369
0.999983397
1.00000942
1.00006992
1.0001322
1.00011578
0.999925322
0.999529757
0.999055739
0.998832122
0.999321402
1.00091806
1.00366975
1.00704559
1.00989023
1.01064039
1.00776604
1.00029609
0.988232354
0.972362323
0.951595409
0.914450839
0.829328527
0.660266714
0.413561277
0.136822264
0.999999875
0.999999859
1.00000032
1.00000173
1.00000171
0.99999614
0.999985825
0.999982871
1.00000683
1.00006566
1.00012979
1.00012145
0.999944297
0.999559869
0.999082102
0.998827965
0.999258217
1.00078294
1.00348192
1.00686178
1.00979243
1.01070833
1.00804482
1.00077027
0.988818687
0.972989196
0.952561465
0.916945247
0.834697021
0.667438236
0.419241241
0.138949273
0.999999877
0.999999854
1.00000028
1.00000169
1.00000181
0.999996506
0.999986222
0.999982481
1.00000471
1.00006208
1.00012755
1.0001258
0.999959872
0.9995853
0.999105248
0.998826259
0.999207
1.00067023
1.00332288
1.00670401
1.00970602
1.01076235
1.00827921
1.00117351
0.989320592
0.9735228
0.953373201
0.919114464
0.839572336
0.674136669
0.42459253
0.14095813
0.999999879
0.99999985
1.00000026
1.00000166
1.00000189
0.999996801
0.999986551
0.999982192
1.00000303
1.00005915
1.0001256
1.0001291
0.999972356
0.999606127
0.999124729
0.998825885
0.99916614
1.00057836
1.00319192
1.00657307
1.00963354
1.0108064
1.00847383
1.0015098
0.989740384
0.973967153
0.954048108
0.920995279
0.843993063
0.680389496
0.429629359
0.142846498
0.999999881
0.999999845
1.00000023
1.00000164
1.00000196
0.999997033
0.999986813
0.999981973
1.00000171
1.00005683
1.00012401
1.00013161
0.99998216
0.999622689
0.999140457
0.998825999
0.999133933
1.00050509
1.00308695
1.00646802
1.00957596
1.0108438
1.00863405
1.0017856
0.990084111
0.974329404
0.954604725
0.922628058
0.848011516
0.686245562
0.434384932
0.144620528
0.999999882
0.999999842
1.00000021
1.00000162
1.00000201
0.999997211
0.99998701
0.999981802
1.0000007
1.00005504
1.00012278
1.00013354
0.999989729
0.999635516
0.999152663
0.998826046
0.999108711
1.00044774
1.00300493
1.00638652
1.00953292
1.01087705
1.00876552
1.00200889
0.990360431
0.974618985
0.955061524
0.924053275
0.851687394
0.691768288
0.438906572
0.146293113
0.999999884
0.999999838
1.0000002
1.00000161
1.00000205
0.999997344
0.99998715
0.999981663
0.999999936
1.00005371
1.00012189
1.00013504
0.999995494
0.999645215
0.999161772
0.998825725
0.999088965
1.00040347
1.00294226
1.00632537
1.00950305
1.01090791
1.00887372
1.0021884
0.990579632
0.97484682
0.955436222
0.925309288
0.8550829
0.697029912
0.443251366
0.147882149
0.999999885
0.999999834
1.00000019
1.0000016
1.00000209
0.999997443
0.999987245
0.999981543
0.99999936
1.00005275
1.00012128
1.00013625
0.999999861
0.999652415
0.999168321
0.998824928
0.999073367
1.00036952
1.00289511
1.00628081
1.00948429
1.01093754
1.00896387
1.00233314
0.990752858
0.975024651
0.955745384
0.926431028
0.858259212
0.702106928
0.447482633
0.14940909
0.999999887
0.99999983
1.00000018
1.0000016
1.00000212
0.999997517
0.999987304
0.999981435
0.999998922
1.00005205
1.0001209
1.00013726
1.0000032
0.999657749
0.999172912
0.998823678
0.999060751
1.0003432
1.00285961
1.00624884
1.00947414
1.01096659
1.0090408
1.00245197
0.990891512
0.975164487
0.956004199
0.927449316
0.861273999
0.707076563
0.451667192
0.150897875
0.999999889
0.999999826
1.00000017
1.0000016
1.00000215
0.999997574
0.99998734
0.999981334
0.999998574
1.00005153
1.00012067
1.00013814
1.00000587
0.999661832
0.999176172
0.998822087
0.999050097
1.00032199
1.00283196
1.00622544
1.00946992
1.01099539
1.00910894
1.00255342
0.991006833
0.975278174
0.956226366
0.928390571
0.864179732
0.712014124
0.455873262
0.152374153
0.999999891
0.999999822
1.00000016
1.0000016
1.00000217
0.999997624
0.999987365
0.999981237
0.999998273
1.00005111
1.00012053
1.00013896
1.00000818
0.999665247
0.999178719
0.998820314
0.999040502
1.00030355
1.00280856
1.00620666
1.00946891
1.01102404
1.00917232
1.0026455
0.991109575
0.975377077
0.95642405
0.929276743
0.867022508
0.716990898
0.460167744
0.153861551
0.999999893
0.999999818
1.00000015
1.00000161
1.0000022
0.999997672
0.999987388
0.999981141
0.99999798
1.0000507
1.0001204
1.00013975
1.00001041
0.99966853
0.99918114
0.998818542
0.999031181
1.00028573
1.00278607
1.00618882
1.00946845
1.0110525
1.00923456
1.0027356
0.991209784
0.97547185
0.956607888
0.930125381
0.86984115
0.722072438
0.464617212
0.155386133
0.999999895
0.999999814
1.00000014
1.00000161
1.00000223
0.999997727
0.99998742
0.999981045
0.99999766
1.00005023
1.00012021
1.00014056
1.00001281
0.999672167
0.999183978
0.998816965
0.999021457
1.00026663
1.00276145
1.0061685
1.00946605
1.01108061
1.00929885
1.00283038
0.991316669
0.97557232
0.956787089
0.930949893
0.872667013
0.727317781
0.469285478
0.156972293
0.999999897
0.99999981
1.00000013
1.0000016
1.00000226
0.999997793
0.99998747
0.999980949
0.999997284
1.00004965
1.0001199
1.00014142
1.0000156
0.999676585
0.999187724
0.998815781
0.999010764
1.00024457
1.00273199
1.00614258
1.00945938
1.01110812
1.00936794
1.00293577
0.991438546
0.975687466
0.956969595
0.93175992
0.875524173
0.732779833
0.474235481
0.158644911
0.9999999
0.999999806
1.00000012
1.0000016
1.00000229
0.999997876
0.999987547
0.999980852
0.999996826
1.00004888
1.00011941
1.00014234
1.00001897
0.999682175
0.999192839
0.998815203
0.99899864
1.00021809
1.00269526
1.00610828
1.00944629
1.01113465
1.00944412
1.00305692
0.991582759
0.975825367
0.957162204
0.932561605
0.878429232
0.738504606
0.479528385
0.160428128
0.999999903
0.999999802
1.0000001
1.00000159
1.00000233
0.999997982
0.999987659
0.999980757
0.999996263
1.00004788
1.00011869
1.00014333
1.00002309
0.999689279
0.999199745
0.998815459
0.998984753
1.00018602
1.00264927
1.00606319
1.00942481
1.01115973
1.00952915
1.00319802
0.991755523
0.975993073
0.957370622
0.933357787
0.881390831
0.744529773
0.485223095
0.162345906
0.999999907
0.999999799
1.00000009
1.00000158
1.00000236
0.999998113
0.999987813
0.999980667
0.999995585
1.00004661
1.00011768
1.00014437
1.00002803
0.999698134
0.999208771
0.99881678
0.998968947
1.00014753
1.00259247
1.00600538
1.00939327
1.01118273
1.00962415
1.00336221
0.991961705
0.976196405
0.957599483
0.934148248
0.884409273
0.750883319
0.491375786
0.164422823
0.999999911
0.999999796
1.00000007
1.00000156
1.0000024
0.99999827
0.999988014
0.999980586
0.999994786
1.00004505
1.00011635
1.00014544
1.00003382
0.999708869
0.999220148
0.998819401
0.998951253
1.00010225
1.00252393
1.00593347
1.0093503
1.0112029
1.00972955
1.00355139
0.992204641
0.976439777
0.957852378
0.93493012
0.887476483
0.757582315
0.498038403
0.166682529
0.999999915
0.999999793
1.00000005
1.00000153
1.00000244
0.999998456
0.999988265
0.999980521
0.99999387
1.00004319
1.00011466
1.0001465
1.00004045
0.999721523
0.999234021
0.998823554
0.998931883
1.00005016
1.00244329
1.00584671
1.00929491
1.01121939
1.00984505
1.00376613
0.992485961
0.976725986
0.958131862
0.935698393
0.890576217
0.764631765
0.505258167
0.169148434
0.99999992
0.999999792
1.00000002
1.0000015
1.00000248
0.999998668
0.999988568
0.99998048
0.999992849
1.00004103
1.00011261
1.00014748
1.00004781
0.999736031
0.999250426
0.998829448
0.998911219
0.999991721
1.00235083
1.00574501
1.00922654
1.01123127
1.00996961
1.00400559
0.992805379
0.977055925
0.958439358
0.936446483
0.893684447
0.772023166
0.513076119
0.171843557
0.999999925
0.999999791
0.999999996
1.00000146
1.00000252
0.999998903
0.999988921
0.999980469
0.999991744
1.0000386
1.00011019
1.00014832
1.00005578
0.999752215
0.999269275
0.998837247
0.998889792
0.999927796
1.00224755
1.00562911
1.00914526
1.01123766
1.01010145
1.00426737
0.993160428
0.977428186
0.958774907
0.937166819
0.896770038
0.779732888
0.521525138
0.174790219
0.999999931
0.99999979
0.999999968
1.00000141
1.00000256
0.999999157
0.99998932
0.999980496
0.999990585
1.00003595
1.00010741
1.00014896
1.00006415
0.999769779
0.999290327
0.998847022
0.998868255
0.99985972
1.00213523
1.00550069
1.0090519
1.01123789
1.01023808
1.0045474
0.993546161
0.977838576
0.959136753
0.937851416
0.899795842
0.78772055
0.530627325
0.178009375
0.999999937
0.999999791
0.999999938
1.00000136
1.00000259
0.999999423
0.999989758
0.999980566
0.999989408
1.00003315
1.00010435
1.00014935
1.00007266
0.999788271
0.999313116
0.99885868
0.998847339
0.999789317
1.00201662
1.00536264
1.00894834
1.01123168
1.0103764
1.00483981
0.993954867
0.978279607
0.959520767
0.9384924
0.902720441
0.795927892
0.540391103
0.181519673
0.999999944
0.999999793
0.999999908
1.00000131
1.00000262
0.999999693
0.999990221
0.999980679
0.999988253
1.00003028
1.00010108
1.00014944
1.000081
0.999807054
0.999336907
0.998871896
0.998827785
0.999718865
1.0018954
1.00521915
1.00883772
1.01121941
1.01051286
1.00513701
0.994375933
0.978740113
0.959919822
0.93908245
0.905500754
0.804278957
0.550808814
0.185336749
0.999999951
0.999999795
0.999999879
1.00000125
1.00000264
0.999999958
0.999990693
0.999980829
0.999987164
1.00002746
1.00009775
1.00014926
1.00008886
0.999825382
0.999360722
0.998886065
0.998810232
0.999650961
1.00177617
1.00507579
1.00872458
1.01120232
1.0106437
1.00542988
0.994795934
0.979205125
0.960323236
0.939615021
0.908095394
0.812682096
0.561855475
0.189473406
0.999999957
0.999999798
0.99999985
1.00000119
1.00000265
1.00000021
0.999991152
0.999981005
0.999986177
1.00002481
1.00009452
1.00014885
1.00009595
0.999842425
0.99938335
0.998900274
0.998795128
0.999588388
1.00166425
1.00493938
1.00861494
1.01118276
1.01076526
1.00570796
0.995198811
0.979655905
0.960716267
0.94008415
0.910468164
0.821033208
0.573488099
0.19394068
0.999999964
0.999999801
0.999999823
1.00000113
1.00000266
1.00000043
0.999991573
0.999981187
0.999985329
1.00002246
1.0000916
1.00014834
1.00010198
0.999857311
0.999403414
0.998913327
0.998782673
0.999533971
1.00156555
1.00481788
1.00851627
1.01116421
1.0108741
1.00595972
0.995566038
0.98007005
0.961079675
0.940483743
0.912591141
0.82921979
0.585645213
0.198750176
0.999999971
0.999999804
0.999999799
1.00000109
1.00000267
1.00000062
0.999991927
0.999981346
0.999984651
1.00002056
1.00008922
1.00014787
1.00010673
0.999869104
0.99941936
0.998923764
0.998772848
0.999490622
1.0014866
1.0047205
1.0084375
1.01115136
1.01096701
1.0061724
0.995876452
0.980421347
0.961389207
0.940806259
0.914446668
0.837124775
0.598245072
0.203917125
0.999999977
0.999999807
0.999999778
1.00000105
1.00000268
1.00000076
0.999992178
0.999981448
0.999984173
1.00001928
1.00008768
1.00014765
1.00010991
0.999876727
0.999429372
0.998929838
0.998765537
0.999461585
1.00143487
1.00465785
1.0083892
1.01115003
1.01104073
1.0063316
0.996105715
0.980679316
0.961615016
0.941040798
0.916027909
0.844630905
0.611182931
0.209464479
0.999999984
0.999999808
0.999999762
1.00000103
1.00000269
1.00000084
0.999992289
0.999981455
0.999983929
1.0000188
1.00008728
1.00014788
1.00011122
0.999878962
0.999431416
0.998929634
0.998760702
0.999450647
1.00141895
1.00464215
1.00838348
1.01116691
1.01109154
1.00642073
0.99622565
0.980808644
0.961721148
0.941170253
0.917337017
0.85162958
0.624330663
0.215427214
0.99999999
0.999999808
0.999999752
1.00000102
1.00000271
1.00000085
0.999992226
0.999981337
0.999983961
1.00001929
1.00008829
1.00014871
1.00011028
0.999874562
0.999423484
0.998921353
0.998758592
0.999462185
1.00144839
1.00468693
1.00843379
1.01120934
1.01111493
1.0064205
0.996203659
0.980768633
0.96166462
0.941164279
0.918375689
0.858045988
0.637550766
0.221853092
0.999999995
0.999999805
0.999999745
1.00000104
1.00000274
1.00000078
0.999991976
0.999981079
0.999984304
1.00002092
1.00009097
1.00015021
1.00010654
0.999862047
0.99940344
0.998903454
0.998760369
0.999502137
1.00153462
1.00480722
1.00855412
1.01128396
1.01110428
1.00630782
0.996001232
0.980510019
0.961388895
0.940951729
0.919105742
0.863909531
0.650707147
0.228690701
1
0.999999802
0.999999743
1.00000108
1.00000278
1.00000062
0.999991486
0.999980664
0.999985101
1.00002405
1.0000957
1.00015229
1.00009872
0.999838715
0.999368062
0.998874503
0.998769444
0.999580998
1.00169481
1.00502283
1.0087598
1.01139367
1.01104436
1.00604839
0.995569332
0.979977451
0.960842039
0.940493147
0.919499302
0.869190377
0.663696042
0.23589594
1.00000001
0.999999797
0.999999747
1.00000115
1.00000282
1.00000033
0.999990701
0.999980107
0.999986585
1.00002914
1.00010287
1.00015446
1.00008477
0.999800982
0.9993139
0.998834393
0.998792595
0.999714237
1.0019512
1.00535653
1.00906507
1.01153549
1.01090998
1.00559548
0.994845863
0.979102991
0.959960656
0.939742316
0.919541626
0.873847152
0.676372515
0.243436381
1.00000001
0.999999791
0.999999758
1.00000126
1.00000287
0.999999862
0.999989561
0.999979483
0.999989131
1.00003681
1.00011269
1.00015557
1.0000614
0.999744137
0.999237649
0.99878573
0.998842463
0.999925294
1.00233334
1.00583415
1.00948026
1.01169496
1.01065888
1.00488333
0.993751451
0.977805609
0.958672855
0.938647105
0.919213617
0.877854555
0.688600648
0.251254212
1.00000001
0.999999782
0.999999779
1.0000014
1.0000029
0.999999144
0.999988014
0.999978965
0.999993333
1.0000478
1.0001251
1.00015326
1.00002337
0.999661831
0.99913672
0.998736185
0.998941399
1.00024953
1.00288013
1.00648311
1.01000631
1.01183774
1.01022232
1.00381872
0.992183223
0.975987354
0.956896331
0.937149474
0.918495078
0.881196751
0.700249269
0.259272239
1.00000002
0.999999772
0.999999814
1.00000159
1.00000288
0.999998087
0.999986036
0.999978906
1.00000008
1.00006296
1.00013923
1.00014315
0.999962729
0.999546481
0.999011817
0.998703273
0.999127117
1.00073831
1.0036397
1.00732663
1.01062379
1.01189568
1.00949137
1.00227017
0.990008138
0.973530642
0.954538457
0.935186627
0.91736439
0.883868413
0.711198299
0.267394259
1.00000002
0.99999976
0.999999868
1.00000182
1.00000275
0.999996583
0.999983682
0.999979929
1.00001057
1.00008286
1.00015258
1.00011768
0.999868598
0.999391446
0.998872309
0.998722086
0.99945998
1.00146185
1.0046647
1.00837053
1.0112735
1.01174554
1.00829823
1.00005458
0.987055786
0.970295991
0.951497023
0.932692952
0.91579977
0.885873919
0.72134211
0.275507865
1.00000002
0.999999748
0.999999944
1.00000209
1.00000245
0.999994516
0.999981155
0.99998305
1.00002629
1.00010724
1.0001597
1.00006486
0.999727628
0.999195254
0.998744951
0.998856331
1.00003118
1.00250855
1.00599888
1.00957807
1.01182474
1.01117777
1.0063913
0.996921492
0.983111018
0.96612058
0.947661815
0.929602437
0.913780563
0.88722565
0.730588837
0.283484309
1.00000002
0.999999737
1.00000005
1.00000239
1.00000187
0.9999918
0.999978925
0.999989769
1.00004867
1.00013377
1.00015033
0.999967498
0.999527372
0.998971472
0.998689087
0.99921274
1.00096705
1.00397133
1.00764374
1.01082253
1.01202446
1.0098529
1.0034053
0.992537654
0.977909743
0.960820276
0.94291879
0.925852653
0.911289595
0.887942918
0.738859482
0.291179418
1.00000002
0.999999727
1.00000018
1.00000269
1.00000088
0.999988431
0.999977861
1.00000206
1.00007831
1.00015614
1.00010743
0.999804709
0.999265631
0.998767063
0.998818176
0.999953066
1.00241757
1.0059053
1.00948965
1.01180652
1.01142288
1.00724702
0.998831213
0.98647756
0.971142039
0.954197666
0.937158008
0.921390604
0.908316476
0.888051341
0.746086189
0.298434449
1.00000002
0.999999722
1.00000035
1.00000293
0.999999342
0.999984583
0.999979355
1.00002205
1.00011346
1.00016145
1.00000658
0.999559055
0.998969856
0.998690496
0.999321563
1.00128772
1.00450503
1.00823085
1.01119177
1.0119394
1.00927813
1.00259604
0.991997359
0.978229283
0.962468737
0.946059144
0.930286429
0.916180675
0.904861745
0.887582535
0.752209261
0.305074182
1.00000001
0.999999723
1.00000055
1.00000308
0.999997151
0.999980707
0.999985343
1.00005128
1.00014773
1.00012793
0.999819683
0.999234293
0.998729803
0.998944217
1.00046644
1.00341631
1.00719209
1.01054893
1.01197537
1.0101782
1.00446011
0.994864011
0.982084106
0.96723081
0.951559524
0.936244324
0.922246424
0.910214607
0.900941654
0.886574294
0.757176322
0.310913918
1.00000001
0.999999731
1.00000077
1.00000304
0.999994256
0.999977629
0.999998098
1.00008919
1.00016726
1.00002526
0.999528148
0.998888221
0.998739062
0.999838004
1.00253392
1.0063564
1.01001857
1.01184638
1.01038595
1.00487662
0.995409704
0.982785783
0.968206985
0.952956003
0.938160417
0.924669631
0.913039623
0.903522811
0.896593085
0.885071564
0.760960096
0.315886751
1.00000001
0.999999747
1.00000101
1.00000276
0.999990728
0.999976573
1.00001966
1.00013111
1.00014894
0.999821412
0.99915033
0.998678249
0.999321502
1.00172838
1.00561258
1.00959192
1.01168338
1.01013259
1.00408055
0.993762149
0.980262131
0.965061003
0.949610652
0.93506691
0.922193412
0.911383754
0.90275306
0.896184667
0.891876461
0.883109561
0.763376905
0.319523374
1
0.999999771
1.00000123
1.00000218
0.999986802
0.999979051
1.00005083
1.00016619
1.000062
0.999500505
0.998783015
0.998898795
1.00088567
1.00479632
1.00917004
1.01152922
1.00956759
1.00220417
0.989903369
0.974263599
0.957291526
0.940783176
0.926002716
0.913632538
0.903878887
0.896626264
0.891582781
0.888336995
0.886879726
0.880746941
0.764412444
0.321692183
0.999999999
0.999999802
1.00000143
1.00000127
0.999982884
0.999986561
1.00009001
1.00017663
0.999876202
0.999092441
0.998641679
0.999960113
1.0037211
1.00858687
1.01142206
1.00895096
0.999561715
0.983986438
0.964655535
0.944469244
0.925809154
0.910127327
0.897996955
0.889371242
0.883844049
0.88086324
0.879837638
0.880168019
0.881707988
0.878032694
0.764032177
0.322326417
0.999999996
0.999999839
1.00000159
1.00000005
0.999979511
1.00000013
1.0001322
1.00014002
0.999577817
0.998705264
0.999061635
1.00223712
1.00757894
1.01137884
1.00881125
0.99704658
0.97691459
0.952091496
0.926950793
0.904826343
0.887429921
0.875134957
0.867513346
0.863805906
0.863147443
0.864756636
0.867927709
0.871941737
0.876539453
0.875025838
0.761975737
0.320995821
0.999999994
0.999999879
1.00000169
0.99999859
0.999977245
1.00001979
1.00016911
1.00003579
0.999189387
0.998536094
1.00040841
1.00575361
1.01114821
1.00980079
0.996363991
0.970961856
0.938871221
0.906887544
0.879933131
0.860035985
0.847105815
0.840114355
0.837818351
0.839144075
0.843256056
0.849316877
0.856522247
0.86406563
0.871588721
0.871760011
0.757992031
0.317399253
0.999999993
0.999999919
1.00000173
0.999997002
0.999976525
1.00004431
1.0001909
0.999854966
0.998781293
0.998827839
1.0028752
1.00981794
1.01186975
0.999525444
0.969892262
0.929431809
0.888773679
0.855802604
0.833065321
0.819428815
0.812664165
0.810893271
0.813005512
0.81828717
0.82609431
0.835714198
0.846313192
0.856950829
0.867084943
0.86822614
0.751679048
0.311156127
0.999999992
0.999999958
1.00000171
0.999995415
0.999977519
1.00007121
1.00018956
0.999608878
0.998458797
0.999755491
1.00624469
1.01296275
1.00679705
0.977779316
0.930022471
0.878963156
0.838496042
0.812938794
0.79944153
0.793389115
0.791575582
0.792771899
0.796706283
0.803507863
0.813097141
0.824905995
0.837951765
0.851025933
0.863260523
0.864331311
0.742443546
0.301839861
0.999999992
0.999999992
1.00000165
0.99999395
0.999980036
1.00009743
1.00016292
0.999331028
0.998316179
1.00127785
1.0098163
1.01362443
0.994846825
0.94700176
0.885363059
0.833770888
0.803673812
0.790658792
0.786540834
0.785654395
0.785751457
0.78651719
0.789210394
0.795149385
0.804775123
0.817485937
0.831984715
0.846714882
0.860368767
0.859788871
0.729240946
0.288827372
0.999999992
1.00000002
1.00000156
0.999992698
0.999983534
1.00012014
1.00011738
0.999068622
0.998373262
1.00304921
1.01268843
1.01153291
0.979349675
0.916619095
0.850079033
0.807166103
0.790906544
0.787197485
0.787396468
0.78835655
0.787743211
0.786484942
0.787145262
0.791730703
0.800851538
0.813777065
0.828939321
0.844466965
0.858453867
0.85395747
0.710317057
0.270946833
0.999999992
1.00000005
1.00000146
0.999991711
0.999987203
1.00013741
1.0000679
0.99886822
0.998536621
1.00448059
1.01427435
1.00873318
0.968208979
0.899615046
0.835358872
0.800672533
0.791040419
0.788654589
0.788376216
0.789499161
0.787722008
0.786322705
0.787053376
0.791814281
0.801093104
0.814080814
0.829174407
0.844677443
0.858073258
0.844965884
0.68226654
0.248652391
0.999999993
1.00000006
1.00000137
0.999991032
0.999990037
1.00014798
1.00003524
0.998767937
0.998631269
1.00492781
1.01448717
1.00856215
0.96974018
0.905441016
0.844387801
0.808187327
0.794915191
0.790867145
0.788426048
0.787542704
0.787614599
0.788292583
0.791233961
0.797427653
0.807038909
0.819407237
0.833679419
0.8490055
0.859338562
0.826800965
0.637906142
0.220893147
0.999999993
1.00000007
1.00000132
0.999990709
0.999990959
1.00015014
1.00004214
0.998809788
0.998510156
1.00383846
1.01310212
1.01247114
0.986488077
0.935395079
0.877606076
0.833737573
0.81087946
0.802455587
0.798901954
0.795828914
0.794296671
0.796169356
0.800212383
0.807113531
0.816822074
0.829398526
0.844329774
0.858041453
0.854425846
0.785599603
0.568484941
0.185677051
0.999999993
1.00000007
1.00000132
0.999990974
0.999988594
1.00013695
1.00011658
0.999091087
0.998162623
1.00119714
1.00942475
1.01586957
1.00870105
0.981278298
0.938222443
0.892028212
0.854797864
0.832579107
0.824983644
0.827791815
0.835640291
0.844043664
0.851682587
0.857807272
0.865941409
0.873294252
0.875705231
0.862848858
0.813065498
0.690161838
0.458818003
0.139973297
0.999999993
1.00000006
1.00000138
0.99999278
0.999979929
1.00009752
1.00021928
0.999593117
0.998254063
0.998500742
1.00306466
1.01135581
1.01837661
1.0176312
1.00500513
0.980440418
0.946985341
0.908794592
0.869589421
0.832045423
0.797832717
0.767876948
0.742439739
0.720240225
0.696478757
0.669511853
0.6351406
0.586568714
0.513382014
0.403170691
0.249506224
0.0722239124
0.999999993
1.00000001
1.00000143
0.999996608
0.99997373
1.00003247
1.00023153
1.00013058
0.999169754
0.997811672
0.997743948
1.00066397
1.00697902
1.01557856
1.02455099
1.03204968
1.03675825
1.0379026
1.03501491
1.02764388
1.01509973
0.996242329
0.969295899
0.931685888
0.879938387
0.809803328
0.71700315
0.598714412
0.456366797
0.299590681
0.149495184
0.0332832885
0.999999995
0.999999945
1.0000011
1.00000117
0.999979362
0.999971596
1.00010378
1.00032169
1.00023624
0.999466693
0.998063061
0.996532031
0.995539189
0.995615725
0.997049729
0.999935517
1.00427919
1.01008589
1.01740103
1.02630109
1.03682669
1.04883049
1.06168263
1.0737415
1.08147269
1.0781375
1.05218493
0.986100678
0.857764453
0.648444156
0.363987205
0.0734909559
0.999999999
0.999999924
1.00000034
1.00000337
0.999995724
0.999961949
0.999958558
1.00008233
1.00033353
1.00057819
1.00064144
1.00040708
0.999848674
0.999007583
0.997959254
0.996793341
0.995613916
0.994558029
0.993831107
0.993760372
0.994866774
0.997944826
1.00410633
1.01466865
1.03062226
1.05118668
1.07073676
1.07346286
1.02666188
0.878115218
0.574093665
0.137661697
1
0.999999971
0.999999761
1.00000157
1.00000596
0.999996758
0.999959527
0.999914023
0.999902827
0.999957016
1.00008056
1.00025622
1.00045721
1.00065444
1.00081795
1.00091438
1.00090305
1.00073261
1.00034227
0.999675288
0.998721128
0.997616343
0.996845724
0.997569407
1.00199412
1.01336386
1.03443202
1.06206533
1.07488455
1.01394996
0.770912737
0.251171532
1
1.00000001
0.999999874
0.999999399
1.00000139
1.00000822
1.00001418
1.00000971
0.999990215
0.999958011
0.999919277
0.999880991
0.999849662
0.999831384
0.999832319
0.999858969
0.999917587
1.00001163
1.00013536
1.00026079
1.00031594
1.00016069
0.999594918
0.998498791
0.997297147
0.997924983
1.00498045
1.024945
1.05749121
1.06910105
0.942764016
0.446253092
1
0.999999998
1.00000005
1.00000003
0.999999152
0.999997768
0.999997747
1.00000053
1.00000604
1.00001317
1.00002054
1.00002689
1.00003107
1.00003202
1.00002859
1.00001966
1.00000441
0.999983297
0.999960277
0.999946663
0.999965439
1.00004796
1.00020173
1.00032241
1.00008981
0.999126605
0.99803016
1.00054296
1.0146707
1.04431075
1.04582447
0.770400674
)
;

boundaryField
{
    inner_wall
    {
        type            zeroGradient;
    }
    outer_wall
    {
        type            fixedValue;
        value           uniform 0;
    }
    top
    {
        type            fixedValue;
        value           uniform 1;
    }
    bottom
    {
        type            inletOutlet;
        inletValue      uniform 0;
        value           nonuniform List<scalar> 
32
(
0
0
0
0
0
0
0
0
0
0
-0.00817315202
-0.0184165355
-0.037506065
-0.0524374469
-0.0157898701
0.143532585
0.433826938
0.746603533
0.959136967
1.03533311
1.02864695
1.00650105
0.997235193
0.997955448
1.00159473
1.00578382
1.00761036
1.0017501
0.979053383
0.900122127
0.678150472
0.261489322
)
;
    }
    front
    {
        type            wedge;
    }
    back
    {
        type            wedge;
    }
}


// ************************************************************************* //
