/*--------------------------------*- C++ -*----------------------------------*\
| =========                 |                                                 |
| \\      /  F ield         | OpenFOAM: The Open Source CFD Toolbox           |
|  \\    /   O peration     | Version:  2506                                  |
|   \\  /    A nd           | Website:  www.openfoam.com                      |
|    \\/     M anipulation  |                                                 |
\*---------------------------------------------------------------------------*/
FoamFile
{
    version     2.0;
    format      ascii;
    arch        "LSB;label=32;scalar=64";
    class       volScalarField;
    location    "945";
    object      p;
}
// * * * * * * * * * * * * * * * * * * * * * * * * * * * * * * * * * * * * * //

dimensions      [0 2 -2 0 0 0 0];

internalField   nonuniform List<scalar> 
3072
(
-0.000123967137
-9.41515059e-05
-9.04856875e-05
-8.44511922e-05
-7.46945527e-05
-6.29698248e-05
-5.10207797e-05
-3.9985625e-05
-2.77742693e-05
-1.4015394e-05
-7.56289564e-06
-7.76020547e-06
-7.62206392e-06
-6.31048624e-06
-4.47206419e-06
-2.49542833e-06
-5.35749978e-07
1.32376873e-06
3.02535035e-06
4.5241681e-06
5.80684795e-06
7.01601998e-06
8.04228043e-06
8.74648424e-06
9.27236968e-06
9.66433682e-06
9.9425599e-06
1.01314684e-05
1.02633757e-05
1.03857555e-05
1.05658896e-05
1.08151496e-05
-0.000264310266
-0.000186451975
-0.000160138535
-0.000141512622
-0.000123474717
-0.000104850601
-8.64209881e-05
-6.86357165e-05
-5.08429791e-05
-3.39336087e-05
-2.18125439e-05
-1.44700038e-05
-8.57005539e-06
-3.29994514e-06
1.3303647e-06
5.32473902e-06
8.74331361e-06
1.1644845e-05
1.40880423e-05
1.61497909e-05
1.7777521e-05
1.92002851e-05
2.04184402e-05
2.12384353e-05
2.18513905e-05
2.23315465e-05
2.27115882e-05
2.30231413e-05
2.33042744e-05
2.36021178e-05
2.39473404e-05
2.42410398e-05
-0.000326423563
-0.000221780945
-0.000176574064
-0.000146112695
-0.000121669286
-0.000100771579
-8.23234813e-05
-6.56795071e-05
-5.03712232e-05
-3.65145303e-05
-2.47567184e-05
-1.50289262e-05
-6.7054541e-06
5.3335943e-07
6.82426797e-06
1.22634243e-05
1.69345622e-05
2.09092682e-05
2.42731858e-05
2.72005413e-05
2.95866197e-05
3.14880532e-05
3.30811252e-05
3.43168811e-05
3.52851517e-05
3.60471648e-05
3.66468803e-05
3.71229884e-05
3.75125998e-05
3.78540917e-05
3.81780058e-05
3.84491737e-05
-0.000386213019
-0.000266915268
-0.000210788418
-0.000168760916
-0.000135762944
-0.000109664131
-8.78521322e-05
-6.8931537e-05
-5.21828996e-05
-3.72966919e-05
-2.41970705e-05
-1.27466838e-05
-2.72754028e-06
6.04069771e-06
1.36900817e-05
2.03248284e-05
2.60363678e-05
3.09109743e-05
3.50378506e-05
3.85008707e-05
4.14022309e-05
4.37573028e-05
4.5628527e-05
4.71510032e-05
4.83629411e-05
4.93169889e-05
5.00673557e-05
5.066226e-05
5.11447729e-05
5.15568856e-05
5.19302137e-05
5.2225294e-05
-0.000442025875
-0.000315681346
-0.000246466464
-0.000194678999
-0.000154291345
-0.000122039629
-9.54368406e-05
-7.29136443e-05
-5.34569327e-05
-3.64586968e-05
-2.15555444e-05
-8.48061859e-06
2.98939289e-06
1.30324678e-05
2.17903115e-05
2.93830245e-05
3.59218345e-05
4.15133475e-05
4.62353921e-05
5.00707476e-05
5.32996673e-05
5.60634889e-05
5.82579487e-05
6.00107527e-05
6.14106447e-05
6.25242534e-05
6.34104307e-05
6.41220396e-05
6.47074132e-05
6.52150355e-05
6.56821166e-05
6.60573218e-05
-0.000490655799
-0.000359350565
-0.000280091793
-0.000220370936
-0.000173455637
-0.00013507508
-0.000103461935
-7.69819959e-05
-5.44131207e-05
-3.49376549e-05
-1.8014005e-05
-3.25738045e-06
9.62027936e-06
2.08406451e-05
3.058106e-05
3.89915764e-05
4.6206253e-05
5.23486922e-05
5.75292453e-05
6.18422492e-05
6.54205501e-05
6.8373574e-05
7.07720062e-05
7.27055854e-05
7.42586454e-05
7.55057767e-05
7.65132292e-05
7.7339753e-05
7.80398858e-05
7.86708723e-05
7.92764599e-05
7.97776578e-05
-0.000531925738
-0.000396359994
-0.000311284717
-0.000245353174
-0.000191929237
-0.000147979221
-0.000111621485
-8.11857913e-05
-5.5378418e-05
-3.32742971e-05
-1.42177715e-05
2.27280955e-06
1.65599177e-05
2.89245091e-05
3.95926063e-05
4.87540152e-05
5.65744876e-05
6.32033219e-05
6.87775706e-05
7.3425072e-05
7.72689196e-05
8.04237341e-05
8.29929385e-05
8.50734013e-05
8.67547988e-05
8.81187685e-05
8.92382879e-05
9.01779251e-05
9.09985107e-05
9.17666538e-05
9.2532796e-05
9.31834186e-05
-0.00056613301
-0.000427474305
-0.000338406782
-0.000267796742
-0.00020905543
-0.000160191499
-0.000119500752
-8.53394471e-05
-5.63984887e-05
-3.1702616e-05
-1.05252863e-05
7.68768752e-06
2.33650059e-05
3.68456333e-05
4.84055573e-05
5.82767204e-05
6.66600661e-05
7.3734139e-05
7.96606865e-05
8.45882509e-05
8.86543609e-05
9.19859522e-05
9.46995675e-05
9.69022808e-05
9.86919976e-05
0.000100157408
0.000101377584
0.00010242239
0.000103358478
0.000104261308
0.000105187362
0.000105987557
-0.000594147486
-0.000453435942
-0.000361224648
-0.000286858061
-0.000223988494
-0.000171079813
-0.000126662412
-8.91947262e-05
-5.74011661e-05
-3.02975372e-05
-7.12069875e-06
1.27312483e-05
2.97376203e-05
4.42861522e-05
5.66973593e-05
6.72424108e-05
7.61560513e-05
8.36454785e-05
8.98964672e-05
9.50773907e-05
9.93418733e-05
0.000102830231
0.000105670497
0.000107979297
0.000109862454
0.00011141527
0.000112722343
0.000113858221
0.000114894578
0.000115914395
0.00011697916
0.00011790888
-0.000616490642
-0.000474437483
-0.000379940282
-0.000302669244
-0.000236575065
-0.000180405719
-0.000132889299
-9.25996285e-05
-5.83166312e-05
-2.90715372e-05
-4.08803337e-06
1.72636136e-05
3.54979725e-05
5.10403704e-05
6.42477873e-05
7.5425017e-05
8.48366584e-05
9.27158234e-05
9.92703287e-05
0.00010468703
0.000109134832
0.000112766732
0.000115721309
0.000118123873
0.00012008739
0.000121713054
0.000123090284
0.000124297611
0.000125410755
0.000126518418
0.000127685858
0.000128710695
-0.000633726698
-0.000490848616
-0.000394799473
-0.000315366697
-0.000246804277
-0.00018807354
-0.000138060465
-9.54450616e-05
-5.90692548e-05
-2.79913068e-05
-1.43708478e-06
2.12363457e-05
4.05660253e-05
5.70042213e-05
7.09358641e-05
8.26927147e-05
9.25640884e-05
0.000100805071
0.000107642476
0.000113279316
0.000117897993
0.000121662715
0.000124721274
0.000127206528
0.000129237571
0.000130920578
0.000132348966
0.000133604502
0.000134765915
0.000135925636
0.000137151438
0.000138229179
-0.000646482799
-0.000503164048
-0.000406150246
-0.000325165841
-0.000254771387
-0.000194090942
-0.000142131455
-9.76638895e-05
-5.959031e-05
-2.6999961e-05
8.70256991e-07
2.46666009e-05
4.4938856e-05
6.2157191e-05
7.67266927e-05
8.89994789e-05
9.92841844e-05
0.000107853444
0.000114949522
0.000120788708
0.000125564594
0.000129450683
0.000132602387
0.000135158744
0.000137243818
0.000138967745
0.000140427087
0.000141706092
0.00014288551
0.000144059545
0.000145297326
0.000146384031
-0.000655395198
-0.000511913505
-0.000414398358
-0.000332349817
-0.000260647606
-0.000198537425
-0.000145114886
-9.92255946e-05
-5.98244073e-05
-2.60319515e-05
2.89992411e-06
2.7614851e-05
4.86683945e-05
6.65415788e-05
8.16530753e-05
9.43694621e-05
0.000105013616
0.000113871376
0.000121196848
0.000127216573
0.000132132855
0.000136126411
0.000139358563
0.000141973081
0.000144097789
0.000145845762
0.000147315864
0.000148594131
0.000149762445
0.000150915041
0.000152121425
0.000153176319
-0.000661079176
-0.000517623322
-0.000419969578
-0.000337236757
-0.000264648159
-0.000201539078
-0.000147064952
-0.000100129726
-5.97328455e-05
-2.50238854e-05
4.72964137e-06
3.01655672e-05
5.18406085e-05
7.0241497e-05
8.5795283e-05
9.88781266e-05
0.000109822704
0.00011892417
0.0001264451
0.000132619435
0.000137655772
0.000141740038
0.000145037778
0.000147696105
0.000149845439
0.000151600834
0.000153062692
0.000154318226
0.000155449707
0.000156549991
0.000157688192
0.000158677046
-0.000664111554
-0.000520794627
-0.000423285242
-0.000340155566
-0.000267011257
-0.000203250972
-0.000148065293
-0.000100401448
-5.92957026e-05
-2.39223507e-05
6.4364105e-06
3.24113383e-05
5.4557482e-05
7.33637582e-05
8.92616971e-05
0.000102633235
0.000113817194
0.000123114789
0.000130794132
0.000137094064
0.00014222731
0.000146383204
0.000149729988
0.000152416874
0.000154575837
0.000156323079
0.000157759876
0.000158974114
0.000160047876
0.000161071603
0.000162113462
0.000163010458
-0.00066502132
-0.000521896057
-0.000424752375
-0.000341432415
-0.000267982996
-0.000203844552
-0.000148220078
-0.000100087482
-5.85122122e-05
-2.26888811e-05
8.08758499e-06
3.44407546e-05
5.69225937e-05
7.60218985e-05
9.21719826e-05
0.000105757686
0.000117121194
0.000126567151
0.000134366852
0.000140761948
0.0001459675
0.000150174719
0.00015355327
0.000156253405
0.000158407798
0.00016013311
0.000161530963
0.000162689519
0.00016369026
0.000164620535
0.000165547219
0.0001663355
-0.000664283757
-0.000521353079
-0.000424746029
-0.000341375859
-0.000267805527
-0.000203497087
-0.000147646234
-9.92508823e-05
-5.73992049e-05
-2.13019082e-05
9.73564722e-06
3.63304647e-05
5.90309179e-05
7.83243272e-05
9.46440378e-05
0.000108375752
0.000119862996
0.000129411848
0.000137294995
0.000143755256
0.00014900863
0.000153246985
0.000156640415
0.000159339368
0.000161476562
0.000163168578
0.000164516995
0.000165609944
0.000166528058
0.000167355235
0.000168156887
0.000168828111
-0.000662312059
-0.00051954129
-0.000423607703
-0.000340272106
-0.000266708816
-0.00020238335
-0.000146465835
-9.79654257e-05
-5.598773e-05
-1.97558405e-05
1.14167576e-05
3.81415008e-05
6.09632062e-05
8.0367096e-05
9.67854871e-05
0.000110603617
0.000122164928
0.000131775536
0.000139708203
0.000146205732
0.000151484018
0.000155734697
0.000159127544
0.000161812605
0.000163922148
0.000165572308
0.000166864329
0.000167886118
0.000168717315
0.000169438297
0.00017011297
0.000170666195
-0.000659462858
-0.000516783191
-0.000421640162
-0.000338378308
-0.000264903557
-0.000200668324
-0.000144799409
-9.63097946e-05
-5.43185853e-05
-1.80581131e-05
1.31520406e-05
3.99189176e-05
6.27840766e-05
8.22305928e-05
9.86892047e-05
0.000112543913
0.000124137113
0.000133774048
0.000141726647
0.000148236915
0.000153519918
0.000157766466
0.000161145501
0.000163806268
0.000165880262
0.000167482932
0.000168715008
0.00016966404
0.000170408637
0.000171025787
0.000171577946
0.000172018133
-0.000656031289
-0.000513345566
-0.000419107191
-0.00033592185
-0.000262578135
-0.000198502923
-0.000142761066
-9.43629313e-05
-5.24381619e-05
-1.62259141e-05
1.4949969e-05
4.16931111e-05
6.45421621e-05
8.39785691e-05
0.000100431521
0.000114283137
0.000125874159
0.000135508426
0.000143456519
0.000149959151
0.000155230129
0.000159459073
0.000162813792
0.000165442489
0.000167475707
0.000169028077
0.000170199714
0.000171077744
0.000171739765
0.000172259647
0.000172698524
0.00017303494
-0.000652249582
-0.000509468872
-0.00041622298
-0.000333097509
-0.000259899948
-0.000196023217
-0.000140455785
-9.22005231e-05
-5.03948829e-05
-1.42825828e-05
1.6810145e-05
4.34836414e-05
6.62714256e-05
8.56572795e-05
0.000102071424
0.000115890931
0.00012745409
0.000137063373
0.000144987969
0.000151467089
0.000156713089
0.000160914214
0.000164237014
0.00016682854
0.000168818316
0.000170320099
0.000171433359
0.00017224476
0.000172830963
0.000173263072
0.000173601073
0.000173845767
-0.000648310133
-0.000505543994
-0.000413023849
-0.000330016243
-0.000257005093
-0.000193345412
-0.000137974338
-8.98900008e-05
-4.82340857e-05
-1.22518778e-05
1.87303042e-05
4.53082943e-05
6.79951238e-05
8.7293009e-05
0.000103649298
0.000117419171
0.000128937426
0.000138506308
0.000146394057
0.000152838456
0.000158050429
0.000162216853
0.000165503022
0.000168054837
0.000170000816
0.00017145386
0.000172512796
0.000173263833
0.000173782786
0.000174138386
0.000174389649
0.000174556149
-0.000644358927
-0.000501785804
-0.000409594876
-0.000326788182
-0.00025400373
-0.000190564925
-0.000135395016
-8.74934588e-05
-4.60036149e-05
-1.01712047e-05
2.06753261e-05
4.71290981e-05
6.97227398e-05
8.8947724e-05
0.000105226317
0.00011892383
0.00013038021
0.000139895742
0.00014773623
0.000154137621
0.000159309273
0.000163436646
0.00016668374
0.000169195322
0.000171098931
0.000172506632
0.000173516629
0.000174214698
0.000174675913
0.000174967013
0.00017514615
0.000175248441
-0.000640496024
-0.00049812005
-0.000406182211
-0.00032353504
-0.000250976873
-0.000187753721
-0.000132779414
-8.50587243e-05
-4.37369796e-05
-8.06443016e-06
2.26384297e-05
4.89663426e-05
7.14752615e-05
9.06227103e-05
0.000106806524
0.000120422894
0.000131811121
0.000141267725
0.000149056147
0.000155410739
0.000160539428
0.000164626371
0.000167834413
0.000170307278
0.000172171469
0.000173538436
0.000174505831
0.000175158926
0.000175572206
0.000175810828
0.000175931988
0.000175983102
-0.000636798447
-0.000494584206
-0.000402826256
-0.000320370575
-0.000247993921
-0.000184958842
-0.000130166057
-8.26127323e-05
-4.14410928e-05
-5.94879958e-06
2.46304792e-05
5.08470946e-05
7.32421148e-05
9.22819648e-05
0.000108380954
0.000121924586
0.000133247878
0.000142646499
0.000150383198
0.000156691316
0.000161777698
0.000165825504
0.000168996821
0.00017143445
0.000173261709
0.000174592307
0.000175524364
0.000176140824
0.000176515797
0.000176713515
0.000176790231
0.000176801222
-0.000633314953
-0.000491225879
-0.000399594782
-0.000317331723
-0.000245110217
-0.000182229975
-0.000127596529
-8.02017821e-05
-3.91857106e-05
-3.79656152e-06
2.6645979e-05
5.2750096e-05
7.50344207e-05
9.3966261e-05
0.000109982865
0.00012345538
0.000134714897
0.000144056659
0.000151742861
0.000158005919
0.00016305172
0.000167062474
0.000170199258
0.000172604191
0.000174402383
0.000175704097
0.000176606055
0.000177192826
0.000177538024
0.000177704851
0.000177749267
0.000177732546
-0.000630067561
-0.000488069299
-0.000396542224
-0.000314419001
-0.000242330056
-0.000179585712
-0.00012509081
-7.78325961e-05
-3.69474494e-05
-1.67663773e-06
2.86571309e-05
5.46621179e-05
7.6837948e-05
9.56697407e-05
0.000111612333
0.000125020124
0.000136220854
0.000145509926
0.000153149296
0.000159370708
0.0001643793
0.000168356576
0.000171462931
0.000173839907
0.000175612222
0.00017688956
0.000177768249
0.00017833268
0.000178656121
0.000178801131
0.000178823395
0.000178788037
-0.000627059249
-0.000485121565
-0.000393674444
-0.000311654386
-0.000239673769
-0.000177043386
-0.000122664985
-7.55220403e-05
-3.47482577e-05
4.18041564e-07
3.06596308e-05
5.65755362e-05
7.86539053e-05
9.73997877e-05
0.000113276957
0.000126626387
0.000137773834
0.000147015084
0.000154611975
0.000160795758
0.000165771006
0.000169718683
0.000172798676
0.00017515206
0.000176903125
0.000178161203
0.00017902232
0.000179570617
0.000179879106
0.000180009955
0.000180018638
0.000179972304
-0.000624280117
-0.000482378178
-0.000390987715
-0.000309042848
-0.000237147215
-0.000174608572
-0.000120325278
-7.32778942e-05
-3.25981373e-05
2.47707099e-06
3.26338924e-05
5.84781355e-05
8.04896075e-05
9.91679275e-05
0.000114984026
0.000128278871
0.000139377816
0.000148576083
0.000156135023
0.000162285429
0.000167231419
0.000171153511
0.000174211178
0.000176545116
0.000178279278
0.000179522698
0.000180371155
0.000180908581
0.000181207801
0.000181330769
0.000181332813
0.000181281657
-0.000621711151
-0.000479825426
-0.000388471604
-0.00030657855
-0.00023474673
-0.000172279156
-0.000118070945
-7.11005139e-05
-3.04981777e-05
4.49920195e-06
3.45785363e-05
6.03559043e-05
8.23337299e-05
0.000100977638
0.000116735865
0.000129977773
0.000141032215
0.000150192231
0.000157717828
0.000163839211
0.000168760094
0.000172660602
0.000175699856
0.000178018236
0.000179739424
0.000180972214
0.000181812181
0.000182343082
0.000182637607
0.000182757634
0.000182758403
0.00018270713
-0.000619327623
-0.000477443293
-0.000386109897
-0.000304248937
-0.000232462218
-0.000170046663
-0.000115894256
-6.89814827e-05
-2.84365771e-05
6.50532517e-06
3.6527583e-05
6.22295147e-05
8.41648015e-05
0.000102791584
0.000118507674
0.000131707816
0.000142726375
0.000151855348
0.000159353762
0.00016545147
0.000170351965
0.00017423515
0.000177259917
0.000179566441
0.000181278212
0.00018250386
0.000183338804
0.000183866662
0.000184160041
0.000184280845
0.000184284269
0.000184236272
-0.000617102428
-0.000475208742
-0.000383883371
-0.00030203831
-0.000230281095
-0.000167901367
-0.000113788036
-6.69159761e-05
-2.64110801e-05
8.4939356e-06
3.84769209e-05
6.41164057e-05
8.59990864e-05
0.000104600928
0.000120289594
0.000133461563
0.000144453912
0.000153559296
0.000161036744
0.000167116097
0.000172000809
0.000175870718
0.00017888462
0.000181182588
0.000182888005
0.000184109395
0.000184942075
0.000185469561
0.00018576441
0.000185888629
0.000185897398
0.000185854941
-0.000615008369
-0.000473097996
-0.00038177189
-0.000299929808
-0.000228190015
-0.000165833549
-0.000111746453
-6.49028495e-05
-2.44275395e-05
1.04475683e-05
4.03992135e-05
6.60084493e-05
8.78592993e-05
0.00010642904
0.000122091919
0.000135241979
0.000146214251
0.000155301319
0.000162762481
0.000168827676
0.000173700361
0.000177560343
0.000180566378
0.000182858487
0.000184559999
0.000185779372
0.000186611853
0.000187140883
0.000187439002
0.000187568358
0.00018758414
0.000187548573
-0.000613019104
-0.000471087539
-0.000379755174
-0.000297905761
-0.000226174302
-0.00016383137
-0.000109760213
-6.29349988e-05
-2.24803401e-05
1.23718145e-05
4.23003461e-05
6.79008833e-05
8.97391817e-05
0.000108273993
0.000123907958
0.000137042339
0.000148001064
0.00015707503
0.00016452425
0.000170579066
0.000175443033
0.000179295976
0.000182296668
0.000184585126
0.000186284663
0.000187503711
0.000188337474
0.000188869341
0.000189171854
0.000189307335
0.000189330988
0.000189302939
-0.000611109881
-0.000469154906
-0.000377813622
-0.000295948562
-0.000224219062
-0.000161882475
-0.000107819257
-6.10043529e-05
-2.05626855e-05
1.42737082e-05
4.41865642e-05
6.9785417e-05
9.162069e-05
0.000110130034
0.000125740214
0.000138863065
0.000149811909
0.000158876248
0.000166316718
0.00017236402
0.000177221802
0.00018106993
0.000184067206
0.000186353668
0.000188052633
0.000189272525
0.000190108523
0.000190643982
0.00019095146
0.00019109346
0.000191125205
0.000191104745
-0.000609258355
-0.000467279533
-0.000375929189
-0.000294041501
-0.000222309963
-0.000159974725
-0.000105913254
-5.91020367e-05
-1.86662982e-05
1.61624332e-05
4.60669758e-05
7.16590514e-05
9.34863905e-05
0.000111986938
0.000127588953
0.000140702763
0.000151643158
0.000160700064
0.000168134137
0.000174176094
0.000179029614
0.000182874606
0.000185869902
0.000188155563
0.000189854918
0.000191076394
0.000191915154
0.000192454531
0.000192767108
0.000192915564
0.000192955134
0.000192941903
-0.00060744532
-0.000465443548
-0.000374086304
-0.000292169704
-0.000220434468
-0.000158097703
-0.000104033691
-5.72214698e-05
-1.67867769e-05
1.80394511e-05
4.79405826e-05
7.35282978e-05
9.53489068e-05
0.000113845405
0.000129445089
0.000142553295
0.000153488006
0.000162540005
0.000169969933
0.000176008483
0.000180859389
0.000184702619
0.000187697055
0.000189982791
0.000191683178
0.000192906655
0.000193748382
0.000194291677
0.000194609156
0.000194763662
0.000194810428
0.000194803738
-0.000605654866
-0.000463631961
-0.000372272072
-0.000290320195
-0.000218581942
-0.00015624254
-0.000102173247
-5.53569021e-05
-1.49200219e-05
1.99070317e-05
4.9808084e-05
7.53943631e-05
9.72102516e-05
0.000115704767
0.000131304909
0.000144410352
0.000155341917
0.000164391157
0.000171818761
0.000177855444
0.00018270502
0.000186547529
0.000189541912
0.000191828303
0.000193530086
0.000194755716
0.000195600357
0.000196147323
0.000196469264
0.000196629167
0.000196682239
0.00019668117
-0.000603874229
-0.000461832595
-0.000370476203
-0.000288481632
-0.000216743706
-0.000154401825
-0.000100325737
-5.350348e-05
-1.30625259e-05
2.17673424e-05
5.16702751e-05
7.72570337e-05
9.90705549e-05
0.000117565073
0.000133167069
0.000146271504
0.000157201675
0.000166249698
0.0001736763
0.000179712241
0.000184561411
0.000188403927
0.000191398784
0.000193686163
0.000195389477
0.000196617202
0.00019746451
0.000198014718
0.000198340509
0.000198504991
0.000198563315
0.000198566787
-0.000602093697
-0.000460036325
-0.000368690637
-0.000286644363
-0.000214913253
-0.00015256947
-9.84859905e-05
-5.16571475e-05
-1.12112524e-05
2.36224739e-05
5.35283923e-05
7.91168444e-05
0.000100929777
0.000119425599
0.000135030162
0.000148134748
0.000159064726
0.000168112601
0.000175539125
0.000181575102
0.000186424492
0.000190267479
0.00019326311
0.000195551605
0.000197256408
0.000198486014
0.000199335606
0.000199888504
0.000200217425
0.00020038557
0.000200447998
0.000200454847
-0.000600306384
-0.000458237286
-0.000366905329
-0.000284804705
-0.000213086483
-0.000150740525
-9.66499943e-05
-4.98148354e-05
-9.36389007e-06
2.54740501e-05
5.53834553e-05
8.09742979e-05
0.000102787859
0.000121285664
0.000136893051
0.000149998583
0.000160929182
0.000169977622
0.000177404679
0.000183441197
0.000188291196
0.000192134914
0.000195131442
0.000197421032
0.000199127153
0.00020035832
0.000201209723
0.000201764691
0.000202095967
0.000202266798
0.000202332114
0.000202341267
-0.000598507402
-0.000456431056
-0.000365097558
-0.000282978459
-0.000211261492
-0.000148911609
-9.48151893e-05
-4.79745174e-05
-7.51885773e-06
2.73232072e-05
5.72361844e-05
8.28297634e-05
0.000104644742
0.000123144773
0.000138754963
0.000151862006
0.000162793776
0.000171843243
0.000179271224
0.000185308593
0.000190159419
0.000194003981
0.000197001403
0.000199291964
0.000200999152
0.000202231494
0.000203084191
0.000203640585
0.000203973429
0.000204145906
0.000204212678
0.000204223949
-0.000596695807
-0.000454616314
-0.000363279721
-0.000281153154
-0.000209434107
-0.000147080444
-9.29795568e-05
-4.61345051e-05
-5.67483936e-06
2.91708996e-05
5.90872084e-05
8.46835984e-05
0.000106500466
0.000125002755
0.000140615627
0.000153724598
0.000164657913
0.000173708705
0.000181137845
0.000187176241
0.000192027996
0.000195873416
0.000198871651
0.000201162995
0.000202870951
0.000204104055
0.000204957514
0.000205514676
0.000205848302
0.000206021534
0.000206088854
0.000206101073
-0.000594871947
-0.000452792597
-0.000361454352
-0.000279327619
-0.000207603832
-0.000145246601
-9.11424551e-05
-4.42941483e-05
-3.83125844e-06
3.10175712e-05
6.09367833e-05
8.65357494e-05
0.000108354762
0.000126859712
0.000142475484
0.000155586621
0.000166521655
0.000175573938
0.000183004376
0.000189043893
0.000193896609
0.000197742851
0.000200741776
0.000203033693
0.000204742107
0.00020597556
0.000206829263
0.000207386564
0.000207720222
0.000207893396
0.000207960659
0.000207972548
-0.000593037643
-0.000450961726
-0.000359621028
-0.000277502966
-0.000205771598
-0.000143410881
-8.93045996e-05
-4.24539986e-05
-1.98853267e-06
3.28628824e-05
6.27845058e-05
8.83852887e-05
0.000110205864
0.000128715555
0.000144336391
0.000157449475
0.000168385889
0.000177439589
0.000184871358
0.00019091203
0.000195765708
0.000199612717
0.000202612213
0.0002049045
0.000206613085
0.000207846508
0.000208699981
0.000209256845
0.000209589854
0.000209762224
0.000209828769
0.000209839251
-0.000591195821
-0.000449126552
-0.000357772507
-0.000275688533
-0.00020394087
-0.000141575432
-8.7467775e-05
-4.0615347e-05
-1.47418857e-07
3.47067083e-05
6.46311084e-05
9.02337456e-05
0.000112053573
0.000130568699
0.000146197844
0.000159313319
0.000170251039
0.000179306248
0.000186739523
0.000192781505
0.000197636244
0.000201484051
0.00020448407
0.000206776596
0.000208485131
0.000209718211
0.000210571049
0.000211126985
0.000211458759
0.000211629607
0.000211694519
0.000211703179
-0.00058935177
-0.000447291652
-0.000355922254
-0.000273877219
-0.000202114461
-0.000139743198
-8.5634132e-05
-3.87797128e-05
1.69120238e-06
3.65489518e-05
6.64775818e-05
9.20837094e-05
0.000113901307
0.00013241903
0.000148056949
0.000161176658
0.000172116888
0.000181174391
0.000188609766
0.000194653511
0.000199509637
0.000203358447
0.000206359082
0.000208651832
0.000210360198
0.000211592718
0.000212444612
0.000212999223
0.000213329278
0.000213497962
0.000213560364
0.000213566974
-0.000587512011
-0.000445462395
-0.000354082014
-0.000272068192
-0.000200295333
-0.000137917977
-8.38067072e-05
-3.69495108e-05
3.52532591e-06
3.83877657e-05
6.832173e-05
9.3932599e-05
0.000115750146
0.000134270384
0.000149916085
0.000163041241
0.00017398521
0.000183045915
0.000190484096
0.000196530175
0.000201388129
0.00020523826
0.00020823971
0.000210532772
0.00021224095
0.000213472792
0.000214323527
0.000214876514
0.000215204465
0.000215370502
0.00021542979
0.000215433752
-0.000585683994
-0.000443645379
-0.000352258013
-0.000270267976
-0.000198487838
-0.000136104032
-8.1989105e-05
-3.51276362e-05
5.3526235e-06
4.02211897e-05
7.01616378e-05
9.57783098e-05
0.000117599011
0.000136124686
0.000151778728
0.000164909938
0.000175858525
0.000184923303
0.000192365068
0.000198414151
0.00020327449
0.000207126379
0.000210128964
0.000212422542
0.000214130628
0.000215361784
0.000216211261
0.000216762436
0.000217088015
0.000217251052
0.000217306771
0.000217307595
-0.000583876128
-0.000441848434
-0.000350456577
-0.000268484079
-0.000196697316
-0.000134305986
-8.01851954e-05
-3.33170911e-05
7.1709612e-06
4.20480044e-05
7.19971903e-05
9.76218593e-05
0.000119448215
0.000137981585
0.000153645471
0.000166784062
0.000177738622
0.000186808727
0.000194255176
0.000200308204
0.000205171713
0.000209025998
0.000212030212
0.000214324671
0.000216032909
0.000217263514
0.000218111765
0.000218661075
0.000218984152
0.000219143978
0.000219195826
0.000219193168
-0.000582097587
-0.000440080135
-0.000348684825
-0.000266724126
-0.000194929739
-0.000132528843
-7.83991359e-05
-3.15211367e-05
8.97795858e-06
4.38666906e-05
7.38277283e-05
9.94634271e-05
0.000121298481
0.000139841983
0.000155517404
0.000168665125
0.000179627484
0.000188704573
0.000196157145
0.00020221535
0.000207083071
0.000210940613
0.000213947154
0.000216243039
0.000217951841
0.000219182186
0.000220029402
0.000220576945
0.000220897538
0.000221054103
0.000221101951
0.000221095629
-0.000580358157
-0.000438349573
-0.000346950489
-0.000264995854
-0.000193191462
-0.000130777886
-7.66352801e-05
-2.97431946e-05
1.0771114e-05
4.56756236e-05
7.56524803e-05
0.00010130314
0.000123150845
0.000141707087
0.000157395555
0.000170554507
0.000181527073
0.000190613291
0.000198073815
0.000204138761
0.000209012019
0.000212873927
0.000215883709
0.000218181765
0.000219891726
0.000221122282
0.000221968823
0.000222514869
0.000222833176
0.000222986612
0.000223030527
0.000223020544
-0.00057866808
-0.000436666185
-0.000345261724
-0.000263307085
-0.000191489055
-0.000129058591
-7.48981235e-05
-2.79867864e-05
1.25478924e-05
4.74732732e-05
7.74710762e-05
0.000103142225
0.000125008258
0.000143578157
0.000159279052
0.000172452312
0.000183438762
0.000192537084
0.000200007936
0.000206081599
0.000210962054
0.000214829716
0.000217843894
0.00022014508
0.000221856996
0.000223088423
0.000223934841
0.000224479855
0.000224796271
0.000224946924
0.000224987213
0.000224973783
-0.00057703774
-0.000435039451
-0.000343626792
-0.000261665503
-0.000189829068
-0.000127376465
-7.31922508e-05
-2.62556162e-05
1.430543e-05
4.92575637e-05
7.92821749e-05
0.000104980239
0.000126871777
0.000145456978
0.000161169456
0.000174360482
0.000185365016
0.000194478848
0.000201962727
0.000208047335
0.000212936866
0.000216811867
0.000219831782
0.000222137236
0.000223852084
0.00022508523
0.000225932273
0.000226476926
0.000226792071
0.000226940536
0.000226977779
0.00022696137
-0.000575477232
-0.000433478472
-0.00034205363
-0.0002600783
-0.000188217658
-0.000125736739
-7.15221251e-05
-2.45535251e-05
1.60402937e-05
5.10250638e-05
8.10814411e-05
0.000106811076
0.000128737248
0.000147349024
0.000163075967
0.000176284416
0.000187309989
0.000196442508
0.000203942034
0.000210039779
0.000214940278
0.000218824264
0.000221851349
0.000224162332
0.000225881235
0.000227117118
0.000227965725
0.000228510905
0.000228825637
0.000228972785
0.000229007878
0.000228989243
-0.000573995899
-0.000431991529
-0.000340549409
-0.000258551732
-0.000186660091
-0.000124143773
-6.98912944e-05
-2.2883341e-05
1.77502695e-05
5.2774055e-05
8.28674562e-05
0.000108633121
0.000130602415
0.000149253857
0.000165000915
0.000178227128
0.000189276907
0.00019843117
0.000205948929
0.000212062039
0.000216975462
0.000220870165
0.000223905965
0.000226223872
0.000227948109
0.000229187929
0.000230039249
0.000230586075
0.000230901518
0.000231048517
0.000231082698
0.000231062905
-0.000572601883
-0.000430585643
-0.000339120157
-0.000257090738
-0.000185160385
-0.00012260073
-6.83020736e-05
-2.12465484e-05
1.94347344e-05
5.45050569e-05
8.46426116e-05
0.000110449964
0.000132463127
0.000151160009
0.000166941372
0.000180194045
0.000191270546
0.000200448224
0.00020798621
0.000214116715
0.000219044948
0.000222952097
0.000225998209
0.000228324534
0.000230055527
0.000231300659
0.000232156048
0.000232705883
0.000233023432
0.000233171766
0.000233206631
0.000233187067
-0.000571301636
-0.000429266077
-0.000337770351
-0.000255698483
-0.000183720974
-0.000121109392
-6.67555683e-05
-1.96435879e-05
2.10938963e-05
5.62190195e-05
8.64089134e-05
0.000112264969
0.000134322628
0.000153066345
0.000168894317
0.000182184304
0.000193290551
0.000202493687
0.000210054208
0.000216204387
0.000221149521
0.000225071023
0.00022812922
0.000230465638
0.000232205003
0.000233457036
0.000234318089
0.000234872558
0.000235193901
0.000235345384
0.0002353829
0.000235365284
-0.00057009935
-0.000428035688
-0.000336502518
-0.000254375791
-0.000182342295
-0.000119669901
-6.52515195e-05
-1.8073833e-05
2.27286643e-05
5.79169464e-05
8.81672626e-05
0.000114079945
0.00013618884
0.000154980551
0.000170857374
0.000184191334
0.000195332229
0.000204564714
0.000212151039
0.000218323707
0.000223288195
0.000227226239
0.000230298527
0.000232646931
0.000234396499
0.000235657256
0.00023652582
0.000237086827
0.000237413963
0.00023757076
0.00023761328
0.000237599672
-0.000568996306
-0.000426894166
-0.000335317448
-0.000253120191
-0.000181022275
-0.000118280627
-6.37881745e-05
-1.6535369e-05
2.43409168e-05
5.9600303e-05
8.99182941e-05
0.000115894392
0.000138060881
0.000156903984
0.000172832949
0.000186215466
0.000197394576
0.000206659905
0.000214275109
0.000220472924
0.000225459121
0.00022941586
0.00023250426
0.000234866601
0.000236628316
0.000237899788
0.00023877792
0.000239347617
0.000239682847
0.000239847485
0.000239897781
0.000239890598
-0.000567990139
-0.000425837659
-0.000334216365
-0.000251921442
-0.000179753468
-0.000116936799
-6.23608956e-05
-1.5023883e-05
2.59324205e-05
6.12711928e-05
9.16637249e-05
0.000117708976
0.000139938223
0.000158836472
0.000174821696
0.000188256427
0.000199475842
0.000208776703
0.000216423371
0.000222648629
0.000227658621
0.000231636019
0.000234742465
0.000237120755
0.00023889674
0.000240180968
0.000241070975
0.000241651877
0.000241997848
0.000242173224
0.000242234453
0.000242236445
-0.000567073966
-0.000424859611
-0.00033319712
-0.000250756589
-0.000178519137
-0.00011562501
-6.09568092e-05
-1.35301295e-05
2.74940932e-05
6.2925787e-05
9.34016875e-05
0.000119522986
0.00014182101
0.000160776147
0.000176819547
0.000190310237
0.000201571999
0.000210910748
0.000218591043
0.000224845679
0.000229881287
0.000233881151
0.000237007559
0.000239404135
0.000241197156
0.000242493296
0.000243396994
0.000243992454
0.000244352412
0.00024454188
0.000244617514
0.000244631608
-0.000566233694
-0.000423947006
-0.000332188799
-0.000249682038
-0.000177346833
-0.00011434755
-5.95812071e-05
-1.20563482e-05
2.90816868e-05
6.45938455e-05
9.51500791e-05
0.000121348992
0.000143719513
0.000162726848
0.000178821898
0.000192370882
0.000203678094
0.000213056212
0.000220771128
0.000227056113
0.000232118347
0.000236141764
0.000239289215
0.000241704602
0.000243514777
0.000244831189
0.000245752147
0.000246363407
0.000246739795
0.000246946695
0.000247041322
0.000247073009
-0.000565448602
-0.00042307804
-0.000331186418
-0.000248646169
-0.000176187626
-0.000113071175
-5.82021712e-05
-1.05790423e-05
3.06559109e-05
6.62573344e-05
9.68974226e-05
0.000123175648
0.000145622361
0.000164684647
0.000180829734
0.000194435879
0.000205788606
0.000215205611
0.000222954752
0.000229270001
0.000234359119
0.000238406698
0.000241576224
0.000244012161
0.000245841929
0.000247177684
0.000248117842
0.000248748548
0.000249145071
0.000249373488
0.000249491799
0.000249545283
-0.000564692419
-0.000422224446
-0.00033020492
-0.000247588961
-0.000175013818
-0.000111783908
-5.68106673e-05
-9.08856669e-06
3.22404106e-05
6.79291861e-05
9.86475696e-05
0.00012499624
0.000147523163
0.000166664952
0.000182858787
0.000196502163
0.000207895738
0.000217349176
0.000225130329
0.000231474102
0.000236589002
0.000240660253
0.000243851968
0.000246309214
0.00024815996
0.000249516835
0.000250478671
0.000251131914
0.000251552218
0.00025180656
0.000251953492
0.000252032163
-0.000563926894
-0.000421347582
-0.000329200725
-0.000246487221
-0.000173798251
-0.000110458366
-5.53825446e-05
-7.56373639e-06
3.38563573e-05
6.96304006e-05
0.000100427807
0.000126846273
0.000149432065
0.000168631132
0.00018486661
0.000198541586
0.000209975455
0.000219465158
0.000227277162
0.000233647956
0.000238787332
0.00024288139
0.000246094977
0.000248573831
0.000250446511
0.000251826151
0.000252811977
0.00025349073
0.000253938493
0.000254223266
0.000254404083
0.000254512635
-0.00056310145
-0.000420402376
-0.000328123662
-0.000245305295
-0.000172506172
-0.000109062212
-5.38907687e-05
-5.98369862e-06
3.55180442e-05
7.13681031e-05
0.000102237343
0.000128718166
0.000151331392
0.000170563641
0.000186850026
0.00020055921
0.000212024869
0.000221542782
0.000229379493
0.000235772487
0.000240932571
0.000245046686
0.000248280401
0.000250780089
0.000252674868
0.000254078337
0.000255090081
0.000255797097
0.000256275889
0.000256595561
0.00025681562
0.000256959228
-0.000562152092
-0.000419360793
-0.000326902962
-0.00024399266
-0.000171096728
-0.000107559044
-5.23049219e-05
-4.32577605e-06
3.72389104e-05
7.31432378e-05
0.000104058221
0.000130577829
0.000153222649
0.000172498111
0.000188825666
0.000202554107
0.000214033686
0.000223565647
0.000231416418
0.000237823403
0.000242997857
0.000247127304
0.000250377865
0.000252896418
0.000254812533
0.000256240187
0.000257279243
0.000258016883
0.000258530001
0.000258888881
0.000259153488
0.000259337251
-0.000561015142
-0.000418291285
-0.00032536831
-0.000242461369
-0.000169515318
-0.000105902337
-5.05846269e-05
-2.55615078e-06
3.90474025e-05
7.498179e-05
0.000105918627
0.000132455542
0.00015512607
0.000174417587
0.000190746233
0.000204479523
0.000215962835
0.000225498288
0.000233353199
0.000239765619
0.000244947388
0.000249086583
0.000252349832
0.000254884455
0.000256820397
0.000258271939
0.000259339136
0.000260109275
0.000260659596
0.000261061625
0.000261375768
0.000261604489
-0.000559602649
-0.000416989451
-0.000323543335
-0.000240665585
-0.00016770136
-0.000104039664
-4.86869444e-05
-6.40474082e-07
4.09696917e-05
7.69027693e-05
0.000107832668
0.000134359893
0.000157019971
0.000176291299
0.000192597535
0.000206316398
0.00021778692
0.000227310824
0.000235156565
0.000241563071
0.000246742763
0.000250884178
0.000254154334
0.000256700867
0.000258653974
0.000260128114
0.000261223419
0.000262027167
0.000262616869
0.000263065328
0.000263433359
0.000263711287
-0.000557822708
-0.000415296482
-0.000321381786
-0.000238542524
-0.000165585586
-0.00010191151
-4.65642748e-05
1.45770231e-06
4.30312823e-05
7.8920352e-05
0.000109801931
0.000136279084
0.000158889057
0.000178110485
0.000194369546
0.000208046112
0.000219479094
0.000228970568
0.000236789558
0.000243175435
0.000248340929
0.000252474802
0.000255744227
0.000258296946
0.000260263209
0.000261757474
0.000262879783
0.000263717254
0.000264347565
0.000264844776
0.00026527007
0.0002656006
-0.000555571204
-0.000413106985
-0.000318786261
-0.000236006069
-0.000163091828
-9.94535161e-05
-4.4164605e-05
3.77837175e-06
4.5260658e-05
8.10521155e-05
0.000111833913
0.000138212352
0.000160727152
0.000179858741
0.000196034878
0.000209636615
0.0002210035
0.000230437993
0.000238209341
0.000244557016
0.000249693743
0.000253808203
0.00025706744
0.000259619021
0.000261592996
0.000263103588
0.000264250542
0.000265120632
0.000265791553
0.000266338561
0.000266823117
0.000267208441
-0.000552728407
-0.000410310129
-0.000315650611
-0.00023296121
-0.000160138533
-9.65974056e-05
-4.14330182e-05
6.36322905e-06
4.76867858e-05
8.33150608e-05
0.000113934658
0.000140156047
0.000162522093
0.000181515474
0.000197565518
0.000211054268
0.000222321753
0.000231670559
0.000239369812
0.000245658694
0.000250749529
0.000254830526
0.000258068217
0.000260609643
0.000262584331
0.000264105977
0.000265273771
0.000266173915
0.00026688394
0.000267480158
0.000268024171
0.000268464839
-0.00054916212
-0.000406783727
-0.000311860929
-0.000229306951
-0.000156639224
-9.32713611e-05
-3.83124184e-05
9.25493833e-06
5.03385696e-05
8.57252863e-05
0.000116108595
0.00014210417
0.00016425867
0.00018305735
0.000198931123
0.000212262824
0.000223392654
0.000232622918
0.000240222153
0.000246428746
0.000251454108
0.000255485476
0.000258688396
0.000261208945
0.000263175723
0.000264701548
0.000265884735
0.000266810659
0.000267556492
0.000268199397
0.00026880062
0.00026929389
-0.000544730018
-0.00040239667
-0.000307296264
-0.000224937161
-0.000152503653
-8.94012422e-05
-3.47446968e-05
1.24960899e-05
5.32439891e-05
8.82973373e-05
0.00011835817
0.000144048462
0.000165919299
0.00018445876
0.000200099276
0.000213224176
0.000224173382
0.000233248366
0.000240716458
0.000246814612
0.000251752685
0.000255716327
0.000258869523
0.000261356855
0.000263305524
0.000264827042
0.000266018488
0.000266964105
0.000267740505
0.000268425504
0.000269078946
0.000269615996
-0.000539281673
-0.000397011022
-0.000301830551
-0.000219742242
-0.000147639524
-8.49121892e-05
-3.06721468e-05
1.61280205e-05
5.64291907e-05
9.1043603e-05
0.000120683575
0.00014597851
0.000167484497
0.000185692582
0.000201036516
0.000213899672
0.000224621075
0.000233500639
0.00024080371
0.00024676501
0.000251592068
0.000255468203
0.000258555147
0.000260995358
0.000262914068
0.000264420997
0.00026561157
0.000266568446
0.000267366943
0.00026808509
0.000268785374
0.000269377088
-0.000532660908
-0.000390484226
-0.00029533496
-0.000213611281
-0.000141954522
-7.97304788e-05
-2.60390675e-05
2.0189516e-05
5.9917548e-05
9.39737728e-05
0.00012308263
0.00014788205
0.000168933607
0.0001867313
0.000201709817
0.000214251929
0.000224694946
0.000233336308
0.000240438418
0.000246232814
0.000250923769
0.000254691409
0.000257694416
0.000260072404
0.000261948004
0.000263428586
0.000264607457
0.000265565385
0.000266376178
0.000267117156
0.00026785017
0.000268479669
-0.000524708559
-0.000382671691
-0.000287680567
-0.00020643453
-0.000135358651
-7.3785627e-05
-2.07935635e-05
2.47153891e-05
6.37286738e-05
9.70943243e-05
0.000125550765
0.00014974546
0.000170245774
0.000187548426
0.000202088414
0.00021424702
0.000224358786
0.000232717544
0.000239581598
0.000245178172
0.000249707213
0.000253344656
0.00025624523
0.000258544895
0.000260362965
0.000261803834
0.000262958162
0.000263904438
0.000264714793
0.000265465534
0.00026621562
0.000266856975
-0.000515265585
-0.000373429703
-0.000278741363
-0.00019810625
-0.00012776687
-6.70127651e-05
-1.4889569e-05
2.9734887e-05
6.78773322e-05
0.000100407989
0.000128081064
0.000151554375
0.000171401114
0.000188120185
0.000202145964
0.000213857057
0.000223583914
0.000231615382
0.000238204307
0.000243572292
0.000247913739
0.000251399278
0.000254178678
0.000256383358
0.000258128537
0.000259514977
0.000260630145
0.00026154976
0.00026234365
0.000263086281
0.000263834788
0.000264477759
-0.000504176513
-0.000362618627
-0.000268397608
-0.000188527919
-0.000119102073
-5.93553026e-05
-8.28914896e-06
3.52698481e-05
7.23721477e-05
0.00010391308
0.000130664243
0.00015329431
0.000172381955
0.00018842733
0.000201862868
0.000213062959
0.000222352327
0.0002300132
0.000236291388
0.000241401397
0.000245530734
0.000248843504
0.000251483443
0.000253576493
0.000255232973
0.000256549295
0.00025760917
0.000258485101
0.0002592441
0.000259957937
0.000260681649
0.000261305743
-0.000491293082
-0.000350106244
-0.000256539467
-0.00017761179
-0.000109298352
-5.07678369e-05
-9.65101894e-07
4.13325107e-05
7.72139673e-05
0.000107602511
0.000133288376
0.000154951097
0.000173173955
0.000188456881
0.000201228567
0.000211857228
0.000220659888
0.000227910244
0.000233845283
0.000238670782
0.000242565885
0.000245686885
0.000248170378
0.00025013584
0.000251687818
0.000252917659
0.000253904765
0.000254718037
0.000255421174
0.000256082302
0.000256753858
0.000257334206
-0.000476477816
-0.000335770915
-0.000243070726
-0.000165284965
-9.83049582e-05
-4.12197258e-05
7.09569381e-06
4.79225798e-05
8.23935346e-05
0.0001114622
0.000135938081
0.000156510863
0.000173766812
0.000188203499
0.000200243481
0.000210246365
0.000218519116
0.000225324707
0.000230889305
0.000235408188
0.000239050586
0.000241963676
0.000244275772
0.000246098939
0.000247531167
0.000248658005
0.000249553869
0.000250283944
0.000250908134
0.000251489879
0.000252078486
0.000252586932
-0.000459606892
-0.000319504376
-0.00022791428
-0.000151497685
-8.6092932e-05
-3.0699378e-05
1.58870896e-05
5.50222495e-05
8.78875252e-05
0.000115468191
0.000138592675
0.00015795914
0.00017415426
0.000187670251
0.000198920452
0.000208252897
0.000215961751
0.000222296813
0.000227471291
0.000231668125
0.000235045106
0.000237739015
0.00023986895
0.000241538986
0.000242839534
0.000243847968
0.000244632871
0.000245257867
0.000245776999
0.00024624908
0.000246720246
0.000247125598
-0.000440569215
-0.000301212834
-0.000211024299
-0.000136245242
-7.26518299e-05
-1.91957093e-05
2.53847558e-05
6.25918707e-05
9.36542322e-05
0.00011958314
0.000141223473
0.000159279036
0.000174333066
0.000186868306
0.000197284969
0.000205915955
0.000213039484
0.000218889455
0.000223663794
0.000227531124
0.000230635985
0.000233102937
0.000235040401
0.000236544855
0.000237699476
0.000238557608
0.000239216091
0.000239732447
0.000240125365
0.000240458391
0.00024077594
0.00024104429
-0.000419248651
-0.000280799033
-0.000192374707
-0.000119563694
-5.79336913e-05
-6.63744275e-06
3.55471e-05
7.05681868e-05
9.96307674e-05
0.000123752909
0.000143790806
0.000160448979
0.000174301411
0.000185815861
0.00019537452
0.000203290918
0.0002098239
0.000215188547
0.000219565097
0.000223105938
0.000225940466
0.000228179103
0.000229916761
0.000231248379
0.000232299135
0.000233073688
0.000233547738
0.000233848864
0.000234077964
0.000234248861
0.000234380699
0.000234478145
-0.000395503836
-0.000258114225
-0.000171839402
-0.000101296572
-4.21233425e-05
6.54822798e-06
4.61256088e-05
7.87971103e-05
0.000105694143
0.000127878071
0.000146227787
0.000161433795
0.000174053673
0.000184535244
0.000193237668
0.000200450115
0.000206409692
0.00021130995
0.000215311239
0.000218548501
0.000221136851
0.000223176165
0.000224753719
0.000225930601
0.000226712653
0.000227241476
0.000227654271
0.000227894299
0.000227954943
0.000227910214
0.000227807852
0.000227700924
-0.000369313695
-0.000233137327
-0.000149570935
-8.15337573e-05
-2.55642878e-05
2.00943724e-05
5.70921395e-05
8.71121097e-05
0.000111700521
0.000131813942
0.000148443247
0.00016218541
0.000173578498
0.000183048052
0.000190925155
0.000197471247
0.000202895765
0.000207368241
0.000211027649
0.000213989552
0.000216351648
0.000218197528
0.00021959954
0.000220618798
0.00022130941
0.000221740704
0.000221939574
0.000221939784
0.000221796989
0.000221531759
0.000221171096
0.00022082541
-0.000340648991
-0.000205809262
-0.000125741654
-6.04224608e-05
-8.09014139e-06
3.38442581e-05
6.79727876e-05
9.53078689e-05
0.000117443134
0.00013551312
0.0001503714
0.000162657064
0.000172866704
0.000181382967
0.000188500241
0.000194447096
0.000199403221
0.000203511833
0.000206888832
0.000209629615
0.000211814208
0.000213510551
0.000214777731
0.000215667706
0.000216227702
0.000216502977
0.00021653627
0.000216360368
0.000216006649
0.000215490472
0.00021483528
0.000214218785
-0.000309512936
-0.000176409895
-0.000100545846
-3.87041924e-05
9.95126636e-06
4.81538961e-05
7.86922797e-05
0.000103073986
0.000122710017
0.000138698949
0.000151850746
0.000162765052
0.000171888651
0.000179555873
0.00018601848
0.000191468
0.000196052132
0.000199886619
0.000203063803
0.000205658806
0.000207734057
0.000209342738
0.000210530712
0.00021133854
0.000211803552
0.000211960568
0.000211843329
0.00021148403
0.000210908179
0.000210121262
0.000209142801
0.000208226501
-0.000275798849
-0.000145528329
-7.36996631e-05
-1.64994745e-05
2.77462732e-05
6.19533774e-05
8.87841845e-05
0.000110067751
0.000127188348
0.000141165443
0.000152734399
0.000162423641
0.000170614591
0.000177584634
0.000183537604
0.00018862534
0.000192962811
0.000196638666
0.000199722565
0.000202270329
0.000204327603
0.000205932521
0.000207117692
0.000207911964
0.000208340977
0.000208429214
0.000208201649
0.00020768442
0.000206896598
0.000205831858
0.000204504068
0.000203257171
-0.00023928577
-0.000113208378
-4.55478646e-05
5.78630651e-06
4.47201681e-05
7.44648924e-05
9.75079585e-05
0.000115737214
0.000130477467
0.000142639119
0.000152848871
0.000161540451
0.000169016515
0.000175490979
0.000181117635
0.000186009256
0.000190250274
0.000193905149
0.000197023879
0.000199645674
0.000201801516
0.000203516057
0.000204808998
0.000205696002
0.000206189516
0.000206300155
0.000206039344
0.000205421102
0.000204452342
0.00020310985
0.000201406869
0.000199787771
-0.000199685107
-7.91729885e-05
-1.72899819e-05
2.71751803e-05
6.01271315e-05
8.49734847e-05
0.000104202603
0.000119570232
0.000132223316
0.000142899181
0.000152078062
0.00016007797
0.000167113441
0.000173333149
0.00017884354
0.00018372333
0.000188032464
0.000191817557
0.000195115023
0.000197952788
0.000200351472
0.000202325643
0.000203884552
0.000205031279
0.000205762503
0.000206067748
0.000205930979
0.000205343153
0.000204286521
0.000202700528
0.000200574654
0.00019850082
-0.000156252917
-4.34454561e-05
1.01053512e-05
4.62735869e-05
7.25360363e-05
9.24175115e-05
0.000108134189
0.000121103606
0.000132173238
0.000141844923
0.000150424218
0.000158104157
0.000165011248
0.00017123474
0.00017684285
0.000181890139
0.000186421801
0.000190475975
0.000194084169
0.000197270181
0.000200049737
0.000202434492
0.000204434259
0.000206044828
0.000207254367
0.000208037656
0.00020832174
0.0002080406
0.000207128115
0.000205446158
0.000202878645
0.000200262143
-0.000107439351
-6.9594489e-06
3.45272131e-05
6.10018544e-05
8.03945796e-05
9.581152e-05
0.000108789396
0.000120163207
0.000130370447
0.000139644417
0.000148116889
0.000155869877
0.000162954576
0.000169415743
0.00017530137
0.000180658136
0.000185531533
0.000189966984
0.000194009019
0.000197694473
0.00020104422
0.000204089819
0.000206880621
0.000209401224
0.000211625202
0.000213569142
0.000215047589
0.00021578796
0.000215620738
0.000214323781
0.00021148396
0.00020843879
-4.24565167e-05
2.91306938e-05
5.17422364e-05
6.76973234e-05
8.12782782e-05
9.37782528e-05
0.000105534581
0.000116610093
0.000126994705
0.000136679127
0.000145665181
0.000153946449
0.000161524985
0.000168437151
0.000174737446
0.000180479988
0.000185721804
0.000190529378
0.000194984241
0.000199158246
0.000203038235
0.000206574316
0.000209880234
0.000213282758
0.000217066299
0.000220850122
0.000223678746
0.000225484082
0.000227043119
0.000228190252
0.000227837599
0.000225776925
6.46121212e-05
6.48627825e-05
6.23759167e-05
6.80880747e-05
7.77933251e-05
8.91343954e-05
0.000100943588
0.000112572408
0.000123663206
0.000134102359
0.000143880124
0.000152905046
0.000161080258
0.000168464171
0.000175161497
0.000181237554
0.000186754821
0.000191794674
0.000196499009
0.000201024552
0.00020540187
0.000209573561
0.000213608729
0.000217814947
0.000222896455
0.000229750866
0.000238626613
0.000250127335
0.000265206296
0.000285366581
0.000314261944
0.000349257771
)
;

boundaryField
{
    inner_wall
    {
        type            zeroGradient;
    }
    outer_wall
    {
        type            zeroGradient;
    }
    top
    {
        type            zeroGradient;
    }
    bottom
    {
        type            fixedValue;
        value           uniform 0;
    }
    front
    {
        type            wedge;
    }
    back
    {
        type            wedge;
    }
}


// ************************************************************************* //
