/*--------------------------------*- C++ -*----------------------------------*\
| =========                 |                                                 |
| \\      /  F ield         | OpenFOAM: The Open Source CFD Toolbox           |
|  \\    /   O peration     | Version:  2506                                  |
|   \\  /    A nd           | Website:  www.openfoam.com                      |
|    \\/     M anipulation  |                                                 |
\*---------------------------------------------------------------------------*/
FoamFile
{
    version     2.0;
    format      ascii;
    arch        "LSB;label=32;scalar=64";
    class       volScalarField;
    location    "297";
    object      C;
}
// * * * * * * * * * * * * * * * * * * * * * * * * * * * * * * * * * * * * * //

dimensions      [0 0 0 0 0 0 0];

internalField   nonuniform List<scalar> 
3072
(
2.19279923e-09
-3.19594033e-07
-1.41978466e-06
2.03897021e-05
6.17001168e-05
-8.41920076e-05
-0.00070276853
-0.00179320459
-0.00319453303
-0.00502969941
-0.00818275506
-0.0184235056
-0.0375097308
-0.0524384142
-0.0157895266
0.14353311
0.433827188
0.746603532
0.959136915
1.03533327
1.02864736
1.00650084
0.997232626
0.997951302
1.00159891
1.00581626
1.00767851
1.0017953
0.978915688
0.899662307
0.677536972
0.261205169
-1.57562375e-09
2.17651949e-07
1.13165605e-05
-1.65941854e-05
-0.000250390611
-0.000374076925
0.00075340633
0.00378656019
0.00755014288
0.00947987466
0.00659759155
-0.00351298034
-0.0257003459
-0.0514705487
-0.0240856916
0.140494386
0.444259689
0.764514521
0.971443761
1.03740141
1.02571684
1.00429055
0.996892686
0.998318541
1.0019983
1.00615012
1.00769537
1.00114964
0.977294886
0.896200564
0.672293986
0.257134837
9.42333366e-09
2.54489513e-06
-2.26115853e-06
-0.000160913758
-0.000193004178
0.0016638502
0.00666502654
0.0125318963
0.0156581095
0.0155331708
0.0137240526
0.00708617124
-0.0142607747
-0.0486400815
-0.030898579
0.135395341
0.447578042
0.772889584
0.977107729
1.03781997
1.02400097
1.00328768
0.996842904
0.998526432
1.00219242
1.00630939
1.00768718
1.00084921
0.976721572
0.895499199
0.67253201
0.259944256
1.3644495e-08
3.49428278e-06
-2.15838748e-05
-0.000260921272
0.000183340382
0.00405315458
0.0111045958
0.0161419442
0.0166098815
0.0158274511
0.0142267989
0.0120727041
-0.00630661286
-0.046306832
-0.0327409749
0.140644657
0.462881774
0.790058892
0.986093775
1.03814596
1.02154304
1.00198688
0.99680057
0.998793267
1.0024406
1.00651038
1.00767201
1.00047038
0.975988512
0.894449438
0.67204587
0.262396415
8.49985638e-10
3.86903805e-06
-2.34025571e-05
-0.000279706177
0.000253054441
0.00463045625
0.0123662298
0.0173214781
0.0176929005
0.016760244
0.0131662199
0.0119476051
-0.00746138412
-0.0476685644
-0.0229737429
0.169878583
0.503828863
0.8224348
0.999021019
1.0374649
1.01801409
1.00051291
0.996871809
0.999133996
1.00274185
1.00674588
1.00762202
0.999977328
0.975048032
0.893037104
0.671188789
0.265304131
-1.02386768e-07
4.16617211e-06
-1.5287474e-05
-0.000268057338
3.21875077e-05
0.00350152582
0.0100370291
0.0148874276
0.0167570558
0.0146133311
0.011864893
0.00886481326
-0.0162344499
-0.0505713446
0.005610562
0.237217707
0.581160996
0.873845046
1.01541058
1.03465612
1.01298496
0.998865215
0.997119462
0.999600354
1.00315682
1.007058
1.00750057
0.999214659
0.973536416
0.890405845
0.668448442
0.26703102
-1.39818909e-08
4.45679507e-06
-1.95411619e-06
-0.000224529263
-0.000230697486
0.00174185029
0.00588958442
0.00948099544
0.0107980732
0.00907231779
0.00847537157
0.000491254953
-0.0319067407
-0.043555744
0.0734220275
0.356446954
0.695353059
0.937450944
1.02977362
1.02818417
1.00688763
0.997497502
0.997639939
1.00019702
1.00371666
1.00745331
1.00724207
0.998044828
0.971193461
0.886034193
0.663111901
0.266921873
-1.05406474e-06
2.93823559e-06
9.73990492e-06
-0.000155580749
-0.000345136909
0.000380208897
0.00223362825
0.00407260466
0.00431738665
0.00434205173
0.00291258716
-0.0168590077
-0.0443901772
0.0037316563
0.209003836
0.532145216
0.830594935
0.996079206
1.0345547
1.01788906
1.00115559
0.99697827
0.998426605
1.00089973
1.00444682
1.00790531
1.00674519
0.996320146
0.967771782
0.879462731
0.654595341
0.264437285
3.24118216e-06
6.6361905e-06
2.33202708e-05
-7.36714362e-05
-0.000285236525
-0.000224930086
0.000252914464
0.000704720884
0.000951907861
0.00118476279
-0.0114435896
-0.0369482108
-0.0145058027
0.140919883
0.430346556
0.742120056
0.952727652
1.02972078
1.0263035
1.0065188
0.997634551
0.99751372
0.999317856
1.0017002
1.00536561
1.00833349
1.00586582
0.993887799
0.963044529
0.870340046
0.642604013
0.259384872
-1.91028064e-05
-1.95264044e-05
-1.55785479e-06
-3.79979972e-05
-0.000174554693
-0.000297192511
-0.000309715995
-0.000381211234
-0.000115661
-0.0109176107
-0.0312585095
-0.00773659881
0.134624471
0.403334638
0.70638627
0.928062865
1.02334783
1.03025733
1.01066515
0.998736522
0.997138154
0.998612193
1.00012089
1.00266666
1.00646095
1.0085855
1.00442424
0.990594728
0.956788909
0.858384486
0.627049415
0.251810425
9.7157767e-05
0.000106067268
0.000130382769
0.000113810836
5.26329942e-05
-7.21450537e-05
-0.000139013775
-0.000183796472
-0.0122853436
-0.0238027502
0.0229467946
0.185823515
0.453604962
0.737391344
0.939475672
1.02565874
1.03116763
1.0115525
0.99897439
0.996971026
0.99843179
0.999483448
1.00087925
1.00392531
1.0076318
1.00843329
1.00223065
0.986300798
0.94878384
0.843388524
0.608043325
0.241963277
-0.000544731206
-0.000596492382
-0.000618346735
-0.000484976998
-0.000440338619
4.12155321e-06
-0.00108714122
-0.0132274966
0.00216061967
0.103936113
0.314155786
0.586070546
0.831612735
0.983704537
1.0357249
1.02850449
1.00825959
0.997722291
0.996900908
0.998652848
0.999411017
0.999941506
1.00192372
1.00551103
1.00864162
1.00760653
0.99912718
0.980893174
0.938818288
0.825245511
0.585895552
0.230246402
0.00332049387
0.0036247736
0.00374927394
0.00251523612
0.0016371116
-0.00363315067
0.0122385384
0.1080029
0.300738999
0.552470185
0.79221915
0.958672045
1.03288519
1.03909707
1.01856949
1.00130599
0.995890486
0.997347241
0.99928586
0.999609927
0.999497958
1.00060555
1.00350802
1.00722338
1.00915337
1.00586366
0.995031811
0.974296548
0.926717069
0.804004232
0.561125785
0.217174923
-0.0243178117
-0.0268848508
-0.0268570853
-0.00571888691
0.0709975949
0.226332631
0.445373945
0.678657009
0.873841775
0.997661278
1.04697113
1.04430434
1.02144796
1.00221815
0.994862781
0.995904237
0.998856611
1.00014838
0.99977836
0.999232837
0.99978671
1.00198523
1.00547385
1.00868181
1.00884127
1.00306933
0.989966452
0.966479884
0.912391193
0.779941635
0.534470058
0.203333819
0.328394662
0.422991521
0.559343569
0.719878396
0.865025409
0.975935113
1.04275494
1.06612456
1.05714177
1.03288694
1.00935251
0.995634609
0.992482101
0.99532265
0.998972952
1.00072769
1.0005628
0.999639661
0.999008629
0.999305477
1.00092175
1.00389229
1.00741137
1.00951313
1.00749698
0.999246558
0.984060183
0.95746884
0.895916218
0.75363491
0.506865985
0.189333696
1.02866542
1.0456512
1.05253227
1.04866234
1.03676819
1.02075491
1.00511534
0.993766935
0.988721593
0.989462427
0.993516459
0.997927763
1.000722
1.00149829
1.00097489
1.00007514
0.999333629
0.998936129
0.999087953
1.00018869
1.00256289
1.00592072
1.0089578
1.0094624
1.0050936
0.994591552
0.977529225
0.947376758
0.877627367
0.726001661
0.479402389
0.175764653
0.996109431
0.993354586
0.991442636
0.990971522
0.991964806
0.994151923
0.996971823
0.999673914
1.00156864
1.00231041
1.00203205
1.0012241
1.0004227
0.999912044
0.99964203
0.99940329
0.99911728
0.999026066
0.999638565
1.00142956
1.00441138
1.00777779
1.00984416
1.00844802
1.00181786
0.989439812
0.97064666
0.936458778
0.85819647
0.69827209
0.453228773
0.163151801
1.00067368
1.00117645
1.00159271
1.00178963
1.00172858
1.00141567
1.0009116
1.00033685
0.999845868
0.999570475
0.999557277
0.999734953
0.99993658
0.999975171
0.99974593
0.999318652
0.998982656
0.999203906
1.00045779
1.00294028
1.006246
1.00918892
1.00994842
1.00661737
0.998032788
0.984187742
0.963724237
0.925168133
0.838637045
0.671870139
0.429434888
0.15191786
0.999869629
0.999769803
0.999680546
0.999629755
0.999625857
0.999668627
0.999751037
0.999861096
0.999984517
1.00010515
1.00019959
1.00022807
1.00013326
0.999865036
0.999440598
0.99902092
0.998948008
0.999673177
1.00154245
1.00449083
1.00778894
1.01001738
1.00937575
1.00429998
0.994167587
0.979213514
0.957111887
0.914164979
0.82019393
0.648214295
0.408924992
0.142358016
1.00002665
1.00004773
1.00006813
1.00008189
1.00008433
1.00007139
1.00004511
1.00001864
1.00001321
1.00004285
1.00009157
1.00009927
0.999977746
0.999669097
0.9992324
0.998911927
0.999121661
1.00029962
1.00264685
1.00584742
1.00891926
1.01032609
1.00838503
1.00188135
0.990608895
0.974829225
0.951187411
0.904232808
0.804123587
0.628489327
0.392317362
0.13463007
0.999994124
0.9999896
0.999985915
0.999984138
0.999981905
0.999976354
0.999970585
0.999977382
1.0000127
1.00007721
1.00013496
1.00010915
0.999914431
0.999528854
0.999078294
0.998877765
0.999369628
1.00093452
1.00362082
1.00690923
1.00965325
1.01028525
1.0072719
0.999695265
0.987634571
0.971257525
0.946307703
0.896109698
0.791435467
0.613461359
0.379892994
0.128760058
1.00000113
1.00000227
1.00000405
1.00000592
1.00000448
0.999996588
0.999986862
0.999990999
1.00002632
1.00008953
1.00013492
1.00007667
0.999833364
0.999410142
0.998980091
0.998903066
0.999628457
1.00147771
1.00437584
1.00765863
1.01008184
1.01008787
1.00627989
0.997961668
0.985392022
0.968618647
0.942729353
0.890304421
0.782695561
0.603393356
0.371601827
0.124661109
0.999999576
0.999999438
1.00000002
1.00000103
0.999998967
0.999990823
0.999982233
0.999990263
1.00003179
1.00009893
1.0001379
1.00005696
0.999779873
0.999333763
0.998925702
0.998943502
0.99983408
1.00187031
1.00488994
1.00813613
1.01031245
1.00988395
1.00555519
0.996775591
0.983909939
0.96692505
0.940541896
0.886985429
0.777963473
0.598075421
0.367118366
0.122161727
0.999999923
1.00000008
1.00000096
1.00000218
1.00000007
0.999991602
0.999982947
0.999992021
1.00003565
1.00010363
1.0001378
1.00004336
0.999747478
0.999290326
0.998898368
0.998974153
0.999960787
1.00210105
1.0051825
1.00839845
1.01042861
1.00975693
1.0051479
0.996130175
0.983126886
0.966091522
0.939654486
0.885986413
0.776866552
0.596940948
0.365925973
0.121037062
0.999999841
0.999999924
1.00000074
1.00000193
0.999999802
0.999991279
0.999982626
0.999992064
1.00003655
1.00010515
1.00013809
1.00003911
0.999736274
0.999274537
0.998887847
0.998984587
1.00000662
1.00218552
1.00529052
1.00849779
1.01048054
1.00973184
1.00503787
0.995952794
0.98292568
0.965963039
0.939839158
0.886908018
0.778762875
0.599221308
0.367406178
0.121038604
0.99999986
0.999999947
1.00000076
1.000002
1
0.999991562
0.999982685
0.999991528
1.00003543
1.0001042
1.00013868
1.00004238
0.999741904
0.999279937
0.998888439
0.998975358
0.999984603
1.00215253
1.00525514
1.00847571
1.01049217
1.00979686
1.00516675
0.996139272
0.983162658
0.966344356
0.940795486
0.889261813
0.782937744
0.604090277
0.370893458
0.121903032
0.999999856
0.999999925
1.0000007
1.00000198
1.00000022
0.999992006
0.999982798
0.999990332
1.00003254
1.00010119
1.00013951
1.0000516
0.999760677
0.999301769
0.998897742
0.998951574
0.999912023
1.00203236
1.00511396
1.00836455
1.01047433
1.00992697
1.00546648
0.99657792
0.983680412
0.967025175
0.942227727
0.892588834
0.788702707
0.610746789
0.375761425
0.123378569
0.999999859
0.999999913
1.00000064
1.00000197
1.00000049
0.999992606
0.999983044
0.999988885
1.00002868
1.00009678
1.00013999
1.00006388
0.999787409
0.999334641
0.998914527
0.998921524
0.999810225
1.00185809
1.00490377
1.00819133
1.01042905
1.01008808
1.00586572
0.997173748
0.984380545
0.967884315
0.943889794
0.896400355
0.795372808
0.618523403
0.381538906
0.1252818
0.999999861
0.999999899
1.00000058
1.00000194
1.00000076
0.999993271
0.9999834
0.999987413
1.00002437
1.00009149
1.00013978
1.00007697
0.999817783
0.999373845
0.998937467
0.998891906
0.999696983
1.00165736
1.00465539
1.00797881
1.01035879
1.01025339
1.00630701
0.997847102
0.985174164
0.968816813
0.945597964
0.900341377
0.802422807
0.626871759
0.387819624
0.127448513
0.999999864
0.999999888
1.00000052
1.00000191
1.00000102
0.999993949
0.999983845
0.999986076
1.00002008
1.00008582
1.00013877
1.00008931
0.999848473
0.999415413
0.998964778
0.998866829
0.999585052
1.00145122
1.00439343
1.00774671
1.01026856
1.01040552
1.00674847
0.998537708
0.985995117
0.969751646
0.947232678
0.904164919
0.809466624
0.635379305
0.394294075
0.129750012
0.999999866
0.999999878
1.00000046
1.00000186
1.00000125
0.999994596
0.999984343
0.999984948
1.00001606
1.00008018
1.00013707
1.00010008
0.999877303
0.999456324
0.998994408
0.998847933
0.999482179
1.00125399
1.00413609
1.00751126
1.01016532
1.01053592
1.00716329
0.99920338
0.986795209
0.970641905
0.948726577
0.907722666
0.816247703
0.64375537
0.400737197
0.132088539
0.999999869
0.99999987
1.00000041
1.00000181
1.00000144
0.999995186
0.999984858
0.999984044
1.00001246
1.00007482
1.00013489
1.00010907
0.999903235
0.999494703
0.999024484
0.998835102
0.999391986
1.00107405
1.00389543
1.0072848
1.01005668
1.01064258
1.0075369
0.999817649
0.987542293
0.971459466
0.95004963
0.910940573
0.822613989
0.651813233
0.406998728
0.134394986
0.999999872
0.999999863
1.00000036
1.00000177
1.00000159
0.999995706
0.999985357
0.999983346
1.00000936
1.00006994
1.00013246
1.00011631
0.999925795
0.999529371
0.999053422
0.998827343
0.999315501
1.00091558
1.00367877
1.00707608
1.00994968
1.01072741
1.00786342
1.00036612
0.988216821
0.972189132
0.9511955
0.913795774
0.82849125
0.659447085
0.412988014
0.136623742
0.999999875
0.999999858
1.00000032
1.00000173
1.00000172
0.999996148
0.999985814
0.999982822
1.00000676
1.00006568
1.00013003
1.00012196
0.999944794
0.999559574
0.999079943
0.998823338
0.999252294
1.00078004
1.00348994
1.00689071
1.00985015
1.01079416
1.00814251
1.00084301
0.98880884
0.972824541
0.952171426
0.916297389
0.833859312
0.666610903
0.418659869
0.138747516
0.999999877
0.999999853
1.00000028
1.00000169
1.00000182
0.999996514
0.999986212
0.999982435
1.00000465
1.00006209
1.00012778
1.0001263
0.999960386
0.99958508
0.999103224
0.998821765
0.999201069
1.00066698
1.00333007
1.00673163
1.00976226
1.01084713
1.00837711
1.00124852
0.989315563
0.973365467
0.952991752
0.918472961
0.838734042
0.673301877
0.424003335
0.140753255
0.999999879
0.999999849
1.00000025
1.00000166
1.0000019
0.999996809
0.999986543
0.999982147
1.00000296
1.00005915
1.00012582
1.00012959
0.999972882
0.999605967
0.999122814
0.998821504
0.999160211
1.00057484
1.00319843
1.00659962
1.00968853
1.01089029
1.00857187
1.00158667
0.98973938
0.973816
0.95367401
0.920359262
0.843153987
0.67954746
0.429032616
0.142638629
0.99999988
0.999999845
1.00000023
1.00000164
1.00000196
0.999997041
0.999986805
0.999981929
1.00000165
1.00005682
1.00012422
1.00013209
0.999982696
0.999622574
0.999138629
0.998821709
0.999128008
1.00050136
1.00309293
1.0064937
1.00962994
1.01092695
1.0087322
1.00186399
0.990086428
0.974183402
0.954236833
0.921996691
0.847171441
0.685396451
0.43378088
0.144409783
0.999999882
0.999999841
1.00000021
1.00000162
1.00000202
0.999997219
0.999987003
0.99998176
1.00000063
1.00005504
1.00012298
1.00013401
0.999990271
0.999635438
0.999150903
0.998821828
0.999102791
1.00044384
1.00301048
1.00641151
1.0095861
1.01095961
1.00886375
1.00208851
0.99036547
0.974477243
0.954698827
0.923425802
0.850846103
0.690912222
0.438295395
0.146079596
0.999999884
0.999999837
1.0000002
1.00000161
1.00000206
0.999997353
0.999987144
0.999981621
0.999999869
1.00005371
1.00012208
1.00013552
0.999996042
0.999645163
0.999160063
0.998821563
0.999083049
1.00039945
1.00294748
1.00634982
1.00955561
1.01099003
1.00897205
1.00226904
0.9905869
0.974708595
0.95507787
0.924685058
0.854240195
0.696166961
0.442633182
0.147665943
0.999999885
0.999999833
1.00000019
1.0000016
1.00000209
0.999997452
0.999987239
0.999981501
0.999999294
1.00005274
1.00012147
1.00013672
1.00000041
0.999652384
0.999166651
0.998820806
0.999067451
1.0003654
1.00290008
1.00630485
1.00953637
1.01101932
1.00906229
1.00241462
0.990761967
0.974889355
0.955390697
0.925809521
0.857414931
0.701237109
0.446857487
0.14919025
0.999999887
0.999999829
1.00000017
1.0000016
1.00000212
0.999997526
0.999987299
0.999981394
0.999998856
1.00005204
1.00012109
1.00013773
1.00000376
0.999657734
0.999171273
0.998819587
0.999054834
1.000339
1.00286437
1.00627256
1.00952585
1.01104811
1.00913932
1.00253417
0.990902175
0.975031681
0.95565267
0.926830148
0.860428023
0.706199842
0.451035046
0.150676425
0.999999889
0.999999825
1.00000017
1.0000016
1.00000215
0.999997583
0.999987335
0.999981293
0.999998507
1.00005152
1.00012086
1.00013861
1.00000643
0.99966183
0.999174556
0.998818019
0.999044176
1.00031772
1.00283655
1.00624889
1.00952133
1.01107671
1.00920756
1.00263625
0.991018856
0.975147565
0.955877659
0.927773502
0.863332
0.71113042
0.455233996
0.15215008
0.999999891
0.999999821
1.00000016
1.0000016
1.00000218
0.999997633
0.999987359
0.999981196
0.999998206
1.00005109
1.00012071
1.00013942
1.00000874
0.999665256
0.999177123
0.998816265
0.999034577
1.00029921
1.00281301
1.00622988
1.00952006
1.0111052
1.00927106
1.00272892
0.991122851
0.975248504
0.956077989
0.928661674
0.866173013
0.716100086
0.459521151
0.153634813
0.999999893
0.999999817
1.00000015
1.00000161
1.00000221
0.999997681
0.999987383
0.999981101
0.999997912
1.00005068
1.00012057
1.00014021
1.00001097
0.99966855
0.999179563
0.998814512
0.999025252
1.00028133
1.00279038
1.00621182
1.00951935
1.0111335
1.0093334
1.00281959
0.991224284
0.975345274
0.956264448
0.929512347
0.868989952
0.721174356
0.463963
0.155156647
0.999999895
0.999999813
1.00000014
1.00000161
1.00000224
0.999997736
0.999987415
0.999981005
0.999997593
1.00005022
1.00012038
1.00014102
1.00001338
0.999672198
0.999182422
0.998812956
0.999015525
1.00026217
1.00276561
1.00619126
1.00951668
1.01116143
1.00939779
1.00291495
0.991332434
0.975447811
0.956446378
0.930339055
0.871814233
0.726412231
0.468623269
0.156739944
0.999999897
0.999999809
1.00000013
1.0000016
1.00000226
0.999997802
0.999987465
0.999980909
0.999997217
1.00004963
1.00012007
1.00014188
1.00001617
0.999676629
0.999186192
0.998811798
0.999004831
1.00024004
1.00273597
1.00616507
1.00950969
1.01118872
1.00946696
1.00302097
0.991455675
0.975565189
0.956631841
0.931151555
0.87467
0.731866592
0.47356481
0.158409544
0.9999999
0.999999805
1.00000012
1.0000016
1.0000023
0.999997886
0.999987543
0.999980812
0.999996758
1.00004886
1.00011958
1.00014279
1.00001955
0.999682235
0.999191338
0.998811253
0.99899271
1.00021349
1.00269905
1.00613044
1.00949621
1.01121497
1.00954321
1.00314279
0.991601404
0.97570557
0.956827739
0.931956097
0.877573925
0.737583428
0.478848698
0.160189551
0.999999903
0.999999802
1.0000001
1.00000159
1.00000233
0.999997991
0.999987656
0.999980718
0.999996195
1.00004786
1.00011885
1.00014377
1.00002366
0.999689358
0.999198281
0.99881155
0.998978831
1.00018133
1.00265282
1.00608496
1.00947426
1.01123969
1.00962828
1.00328464
0.991775874
0.975876069
0.957039865
0.932755614
0.880534715
0.743600399
0.484533752
0.162103888
0.999999907
0.999999798
1.00000009
1.00000158
1.00000237
0.999998122
0.99998781
0.999980628
0.999995517
1.00004658
1.00011784
1.00014481
1.0000286
0.999698235
0.999207353
0.998812925
0.998963039
1.00014275
1.00259575
1.00602667
1.00944215
1.01126224
1.00972328
1.00344965
0.991983983
0.976082557
0.957272916
0.933549964
0.883552742
0.749945484
0.490676061
0.164177094
0.999999911
0.999999796
1.00000007
1.00000156
1.00000241
0.99999828
0.999988011
0.999980548
0.999994718
1.00004502
1.0001165
1.00014588
1.0000344
0.999708995
0.999218784
0.998815611
0.998945366
1.00009736
1.00252689
1.00595421
1.00939849
1.01128186
1.00982864
1.00363973
0.99222908
0.976329478
0.957530528
0.934336337
0.886619996
0.756635762
0.497327487
0.166432776
0.999999915
0.999999793
1.00000004
1.00000153
1.00000245
0.999998466
0.999988263
0.999980485
0.999993802
1.00004316
1.00011481
1.00014693
1.00004103
0.999721679
0.999232721
0.998819842
0.998926026
1.00004515
1.00244588
1.0058668
1.00934229
1.01129767
1.00994406
1.00385544
0.992512798
0.97661964
0.957815273
0.93510976
0.889720292
0.763676253
0.50453517
0.168894305
0.99999992
0.999999792
1.00000002
1.0000015
1.00000249
0.999998677
0.999988566
0.999980444
0.999992781
1.000041
1.00011275
1.0001479
1.0000484
0.999736219
0.999249198
0.998825827
0.998905402
0.999986585
1.00235301
1.00576438
1.00927301
1.01130877
1.01006847
1.00409594
0.992834839
0.976953921
0.958128565
0.935863657
0.892829653
0.771058484
0.512340078
0.171584656
0.999999925
0.999999791
0.999999994
1.00000146
1.00000253
0.999998913
0.99998892
0.999980435
0.999991677
1.00003857
1.00011031
1.00014873
1.00005637
0.999752438
0.999268127
0.99883373
0.998884026
0.99992253
1.00224929
1.00564768
1.0091907
1.01131426
1.0102001
1.0043588
0.993192707
0.97733088
0.958470405
0.936590436
0.895916978
0.778758864
0.520775025
0.174526109
0.999999931
0.99999979
0.999999966
1.00000141
1.00000256
0.999999166
0.99998932
0.999980464
0.999990518
1.00003591
1.00010753
1.00014936
1.00006473
0.999770037
0.999289264
0.998843618
0.99886255
0.999854326
1.00213651
1.0055184
1.00909622
1.01131349
1.01033645
1.00463993
0.993581413
0.977746262
0.958838963
0.93728205
0.898945134
0.786737067
0.529862059
0.177739573
0.999999937
0.999999791
0.999999937
1.00000136
1.0000026
0.999999432
0.999989759
0.999980536
0.999989342
1.00003311
1.00010445
1.00014973
1.00007324
0.999788565
0.999312143
0.998855398
0.998841705
0.999783799
1.00201742
1.00537944
1.00899146
1.0113062
1.01047442
1.00493343
0.993993186
0.978192489
0.959229997
0.937930523
0.901872687
0.794934893
0.53960956
0.181243657
0.999999944
0.999999792
0.999999907
1.00000131
1.00000262
0.999999703
0.999990223
0.99998065
0.999988188
1.00003023
1.00010118
1.00014981
1.00008159
0.999807383
0.999336023
0.99886874
0.998822231
0.999713233
1.00189573
1.00523505
1.00887961
1.01129278
1.01061048
1.0052317
0.994417339
0.978658277
0.959636231
0.93852838
0.904656498
0.803276455
0.550009856
0.185053954
0.99999995
0.999999795
0.999999877
1.00000125
1.00000264
0.999999967
0.999990696
0.999980802
0.9999871
1.00002741
1.00009783
1.00014961
1.00008944
0.999825742
0.999359925
0.998883035
0.998804763
0.999645227
1.00177604
1.0050908
1.00876526
1.01127455
1.01074088
1.00552557
0.994840358
0.979128514
0.960046795
0.939068874
0.907255079
0.811670172
0.561037963
0.189183231
0.999999957
0.999999798
0.999999849
1.00000119
1.00000266
1.00000022
0.999991156
0.99998098
0.999986114
1.00002475
1.00009459
1.00014919
1.00009652
0.999842814
0.999382634
0.998897362
0.998789744
0.999582568
1.0016637
1.00495355
1.00865447
1.01125387
1.01086198
1.00580456
0.99524609
0.979584294
0.960446723
0.939545794
0.909632073
0.820012001
0.572650915
0.193642483
0.999999964
0.999999801
0.999999822
1.00000113
1.00000267
1.00000044
0.999991578
0.999981163
0.999985267
1.0000224
1.00009166
1.00014866
1.00010255
0.999857724
0.999402767
0.998910521
0.998777366
0.999528081
1.00156464
1.00483132
1.00855476
1.01123431
1.01097039
1.00605712
0.9956159
0.980003022
0.960816518
0.939952754
0.911759342
0.828189488
0.584787288
0.198443267
0.99999997
0.999999805
0.999999798
1.00000108
1.00000268
1.00000063
0.999991932
0.999981324
0.99998459
1.0000205
1.00008928
1.00014819
1.0001073
0.999869536
0.999418768
0.998921041
0.998767604
0.999484678
1.00148541
1.00473334
1.00847515
1.01122063
1.01106294
1.00627047
0.995928513
0.980358273
0.96113164
0.940281872
0.913618948
0.83608558
0.597365406
0.203600752
0.999999977
0.999999807
0.999999777
1.00000105
1.00000268
1.00000077
0.999992184
0.999981427
0.999984112
1.00001922
1.00008773
1.00014796
1.00011048
0.999877171
0.999428815
0.998927169
0.998760333
0.999455602
1.00143349
1.00467029
1.00842627
1.01121874
1.01113643
1.00643021
0.996159465
0.980619324
0.96136191
0.940521865
0.915203703
0.843583001
0.610280625
0.209137802
0.999999984
0.999999809
0.999999761
1.00000102
1.00000269
1.00000085
0.999992295
0.999981434
0.999983869
1.00001874
1.00008733
1.00014819
1.00011179
0.999879411
0.99943087
0.998926979
0.998755504
0.999444642
1.00141748
1.00465444
1.00842034
1.01123541
1.0111872
1.00651971
0.996280436
0.980750584
0.961471
0.940655191
0.916515337
0.850573067
0.623404946
0.21508927
0.99999999
0.999999808
0.999999751
1.00000102
1.00000271
1.00000086
0.999992232
0.999981316
0.999983901
1.00001923
1.00008835
1.00014902
1.00011085
0.999875007
0.99942292
0.998918664
0.998753357
0.999456173
1.00144699
1.00469938
1.00847089
1.01127812
1.01121084
1.00651965
0.996258661
0.980711039
0.961415496
0.940651031
0.917555071
0.856980771
0.636600986
0.221502767
0.999999996
0.999999806
0.999999744
1.00000104
1.00000274
1.00000079
0.999991981
0.999981057
0.999984242
1.00002086
1.00009103
1.00015053
1.00010712
0.999862478
0.999402822
0.998900672
0.99875505
0.999496146
1.00153346
1.00482021
1.00859203
1.0113536
1.01120075
1.00640694
0.996055434
0.980451054
0.961138363
0.940437722
0.918284221
0.862835006
0.649732679
0.22832692
1
0.999999802
0.999999742
1.00000108
1.00000278
1.00000063
0.999991491
0.99998064
0.999985038
1.00002399
1.00009577
1.00015263
1.00009931
0.999839114
0.999367341
0.998871555
0.998763984
0.999575072
1.00169415
1.00503688
1.00879924
1.01146489
1.01114179
1.00614713
0.995621417
0.979914796
0.960587064
0.939975185
0.918674378
0.868105578
0.662696241
0.235517666
1.00000001
0.999999797
0.999999745
1.00000115
1.00000283
1.00000034
0.999990705
0.999980081
0.999986519
1.00002909
1.00010295
1.00015483
1.00008537
0.999801324
0.999313011
0.998831187
0.998786938
0.999708463
1.00195138
1.0053723
1.00910694
1.01160914
1.01100876
1.00569332
0.994894095
0.979033703
0.959697462
0.939216456
0.918710134
0.872750714
0.675346782
0.243042567
1.00000001
0.999999791
0.999999756
1.00000126
1.00000287
0.999999873
0.999989563
0.999979452
0.999989062
1.00003676
1.00011281
1.00015598
1.000062
0.999744384
0.999236503
0.998782157
0.998836563
0.999919832
1.00233486
1.00585253
1.00952567
1.01177205
1.01075935
1.00497943
0.993793496
0.977725936
0.958396762
0.938108541
0.918371665
0.876744643
0.687548388
0.25084385
1.00000001
0.999999782
0.999999778
1.0000014
1.0000029
0.999999155
0.999988014
0.999978929
0.999993262
1.00004777
1.00012526
1.00015372
1.00002397
0.999661917
0.999135197
0.998732118
0.998935253
1.00024468
1.00288373
1.00650528
1.01005665
1.01191934
1.0103246
1.00391168
0.992215869
0.975892463
0.956601538
0.93659239
0.917637964
0.880071008
0.699169865
0.25884439
1.00000002
0.999999772
0.999999813
1.00000159
1.00000288
0.999998098
0.999986033
0.999978862
1
1.00006295
1.00013945
1.00014367
0.999963292
0.999546306
0.999009757
0.998698587
0.999120817
1.00073459
1.00364648
1.00735417
1.0106807
1.01198283
1.00959513
1.00235766
0.990026896
0.97341425
0.954217764
0.934604035
0.916486528
0.882723919
0.710091086
0.26694809
1.00000002
0.99999976
0.999999866
1.00000182
1.00000276
0.999996594
0.999983672
0.999979876
1.0000105
1.00008289
1.00015288
1.00011826
0.999869059
0.999390852
0.998869512
0.998716698
0.999453821
1.00146019
1.00467629
1.00840549
1.01133885
1.011839
1.00840222
1.0001328
0.987054303
0.970149874
0.951141483
0.932076496
0.914894622
0.884707165
0.720206349
0.275042683
1.00000002
0.999999748
0.999999943
1.00000209
1.00000246
0.999994526
0.999981138
0.999982987
1.00002623
1.00010733
1.00016009
1.00006547
0.999727865
0.999194017
0.998741201
0.998850302
1.00002584
1.00251049
1.00601761
1.00962305
1.01190039
1.01127748
1.00649258
0.996984237
0.983080239
0.965933901
0.947260301
0.928942183
0.912840573
0.886032534
0.729423705
0.282999597
1.00000002
0.999999737
1.00000005
1.00000239
1.00000188
0.999991806
0.999978897
0.999989698
1.00004864
1.00013395
1.00015083
0.99996807
0.999527176
0.998969294
0.998684234
0.999206469
1.0009639
1.00397938
1.00767285
1.01088049
1.01211163
1.00995696
1.00349798
0.992575034
0.977836737
0.960578721
0.942457475
0.925136855
0.91030615
0.886718765
0.737664075
0.290674873
1.00000002
0.999999727
1.00000018
1.00000269
1.00000089
0.999988433
0.99997782
1.00000198
1.00007832
1.00015644
1.00010802
0.999805086
0.999264684
0.998763628
0.998812326
0.999947659
1.00241913
1.00592322
1.00953321
1.01188012
1.0115209
1.00734987
0.998904336
0.986473993
0.971008408
0.953882367
0.936619781
0.920605498
0.907279901
0.886790963
0.744859547
0.297910026
1.00000002
0.999999722
1.00000035
1.00000294
0.999999353
0.999984578
0.999979299
1.00002199
1.00011356
1.00016189
1.00000718
0.999558959
0.998967743
0.998685634
0.999315479
1.00128556
1.00451548
1.00826379
1.01125394
1.01202928
1.00938171
1.00268523
0.992031675
0.978160692
0.962248544
0.945645411
0.929650303
0.915310318
0.903761364
0.886280327
0.750950415
0.304530142
1.00000001
0.999999722
1.00000055
1.00000308
0.999997162
0.999980691
0.999985273
1.00005124
1.00014795
1.0001285
0.999820092
0.999233295
0.998726135
0.998938306
1.00046223
1.0034218
1.00721752
1.01060257
1.01205809
1.01027904
1.00455438
0.994914856
0.98204721
0.967060831
0.951216781
0.935700293
0.921487029
0.909240861
0.899765946
0.885224396
0.755884364
0.31035087
1.00000001
0.99999973
1.00000077
1.00000305
0.999994266
0.9999776
0.999998021
1.00008922
1.00016764
1.00002587
0.999528016
0.998885805
0.998733823
0.999832697
1.00253592
1.00637636
1.01006604
1.01192373
1.01048321
1.00496947
0.995461554
0.982753165
0.968046576
0.95263125
0.937646333
0.923955069
0.912126976
0.902425544
0.895329982
0.883668081
0.759634251
0.315305477
1.00000001
0.999999746
1.000001
1.00000277
0.999990735
0.999976528
1.00001958
1.00013125
1.00014947
0.999821845
0.99914914
0.998674061
0.999315747
1.00172764
1.00562799
1.00963449
1.01175655
1.01022574
1.00416656
0.993800599
0.980206579
0.964867731
0.949246049
0.934511804
0.921443952
0.910449429
0.901652846
0.894942294
0.890513797
0.881646825
0.762016848
0.318925563
1
0.99999977
1.00000123
1.00000219
0.999986804
0.99997899
1.00005079
1.00016647
1.00006262
0.999500376
0.998780215
0.99889321
1.00088257
1.00480719
1.0092077
1.01159831
1.00965532
1.00227689
0.989911345
0.97415195
0.957012549
0.940305644
0.925315898
0.912745002
0.902813677
0.895414543
0.890257487
0.886927501
0.885405921
0.879219883
0.763018223
0.321079884
0.999999999
0.999999802
1.00000143
1.00000128
0.999982878
0.999986486
1.00009003
1.00017707
0.999876733
0.999091218
0.998637042
0.999955144
1.00372687
1.00861846
1.0114862
1.00903181
0.999614412
0.983943747
0.964445167
0.944033289
0.925117536
0.90918179
0.896826344
0.888021735
0.882368136
0.879310622
0.878248729
0.878570372
0.880112721
0.876437112
0.762604311
0.321701932
0.999999996
0.999999838
1.00000159
1.00000006
0.999979496
1.00000005
1.00013231
1.00014061
0.999577936
0.998702426
0.999055887
1.00223736
1.00760235
1.01143658
1.00888591
0.997077717
0.976805571
0.951736728
0.926269167
0.903784295
0.88604668
0.873472217
0.865656138
0.861843308
0.861157523
0.862798522
0.866038886
0.870138178
0.874815483
0.87335963
0.760516133
0.320362523
0.999999994
0.999999878
1.00000169
0.9999986
0.99997722
1.00001972
1.00016934
1.00003644
0.999188679
0.998531443
1.00040394
1.00576627
1.0111966
1.00987301
0.996385795
0.97079481
0.93835087
0.905881883
0.878388554
0.85798987
0.844668896
0.837435685
0.835048824
0.836411066
0.840652377
0.846897308
0.85430682
0.862046164
0.869733628
0.870023505
0.756503922
0.316761332
0.999999993
0.999999919
1.00000173
0.999997012
0.99997649
1.00004425
1.00019126
0.999855525
0.998779351
0.998821889
1.00287633
1.00985085
1.01194027
0.999563566
0.969720104
0.928798783
0.88744891
0.853667708
0.830155156
0.815911206
0.808783403
0.806900921
0.809115392
0.814654165
0.822807194
0.832802969
0.843763183
0.854717349
0.865102875
0.866422807
0.750167423
0.310518788
0.999999992
0.999999957
1.00000172
0.999995423
0.999977474
1.00007118
1.00019004
0.999609154
0.998455396
0.999749662
1.00625675
1.01301977
1.00686643
0.977685196
0.929434663
0.877502457
0.835898797
0.809167482
0.794687324
0.788001723
0.785953258
0.787267733
0.791587012
0.798931826
0.80912342
0.821518975
0.835088173
0.848596807
0.861163944
0.862468436
0.740915624
0.301209474
0.999999992
0.999999992
1.00000165
0.999993957
0.999979984
1.00009744
1.0001635
0.999330848
0.998311402
1.00127412
1.00984338
1.01370092
0.994871267
0.946650996
0.884131961
0.831175054
0.799482223
0.784979498
0.779751388
0.778297566
0.778366635
0.779553526
0.782958013
0.789739695
0.800215882
0.8137046
0.82886639
0.844128437
0.858179601
0.857878169
0.727707108
0.28821194
0.999999992
1.00000002
1.00000156
0.999992704
0.999983477
1.00012019
1.00011802
0.999067907
0.998367482
1.00304916
1.01273071
1.01161668
0.979289506
0.91594491
0.848147623
0.803456613
0.785283561
0.779921951
0.778977719
0.779472654
0.779061708
0.778513019
0.780153312
0.785798048
0.79593389
0.809758295
0.825668605
0.841784886
0.856205548
0.852016354
0.708792272
0.270357203
0.999999992
1.00000004
1.00000146
0.999991716
0.999987144
1.00013749
1.00006857
0.998867032
0.998530315
1.00448411
1.01432689
1.00881404
0.96807462
0.898721489
0.83302988
0.796432312
0.784851257
0.780856466
0.779501915
0.78026132
0.778876947
0.778263655
0.780018132
0.785859715
0.79616141
0.81004875
0.825888834
0.84197842
0.855805771
0.843017415
0.680773764
0.248099494
0.999999993
1.00000006
1.00000138
0.999991035
0.999989976
1.0001481
1.00003591
0.998766504
0.998624811
1.00493248
1.01454078
1.00864083
0.96961434
0.904624423
0.842300907
0.804441563
0.789490639
0.784081267
0.780782178
0.77959948
0.77989664
0.781177264
0.784932931
0.792011765
0.802480719
0.815618435
0.830539457
0.846380357
0.857098172
0.824881654
0.636485029
0.220391515
0.999999993
1.00000007
1.00000133
0.999990712
0.999990897
1.00015026
1.00004282
0.998808512
0.998503898
1.00384002
1.01314316
1.01254853
0.986467696
0.934966827
0.876368238
0.831374153
0.807304597
0.797834352
0.793564435
0.790154529
0.788628759
0.790782757
0.795282982
0.802729464
0.813000097
0.826103692
0.841493847
0.855580863
0.852272789
0.783773829
0.56719528
0.185246254
0.999999993
1.00000007
1.00000133
0.999990978
0.999988533
1.00013702
1.00011725
0.999090662
0.998157484
1.00119215
1.00944219
1.01593037
1.00877704
0.981253578
0.937905254
0.891214584
0.853347834
0.830462156
0.822278221
0.82465243
0.83225454
0.84059426
0.848317121
0.85462348
0.862984171
0.870581204
0.873234208
0.860616546
0.811096896
0.688551923
0.457753109
0.139640169
0.999999993
1.00000006
1.00000138
0.999992787
0.999979875
1.0000975
1.00021983
0.999593695
0.998251546
0.998493502
1.00306073
1.01137417
1.01843489
1.01772721
1.00510661
0.980490255
0.94691817
0.908554592
0.869141571
0.831378252
0.796954904
0.766811354
0.74121798
0.718900937
0.695069273
0.66807507
0.633721971
0.585222778
0.512181923
0.402214633
0.248906417
0.0720461289
0.999999993
1.00000001
1.00000143
0.999996618
0.999973699
1.00003237
1.00023175
1.0001315
0.99917018
0.997808663
0.997735662
1.00065311
1.00697343
1.01558822
1.02458383
1.03210874
1.03684133
1.03800377
1.03512655
1.02775842
1.01521063
0.996344453
0.96938541
0.931760028
0.879995283
0.809841893
0.717022882
0.598715619
0.456351154
0.299562287
0.149462672
0.0332691111
0.999999995
0.999999944
1.0000011
1.00000118
0.999979364
0.999971498
1.00010366
1.00032203
1.0002374
0.999468106
0.998063143
0.996528917
0.995531668
0.995603698
0.997034069
0.999917615
1.00426049
1.01006761
1.01738403
1.02628594
1.0368137
1.0488198
1.06167427
1.07373543
1.08146884
1.07813571
1.05218499
0.986102305
0.85776718
0.648447285
0.36398971
0.0734916072
0.999999999
0.999999924
1.00000034
1.00000338
0.999995746
0.999961937
0.999958415
1.0000821
1.00033352
1.0005788
1.00064294
1.00040947
0.999851765
0.999011069
0.997962842
0.996796799
0.995617093
0.994560841
0.993833516
0.993762372
0.994868376
0.997946049
1.0041072
1.01466919
1.0306225
1.05118666
1.07073654
1.07346248
1.02666143
0.878114793
0.574093381
0.137661638
1
0.999999971
0.99999976
1.00000156
1.00000597
0.999996793
0.99995955
0.999913946
0.999902572
0.999956561
1.00007994
1.0002555
1.00045646
1.00065372
1.00081728
1.00091379
1.00090254
1.00073218
1.00034192
0.999675008
0.998720916
0.997616194
0.996845632
0.997569366
1.00199412
1.0133639
1.03443208
1.06206541
1.07488463
1.01395003
0.770912772
0.251171538
1
1.00000001
0.999999874
0.999999397
1.00000139
1.00000822
1.00001421
1.00000979
0.999990331
0.999958158
0.999919439
0.999881154
0.999849816
0.999831524
0.999832442
0.999859075
0.999917674
1.0000117
1.00013541
1.00026083
1.00031598
1.0001607
0.999594927
0.998498792
0.997297141
0.997924971
1.00498044
1.02494499
1.05749119
1.06910104
0.942764012
0.446253092
1
0.999999998
1.00000005
1.00000003
0.999999152
0.999997764
0.999997736
1.00000051
1.00000601
1.00001313
1.00002051
1.00002686
1.00003105
1.00003199
1.00002857
1.00001964
1.00000439
0.999983285
0.999960267
0.999946656
0.999965434
1.00004796
1.00020173
1.00032241
1.00008981
0.999126608
0.998030163
1.00054297
1.0146707
1.04431075
1.04582447
0.770400674
)
;

boundaryField
{
    inner_wall
    {
        type            zeroGradient;
    }
    outer_wall
    {
        type            fixedValue;
        value           uniform 0;
    }
    top
    {
        type            fixedValue;
        value           uniform 1;
    }
    bottom
    {
        type            inletOutlet;
        inletValue      uniform 0;
        value           nonuniform List<scalar> 
32
(
0
0
0
0
0
0
0
0
0
0
-0.00818275506
-0.0184235056
-0.0375097308
-0.0524384142
-0.0157895266
0.14353311
0.433827188
0.746603532
0.959136915
1.03533327
1.02864736
1.00650084
0.997232626
0.997951302
1.00159891
1.00581626
1.00767851
1.0017953
0.978915688
0.899662307
0.677536972
0.261205169
)
;
    }
    front
    {
        type            wedge;
    }
    back
    {
        type            wedge;
    }
}


// ************************************************************************* //
