/*--------------------------------*- C++ -*----------------------------------*\
| =========                 |                                                 |
| \\      /  F ield         | OpenFOAM: The Open Source CFD Toolbox           |
|  \\    /   O peration     | Version:  2506                                  |
|   \\  /    A nd           | Website:  www.openfoam.com                      |
|    \\/     M anipulation  |                                                 |
\*---------------------------------------------------------------------------*/
FoamFile
{
    version     2.0;
    format      ascii;
    arch        "LSB;label=32;scalar=64";
    class       volScalarField;
    location    "299";
    object      p;
}
// * * * * * * * * * * * * * * * * * * * * * * * * * * * * * * * * * * * * * //

dimensions      [0 2 -2 0 0 0 0];

internalField   nonuniform List<scalar> 
3072
(
-0.000123967125
-9.41514986e-05
-9.0485676e-05
-8.44511851e-05
-7.46945419e-05
-6.2969818e-05
-5.10207702e-05
-3.9985617e-05
-2.77742605e-05
-1.40153859e-05
-7.56288697e-06
-7.7601971e-06
-7.62205621e-06
-6.31047891e-06
-4.47205757e-06
-2.49542198e-06
-5.35744266e-07
1.32377422e-06
3.02535538e-06
4.52417291e-06
5.80685215e-06
7.01602378e-06
8.04228404e-06
8.74648776e-06
9.27237316e-06
9.66434009e-06
9.94256303e-06
1.01314713e-05
1.02633785e-05
1.03857583e-05
1.05658926e-05
1.08151526e-05
-0.000264310262
-0.000186451958
-0.000160138516
-0.000141512582
-0.000123474696
-0.000104850563
-8.64209593e-05
-6.86356793e-05
-5.08429456e-05
-3.39335732e-05
-2.18125094e-05
-1.44699695e-05
-8.5700222e-06
-3.29991404e-06
1.33039423e-06
5.32476602e-06
8.74333888e-06
1.16448679e-05
1.40880637e-05
1.61498103e-05
1.77775387e-05
1.92003008e-05
2.04184549e-05
2.12384489e-05
2.18514031e-05
2.23315583e-05
2.27115991e-05
2.30231517e-05
2.33042845e-05
2.3602128e-05
2.39473507e-05
2.42410502e-05
-0.000326423542
-0.000221780935
-0.000176574049
-0.000146112696
-0.000121669254
-0.000100771561
-8.23234406e-05
-6.56794732e-05
-5.03711779e-05
-3.65144876e-05
-2.47566693e-05
-1.50288787e-05
-6.70540421e-06
5.33406699e-07
6.82431534e-06
1.22634683e-05
1.69346052e-05
2.09093079e-05
2.42732243e-05
2.72005767e-05
2.95866524e-05
3.14880823e-05
3.30811532e-05
3.43169068e-05
3.5285176e-05
3.60471872e-05
3.66469015e-05
3.71230085e-05
3.75126194e-05
3.78541102e-05
3.81780229e-05
3.84491896e-05
-0.000386213046
-0.000266915279
-0.000210788431
-0.000168760899
-0.000135762971
-0.000109664132
-8.7852159e-05
-6.8931545e-05
-5.21829146e-05
-3.72966954e-05
-2.41970732e-05
-1.27466798e-05
-2.72753337e-06
6.04070833e-06
1.3690095e-05
2.03248434e-05
2.60363847e-05
3.09109915e-05
3.5037869e-05
3.85008893e-05
4.14022509e-05
4.37573215e-05
4.56285451e-05
4.71510202e-05
4.83629578e-05
4.93170046e-05
5.00673711e-05
5.06622749e-05
5.11447877e-05
5.15568993e-05
5.19302261e-05
5.22253053e-05
-0.000442025791
-0.00031568129
-0.000246466424
-0.000194679007
-0.000154291339
-0.000122039653
-9.54368641e-05
-7.29136817e-05
-5.34569718e-05
-3.64587383e-05
-2.15555865e-05
-8.48065743e-06
2.98935459e-06
1.30324347e-05
2.179028e-05
2.93829983e-05
3.59218104e-05
4.1513328e-05
4.62353741e-05
5.00707329e-05
5.32996554e-05
5.60634808e-05
5.82579417e-05
6.00107473e-05
6.14106402e-05
6.25242498e-05
6.34104275e-05
6.41220367e-05
6.47074105e-05
6.52150334e-05
6.56821154e-05
6.60573216e-05
-0.000490655743
-0.00035935049
-0.000280091734
-0.000220370835
-0.000173455569
-0.000135074989
-0.000103461872
-7.69819286e-05
-5.44130715e-05
-3.49376075e-05
-1.80139703e-05
-3.25734879e-06
9.62030128e-06
2.08406643e-05
3.05810718e-05
3.89915864e-05
4.62062576e-05
5.23486957e-05
5.75292448e-05
6.18422479e-05
6.54205466e-05
6.83735703e-05
7.07720011e-05
7.27055799e-05
7.42586388e-05
7.55057693e-05
7.65132204e-05
7.73397436e-05
7.80398758e-05
7.86708632e-05
7.92764518e-05
7.97776505e-05
-0.000531925614
-0.000396359878
-0.000311284559
-0.000245353063
-0.000191929062
-0.000147979082
-0.00011162131
-8.11856414e-05
-5.53782562e-05
-3.32741565e-05
-1.42176308e-05
2.27293053e-06
1.65600333e-05
2.89246064e-05
3.95926964e-05
4.87540891e-05
5.65745542e-05
6.32033748e-05
6.87776169e-05
7.34251071e-05
7.72689492e-05
8.04237551e-05
8.29929549e-05
8.5073411e-05
8.67548043e-05
8.81187689e-05
8.92382854e-05
9.01779202e-05
9.0998505e-05
9.17666458e-05
9.25327847e-05
9.31834044e-05
-0.00056613306
-0.000427474333
-0.000338406838
-0.000267796734
-0.00020905547
-0.000160191497
-0.000119500766
-8.53394445e-05
-5.63984833e-05
-3.17026085e-05
-1.05252708e-05
7.68769767e-06
2.33650231e-05
3.68456421e-05
4.84055708e-05
5.82767245e-05
6.66600725e-05
7.37341366e-05
7.96606847e-05
8.45882412e-05
8.8654351e-05
9.19859356e-05
9.46995501e-05
9.69022579e-05
9.86919731e-05
0.000100157379
0.000101377554
0.000102422357
0.000103358445
0.000104261272
0.000105187322
0.000105987515
-0.000594147601
-0.000453436096
-0.000361224808
-0.000286858298
-0.000223988702
-0.000171080062
-0.000126662639
-8.9194964e-05
-5.74013885e-05
-3.02977541e-05
-7.12090212e-06
1.27310567e-05
2.9737441e-05
4.42859855e-05
5.66972032e-05
6.72422656e-05
7.61559145e-05
8.36453504e-05
8.98963454e-05
9.50772754e-05
9.93417624e-05
0.000102830124
0.000105670393
0.000107979197
0.000109862356
0.000111415174
0.000112722247
0.000113858127
0.000114894484
0.000115914303
0.000116979071
0.000117908793
-0.000616490716
-0.000474437554
-0.000379940385
-0.000302669313
-0.000236575194
-0.000180405821
-0.000132889445
-9.25997552e-05
-5.83167867e-05
-2.90716775e-05
-4.08819265e-06
1.72634676e-05
3.54978142e-05
5.10402237e-05
6.42476332e-05
7.54248727e-05
8.48365098e-05
9.27156828e-05
9.92701859e-05
0.000104686893
0.000109134695
0.000112766599
0.000115721177
0.000118123743
0.000120087261
0.000121712926
0.000123090155
0.000124297483
0.000125410626
0.000126518291
0.000127685734
0.000128710573
-0.000633726623
-0.000490848525
-0.000394799322
-0.000315366569
-0.000246804096
-0.000188073394
-0.000138060307
-9.54449385e-05
-5.90691418e-05
-2.79912253e-05
-1.43702087e-06
2.12363811e-05
4.05660426e-05
5.70042139e-05
7.09358409e-05
8.2692671e-05
9.2564032e-05
0.000100804999
0.000107642393
0.000113279221
0.00011789789
0.000121662603
0.000124721157
0.000127206403
0.000129237442
0.000130920443
0.000132348829
0.000133604362
0.000134765774
0.000135925494
0.000137151292
0.000138229029
-0.000646482942
-0.000503164162
-0.000406150356
-0.000325165898
-0.000254771447
-0.000194090983
-0.000142131488
-9.76639304e-05
-5.95903407e-05
-2.70000133e-05
8.70212265e-07
2.46665305e-05
4.49387894e-05
6.21570997e-05
7.67266021e-05
8.89993668e-05
9.92840711e-05
0.000107853314
0.000114949388
0.000120788561
0.000125564444
0.000129450523
0.000132602225
0.000135158574
0.000137243645
0.000138967566
0.000140426906
0.000141705908
0.000142885326
0.000144059357
0.000145297133
0.000146383835
-0.000655395563
-0.000511913909
-0.000414398798
-0.000332350312
-0.000260648082
-0.000198537923
-0.00014511535
-9.92260587e-05
-5.98248382e-05
-2.60323728e-05
2.89953063e-06
2.76144701e-05
4.86680353e-05
6.65412313e-05
8.16527441e-05
9.43691403e-05
0.000105013306
0.000113871073
0.000121196552
0.000127216283
0.00013213257
0.000136126129
0.000139358284
0.000141972805
0.000144097515
0.00014584549
0.000147315592
0.000148593861
0.000149762175
0.000150914774
0.000152121161
0.000153176057
-0.000661079484
-0.000517623648
-0.000419969937
-0.000337237122
-0.000264648589
-0.00020153949
-0.00014706541
-0.000100130153
-5.97332993e-05
-2.50243071e-05
4.72920599e-06
3.01651607e-05
5.18401955e-05
7.02411081e-05
8.57948918e-05
9.88777545e-05
0.000109822332
0.000118923813
0.000126444744
0.000132619089
0.000137655428
0.000141739702
0.000145037444
0.000147695776
0.000149845112
0.00015160051
0.000153062368
0.000154317903
0.000155449383
0.00015654967
0.000157687873
0.00015867673
-0.000664111718
-0.000520794762
-0.000423285326
-0.000340155638
-0.000267011302
-0.000203251033
-0.000148065368
-0.00010040155
-5.92958321e-05
-2.39225074e-05
6.43622675e-06
3.24111311e-05
5.45572525e-05
7.33635096e-05
8.92614316e-05
0.000102632954
0.000113816901
0.000123114485
0.000130793819
0.000137093742
0.000142226982
0.00014638287
0.00014972965
0.000152416531
0.000154575491
0.00015632273
0.000157759525
0.000158973763
0.000160047524
0.00016107125
0.000162113107
0.000163010101
-0.000665021677
-0.000521896386
-0.000424752674
-0.000341432681
-0.000267983227
-0.00020384478
-0.000148220281
-0.000100087709
-5.8512425e-05
-2.26891275e-05
8.08734354e-06
3.44404796e-05
5.69223188e-05
7.60215944e-05
9.21716762e-05
0.000105757356
0.000117120861
0.0001265668
0.000134366497
0.00014076158
0.000145967129
0.000150174338
0.000153552887
0.000156253015
0.000158407406
0.000160132713
0.000161530565
0.000162689117
0.000163689859
0.000164620131
0.000165546811
0.000166335089
-0.000664284394
-0.00052135375
-0.000424746749
-0.00034137661
-0.000267806269
-0.000203497831
-0.000147646939
-9.92515755e-05
-5.73998555e-05
-2.13025452e-05
9.73504431e-06
3.63298738e-05
5.90303519e-05
7.83237709e-05
9.46434989e-05
0.00010837522
0.000119862476
0.000129411333
0.000137294488
0.000143754752
0.000149008131
0.000153246489
0.000156639921
0.000159338877
0.000161476072
0.000163168091
0.000164516508
0.000165609458
0.000166527573
0.000167354752
0.000168156407
0.000168827633
-0.000662312643
-0.000519541905
-0.000423608356
-0.000340272784
-0.000266709544
-0.000202384064
-0.000146466585
-9.79661394e-05
-5.59884603e-05
-1.97565305e-05
1.1416062e-05
3.81408412e-05
6.09625467e-05
8.03664657e-05
9.67848595e-05
0.000110603012
0.000122164327
0.000131774951
0.000139707622
0.000146205162
0.000151483452
0.000155734139
0.00015912699
0.000161812056
0.000163921602
0.000165571765
0.000166863788
0.000167885578
0.000168716775
0.000169437758
0.000170112434
0.000170665661
-0.000659463317
-0.000516783609
-0.000421640518
-0.000338378628
-0.000264903882
-0.000200668654
-0.000144799775
-9.63101797e-05
-5.43190081e-05
-1.80585543e-05
1.31515703e-05
3.9918433e-05
6.27835712e-05
8.22300765e-05
9.86886742e-05
0.000112543375
0.000124136565
0.000133773495
0.000141726089
0.000148236354
0.000153519353
0.000157765898
0.000161144931
0.000163805696
0.000165879688
0.000167482358
0.000168714433
0.000169663466
0.000170408063
0.000171025212
0.00017157737
0.000172017556
-0.00065603188
-0.000513346129
-0.000419107703
-0.00033592235
-0.000262578572
-0.000198503375
-0.000142761484
-9.43633849e-05
-5.2438605e-05
-1.62263951e-05
1.49494897e-05
4.16925998e-05
6.4541648e-05
8.39780288e-05
0.000100430976
0.000114282572
0.00012587359
0.000135507843
0.000143455932
0.000149958555
0.000155229531
0.000159458468
0.000162813186
0.000165441878
0.000167475095
0.000169027462
0.000170199099
0.000171077127
0.000171739148
0.000172259027
0.000172697902
0.000173034315
-0.000652250362
-0.000509469703
-0.000416223922
-0.000333098461
-0.000259900894
-0.000196024141
-0.000140456669
-9.22013879e-05
-5.03957091e-05
-1.42833936e-05
1.68093664e-05
4.34828717e-05
6.62706797e-05
8.56565406e-05
0.000102070698
0.000115890209
0.000127453378
0.000137062664
0.000144987266
0.000151466389
0.000156712393
0.00016091352
0.000164236322
0.00016682785
0.000168817627
0.000170319412
0.000171432673
0.000172244076
0.000172830279
0.00017326239
0.000173600393
0.000173845089
-0.000648310909
-0.000505544806
-0.000413024704
-0.000330017134
-0.000257006033
-0.000193346342
-0.000137975292
-8.98909205e-05
-4.82350086e-05
-1.22527624e-05
1.87294177e-05
4.53074369e-05
6.79942784e-05
8.72921981e-05
0.000103648491
0.000117418382
0.000128936641
0.000138505537
0.00014639329
0.000152837699
0.000158049676
0.000162216108
0.00016550228
0.0001680541
0.000170000082
0.000171453129
0.000172512066
0.000173263105
0.000173782058
0.000174137659
0.000174388924
0.000174555426
-0.000644359576
-0.000501786436
-0.000409595486
-0.000326788782
-0.000254004339
-0.000190565542
-0.000135395665
-8.74941163e-05
-4.60043021e-05
-1.01718997e-05
2.06746055e-05
4.71283747e-05
6.97220035e-05
8.89469859e-05
0.000105225569
0.000118923082
0.000130379457
0.000139894989
0.000147735474
0.000154136865
0.000159308516
0.000163435888
0.000166682982
0.000169194565
0.000171098173
0.000172505875
0.000173515872
0.000174213941
0.000174675157
0.000174966257
0.000175145394
0.000175247684
-0.000640496792
-0.000498120797
-0.000406182932
-0.000323535739
-0.000250977538
-0.000187754389
-0.000132780065
-8.50594005e-05
-4.37376527e-05
-8.0651327e-06
2.26377302e-05
4.89656247e-05
7.14745348e-05
9.06219588e-05
0.000106805771
0.00012042213
0.000131810356
0.000141266953
0.000149055374
0.000155409961
0.000160538649
0.000164625588
0.000167833629
0.000170306492
0.000172170684
0.000173537649
0.000174505045
0.000175158139
0.000175571419
0.00017581004
0.000175931198
0.000175982311
-0.000636799426
-0.000494585198
-0.000402827264
-0.000320371586
-0.000247994925
-0.000184959834
-0.000130167031
-8.26136918e-05
-4.14420358e-05
-5.94972837e-06
2.46295673e-05
5.08461948e-05
7.32412286e-05
9.22810839e-05
0.000108380082
0.000121923719
0.000133247018
0.000142645643
0.000150382347
0.000156690468
0.000161776853
0.000165824661
0.00016899598
0.000171433611
0.000173260872
0.000174591472
0.00017552353
0.000176139992
0.000176514966
0.000176712685
0.000176789402
0.000176800394
-0.000633315907
-0.000491226848
-0.000399595769
-0.000317332723
-0.000245111246
-0.000182230996
-0.000127597563
-8.020279e-05
-3.91867192e-05
-3.7975454e-06
2.66449942e-05
5.27491341e-05
7.50334655e-05
9.39653265e-05
0.000109981936
0.000123454467
0.000134713989
0.000144055762
0.000151741968
0.000158005035
0.000163050839
0.000167061599
0.000170198385
0.000172603323
0.000174401516
0.000175703233
0.000176605194
0.000177191965
0.000177537164
0.000177703991
0.00017774841
0.00017773169
-0.000630068379
-0.000488070105
-0.000396543017
-0.000314419789
-0.00024233085
-0.000179586513
-0.000125091626
-7.78334177e-05
-3.69482905e-05
-1.67748905e-06
2.86562564e-05
5.46612441e-05
7.68370718e-05
9.56688656e-05
0.000111611453
0.000125019246
0.000136219972
0.000145509045
0.000153148414
0.000159369826
0.000164378418
0.000168355695
0.00017146205
0.000173839027
0.000175611342
0.000176888681
0.000177767371
0.000178331803
0.000178655244
0.000178800254
0.000178822518
0.00017878716
-0.000627060134
-0.000485122436
-0.000393675298
-0.000311655226
-0.000239674588
-0.000177044207
-0.000122665794
-7.55228668e-05
-3.47490851e-05
4.17196762e-07
3.06587842e-05
5.65746773e-05
7.86530439e-05
9.73989144e-05
0.000113276082
0.000126625504
0.00013777295
0.000147014196
0.000154611085
0.000160794866
0.000165770113
0.000169717789
0.000172797781
0.000175151165
0.000176902231
0.000178160307
0.000179021425
0.000179569722
0.000179878211
0.00018000906
0.000180017742
0.000179971407
-0.000624281152
-0.000482379224
-0.000390988772
-0.000309043912
-0.00023714827
-0.000174609622
-0.00012032631
-7.32789211e-05
-3.2599141e-05
2.4760811e-06
3.26329319e-05
5.84771733e-05
8.04886431e-05
9.91669667e-05
0.000114983072
0.000128277921
0.000139376872
0.000148575141
0.000156134086
0.000162284494
0.000167230486
0.00017115258
0.000174210249
0.000176544189
0.000178278352
0.000179521773
0.000180370232
0.000180907659
0.00018120688
0.000181329849
0.000181331894
0.000181280738
-0.000621712169
-0.000479826454
-0.000388472645
-0.0003065796
-0.000234747802
-0.000172280217
-0.000118072018
-7.11015684e-05
-3.04992327e-05
4.49817086e-06
3.4577513e-05
6.03548976e-05
8.2332725e-05
0.000100976648
0.000116734877
0.000129976796
0.000141031241
0.000150191266
0.000157716866
0.000163838255
0.00016875914
0.000172659653
0.000175698909
0.000178017293
0.000179738482
0.000180971274
0.000181811243
0.000182342144
0.00018263667
0.000182756698
0.000182757468
0.000182706196
-0.000619328536
-0.000477444198
-0.000386110791
-0.000304249827
-0.000232463111
-0.000170047559
-0.000115895165
-6.89823953e-05
-2.84375079e-05
6.50438938e-06
3.65266322e-05
6.22285697e-05
8.41638537e-05
0.000102790634
0.000118506722
0.000131706866
0.000142725424
0.000151854399
0.000159352812
0.000165450521
0.000170351016
0.000174234202
0.000177258969
0.000179565494
0.000181277266
0.000182502915
0.000183337859
0.000183865718
0.000184159098
0.000184279902
0.000184283325
0.000184235328
-0.000617103379
-0.000475209682
-0.000383884298
-0.000302039227
-0.000230281996
-0.000167902271
-0.000113788931
-6.69168809e-05
-2.64119844e-05
8.49301637e-06
3.84759976e-05
6.41154731e-05
8.59981518e-05
0.000104599985
0.000120288652
0.000133460617
0.000144452965
0.000153558346
0.000161035795
0.000167115146
0.000171999858
0.000175869766
0.000178883668
0.000181181636
0.000182887053
0.000184108443
0.000184941123
0.000185468609
0.000185763459
0.000185887678
0.000185896446
0.000185853989
-0.000615009422
-0.000473099056
-0.000381772957
-0.000299930878
-0.00022819108
-0.00016583461
-0.000111747499
-6.49038877e-05
-2.44285615e-05
1.04465506e-05
4.03982045e-05
6.60074426e-05
8.78583025e-05
0.000106428049
0.000122090931
0.000135240993
0.000146213268
0.000155300339
0.000162761503
0.0001688267
0.000173699388
0.000177559371
0.000180565407
0.000182857518
0.000184559031
0.000185778406
0.000186610887
0.000187139918
0.000187438037
0.000187567394
0.000187583177
0.00018754761
-0.000613020141
-0.000471088584
-0.000379756229
-0.000297906822
-0.000226175377
-0.000163832439
-0.000109761288
-6.29360591e-05
-2.24813999e-05
1.23707716e-05
4.22993066e-05
6.78998572e-05
8.97381601e-05
0.000108272983
0.00012390695
0.000137041339
0.000148000066
0.000157074038
0.000164523261
0.000170578081
0.00017544205
0.000179294996
0.000182295689
0.00018458415
0.000186283688
0.000187502738
0.000188336501
0.00018886837
0.000189170883
0.000189306365
0.000189330018
0.00018930197
-0.00061111084
-0.000469155859
-0.000377814568
-0.000295949504
-0.000224220008
-0.000161883424
-0.000107820216
-6.10053145e-05
-2.05636563e-05
1.42727381e-05
4.41855878e-05
6.97844399e-05
9.16197109e-05
0.000110129058
0.000125739237
0.000138862088
0.000149810931
0.000158875271
0.000166315741
0.000172363045
0.000177220827
0.000181068956
0.000184066232
0.000186352695
0.00018805166
0.000189271553
0.000190107551
0.000190643011
0.000190950489
0.000191092489
0.000191124234
0.000191103774
-0.000609259332
-0.000467280502
-0.000375930149
-0.000294042453
-0.000222310903
-0.000159975666
-0.000105914192
-5.91029827e-05
-1.86672434e-05
1.61614795e-05
4.60660196e-05
7.16580876e-05
9.34854249e-05
0.00011198597
0.000127587985
0.000140701792
0.000151642187
0.000160699091
0.000168133164
0.00017417512
0.00017902864
0.000182873632
0.000185868928
0.000188154589
0.000189853945
0.000191075421
0.000191914181
0.000192453558
0.000192766135
0.000192914591
0.000192954161
0.000192940929
-0.000607446365
-0.000465444597
-0.000374087357
-0.000292170757
-0.000220435517
-0.000158098747
-0.000104034725
-5.7222499e-05
-1.67877978e-05
1.8038434e-05
4.79395734e-05
7.35272936e-05
9.53479036e-05
0.000113844401
0.00012944409
0.000142552299
0.000153487013
0.000162539015
0.000169968945
0.000176007496
0.000180858404
0.000184701635
0.000187696072
0.000189981809
0.000191682198
0.000192905675
0.000193747403
0.000194290699
0.000194608178
0.000194762684
0.000194809451
0.000194802761
-0.000605655897
-0.000463632998
-0.000372273116
-0.000290321245
-0.000218582999
-0.000156243593
-0.0001021743
-5.5357945e-05
-1.49210634e-05
1.99060005e-05
4.98070567e-05
7.53933461e-05
9.72092377e-05
0.000115703759
0.000131303902
0.00014440935
0.000155340918
0.000164390162
0.000171817768
0.000177854454
0.000182704031
0.000186546543
0.000189540927
0.00019182732
0.000193529104
0.000194754735
0.000195599376
0.000196146344
0.000196468285
0.000196628188
0.000196681261
0.000196680192
-0.000603875198
-0.000461833562
-0.000370477167
-0.000288482595
-0.000216744672
-0.000154402792
-0.000100326708
-5.35044528e-05
-1.3063503e-05
2.17663651e-05
5.1669293e-05
7.72560511e-05
9.90695734e-05
0.000117564095
0.00013316609
0.000146270524
0.000157200695
0.000166248718
0.00017367532
0.000179711262
0.000184560432
0.000188402949
0.000191397807
0.000193685186
0.0001953885
0.000196616226
0.000197463535
0.000198013743
0.000198339533
0.000198504016
0.000198562339
0.000198565811
-0.000602094675
-0.000460037298
-0.000368691603
-0.00028664532
-0.000214914206
-0.000152570424
-9.84869437e-05
-5.16581054e-05
-1.12122105e-05
2.36215108e-05
5.35274273e-05
7.91158747e-05
0.000100928806
0.000119424627
0.000135029191
0.000148133775
0.000159063753
0.000168111627
0.000175538151
0.000181574127
0.000186423517
0.000190266504
0.000193262135
0.000195550631
0.000197255434
0.00019848504
0.000199334632
0.00019988753
0.000200216451
0.000200384597
0.000200447024
0.000200453873
-0.000600307404
-0.000458238308
-0.000366906354
-0.00028480573
-0.000213087506
-0.000150741545
-9.665101e-05
-4.98158472e-05
-9.36489731e-06
2.54730465e-05
5.53824567e-05
8.09733031e-05
0.000102786865
0.00012128467
0.00013689206
0.000149997595
0.000160928196
0.000169976637
0.000177403697
0.000183440216
0.000188290216
0.000192133935
0.000195130464
0.000197420055
0.000199126177
0.000200357344
0.000201208748
0.000201763716
0.000202094992
0.000202265824
0.00020233114
0.000202340293
-0.000598508413
-0.000456432071
-0.000365098579
-0.000282979484
-0.000211262518
-0.000148912633
-9.48162124e-05
-4.79755357e-05
-7.51987357e-06
2.73221975e-05
5.72351783e-05
8.28287635e-05
0.000104643745
0.00012314378
0.000138753971
0.000151861017
0.000162792789
0.000171842259
0.000179270241
0.000185307612
0.00019015844
0.000194003003
0.000197000426
0.000199290988
0.000200998177
0.00020223052
0.000203083218
0.000203639612
0.000203972456
0.000204144934
0.000204211706
0.000204222977
-0.000596696774
-0.000454617279
-0.000363280684
-0.000281154116
-0.00020943507
-0.000147081408
-9.29805221e-05
-4.61354715e-05
-5.67580763e-06
2.91699305e-05
5.9086237e-05
8.46826262e-05
0.000106499495
0.000125001786
0.000140614657
0.000153723628
0.000164656943
0.000173707735
0.000181136874
0.000187175272
0.000192027026
0.000195872447
0.000198870682
0.000201162027
0.000202869983
0.000204103087
0.000204956546
0.000205513708
0.000205847334
0.000206020566
0.000206087887
0.000206100105
-0.000594872914
-0.00045279356
-0.00036145531
-0.000279328573
-0.000207604785
-0.000145247554
-9.11434076e-05
-4.42951028e-05
-3.83221345e-06
3.10166134e-05
6.09358242e-05
8.65347877e-05
0.0001083538
0.000126858748
0.000142474522
0.000155585657
0.000166520691
0.000175572974
0.000183003412
0.000189042929
0.000193895645
0.000197741886
0.000200740812
0.000203032728
0.000204741143
0.000205974596
0.000206828299
0.0002073856
0.000207719258
0.000207892432
0.000207959695
0.000207971583
-0.000593038642
-0.000450962726
-0.000359622029
-0.000277503965
-0.000205772596
-0.000143411877
-8.93055928e-05
-4.24549891e-05
-1.98952017e-06
3.28618978e-05
6.2783525e-05
8.83843107e-05
0.000110204887
0.000128714578
0.000144335416
0.000157448502
0.000168384917
0.000177438619
0.000184870389
0.000190911062
0.000195764741
0.000199611751
0.000202611248
0.000204903536
0.000206612121
0.000207845545
0.000208699018
0.000209255882
0.000209588891
0.000209761261
0.000209827807
0.000209838289
-0.000591196809
-0.000449127542
-0.000357773501
-0.00027568953
-0.00020394187
-0.000141576429
-8.74687711e-05
-4.06163391e-05
-1.4840909e-07
3.47057226e-05
6.46301245e-05
9.02327656e-05
0.000112052594
0.000130567723
0.00014619687
0.000159312348
0.000170250068
0.00017930528
0.000186738556
0.000192780539
0.00019763528
0.000201483087
0.000204483108
0.000206775635
0.000208484169
0.00020971725
0.000210570089
0.000211126025
0.0002114578
0.000211628648
0.00021169356
0.00021170222
-0.000589352725
-0.000447292605
-0.000355923205
-0.000273878168
-0.000202115411
-0.000139744149
-8.56350845e-05
-3.87806657e-05
1.69024794e-06
3.6547997e-05
6.64766248e-05
9.20827521e-05
0.000113900349
0.000132418074
0.000148055992
0.000161175702
0.000172115931
0.000181173435
0.000188608809
0.000194652556
0.000199508682
0.000203357492
0.000206358127
0.000208650877
0.000210359243
0.000211591764
0.000212443658
0.000212998269
0.000213328324
0.000213497008
0.00021355941
0.00021356602
-0.000587512966
-0.000445463346
-0.000354082962
-0.000272069136
-0.000200296274
-0.000137918919
-8.38076486e-05
-3.69504545e-05
3.52438201e-06
3.83868193e-05
6.8320784e-05
9.39316516e-05
0.0001157492
0.000134269435
0.000149915136
0.00016304029
0.00017398426
0.000183044965
0.000190483145
0.000196529224
0.000201387179
0.000205237309
0.000208238759
0.000210531822
0.00021224
0.000213471842
0.000214322577
0.000214875564
0.000215203515
0.000215369552
0.00021542884
0.000215432802
-0.000585684968
-0.000443646354
-0.000352258989
-0.000270268951
-0.000198488813
-0.000136105004
-8.19900751e-05
-3.51286044e-05
5.3516576e-06
4.02202256e-05
7.01606763e-05
9.57773503e-05
0.000117598054
0.00013612373
0.000151777773
0.000164908984
0.000175857572
0.000184922351
0.000192364116
0.000198413201
0.00020327354
0.00020712543
0.000210128015
0.000212421593
0.00021412968
0.000215360836
0.000216210313
0.000216761488
0.000217087068
0.000217250105
0.000217305824
0.000217306648
-0.000583877092
-0.0004418494
-0.000350457545
-0.00026848505
-0.000196698288
-0.000134306957
-8.01861666e-05
-3.33180589e-05
7.16999433e-06
4.20470413e-05
7.19962276e-05
9.76208994e-05
0.000119447255
0.000137980628
0.000153644517
0.000166783109
0.000177737671
0.000186807777
0.000194254227
0.000200307256
0.000205170766
0.000209025051
0.000212029266
0.000214323726
0.000216031964
0.000217262569
0.000218110821
0.000218660131
0.000218983208
0.000219143035
0.000219194883
0.000219192225
-0.000582098526
-0.000440081073
-0.000348685762
-0.000266725062
-0.000194930676
-0.00013252978
-7.84000748e-05
-3.15220755e-05
8.97701814e-06
4.38657506e-05
7.38267865e-05
9.94624854e-05
0.000121297538
0.000139841041
0.000155516462
0.000168664183
0.000179626542
0.000188703632
0.000196156204
0.00020221441
0.000207082131
0.000210939673
0.000213946214
0.0002162421
0.000217950901
0.000219181247
0.000220028462
0.000220576006
0.0002208966
0.000221053164
0.000221101011
0.00022109469
-0.000580359095
-0.00043835051
-0.000346951423
-0.000264996786
-0.000193192391
-0.000130778816
-7.66362089e-05
-2.97441253e-05
1.07701835e-05
4.56746911e-05
7.56515483e-05
0.000101302206
0.000123149913
0.000141706153
0.00015739462
0.000170553571
0.000181526137
0.000190612356
0.000198072879
0.000204137825
0.000209011083
0.000212872991
0.000215882773
0.00021818083
0.000219890791
0.000221121347
0.000221967888
0.000222513934
0.000222832241
0.000222985677
0.000223029592
0.000223019609
-0.000578669031
-0.000436667136
-0.000345262676
-0.000263308036
-0.000191490006
-0.00012905954
-7.48990708e-05
-2.79877322e-05
1.25469483e-05
4.74723303e-05
7.74701351e-05
0.000103141285
0.00012500732
0.00014357722
0.000159278116
0.000172451376
0.000183437827
0.000192536149
0.000200007002
0.000206080665
0.000210961121
0.000214828783
0.000217842961
0.000220144148
0.000221856064
0.000223087491
0.000223933909
0.000224478923
0.00022479534
0.000224945993
0.000224986281
0.000224972851
-0.000577038683
-0.000435040395
-0.000343627737
-0.00026166645
-0.000189830016
-0.000127377412
-7.31931983e-05
-2.62565614e-05
1.43044853e-05
4.92566216e-05
7.92812332e-05
0.000104979299
0.000126870838
0.000145456041
0.00016116852
0.000174359548
0.000185364083
0.000194477916
0.000201961795
0.000208046404
0.000212935936
0.000216810938
0.000219830852
0.000222136307
0.000223851155
0.000225084302
0.000225931345
0.000226475998
0.000226791142
0.000226939608
0.000226976851
0.000226960442
-0.000575478158
-0.000433479397
-0.000342054553
-0.000260079223
-0.000188218582
-0.000125737662
-7.15230505e-05
-2.45544502e-05
1.6039367e-05
5.10241376e-05
8.10805139e-05
0.00010681015
0.00012873632
0.000147348097
0.000163075039
0.00017628349
0.000187309062
0.000196441582
0.000203941108
0.000210038854
0.000214939353
0.000218823339
0.000221850425
0.000224161408
0.000225880311
0.000227116194
0.000227964802
0.000228509981
0.000228824714
0.000228971861
0.000229006954
0.00022898832
-0.000573996822
-0.000431992451
-0.00034055033
-0.000258552652
-0.000186661008
-0.00012414469
-6.98922108e-05
-2.28842589e-05
1.7749352e-05
5.27731363e-05
8.28665376e-05
0.000108632201
0.000130601495
0.000149252937
0.000164999994
0.000178226207
0.000189275987
0.000198430249
0.000205948009
0.000212061118
0.000216974541
0.000220869245
0.000223905045
0.000226222951
0.000227947189
0.000229187009
0.000230038328
0.000230585155
0.000230900598
0.000231047597
0.000231081779
0.000231061985
-0.000572602813
-0.000430586573
-0.000339121088
-0.000257091668
-0.000185161315
-0.000122601658
-6.83030005e-05
-2.12474741e-05
1.94338101e-05
5.45041335e-05
8.46416892e-05
0.000110449042
0.000132462206
0.000151159089
0.000166940452
0.000180193126
0.000191269627
0.000200447306
0.000207985292
0.000214115797
0.000219044031
0.000222951179
0.000225997292
0.000228323617
0.000230054611
0.000231299743
0.000232155132
0.000232704967
0.000233022515
0.000233170849
0.000233205715
0.000233186151
-0.00057130256
-0.000429267001
-0.000337771276
-0.000255699409
-0.000183721902
-0.000121110319
-6.67564948e-05
-1.9644513e-05
2.10929717e-05
5.62180966e-05
8.64079912e-05
0.000112264049
0.000134321708
0.000153065426
0.000168893399
0.000182183387
0.000193289635
0.000202492772
0.000210053292
0.000216203472
0.000221148607
0.000225070109
0.000228128306
0.000230464725
0.00023220409
0.000233456123
0.000234317176
0.000234871645
0.000235192988
0.000235344472
0.000235381987
0.000235364371
-0.000570100261
-0.000428036599
-0.000336503428
-0.000254376701
-0.000182343206
-0.000119670812
-6.52524317e-05
-1.80747447e-05
2.27277513e-05
5.79160341e-05
8.81663496e-05
0.000114079033
0.000136187927
0.000154979639
0.000170856462
0.000184190423
0.000195331317
0.000204563803
0.000212150128
0.000218322797
0.000223287284
0.000227225329
0.000230297617
0.000232646021
0.00023439559
0.000235656346
0.000236524911
0.000237085917
0.000237413054
0.000237569851
0.000237612371
0.000237598762
-0.000568997214
-0.000426895075
-0.000335318355
-0.000253121097
-0.00018102318
-0.000118281532
-6.37890786e-05
-1.65362742e-05
2.4340012e-05
5.95993972e-05
8.9917388e-05
0.000115893485
0.000138059974
0.000156903077
0.000172832042
0.000186214559
0.000197393669
0.000206658998
0.000214274202
0.000220472017
0.000225458215
0.000229414953
0.000232503353
0.000234865695
0.00023662741
0.000237898882
0.000238777014
0.000239346711
0.000239681941
0.00023984658
0.000239896875
0.000239889692
-0.000567991052
-0.000425838571
-0.000334217277
-0.000251922354
-0.00017975438
-0.000116937709
-6.23618053e-05
-1.50247917e-05
2.59315131e-05
6.12702864e-05
9.16628189e-05
0.000117708071
0.000139937318
0.000158835567
0.000174820792
0.000188255523
0.000199474938
0.000208775799
0.000216422468
0.000222647726
0.000227657718
0.000231635116
0.000234741562
0.000237119852
0.000238895837
0.000240180066
0.000241070073
0.000241650975
0.000241996945
0.000242172321
0.00024223355
0.000242235543
-0.000567074873
-0.000424860519
-0.000333198028
-0.000250757499
-0.000178520047
-0.000115625921
-6.09577198e-05
-1.35310392e-05
2.74931872e-05
6.29248826e-05
9.34007838e-05
0.000119522083
0.000141820107
0.000160775244
0.000176818644
0.000190309335
0.000201571098
0.000210909846
0.000218590142
0.000224844779
0.000229880387
0.000233880251
0.000237006659
0.000239403235
0.000241196256
0.000242492396
0.000243396095
0.000243991554
0.000244351513
0.00024454098
0.000244616615
0.000244630709
-0.000566234593
-0.000423947905
-0.000332189697
-0.000249682936
-0.000177347732
-0.000114348449
-5.9582107e-05
-1.20572478e-05
2.9080787e-05
6.45929465e-05
9.51491799e-05
0.000121348093
0.000143718614
0.00016272595
0.000178820999
0.000192369984
0.000203677196
0.000213055314
0.000220770231
0.000227055216
0.000232117449
0.000236140867
0.000239288318
0.000241703706
0.000243513881
0.000244830293
0.00024575125
0.00024636251
0.000246738899
0.000246945798
0.000247040426
0.000247072113
-0.000565449498
-0.000423078936
-0.000331187313
-0.000248647063
-0.00017618852
-0.000113072068
-5.82030641e-05
-1.05799361e-05
3.06550172e-05
6.625644e-05
9.68965281e-05
0.000123174753
0.000145621466
0.000164683752
0.00018082884
0.000194434985
0.000205787711
0.000215204716
0.000222953857
0.000229269106
0.000234358225
0.000238405804
0.00024157533
0.000244011267
0.000245841035
0.00024717679
0.000248116948
0.000248747655
0.000249144177
0.000249372594
0.000249490906
0.00024954439
-0.000564693316
-0.000422225342
-0.000330205817
-0.000247589857
-0.000175014714
-0.000111784804
-5.6811562e-05
-9.08946067e-06
3.22395169e-05
6.79282929e-05
9.86466765e-05
0.000124995347
0.00014752227
0.000166664059
0.000182857895
0.000196501271
0.000207894846
0.000217348284
0.000225129437
0.000231473211
0.000236588111
0.000240659362
0.000243851077
0.000246308323
0.000248159069
0.000249515944
0.000250477781
0.000251131024
0.000251551328
0.00025180567
0.000251952601
0.000252031273
-0.000563927786
-0.000421348474
-0.000329201618
-0.000246488115
-0.000173799144
-0.000110459259
-5.5383438e-05
-7.56462942e-06
3.38554647e-05
6.96295086e-05
0.000100426915
0.000126845382
0.000149431175
0.000168630241
0.00018486572
0.000198540696
0.000209974566
0.000219464269
0.000227276273
0.000233647068
0.000238786443
0.000242880501
0.000246094089
0.000248572942
0.000250445623
0.000251825262
0.000252811088
0.000253489842
0.000253937605
0.000254222378
0.000254403195
0.000254511747
-0.000563102339
-0.000420403264
-0.00032812455
-0.000245306182
-0.00017250706
-0.0001090631
-5.38916572e-05
-5.98458646e-06
3.55171558e-05
7.13672152e-05
0.000102236455
0.000128717279
0.000151330504
0.000170562754
0.000186849139
0.000200558323
0.000212023983
0.000221541896
0.000229378607
0.0002357716
0.000240931684
0.0002450458
0.000248279516
0.000250779203
0.000252673982
0.000254077452
0.000255089195
0.000255796211
0.000256275003
0.000256594676
0.000256814734
0.000256958342
-0.000562152977
-0.000419361679
-0.000326903847
-0.000243993545
-0.000171097612
-0.000107559928
-5.23058057e-05
-4.32666034e-06
3.72380263e-05
7.31423534e-05
0.000104057337
0.000130576945
0.000153221765
0.000172497226
0.000188824782
0.000202553223
0.000214032802
0.000223564763
0.000231415534
0.000237822519
0.000242996974
0.00024712642
0.000250376981
0.000252895535
0.000254811649
0.000256239304
0.00025727836
0.000258016
0.000258529117
0.000258887997
0.000259152605
0.000259336368
-0.000561016029
-0.000418292171
-0.000325369194
-0.000242462252
-0.000169516202
-0.00010590322
-5.05855106e-05
-2.55703391e-06
3.90465194e-05
7.49809074e-05
0.000105917744
0.00013245466
0.000155125188
0.000174416705
0.000190745351
0.000204478641
0.000215961953
0.000225497406
0.000233352317
0.000239764738
0.000244946507
0.000249085701
0.000252348951
0.000254883574
0.000256819516
0.000258271058
0.000259338255
0.000260108394
0.000260658715
0.000261060744
0.000261374887
0.000261603608
-0.000559603531
-0.000416990333
-0.000323544218
-0.000240666467
-0.000167702242
-0.000104040546
-4.86878264e-05
-6.41355984e-07
4.09688101e-05
7.6901888e-05
0.000107831787
0.000134359012
0.000157019091
0.000176290418
0.000192596655
0.000206315518
0.000217786041
0.000227309944
0.000235155686
0.000241562192
0.000246741884
0.000250883299
0.000254153455
0.000256699988
0.000258653095
0.000260127235
0.00026122254
0.000262026288
0.00026261599
0.000263064449
0.00026343248
0.000263710408
-0.000557823588
-0.000415297361
-0.000321382665
-0.000238543402
-0.000165586465
-0.000101912388
-4.65651539e-05
1.45682373e-06
4.30304033e-05
7.89194734e-05
0.000109801052
0.000136278206
0.000158888178
0.000178109607
0.000194368668
0.000208045234
0.000219478216
0.00022896969
0.00023678868
0.000243174557
0.000248340052
0.000252473925
0.00025574335
0.000258296069
0.000260262332
0.000261756597
0.000262878906
0.000263716377
0.000264346688
0.000264843899
0.000265269193
0.000265599723
-0.00055557208
-0.000413107862
-0.000318787138
-0.000236006945
-0.000163092703
-9.94543923e-05
-4.41654807e-05
3.7774957e-06
4.52597822e-05
8.10512395e-05
0.000111833037
0.000138211476
0.000160726276
0.000179857865
0.000196034002
0.000209635739
0.000221002625
0.000230437117
0.000238208466
0.00024455614
0.000249692867
0.000253807328
0.000257066565
0.000259618146
0.000261592121
0.000263102712
0.000264249666
0.000265119757
0.000265790678
0.000266337686
0.000266822242
0.000267207566
-0.000552729284
-0.000410311005
-0.000315651486
-0.000232962084
-0.000160139409
-9.65982803e-05
-4.14338932e-05
6.36235454e-06
4.76859112e-05
8.33141865e-05
0.000113933783
0.000140155173
0.000162521219
0.0001815146
0.000197564644
0.000211053394
0.00022232088
0.000231669685
0.000239368939
0.00024565782
0.000250748655
0.000254829653
0.000258067343
0.00026060877
0.000262583457
0.000264105104
0.000265272897
0.000266173042
0.000266883067
0.000267479285
0.000268023298
0.000268463966
-0.000549162993
-0.0004067846
-0.000311861803
-0.000229307825
-0.000156640097
-9.32722349e-05
-3.83132918e-05
9.25406487e-06
5.03376964e-05
8.57244132e-05
0.000116107722
0.000142103297
0.000164257797
0.000183056477
0.000198930251
0.000212261952
0.000223391782
0.000232622046
0.000240221281
0.000246427874
0.000251453236
0.000255484604
0.000258687524
0.000261208073
0.000263174851
0.000264700676
0.000265883863
0.000266809788
0.00026755562
0.000268198526
0.000268799748
0.000269293019
-0.000544730891
-0.000402397542
-0.000307297136
-0.000224938032
-0.000152504525
-8.94021136e-05
-3.47455687e-05
1.24952184e-05
5.32431173e-05
8.82964658e-05
0.000118357298
0.000144047591
0.000165918428
0.000184457888
0.000200098405
0.000213223305
0.000224172511
0.000233247495
0.000240715588
0.000246813741
0.000251751814
0.000255715457
0.000258868653
0.000261355985
0.000263304654
0.000264826171
0.000266017618
0.000266963235
0.000267739635
0.000268424634
0.000269078076
0.000269615126
-0.000539282543
-0.000397011892
-0.000301831421
-0.000219743112
-0.000147640393
-8.49130591e-05
-3.06730165e-05
1.61271507e-05
5.6428321e-05
9.10427333e-05
0.000120682706
0.00014597764
0.000167483627
0.000185691712
0.000201035647
0.000213898803
0.000224620206
0.00023349977
0.000240802841
0.000246764141
0.000251591199
0.000255467334
0.000258554278
0.000260994489
0.000262913199
0.000264420128
0.000265610701
0.000266567577
0.000267366074
0.000268084221
0.000268784505
0.000269376219
-0.000532661777
-0.000390485095
-0.000295335829
-0.000213612149
-0.000141955391
-7.9731347e-05
-2.6039936e-05
2.01886478e-05
5.99166797e-05
9.39729047e-05
0.000123081762
0.000147881182
0.000168932739
0.000186730432
0.000201708949
0.000214251061
0.000224694078
0.00023333544
0.00024043755
0.000246231946
0.000250922901
0.000254690541
0.000257693548
0.000260071536
0.000261947137
0.000263427718
0.000264606589
0.000265564517
0.00026637531
0.000267116288
0.000267849303
0.000268478801
-0.000524709426
-0.000382672558
-0.000287681435
-0.000206435397
-0.000135359518
-7.37864945e-05
-2.07944307e-05
2.47145219e-05
6.37278067e-05
9.70934572e-05
0.000125549898
0.000149744593
0.000170244907
0.000187547559
0.000202087547
0.000214246153
0.000224357919
0.000232716677
0.000239580731
0.000245177305
0.000249706346
0.00025334379
0.000256244364
0.000258544028
0.000260362098
0.000261802967
0.000262957296
0.000263903572
0.000264713927
0.000265464667
0.000266214754
0.000266856109
-0.000515266452
-0.000373430569
-0.000278742229
-0.000198107116
-0.000127767737
-6.70136313e-05
-1.48904354e-05
2.97340208e-05
6.7876466e-05
0.000100407123
0.000128080198
0.000151553509
0.000171400248
0.000188119319
0.000202145098
0.000213856191
0.000223583048
0.000231614517
0.000238203442
0.000243571426
0.000247912874
0.000251398412
0.000254177813
0.000256382492
0.000258127672
0.000259514111
0.00026062928
0.000261548894
0.000262342785
0.000263085416
0.000263833922
0.000264476894
-0.000504177378
-0.000362619492
-0.000268398473
-0.000188528784
-0.000119102938
-5.93561677e-05
-8.29001395e-06
3.52689831e-05
7.23712827e-05
0.000103912215
0.000130663378
0.000153293445
0.00017238109
0.000188426465
0.000201862003
0.000213062094
0.000222351462
0.000230012336
0.000236290523
0.000241400533
0.00024552987
0.000248842639
0.000251482578
0.000253575628
0.000255232108
0.000256548431
0.000257608306
0.000258484237
0.000259243235
0.000259957073
0.000260680785
0.000261304879
-0.000491293946
-0.000350107108
-0.000256540331
-0.000177612654
-0.000109299216
-5.07687007e-05
-9.65965868e-07
4.13316469e-05
7.72131034e-05
0.000107601647
0.000133287512
0.000154950234
0.000173173091
0.000188456018
0.000201227703
0.000211856364
0.000220659024
0.000227909381
0.000233844419
0.000238669919
0.000242565022
0.000245686021
0.000248169515
0.000250134977
0.000251686955
0.000252916796
0.000253903901
0.000254717174
0.000255420311
0.000256081439
0.000256752994
0.000257333343
-0.00047647868
-0.000335771778
-0.000243071589
-0.000165285828
-9.83058213e-05
-4.12205889e-05
7.09483081e-06
4.79217167e-05
8.23926716e-05
0.000111461337
0.000135937218
0.00015651
0.000173765949
0.000188202636
0.000200242618
0.000210245502
0.000218518253
0.000225323844
0.000230888443
0.000235407325
0.000239049724
0.000241962813
0.000244274909
0.000246098076
0.000247530305
0.000248657143
0.000249553006
0.000250283081
0.000250907271
0.000251489016
0.000252077623
0.000252586069
-0.000459607755
-0.000319505239
-0.000227915143
-0.000151498548
-8.60937945e-05
-3.07002404e-05
1.58862272e-05
5.50213872e-05
8.78866629e-05
0.000115467328
0.000138591812
0.000157958278
0.000174153398
0.000187669389
0.00019891959
0.000208252035
0.000215960889
0.000222295951
0.000227470429
0.000231667263
0.000235044245
0.000237738153
0.000239868088
0.000241538125
0.000242838672
0.000243847107
0.000244632009
0.000245257005
0.000245776137
0.000246248218
0.000246719384
0.000247124736
-0.000440570076
-0.000301213696
-0.000211025161
-0.000136246104
-7.26526916e-05
-1.9196571e-05
2.53838941e-05
6.25910091e-05
9.36533706e-05
0.000119582279
0.000141222612
0.000159278174
0.000174332204
0.000186867445
0.000197284108
0.000205915093
0.000213038623
0.000218888593
0.000223662932
0.000227530263
0.000230635124
0.000233102075
0.00023503954
0.000236543993
0.000237698615
0.000238556747
0.00023921523
0.000239731585
0.000240124504
0.00024045753
0.000240775078
0.000241043429
-0.000419249512
-0.000280799894
-0.000192375567
-0.000119564555
-5.79345522e-05
-6.6383036e-06
3.55462391e-05
7.0567326e-05
9.96299065e-05
0.000123752049
0.000143789945
0.000160448118
0.00017430055
0.000185815
0.00019537366
0.000203290057
0.000209823039
0.000215187686
0.000219564237
0.000223105078
0.000225939606
0.000228178242
0.0002299159
0.000231247519
0.000232298275
0.000233072828
0.000233546877
0.000233848003
0.000234077103
0.000234248
0.000234379838
0.000234477284
-0.000395504696
-0.000258115085
-0.000171840262
-0.000101297432
-4.21242028e-05
6.54736766e-06
4.61247485e-05
7.879625e-05
0.000105693282
0.000127877211
0.000146226927
0.000161432935
0.000174052813
0.000184534384
0.000193236808
0.000200449255
0.000206408832
0.00021130909
0.000215310379
0.000218547641
0.00022113599
0.000223175305
0.000224752859
0.000225929741
0.000226711793
0.000227240616
0.000227653411
0.000227893439
0.000227954083
0.000227909354
0.000227806992
0.000227700064
-0.000369314555
-0.000233138187
-0.000149571795
-8.15346172e-05
-2.55651478e-05
2.00935125e-05
5.70912796e-05
8.71112498e-05
0.000111699661
0.000131813082
0.000148442387
0.00016218455
0.000173577638
0.000183047192
0.000190924295
0.000197470387
0.000202894905
0.000207367382
0.000211026789
0.000213988693
0.000216350788
0.000218196668
0.00021959868
0.000220617938
0.00022130855
0.000221739844
0.000221938714
0.000221938924
0.000221796129
0.0002215309
0.000221170236
0.00022082455
-0.000340649851
-0.000205810122
-0.000125742513
-6.04233202e-05
-8.09100087e-06
3.38433986e-05
6.79719282e-05
9.53070095e-05
0.000117442274
0.000135512261
0.000150370541
0.000162656204
0.000172865845
0.000181382108
0.000188499382
0.000194446236
0.000199402361
0.000203510974
0.000206887972
0.000209628755
0.000211813349
0.000213509692
0.000214776872
0.000215666847
0.000216226843
0.000216502118
0.00021653541
0.000216359509
0.00021600579
0.000215489613
0.000214834421
0.000214217925
-0.000309513795
-0.000176410754
-0.000100546705
-3.87050514e-05
9.95040733e-06
4.81530371e-05
7.86914207e-05
0.000103073127
0.000122709158
0.00013869809
0.000151849887
0.000162764193
0.000171887792
0.000179555014
0.000186017621
0.000191467141
0.000196051273
0.00019988576
0.000203062944
0.000205657947
0.000207733198
0.000209341879
0.000210529853
0.000211337681
0.000211802693
0.000211959709
0.00021184247
0.000211483171
0.00021090732
0.000210120403
0.000209141942
0.000208225642
-0.000275799708
-0.000145529188
-7.37005219e-05
-1.65003332e-05
2.77454145e-05
6.19525187e-05
8.87833258e-05
0.000110066892
0.000127187489
0.000141164584
0.000152733541
0.000162422782
0.000170613733
0.000177583775
0.000183536745
0.000188624481
0.000192961953
0.000196637807
0.000199721706
0.000202269471
0.000204326745
0.000205931663
0.000207116834
0.000207911106
0.000208340118
0.000208428356
0.00020820079
0.000207683561
0.00020689574
0.000205831
0.000204503209
0.000203256312
-0.000239286628
-0.000113209236
-4.55487231e-05
5.785448e-06
4.47193097e-05
7.44640339e-05
9.75071001e-05
0.000115736355
0.000130476609
0.00014263826
0.000152848013
0.000161539592
0.000169015657
0.000175490121
0.000181116777
0.000186008397
0.000190249416
0.00019390429
0.000197023021
0.000199644816
0.000201800657
0.000203515198
0.000204808139
0.000205695143
0.000206188658
0.000206299297
0.000206038486
0.000205420244
0.000204451484
0.000203108992
0.000201406011
0.000199786913
-0.000199685965
-7.91738467e-05
-1.72908402e-05
2.7174322e-05
6.01262732e-05
8.49726264e-05
0.000104201745
0.000119569374
0.000132222458
0.000142898323
0.000152077204
0.000160077112
0.000167112582
0.00017333229
0.000178842681
0.000183722472
0.000188031606
0.000191816698
0.000195114165
0.00019795193
0.000200350614
0.000202324784
0.000203883694
0.000205030421
0.000205761644
0.00020606689
0.000205930121
0.000205342295
0.000204285663
0.00020269967
0.000200573796
0.000198499962
-0.000156253775
-4.34463141e-05
1.01044931e-05
4.62727288e-05
7.25351783e-05
9.24166535e-05
0.000108133331
0.000121102748
0.00013217238
0.000141844065
0.00015042336
0.000158103299
0.00016501039
0.000171233882
0.000176841992
0.000181889281
0.000186420943
0.000190475117
0.000194083311
0.000197269323
0.000200048879
0.000202433634
0.000204433401
0.00020604397
0.000207253509
0.000208036798
0.000208320882
0.000208039742
0.000207127257
0.0002054453
0.000202877787
0.000200261285
-0.000107440209
-6.96030692e-06
3.45263551e-05
6.10009964e-05
8.03937216e-05
9.5810662e-05
0.000108788538
0.000120162349
0.000130369589
0.000139643559
0.000148116031
0.000155869019
0.000162953718
0.000169414886
0.000175300512
0.000180657278
0.000185530675
0.000189966126
0.000194008161
0.000197693615
0.000201043362
0.000204088961
0.000206879763
0.000209400366
0.000211624344
0.000213568285
0.000215046732
0.000215787102
0.00021561988
0.000214322923
0.000211483102
0.000208437932
-4.24573747e-05
2.91298359e-05
5.17413785e-05
6.76964654e-05
8.12774203e-05
9.37773949e-05
0.000105533723
0.000116609235
0.000126993848
0.000136678269
0.000145664323
0.000153945591
0.000161524127
0.000168436293
0.000174736588
0.000180479131
0.000185720946
0.00019052852
0.000194983383
0.000199157388
0.000203037377
0.000206573458
0.000209879377
0.0002132819
0.000217065441
0.000220849264
0.000223677889
0.000225483225
0.000227042261
0.000228189394
0.000227836741
0.000225776067
6.46112633e-05
6.48619246e-05
6.23750589e-05
6.80872169e-05
7.77924672e-05
8.91335376e-05
0.00010094273
0.00011257155
0.000123662348
0.000134101501
0.000143879266
0.000152904188
0.000161079401
0.000168463313
0.000175160639
0.000181236696
0.000186753963
0.000191793816
0.000196498151
0.000201023694
0.000205401012
0.000209572704
0.000213607871
0.000217814089
0.000222895597
0.000229750008
0.000238625755
0.000250126477
0.000265205438
0.000285365723
0.000314261087
0.000349256913
)
;

boundaryField
{
    inner_wall
    {
        type            zeroGradient;
    }
    outer_wall
    {
        type            zeroGradient;
    }
    top
    {
        type            zeroGradient;
    }
    bottom
    {
        type            fixedValue;
        value           uniform 0;
    }
    front
    {
        type            wedge;
    }
    back
    {
        type            wedge;
    }
}


// ************************************************************************* //
