/*--------------------------------*- C++ -*----------------------------------*\
| =========                 |                                                 |
| \\      /  F ield         | OpenFOAM: The Open Source CFD Toolbox           |
|  \\    /   O peration     | Version:  2506                                  |
|   \\  /    A nd           | Website:  www.openfoam.com                      |
|    \\/     M anipulation  |                                                 |
\*---------------------------------------------------------------------------*/
FoamFile
{
    version     2.0;
    format      ascii;
    arch        "LSB;label=32;scalar=64";
    class       volScalarField;
    location    "190";
    object      C;
}
// * * * * * * * * * * * * * * * * * * * * * * * * * * * * * * * * * * * * * //

dimensions      [0 0 0 0 0 0 0];

internalField   nonuniform List<scalar> 
3072
(
2.46904101e-09
-3.45332092e-07
-1.23436363e-06
2.20521389e-05
5.9875844e-05
-0.000106081513
-0.00073928115
-0.00177126235
-0.00300339869
-0.00464075139
-0.00775997085
-0.0181166468
-0.0373483594
-0.0523958401
-0.015804576
0.143510148
0.433815922
0.74660206
0.959138341
1.03533278
1.02864443
1.00650239
0.997251563
0.997981738
1.00156756
1.00557655
1.00717729
1.00146953
0.979958443
0.903135123
0.682211679
0.263392239
-2.21032866e-09
2.9887075e-07
1.17091037e-05
-2.21936856e-05
-0.0002662404
-0.000343473209
0.000963714973
0.00426939559
0.00824415631
0.0102175005
0.00724120102
-0.00306553351
-0.0254776683
-0.0514104706
-0.0240984362
0.140471472
0.444248938
0.76451352
0.971445188
1.03740063
1.02571382
1.004293
0.996913502
0.998348517
1.00195728
1.00588914
1.00717777
1.00085131
0.978438057
0.899811504
0.677067998
0.259344639
9.60356877e-09
2.72662273e-06
-4.5002084e-06
-0.000175006583
-0.000171749158
0.00190170451
0.00730160971
0.0135453771
0.0168592801
0.0167127894
0.0146737342
0.00769359119
-0.0139738299
-0.0485625018
-0.0309089178
0.135372463
0.447567461
0.772888787
0.977109126
1.03781903
1.02399795
1.00329068
0.996864734
0.998555871
1.00214579
1.00603737
1.00716225
1.00056414
0.977905768
0.899161887
0.677356995
0.262209635
1.42177054e-08
3.6761752e-06
-2.61727613e-05
-0.000278632238
0.000254623043
0.00449119731
0.0121042302
0.0176200313
0.0183248411
0.0174608419
0.015457671
0.0128181573
-0.00597016895
-0.0462182105
-0.0327503578
0.140622187
0.462871908
0.790058491
0.986095106
1.03814478
1.02154002
1.0019907
0.996823747
0.998821865
1.00238653
1.00622428
1.00713812
1.0002022
0.977224519
0.898178835
0.676933501
0.26472374
3.24107717e-10
4.08792369e-06
-2.83055503e-05
-0.000298478831
0.000333735189
0.00511967707
0.0134784872
0.018961084
0.019680173
0.0185441808
0.0144598549
0.0126982619
-0.00713931589
-0.0475912736
-0.0229863743
0.169857684
0.503820898
0.82243505
0.99902217
1.03746336
1.01801117
1.00051796
0.996896723
0.999160982
1.00267752
1.00644207
1.00707874
0.999732581
0.976347079
0.896839989
0.676137376
0.267698887
-1.07052827e-07
4.47771282e-06
-1.94891051e-05
-0.000288284739
8.56113322e-05
0.0038926342
0.0109661413
0.016285375
0.0183765754
0.0160735174
0.0129100297
0.00944569139
-0.016006227
-0.0505302451
0.00559274568
0.237200875
0.581156212
0.873846069
1.01541133
1.03465405
1.01298234
0.998872305
0.997146747
0.99962407
1.00307653
1.00672896
1.00694672
0.999008348
0.974928946
0.894308288
0.673459759
0.269486301
-2.78395511e-08
4.87392108e-06
-4.82523865e-06
-0.000244581937
-0.000215786823
0.00196881021
0.00647655948
0.0103925977
0.0118308255
0.00997764165
0.00909262389
0.000804329267
-0.0318072408
-0.0435546922
0.0734028208
0.356436555
0.695351779
0.937452401
1.02977366
1.0281815
1.00688585
0.997507848
0.997670073
1.00021421
1.00361168
1.00708905
1.00667831
0.997900772
0.972723089
0.890070882
0.668185967
0.269423821
-1.08301636e-06
3.42344091e-06
8.44829232e-06
-0.00017238582
-0.000357365441
0.00046494673
0.00249908319
0.00450280109
0.00479300805
0.00473360809
0.00314934169
-0.0167664577
-0.0443822822
0.00371374739
0.20899064
0.532141658
0.830595981
0.996080348
1.03455372
1.01788591
1.00115567
0.996993441
0.998459258
1.00090449
1.00430504
1.00749483
1.00617678
0.996272699
0.969493549
0.883673454
0.659729472
0.266966004
3.19143512e-06
7.11598869e-06
2.34456039e-05
-8.48903367e-05
-0.000306124455
-0.000220360218
0.000317873743
0.000822710015
0.00107552969
0.00126855585
-0.0114144048
-0.0369568753
-0.0145253069
0.140906682
0.430342462
0.742120753
0.952729081
1.02972094
1.0263014
1.0065158
0.997638213
0.9975353
0.99935072
1.00168266
1.00517155
1.00786726
1.00530654
0.993983515
0.96502138
0.874763432
0.647790351
0.261916675
-1.91770397e-05
-1.91359303e-05
-5.21883808e-07
-4.33388732e-05
-0.000190792571
-0.00031682132
-0.000322778688
-0.000389175462
-0.000126067557
-0.0109357043
-0.0312807139
-0.00775496135
0.134614639
0.403332175
0.706387225
0.928064242
1.02334838
1.03025626
1.01066218
0.998735057
0.997147848
0.998640844
1.00014793
1.0026118
1.00619699
1.00805935
1.00390069
0.990893352
0.959087466
0.86305214
0.632273023
0.254319551
9.70586326e-05
0.000106303896
0.000131686094
0.000112790817
4.52694163e-05
-8.64925483e-05
-0.000158668356
-0.000204865474
-0.0123049548
-0.0238182946
0.0229372728
0.185819911
0.453605106
0.737392667
0.93947674
1.02565921
1.03116713
1.01155027
0.998971442
0.996973615
0.998450122
0.999517085
1.00088864
1.0038127
1.00728109
1.00785356
1.00178614
0.986874303
0.951468619
0.848319388
0.613281125
0.244423647
-0.000544852205
-0.000596432867
-0.000617320804
-0.000484002459
-0.0004411996
4.38856104e-07
-0.0010927543
-0.0132326983
0.00215728037
0.103935058
0.314156417
0.586071747
0.831613655
0.983705014
1.03572514
1.02850425
1.008258
0.997719259
0.996900092
0.998663006
0.999439097
0.999972662
1.00189633
1.00531672
1.00819346
1.00699582
0.998823633
0.981821649
0.941944345
0.8304413
0.59111669
0.232633381
0.00332035616
0.00362468355
0.00374974661
0.00251624705
0.0016382992
-0.00363207843
0.0122395206
0.1080039
0.300739985
0.552470975
0.792219578
0.958672147
1.03288522
1.03909723
1.01856945
1.00130487
0.995887716
0.997344955
0.999290855
0.999630855
0.999532535
1.00061888
1.00341803
1.00692482
1.00861017
1.00526526
0.994947756
0.975660338
0.930321825
0.809446882
0.5662937
0.219467094
-0.0243179754
-0.0268850408
-0.0268571344
-0.00571874227
0.0709978347
0.226332812
0.445374027
0.678656983
0.873841646
0.997661086
1.04697099
1.0443044
1.02144824
1.00221828
0.994861914
0.995901702
0.998853687
1.00015028
0.999793434
0.999264567
0.999817066
1.00195705
1.00529294
1.00826542
1.00822507
1.00254762
0.990189839
0.968348591
0.916487125
0.785593774
0.539546176
0.205514612
0.328394528
0.422991386
0.559343435
0.719878301
0.865025336
0.975935051
1.04275488
1.06612449
1.05714172
1.03288697
1.00935271
0.995634976
0.99248229
0.995321905
0.998970577
1.00072445
1.00056275
0.999650304
0.999035944
0.999341582
1.00092853
1.00379395
1.00711638
1.00898229
1.00685205
0.998881129
0.9846761
0.959889367
0.900486653
0.759443935
0.511814506
0.191392656
1.02866543
1.04565121
1.05253229
1.04866236
1.0367682
1.0207549
1.00511531
0.993766898
0.988721623
0.989462622
0.993516818
0.997927983
1.00072137
1.00149609
1.00097149
1.00007368
0.999340698
0.998958737
0.999124488
1.00021493
1.00252096
1.00572595
1.00853929
1.00884156
1.00448208
0.994464926
0.978604995
0.950363718
0.882627322
0.731907108
0.484195238
0.177698112
0.996109433
0.993354587
0.991442639
0.990971523
0.991964791
0.99415188
0.99697177
0.999673924
1.00156882
1.00231078
1.00203236
1.00122369
1.00042077
0.999908604
0.9996394
0.999407103
0.999134865
0.999059959
0.999674973
1.00142642
1.0042966
1.00747117
1.00931137
1.00777981
1.00130822
0.989621439
0.972218588
0.939990599
0.863559147
0.704214882
0.457849602
0.164962818
1.00067368
1.00117645
1.00159272
1.00178963
1.00172856
1.00141562
1.00091158
1.00033698
0.999846212
0.99957088
0.999557176
0.999733496
0.999933373
0.999971641
0.999746599
0.99933065
0.999011364
0.99924377
1.00048071
1.00288889
1.00604278
1.00877081
1.0093274
1.00595232
0.997684413
0.984719527
0.965790378
0.929190515
0.844284637
0.677801435
0.433881178
0.15361545
0.999869631
0.999769807
0.999680552
0.999629746
0.999625813
0.999668571
0.999751068
0.999861339
0.999984955
1.00010538
1.00019881
1.00022551
1.00012938
0.999862951
0.99944661
0.999042081
0.998985304
0.999711042
1.00153929
1.00437911
1.00749453
1.0095027
1.00870098
1.00368321
0.994017344
0.98010182
0.959633161
0.91860069
0.826049658
0.654101638
0.41320783
0.143955838
1.00002666
1.00004773
1.00006814
1.00008187
1.00008428
1.00007135
1.00004521
1.00001898
1.00001365
1.00004278
1.00009006
1.00009586
0.999973956
0.999669623
0.999244525
0.998941203
0.999163338
1.0003282
1.00261004
1.0056731
1.00854274
1.00973798
1.00768897
1.00134175
0.990664553
0.976045651
0.954096155
0.908994438
0.810121423
0.634318678
0.396459092
0.136144811
0.999994126
0.999989605
0.99998592
0.999984119
0.999981848
0.999976324
0.99997073
0.999977786
1.0000131
1.00007681
1.00013281
1.00010525
0.999911301
0.999532399
0.999096042
0.998912998
0.999411812
1.00094978
1.00354953
1.00667883
1.00921097
1.00964755
1.0065774
0.999241253
0.987876532
0.972747117
0.949520175
0.901111303
0.797525191
0.619235073
0.383923496
0.130209782
1.00000113
1.00000228
1.00000406
1.0000059
1.00000442
0.99999657
0.999987047
0.999991439
1.00002664
1.00008884
1.00013231
1.00007255
0.999831091
0.999416412
0.99900223
0.998942039
0.999668866
1.00147946
1.00427491
1.00738415
1.00959221
1.00942007
1.00559772
0.997583659
0.985781257
0.970311823
0.946158067
0.895469292
0.78884291
0.609125423
0.37555438
0.126063789
0.999999578
0.999999443
1.00000002
1.00000101
0.999998906
0.999990814
0.999982443
0.999990721
1.00003205
1.00009804
1.00013499
1.00005278
0.999778346
0.999342052
0.9989508
0.998984534
0.999872173
1.00186131
1.00476748
1.00783149
1.00979243
1.00919958
1.0048862
0.996452575
0.984398285
0.968749288
0.94410502
0.892249482
0.78414696
0.603785864
0.371025943
0.12353413
0.999999924
1.00000009
1.00000097
1.00000216
1.00000001
0.999991597
0.99998317
0.999992486
1.00003589
1.00010262
1.00013473
1.00003917
0.999746422
0.999299803
0.998925122
0.999016178
0.999997195
1.00208548
1.00504749
1.00807685
1.00989222
1.00906447
1.00448718
0.995837064
0.983666289
0.967980234
0.94328146
0.891298386
0.783073178
0.602650916
0.369818461
0.122394009
0.999999843
0.999999929
1.00000074
1.00000191
0.99999974
0.999991274
0.99998285
0.999992532
1.00003677
1.00010411
1.00013498
1.00003492
0.999735378
0.999284433
0.998915192
0.99902697
1.00004243
1.00216764
1.00515118
1.00817045
1.00993868
1.00903651
1.00437878
0.995666131
0.983474475
0.967860756
0.943473013
0.892228176
0.784984549
0.604949784
0.371308654
0.12239254
0.999999861
0.999999952
1.00000077
1.00000198
0.999999942
0.999991554
0.999982903
0.999991994
1.00003567
1.00010319
1.0001356
1.00003818
0.9997409
0.999289617
0.998915543
0.999017676
1.00002085
1.0021359
1.00511806
1.00815138
1.00995311
1.00910223
1.00450351
0.995840429
0.983688525
0.968208483
0.944392818
0.894560553
0.789169652
0.609852703
0.374825124
0.123263397
0.999999858
0.99999993
1.00000071
1.00000196
1.00000016
0.99999199
0.999983002
0.999990793
1.00003282
1.00010027
1.00013653
1.00004739
0.999759357
0.999310738
0.998923942
0.998993466
0.999949414
1.00201962
1.00498403
1.00804974
1.00994421
1.00923581
1.00479523
0.996253877
0.984160485
0.968825453
0.945757905
0.897846005
0.794942547
0.616554467
0.379735706
0.124752009
0.999999861
0.999999918
1.00000065
1.00000195
1.00000043
0.999992583
0.999983231
0.999989337
1.00002899
1.00009598
1.00013716
1.00005966
0.999785667
0.999342604
0.998939387
0.998962677
0.999849066
1.0018507
1.00478394
1.00789013
1.00991201
1.0094027
1.00518486
0.996817402
0.984801692
0.96960265
0.947333361
0.901601763
0.801617735
0.624383469
0.385565065
0.126673158
0.999999863
0.999999904
1.00000059
1.00000193
1.0000007
0.999993241
0.999983567
0.999987852
1.00002473
1.00009082
1.00013713
1.00007277
0.999815598
0.999380674
0.998960747
0.998932065
0.999737247
1.00165586
1.00454701
1.00769338
1.00985729
1.00957567
1.0056167
0.997455959
0.98553081
0.970444712
0.948944714
0.90547844
0.808670286
0.63278806
0.391903245
0.128860949
0.999999865
0.999999892
1.00000052
1.00000189
1.00000096
0.999993911
0.999983991
0.999986499
1.00002046
1.00008529
1.00013631
1.00008517
0.999845875
0.999421108
0.998986396
0.998905815
0.999626516
1.00145548
1.00429667
1.00747766
1.00978366
1.00973676
1.00604989
0.99811248
0.986287199
0.971287863
0.95047965
0.909233666
0.815714584
0.641353261
0.398437933
0.131185367
0.999999868
0.999999882
1.00000047
1.00000185
1.00000119
0.999994551
0.99998447
0.999985354
1.00001647
1.00007976
1.00013479
1.00009602
0.999874351
0.999460964
0.999014404
0.998885655
0.999524542
1.0012635
1.00405033
1.00725811
1.009697
1.00987683
1.00645809
0.998746704
0.987026249
0.972090175
0.951876137
0.912722872
0.822494791
0.649786786
0.404942014
0.133547639
0.999999871
0.999999874
1.00000041
1.0000018
1.00000138
0.999995137
0.999984967
0.999984433
1.0000129
1.00007451
1.00013278
1.00010509
0.999899995
0.999498405
0.999042971
0.998871549
0.999434955
1.00108812
1.00381961
1.00704638
1.0096041
1.00999328
1.00682673
0.999333102
0.987717853
0.972826612
0.953107748
0.915874843
0.82885965
0.65790096
0.411263848
0.135877931
0.999999873
0.999999867
1.00000037
1.00000176
1.00000154
0.999995652
0.999985451
0.999983718
1.00000982
1.00006973
1.00013052
1.00011242
0.999922329
0.999532265
0.999070558
0.99886257
0.999358835
1.00093348
1.00361165
1.00685081
1.0095115
1.01008752
1.00714971
0.999857554
0.9883434
0.973483626
0.954170338
0.918668703
0.834735696
0.665589509
0.417311941
0.138130143
0.999999876
0.999999862
1.00000033
1.00000172
1.00000167
0.999996091
0.999985895
0.99998318
1.00000723
1.00006554
1.00012822
1.00011817
0.999941154
0.999561793
0.999095909
0.99885745
0.99929581
1.00080108
1.00343021
1.00667686
1.00942469
1.01016295
1.00742636
1.00031418
0.98889314
0.974055478
0.955072249
0.921114819
0.840103401
0.672806278
0.423040665
0.140276677
0.999999878
0.999999857
1.00000029
1.00000168
1.00000177
0.999996455
0.999986283
0.999982778
1.00000512
1.000062
1.00012608
1.0001226
0.999956618
0.999586749
0.999118203
0.998854899
0.999244651
1.00069056
1.00327648
1.00652743
1.00934772
1.01022358
1.00765931
1.00070283
0.989364022
0.974541859
0.955828115
0.923241366
0.844979122
0.679548546
0.428438934
0.142304319
0.99999988
0.999999853
1.00000026
1.00000165
1.00000185
0.999996748
0.999986605
0.99998248
1.00000344
1.00005912
1.00012422
1.00012596
0.999969019
0.999607197
0.999136988
0.998853811
0.999203791
1.00060043
1.00314984
1.00640337
1.00928313
1.01027328
1.00785292
1.00102711
0.989757901
0.974946321
0.956455163
0.925085238
0.849401715
0.685843987
0.43352104
0.144210686
0.999999881
0.999999849
1.00000024
1.00000163
1.00000192
0.999996979
0.999986861
0.999982253
1.00000213
1.00005683
1.00012269
1.00012853
0.999978762
0.999623462
0.99915216
0.998853344
0.999171559
1.00052852
1.00304832
1.00630386
1.00923196
1.01031532
1.00801239
1.0012931
0.990080227
0.975275286
0.956971308
0.926686552
0.853423606
0.691741709
0.438320413
0.14600196
0.999999883
0.999999845
1.00000022
1.00000162
1.00000197
0.999997156
0.999987054
0.999982077
1.00000112
1.00005507
1.00012151
1.0001305
0.999986286
0.999636061
0.999163934
0.998852933
0.999146309
1.00047222
1.00296902
1.00622676
1.00919402
1.01035226
1.0081432
1.00150838
0.990338996
0.975537305
0.957394145
0.928085265
0.857104463
0.697305433
0.442884714
0.147691125
0.999999885
0.999999841
1.00000021
1.00000161
1.00000201
0.999997288
0.999987191
0.999981933
1.00000036
1.00005376
1.00012065
1.00013204
0.999992017
0.999645585
0.999172711
0.998852262
0.999126546
1.00042879
1.00290846
1.00616903
1.00916813
1.01038599
1.00825079
1.00168134
0.990543813
0.975742342
0.957740366
0.929319023
0.860506343
0.702607716
0.44727145
0.14929622
0.999999886
0.999999837
1.00000019
1.0000016
1.00000205
0.999997387
0.999987283
0.99998181
0.999999784
1.0000528
1.00012008
1.00013327
0.999996357
0.999652653
0.999179011
0.998851203
0.999110944
1.00039548
1.00286296
1.00612712
1.00915243
1.01041778
1.00834031
1.00182063
0.990705144
0.975901156
0.958025432
0.930421921
0.863690184
0.707725372
0.451544419
0.150838872
0.999999888
0.999999832
1.00000018
1.0000016
1.00000208
0.99999746
0.99998734
0.9999817
0.999999348
1.00005212
1.00011972
1.00013429
0.999999678
0.999657885
0.999183413
0.998849759
0.99909834
1.00036969
1.00282875
1.00609723
1.00914467
1.01044845
1.00841657
1.00193482
0.990833751
0.976024789
0.958263415
0.93142388
0.866713342
0.712735937
0.455770952
0.152343225
0.999999889
0.999999828
1.00000017
1.0000016
1.00000211
0.999997517
0.999987375
0.999981597
0.999999001
1.00005161
1.00011951
1.00013519
1.00000233
0.999661886
0.999186524
0.99884802
0.999087708
1.00034891
1.00280216
1.00607551
1.00914236
1.01047851
1.00848402
1.00203218
0.990940267
0.976124168
0.958466923
0.932350394
0.869627932
0.717715013
0.46001981
0.153835151
0.999999891
0.999999824
1.00000017
1.0000016
1.00000214
0.999997566
0.999987398
0.999981499
0.999998701
1.00005119
1.00011938
1.00013601
1.00000461
0.999665229
0.999188943
0.998846123
0.999078142
1.00033086
1.0027797
1.00605821
1.00914301
1.01050822
1.0085467
1.00212047
0.991034892
0.976209801
0.958647087
0.933222509
0.872479656
0.722734152
0.464358434
0.155338489
0.999999893
0.99999982
1.00000016
1.0000016
1.00000216
0.999997614
0.99998742
0.999981402
0.999998409
1.00005079
1.00011926
1.00013681
1.00000683
0.999668444
0.999191241
0.998844232
0.999068848
1.00031342
1.00275812
1.0060418
1.00914416
1.01053771
1.00860826
1.00220687
0.991127171
0.976291561
0.958813595
0.934056907
0.875306931
0.727859149
0.468853954
0.156879542
0.999999895
0.999999816
1.00000015
1.0000016
1.00000219
0.999997668
0.999987451
0.999981304
0.999998091
1.00005033
1.00011908
1.00013764
1.00000921
0.999672008
0.999193945
0.998842522
0.999059144
1.00029471
1.00273446
1.006023
1.0091435
1.01056696
1.00867191
1.00229786
0.991225873
0.976378582
0.958974795
0.934866186
0.878140691
0.733149247
0.473570731
0.158482937
0.999999897
0.999999812
1.00000014
1.0000016
1.00000222
0.999997734
0.999987499
0.999981206
0.999997716
1.00004976
1.00011879
1.00013851
1.00001199
0.999676342
0.999197534
0.998841175
0.999048455
1.00027308
1.00270607
1.00599883
1.00913885
1.01059586
1.00874044
1.00239925
0.991338927
0.97647923
0.959137866
0.935659239
0.881004578
0.738657523
0.478572259
0.160173795
0.9999999
0.999999808
1.00000012
1.0000016
1.00000225
0.999997817
0.999987574
0.999981106
0.999997258
1.000049
1.00011832
1.00013945
1.00001534
0.999681831
0.999202455
0.998840388
0.999036315
1.00024709
1.00267062
1.00596662
1.00912821
1.01062418
1.00881619
1.00251602
0.991473355
0.976601063
0.959308942
0.936441528
0.883914756
0.74443012
0.483920261
0.161976497
0.999999903
0.999999804
1.00000011
1.00000159
1.00000229
0.999997922
0.999987684
0.999981008
0.999996697
1.00004801
1.00011763
1.00014046
1.00001943
0.999688816
0.999209122
0.998840375
0.999022381
1.00021557
1.00262613
1.00592405
1.00910975
1.01065153
1.00890095
1.00265231
0.991635113
0.976750705
0.959493182
0.937215298
0.886879424
0.750504796
0.489674199
0.163915253
0.999999907
0.999999801
1.00000009
1.00000158
1.00000232
0.999998052
0.999987835
0.999980913
0.999996019
1.00004676
1.00011665
1.00014154
1.00002435
0.999697528
0.999217855
0.998841358
0.999006488
1.00017772
1.00257112
1.00586925
1.00908187
1.01067741
1.00899589
1.0028112
0.991828888
0.976933667
0.959694801
0.937979842
0.889898451
0.75690956
0.495890797
0.166014902
0.999999911
0.999999798
1.00000007
1.00000156
1.00000236
0.999998209
0.999988032
0.999980827
0.999995219
1.00004521
1.00011536
1.00014265
1.00003013
0.999708097
0.999228883
0.998843563
0.998988662
1.00013313
1.00250464
1.00580089
1.00904328
1.01070111
1.0091015
1.00299456
0.992057917
0.97715417
0.959917119
0.938731922
0.892963353
0.763661444
0.50262253
0.168299353
0.999999915
0.999999795
1.00000005
1.00000153
1.00000241
0.999998394
0.999988279
0.999980755
0.999994303
1.00004337
1.00011373
1.00014376
1.00003674
0.999720564
0.99924235
0.998847218
0.998969104
1.0000818
1.00242633
1.00571823
1.008993
1.01072184
1.00921752
1.00320302
0.992323818
0.977414948
0.960162578
0.939466306
0.896057507
0.770765343
0.509917126
0.170792281
0.99999992
0.999999793
1.00000003
1.0000015
1.00000245
0.999998605
0.999988577
0.999980705
0.99999328
1.00004124
1.00011173
1.00014481
1.00004409
0.999734867
0.999258296
0.998852534
0.998948189
1.00002417
1.00233647
1.00562116
1.0089305
1.01073869
1.00934296
1.00343581
0.992626384
0.977716971
0.960432662
0.940176355
0.89915657
0.778212567
0.517816095
0.173516978
0.999999925
0.999999792
1
1.00000146
1.00000249
0.99999884
0.999988925
0.999980685
0.999992173
1.00003884
1.00010937
1.00014572
1.00005205
0.999750831
0.999276638
0.998859678
0.998926445
0.999961072
1.00223599
1.00551036
1.00885577
1.01075078
1.00947609
1.00369062
0.992963325
0.978059057
0.960727668
0.940854643
0.902229184
0.785979223
0.526352734
0.176496041
0.999999931
0.999999792
0.999999975
1.00000142
1.00000253
0.999999093
0.999989318
0.999980702
0.99999101
1.00003621
1.00010667
1.00014644
1.00006042
0.999768167
0.999297144
0.998868728
0.998904522
0.999893825
1.00212665
1.00538742
1.00876955
1.01075734
1.00961443
1.00396354
0.993329971
0.97843741
0.961046312
0.941493574
0.905238119
0.794024597
0.535549483
0.179750695
0.999999937
0.999999792
0.999999946
1.00000137
1.00000256
0.999999359
0.99998975
0.999980761
0.999989828
1.00003343
1.00010367
1.00014691
1.00006894
0.999786428
0.999319366
0.998879611
0.998883155
0.99982422
1.00201108
1.0052551
1.00867357
1.010758
1.00975488
1.00424886
0.993718991
0.978845109
0.961385177
0.942085943
0.908142071
0.802290031
0.545415003
0.183299857
0.999999943
0.999999793
0.999999916
1.00000131
1.00000259
0.999999629
0.999990207
0.999980862
0.999988668
1.00003059
1.00010048
1.0001471
1.00007729
0.99980499
0.999342584
0.998892024
0.998863098
0.999754506
1.00189289
1.00511743
1.00857074
1.01075294
1.00989383
1.0045392
0.994120251
0.979271743
0.961738098
0.942625401
0.910898324
0.810699137
0.555941758
0.187159414
0.99999995
0.999999796
0.999999886
1.00000125
1.00000261
0.999999894
0.999990674
0.999981001
0.999987572
1.00002779
1.00009721
1.00014701
1.00008518
0.999823111
0.999365844
0.998905395
0.99884501
0.999687259
1.00177655
1.00497975
1.00846535
1.01074316
1.01002743
1.0048256
0.994520882
0.97970326
0.962095592
0.943106688
0.913466157
0.819159837
0.56710475
0.191342417
0.999999957
0.999999798
0.999999857
1.00000119
1.00000263
1.00000014
0.999991128
0.999981166
0.999986578
1.00002516
1.00009404
1.0001467
1.00009229
0.999839971
0.999387961
0.998918849
0.998829373
0.999625243
1.00166729
1.00484865
1.00836306
1.01073065
1.01015184
1.00509778
0.99490545
0.980121994
0.962444335
0.943525425
0.915810383
0.827567647
0.578860837
0.195860159
0.999999964
0.999999802
0.99999983
1.00000114
1.00000264
1.00000037
0.999991545
0.999981337
0.999985724
1.00002282
1.00009118
1.00014626
1.00009836
0.999854703
0.999407581
0.998931236
0.998816427
0.999571278
1.00157089
1.00473185
1.00827096
1.0107185
1.01026339
1.00534435
0.995256101
0.980506755
0.962766713
0.943877386
0.917904464
0.835809788
0.591148248
0.200724546
0.999999971
0.999999805
0.999999806
1.00000109
1.00000265
1.00000056
0.999991895
0.999981488
0.999985039
1.00002094
1.00008885
1.00014586
1.00010313
0.999866377
0.999423176
0.998941139
0.998806202
0.999528277
1.00149379
1.00463825
1.00819755
1.01071093
1.01035856
1.00555266
0.995552399
0.980832691
0.96304032
0.944157176
0.919732538
0.843769082
0.603884771
0.205951205
0.999999977
0.999999807
0.999999785
1.00000105
1.00000266
1.0000007
0.999992143
0.999981585
0.999984557
1.00001966
1.00008733
1.00014568
1.00010633
0.999873921
0.99943296
0.998946871
0.998798642
0.999499489
1.00144331
1.00457818
1.0081529
1.0107132
1.01043372
1.00570845
0.995770814
0.981070868
0.963237403
0.944356343
0.92129001
0.851328412
0.616965017
0.211563645
0.999999984
0.999999808
0.999999769
1.00000103
1.00000267
1.00000078
0.999992253
0.999981589
0.999984313
1.00001919
1.00008694
1.00014593
1.00010764
0.999876125
0.999434931
0.998946576
0.998793769
0.999488702
1.00142789
1.00456346
1.00814855
1.01073136
1.01048473
1.0057952
0.995884089
0.981187744
0.963324404
0.944460532
0.92258172
0.858379709
0.630260041
0.217597621
0.999999989
0.999999808
0.999999759
1.00000103
1.00000269
1.00000079
0.99999219
0.999981472
0.999984347
1.00001968
1.00008795
1.00014674
1.00010667
0.99987175
0.999427117
0.998938511
0.998791886
0.999500274
1.00145692
1.00460723
1.00819733
1.01077207
1.01050663
1.00579381
0.995860675
0.981144635
0.963261054
0.944442413
0.923612391
0.864849415
0.643631569
0.224101867
0.999999995
0.999999805
0.999999752
1.00000105
1.00000272
1.00000072
0.999991941
0.99998122
0.999984696
1.0000213
1.00009058
1.00014817
1.00010289
0.999859331
0.999407421
0.998921198
0.998794196
0.99954009
1.00154158
1.00472402
1.00831253
1.01084129
1.01049241
1.00568146
0.995663338
0.980894635
0.962994012
0.94423411
0.924347005
0.870770171
0.656943362
0.231024717
1
0.999999802
0.99999975
1.00000109
1.00000276
1.00000056
0.999991454
0.999980816
0.999985504
1.00002441
1.00009525
1.00015012
1.00009502
0.999836199
0.999372698
0.998893304
0.998804158
0.999618516
1.00169861
1.0049329
1.00850854
1.01094102
1.01042651
1.00542453
0.995244955
0.980385472
0.96247516
0.943800123
0.924761088
0.876114441
0.670091776
0.238321822
1.00000001
0.999999797
0.999999754
1.00000116
1.0000028
1.00000027
0.999990676
0.999980278
0.999987003
1.00002948
1.00010229
1.00015212
1.00008099
0.999798827
0.999319608
0.998854832
0.998828556
0.99975077
1.00194964
1.00525564
1.00879842
1.01106741
1.01028367
1.00497746
0.994546091
0.979553165
0.961645813
0.943098981
0.924844105
0.880843398
0.682931593
0.2459608
1.00000001
0.99999979
0.999999765
1.00000126
1.00000284
0.999999795
0.999989546
0.99997968
0.999989567
1.00003709
1.00011194
1.00015297
1.00005757
0.999742599
0.99924499
0.998808503
0.998879946
0.999959815
1.00232322
1.00571667
1.00919111
1.0112052
1.01002206
1.00427662
0.993491197
0.978321844
0.960439816
0.942084023
0.924581572
0.884934712
0.695326871
0.253883602
1.00000001
0.999999782
0.999999787
1.00000141
1.00000287
0.999999075
0.999988015
0.999979199
0.999993787
1.000048
1.00012408
1.00015034
1.00001957
0.999661316
0.999146461
0.998762086
0.998980421
1.00028016
1.00285675
1.00634156
1.00968592
1.01131952
1.00957425
1.00323232
0.991982971
0.976600416
0.958781984
0.940703599
0.923958417
0.888375861
0.707146574
0.262012581
1.00000002
0.999999772
0.999999823
1.00000159
1.00000284
0.999998019
0.999986062
0.999979188
1.00000054
1.000063
1.00013784
1.00013985
0.999959163
0.999547638
0.999024975
0.998733098
0.99916708
1.00076166
1.00359607
1.00715098
1.01026171
1.01134241
1.00883429
1.00171894
0.989896509
0.974280492
0.956588564
0.938902366
0.922958625
0.8911651
0.718270941
0.270250857
1.00000002
0.99999976
0.999999877
1.00000182
1.00000271
0.999996518
0.999983743
0.999980268
1.00001101
1.00008266
1.0001507
1.00011401
0.999865685
0.999395265
0.998890151
0.998756346
0.999499001
1.00147206
1.0045905
1.00814769
1.01085797
1.01115255
1.00764021
0.999562888
0.987073241
0.971234933
0.953768415
0.936623355
0.921566448
0.893310535
0.728594812
0.278485131
1.00000002
0.999999748
0.999999954
1.00000209
1.0000024
0.999994459
0.999981267
0.999983451
1.00002666
1.00010665
1.00015719
1.00006098
0.999726153
0.999203172
0.998768836
0.99889463
1.00006491
1.00249576
1.00587923
1.00929165
1.01134413
1.01054562
1.00575116
0.996528787
0.983315176
0.967317479
0.950225144
0.933810564
0.919767656
0.894828308
0.73802686
0.286585534
1.00000002
0.999999737
1.00000006
1.00000239
1.00000181
0.999991758
0.999979104
0.999990224
1.00004888
1.00013263
1.00014713
0.999963875
0.99952866
0.998985372
0.998719968
0.999252506
1.00098673
1.00391967
1.00745814
1.01045387
1.01147106
1.0091938
1.00282074
0.992306976
0.978382813
0.962366035
0.945861806
0.930413005
0.917551765
0.895741349
0.746488606
0.29440652
1.00000002
0.999999728
1.0000002
1.00000267
1.00000081
0.999988418
0.999978124
1.00000253
1.0000782
1.00015425
1.00010368
0.999802332
0.999271706
0.998788952
0.998855349
0.99998724
1.00240721
1.0057908
1.00921238
1.01133888
1.01080133
1.00659661
0.998372026
0.986508031
0.972000903
0.956212043
0.940589236
0.926390471
0.914915096
0.896078537
0.75391256
0.301787711
1.00000002
0.999999723
1.00000036
1.00000292
0.999999269
0.999984616
0.999979711
1.00002247
1.00011283
1.00015866
1.00000279
0.999559708
0.998983347
0.998721423
0.999360132
1.00130109
1.00443808
1.00802097
1.0107965
1.01136909
1.00862235
1.00203381
0.991786071
0.978673897
0.963878024
0.94869874
0.934338918
0.921721087
0.911864514
0.895874104
0.760239094
0.308551937
1.00000001
0.999999724
1.00000056
1.00000305
0.999997078
0.999980806
0.999985786
1.0000515
1.00014632
1.00012433
0.999817098
0.999240691
0.998753165
0.998981749
1.000493
1.00338097
1.00702989
1.0102078
1.01145019
1.00953935
1.00386505
0.99454704
0.982326656
0.968320417
0.953747491
0.939711087
0.927080891
0.916410465
0.908421587
0.895167466
0.765415447
0.314512285
1.00000001
0.999999732
1.00000078
1.00000301
0.999994191
0.999977814
0.999998588
1.00008901
1.00016486
1.0000214
0.999529024
0.998903635
0.998772368
0.999871575
1.00252081
1.00622899
1.00971657
1.01135525
1.00976968
1.00429027
0.995086078
0.983000825
0.969235368
0.95502916
0.941436262
0.929218379
0.918845899
0.910501567
0.904626628
0.894003785
0.769413508
0.319600768
1.00000001
0.999999749
1.00000101
1.00000272
0.999990684
0.99997686
1.00002011
1.00013026
1.00014553
0.999818683
0.99915795
0.998704908
0.999357994
1.00173279
1.0055141
1.00932102
1.01121871
1.00954246
1.00353771
0.993523709
0.980622854
0.966297937
0.951936419
0.93860244
0.92696256
0.917326048
0.909748245
0.904082883
0.900540654
0.892416839
0.772046767
0.323342288
1
0.999999773
1.00000124
1.00000212
0.999986791
0.999979442
1.0000511
1.00016441
1.00005804
0.999501365
0.998800873
0.998934274
1.00090514
1.00472679
1.00893032
1.01109048
1.0090119
1.00174597
0.989858776
0.974980795
0.959072598
0.943825366
0.930373237
0.919276416
0.910649706
0.904326496
0.90000401
0.897293875
0.896247861
0.890461486
0.773298567
0.32560298
0.999999999
0.999999805
1.00000143
1.00000121
0.999982919
0.999987037
1.00008991
1.00017379
0.999872847
0.999100268
0.998671187
0.999991551
1.00368401
1.0083857
1.01101469
1.00843892
0.999230886
0.984263929
0.965999709
0.947246503
0.930208989
0.916137563
0.905434015
0.897942189
0.893216397
0.890722463
0.889928297
0.89031644
0.891845377
0.888181231
0.773131409
0.326314475
0.999999996
0.999999842
1.00000159
0.999999983
0.999979605
1.00000064
1.00013152
1.00013626
0.999577087
0.998723364
0.999098124
1.00223532
1.00742967
1.01101193
1.00833846
0.996852748
0.977613389
0.954352111
0.93128596
0.911446873
0.896212334
0.885687512
0.879297322
0.876257556
0.875773027
0.877182363
0.879916793
0.883393784
0.88749188
0.88562183
0.771276144
0.325039713
0.999999994
0.999999882
1.00000169
0.999998524
0.999977405
1.00002028
1.00016766
1.00003166
0.999193938
0.998565694
1.00043663
1.00567268
1.01084048
1.00934312
0.996229259
0.972029007
0.942182061
0.913276032
0.889735496
0.873012773
0.862554706
0.857092146
0.855371216
0.856467207
0.859762968
0.864661347
0.870577708
0.876884189
0.883371464
0.88280157
0.767473326
0.321472367
0.999999993
0.999999922
1.00000172
0.99999694
0.99997675
1.00004468
1.00018859
0.999851427
0.998793694
0.998865634
1.0028677
1.00960835
1.01142229
0.999286513
0.970991726
0.933457197
0.897183307
0.869339691
0.851503677
0.84170422
0.837232512
0.836166659
0.837634788
0.841294706
0.846919222
0.85416633
0.862484528
0.871123603
0.879671791
0.879691531
0.761309836
0.315225395
0.999999992
0.99999996
1.00000171
0.99999536
0.999977802
1.00007139
1.00018645
0.999607156
0.998480476
0.999792418
1.00616752
1.01260026
1.00635835
0.978382774
0.933761433
0.88823434
0.854957443
0.836815559
0.829517557
0.827455184
0.827122003
0.827575022
0.829085604
0.832464296
0.838256055
0.846363555
0.856105424
0.866436542
0.876572737
0.876174761
0.752178338
0.305864809
0.999999992
0.999999995
1.00000164
0.999993903
0.999980365
1.00009736
1.00015919
0.999332211
0.998346594
1.00130125
1.00964359
1.01313892
0.994695605
0.949236675
0.893181369
0.850225923
0.830205719
0.826565034
0.829429071
0.832107522
0.832380694
0.830500643
0.828722084
0.829358172
0.833626873
0.841433058
0.851748385
0.863121
0.874267918
0.871936687
0.739014274
0.292757126
0.999999992
1.00000002
1.00000155
0.999992661
0.999983895
1.0001198
1.00011328
0.999073218
0.99841002
1.00304918
1.01241927
1.01100201
0.979737644
0.920907397
0.862333164
0.830659089
0.82646259
0.833142571
0.840510344
0.844383232
0.842501314
0.836795504
0.831305155
0.829231628
0.831962894
0.839223248
0.849666598
0.861478943
0.872728942
0.866300108
0.720034461
0.274712411
0.999999992
1.00000005
1.00000145
0.999991683
0.999987584
1.00013683
1.00006365
0.998875825
0.998576697
1.0044578
1.01394007
1.0082215
0.969069002
0.905294867
0.850128696
0.827514699
0.830158074
0.83787554
0.84433684
0.847734888
0.84350486
0.837180328
0.83148614
0.829454196
0.832294285
0.839612373
0.849997188
0.861798492
0.872472243
0.857358398
0.691782709
0.25218423
0.999999993
1.00000006
1.00000136
0.99999101
0.999990428
1.00014726
1.00003096
0.998777108
0.9986723
1.00489766
1.01414607
1.00806434
0.970545793
0.910632198
0.857624795
0.831907047
0.829218184
0.833732307
0.836677858
0.837672287
0.836331683
0.833227934
0.83105347
0.831679065
0.835888567
0.843406541
0.853585328
0.865662846
0.873570798
0.839013812
0.646969356
0.224098696
0.999999993
1.00000007
1.00000131
0.99999069
0.999991354
1.0001494
1.00003783
0.99881796
0.998549937
1.00382819
1.01284079
1.01198049
0.986622105
0.938121895
0.885468014
0.848725967
0.833524422
0.831702342
0.832660481
0.831706062
0.830131945
0.830234863
0.831399838
0.834865745
0.84103101
0.850282668
0.862318992
0.873664463
0.868113468
0.797226528
0.576715138
0.188431556
0.999999993
1.00000008
1.00000131
0.999990952
0.999988983
1.00013647
1.00011233
0.999093834
0.99819534
1.00122864
1.00931331
1.01548299
1.00822006
0.981440585
0.940245487
0.897203949
0.864009868
0.846016411
0.842145921
0.847699057
0.857105079
0.865911003
0.873020849
0.877999793
0.884705248
0.890518587
0.891404676
0.877045373
0.825600549
0.70042888
0.465621511
0.142105611
0.999999993
1.00000006
1.00000136
0.999992739
0.999980272
1.00009765
1.0002158
0.999589468
0.998270146
0.998546773
1.0030893
1.01123836
1.01800558
1.0170214
1.00436273
0.980128963
0.947420184
0.910329942
0.872447212
0.836298116
0.803425056
0.774663862
0.750220701
0.728770327
0.705458311
0.678669201
0.644187551
0.595158606
0.521048375
0.409285174
0.253347616
0.0733646423
0.999999993
1.00000002
1.00000142
0.999996542
0.99997393
1.00003313
1.00023014
1.00012472
0.999167094
0.997830911
0.997796697
1.00073282
1.00701399
1.01551605
1.02434071
1.03167247
1.03622819
1.03725761
1.03430346
1.02691414
1.0143932
0.995591731
0.968725617
0.931213483
0.879575822
0.809557603
0.71687758
0.598707183
0.456467384
0.299773062
0.149704155
0.0333745893
0.999999995
0.999999946
1.0000011
1.00000111
0.999979346
0.99997222
1.0001045
1.00031951
1.00022887
0.999457731
0.998062645
0.996552037
0.995587298
0.995692533
0.997149639
1.00004967
1.00439839
1.01020243
1.01750933
1.02639763
1.03690949
1.04889863
1.0617359
1.07378012
1.08149725
1.07814888
1.05218442
0.986090197
0.857746923
0.648424037
0.363971087
0.0734867557
0.999999999
0.999999924
1.00000035
1.00000334
0.999995584
0.999962024
0.999959472
1.00008377
1.00033357
1.00057428
1.00063188
1.00039179
0.999828954
0.998985347
0.997936382
0.996771298
0.995593669
0.994540114
0.993815755
0.993747625
0.994856567
0.997937038
1.00410081
1.01466522
1.03062072
1.05118678
1.07073822
1.07346529
1.02666478
0.87811795
0.57409549
0.137662073
1
0.99999997
0.999999765
1.00000158
1.00000589
0.999996533
0.999959382
0.999914518
0.999904459
0.999959921
1.0000845
1.00026079
1.00046198
1.00065908
1.00082222
1.00091818
1.00090633
1.00073537
1.00034453
0.999677071
0.998722474
0.997617287
0.996846305
0.997569666
1.00199411
1.01336363
1.03443162
1.06206485
1.07488407
1.01394957
0.770912509
0.251171495
1
1.00000001
0.999999873
0.999999408
1.00000142
1.0000082
1.00001398
1.00000924
0.999989473
0.999957072
0.999918243
0.999879951
0.999848678
0.999830492
0.999831537
0.9998583
0.999917027
1.00001117
1.000135
1.00026052
1.00031575
1.00016057
0.999594863
0.99849879
0.997297189
0.997925056
1.00498055
1.0249451
1.05749129
1.06910111
0.942764043
0.446253094
1
0.999999998
1.00000005
1.00000002
0.99999915
0.99999779
0.999997817
1.00000065
1.00000621
1.00001336
1.00002074
1.00002708
1.00003125
1.00003218
1.00002873
1.00001978
1.0000045
0.999983375
0.999960337
0.999946707
0.999965468
1.00004798
1.00020174
1.0003224
1.0000898
0.999126588
0.998030141
1.00054295
1.01467069
1.04431074
1.04582447
0.770400674
)
;

boundaryField
{
    inner_wall
    {
        type            zeroGradient;
    }
    outer_wall
    {
        type            fixedValue;
        value           uniform 0;
    }
    top
    {
        type            fixedValue;
        value           uniform 1;
    }
    bottom
    {
        type            inletOutlet;
        inletValue      uniform 0;
        value           nonuniform List<scalar> 
32
(
0
0
0
0
0
0
0
0
0
0
-0.00775997085
-0.0181166468
-0.0373483594
-0.0523958401
-0.015804576
0.143510148
0.433815922
0.74660206
0.959138341
1.03533278
1.02864443
1.00650239
0.997251563
0.997981738
1.00156756
1.00557655
1.00717729
1.00146953
0.979958443
0.903135123
0.682211679
0.263392239
)
;
    }
    front
    {
        type            wedge;
    }
    back
    {
        type            wedge;
    }
}


// ************************************************************************* //
