/*--------------------------------*- C++ -*----------------------------------*\
| =========                 |                                                 |
| \\      /  F ield         | OpenFOAM: The Open Source CFD Toolbox           |
|  \\    /   O peration     | Version:  2506                                  |
|   \\  /    A nd           | Website:  www.openfoam.com                      |
|    \\/     M anipulation  |                                                 |
\*---------------------------------------------------------------------------*/
FoamFile
{
    version     2.0;
    format      ascii;
    arch        "LSB;label=32;scalar=64";
    class       volScalarField;
    location    "22";
    object      p;
}
// * * * * * * * * * * * * * * * * * * * * * * * * * * * * * * * * * * * * * //

dimensions      [0 2 -2 0 0 0 0];

internalField   nonuniform List<scalar> 
3072
(
-0.056117873
-0.0505852585
-0.053571102
-0.0527523407
-0.0514198271
-0.0495229404
-0.0470278532
-0.0439458865
-0.0402495505
-0.0358279494
-0.0305495772
-0.0245215143
-0.0185039112
-0.0134490641
-0.00966151687
-0.00722348784
-0.00555350791
-0.00385954749
-0.0020024075
-0.000146645003
0.00147220642
0.00275733638
0.00375939728
0.00454530431
0.00516714639
0.0056683321
0.00612683327
0.00659164548
0.00700555003
0.00734354919
0.00768092273
0.00803298791
-0.101937687
-0.07056229
-0.0805175247
-0.0774657073
-0.0756601172
-0.0730559789
-0.0696107899
-0.0653719968
-0.0604438905
-0.0549448962
-0.048888765
-0.0422430167
-0.0351292969
-0.0276509713
-0.0198437684
-0.0123904954
-0.00625252595
-0.00147489797
0.00203399206
0.00442794521
0.00591387693
0.00671367201
0.0070299103
0.00701744886
0.0068688048
0.00670876809
0.00658495028
0.00656285643
0.00665663873
0.00686356141
0.00716884607
0.00741540453
-0.10537274
-0.0454282406
-0.0613667892
-0.0560714168
-0.0551809855
-0.0538753934
-0.0524344683
-0.0510735704
-0.0498926582
-0.0487976992
-0.047308526
-0.0444928514
-0.039524747
-0.0325612766
-0.0247514489
-0.017216616
-0.0106266805
-0.00522677591
-0.000953364689
0.00235065675
0.00483991482
0.00665582889
0.00792849891
0.00878191731
0.00933325206
0.00968916766
0.00993965778
0.0101426946
0.0103217724
0.0104798742
0.0106233277
0.0107542222
-0.120033214
-0.0412789558
-0.0619360645
-0.0553611323
-0.0559339881
-0.056104339
-0.0565537647
-0.057488507
-0.0586457091
-0.0591470519
-0.0576578283
-0.0532585721
-0.046299242
-0.0380860032
-0.0297730643
-0.0220119766
-0.0150987431
-0.00913396133
-0.00411379083
1.74613268e-05
0.00333771032
0.00594048082
0.00791650382
0.00936169036
0.0103709691
0.0110413075
0.0114701975
0.0117408123
0.0119144256
0.0120334272
0.012128538
0.0121983289
-0.141004612
-0.0501023987
-0.0741025375
-0.0668057346
-0.0686350672
-0.0696606163
-0.0710152883
-0.0726091543
-0.0735509372
-0.0723662021
-0.0680188261
-0.0608722711
-0.0522767023
-0.043397978
-0.0348540043
-0.0269186903
-0.0197099565
-0.0132842333
-0.00766409575
-0.00284348368
0.00120828946
0.00454024216
0.00721012586
0.00927793816
0.0108099681
0.0118798092
0.0125758223
0.0129922082
0.0132172741
0.0133257398
0.0133787066
0.0134110301
-0.158374897
-0.0589688049
-0.0841397279
-0.0761243727
-0.0789022139
-0.0805145595
-0.0824709987
-0.0842199336
-0.0843101218
-0.0812622218
-0.0749330507
-0.0665132346
-0.057367616
-0.0482785209
-0.0395851285
-0.0314378902
-0.0239165992
-0.0170805103
-0.0109745966
-0.00562308183
-0.00102452397
0.00284622296
0.00602939804
0.00857065327
0.0105178297
0.011924087
0.0128669986
0.0134384273
0.0137409559
0.013874215
0.0139248948
0.0139458804
-0.171835265
-0.066738153
-0.0918615573
-0.0831541588
-0.0867549483
-0.0889163153
-0.091410098
-0.0931012546
-0.0921930486
-0.0876821285
-0.0802119254
-0.071233618
-0.0618641155
-0.0526419669
-0.0437974752
-0.0354389466
-0.0276407133
-0.0204722036
-0.0139965657
-0.00825939082
-0.00327852379
0.000958349059
0.00448662189
0.00735227497
0.00960211538
0.0112837639
0.0124439577
0.0131838279
0.0135950403
0.0137859164
0.0138581111
0.0138770667
-0.183609488
-0.0750739002
-0.0998884958
-0.0905065226
-0.0948204638
-0.0972591385
-0.0998260897
-0.100882446
-0.0986802601
-0.0928949528
-0.0846438153
-0.0753257798
-0.0658011304
-0.0564567763
-0.0474659276
-0.0389200779
-0.0308946309
-0.0234683198
-0.0167187393
-0.0107081468
-0.00546936045
-0.000999284881
0.00273689132
0.00579297649
0.00822687047
0.010092433
0.0114428288
0.0123167365
0.0128498087
0.0131187079
0.0132282947
0.0132522402
-0.194738523
-0.0838027476
-0.108215411
-0.0980517398
-0.102922502
-0.10523198
-0.107356079
-0.107374722
-0.103900499
-0.0971510737
-0.0884081838
-0.0788843891
-0.069246568
-0.0597979071
-0.050684352
-0.0419898943
-0.0337899221
-0.0261684735
-0.0192125526
-0.0129965484
-0.00756605683
-0.0029284796
0.000946476767
0.0041173628
0.00665509563
0.00862743801
0.010093208
0.0111094401
0.0117463048
0.0120797922
0.0122256351
0.012254896
-0.20529632
-0.092097928
-0.115941842
-0.104751536
-0.110104753
-0.111988785
-0.113452197
-0.112447708
-0.108006684
-0.100651008
-0.0916408646
-0.0820060491
-0.0722982648
-0.0627774492
-0.0535788059
-0.0447817941
-0.0364575517
-0.0286898887
-0.0215688598
-0.0151754532
-0.00956589113
-0.00476128448
-0.000744726863
0.00253605085
0.00515725517
0.0072006669
0.00873910432
0.00983382449
0.0105446442
0.0109415846
0.011108468
0.0111337008
-0.215246384
-0.0996590715
-0.122739858
-0.110316021
-0.11618673
-0.117411025
-0.118207809
-0.116385812
-0.111295404
-0.103596963
-0.0944609024
-0.0847823132
-0.0750507162
-0.0655045362
-0.0562697255
-0.0474196279
-0.0390188218
-0.0311447218
-0.0238828204
-0.0173137644
-0.0115010004
-0.00648228468
-0.00226440816
0.00118320171
0.00392684482
0.00605309056
0.00764928092
0.00879036062
0.00953999344
0.00996140304
0.0101282931
0.0101415592
-0.224651715
-0.106579335
-0.128480026
-0.115132782
-0.121383733
-0.121694047
-0.121933267
-0.119494579
-0.11398531
-0.106114084
-0.0969471712
-0.0872834408
-0.0775772376
-0.0680563665
-0.0588366154
-0.0499832477
-0.0415519605
-0.0336080383
-0.0262246796
-0.0194743189
-0.0134226863
-0.00812528226
-0.0036192336
8.97030401e-05
0.00303855593
0.00530312426
0.00697831903
0.0081572688
0.00892011289
0.00933725107
0.0094842611
0.00947504608
-0.233574036
-0.112987508
-0.133369039
-0.119234716
-0.125760456
-0.124959116
-0.12485463
-0.121952405
-0.116186524
-0.108261851
-0.0991383524
-0.0895442891
-0.0799112665
-0.0704596959
-0.0612994529
-0.0524884007
-0.044070244
-0.0360939149
-0.0286140195
-0.0216873325
-0.0153754416
-0.00974770663
-0.00487255849
-0.000802607687
0.00245191604
0.00493741527
0.00674311993
0.00797836897
0.00874884759
0.00914698391
0.00926328646
0.00922717192
-0.242111873
-0.118870804
-0.137574282
-0.122609678
-0.129220838
-0.127297253
-0.127131094
-0.123850188
-0.11794843
-0.110060826
-0.101038894
-0.0915579709
-0.0820348885
-0.072686521
-0.063619616
-0.0548864162
-0.0465188128
-0.038547955
-0.0310064825
-0.0239298953
-0.0173675872
-0.0113932192
-0.00610019728
-0.00159400047
0.00205427127
0.00484646514
0.00684987019
0.00818129162
0.00897486062
0.00935644758
0.00944312485
0.00938034887
-0.250304187
-0.12425403
-0.141164322
-0.125472851
-0.131622371
-0.128991121
-0.128888539
-0.125199279
-0.119293345
-0.111507648
-0.102627735
-0.0932894561
-0.0838986928
-0.0746727788
-0.0657184331
-0.0570850556
-0.0487954381
-0.0408645119
-0.0333027455
-0.0261213061
-0.0193500044
-0.0130573945
-0.00735041909
-0.00238118043
0.00171298493
0.00487812615
0.00714502977
0.00862390063
0.00947238226
0.00985485466
0.00992318751
0.00984058807
-0.25814798
-0.129245459
-0.14422667
-0.127769134
-0.13308063
-0.130704087
-0.129819886
-0.126075328
-0.120253892
-0.112588383
-0.103874992
-0.0946962373
-0.0854465456
-0.0763479162
-0.0675106305
-0.0589850345
-0.0507890681
-0.0429249378
-0.0353825939
-0.0281472139
-0.0212237745
-0.0146721642
-0.00861823868
-0.00322818103
0.00131637296
0.00488612551
0.00746402261
0.00913949203
0.0100821593
0.0104920543
0.0105600163
0.0104716295
-0.265641439
-0.133955012
-0.146874159
-0.129697827
-0.1339687
-0.13172665
-0.130318248
-0.126553428
-0.120801587
-0.113342332
-0.104763988
-0.0957510731
-0.0866419661
-0.077664785
-0.0689376155
-0.0605160956
-0.0524180597
-0.0446372908
-0.0371464415
-0.0299066844
-0.0228981232
-0.0161637939
-0.00983891873
-0.00410859991
0.000820040087
0.00476704421
0.00766263635
0.00956341527
0.0106347618
0.0111009872
0.0111894307
0.0111093157
-0.2727805
-0.138445533
-0.149179469
-0.1312602
-0.134499587
-0.132160872
-0.130449404
-0.126684839
-0.121003216
-0.113702665
-0.105350211
-0.0964621965
-0.0874851659
-0.0786193241
-0.0699898163
-0.0616612684
-0.0536556677
-0.0459621091
-0.0385392906
-0.0313281912
-0.0242897592
-0.0174542137
-0.0109482919
-0.00497863464
0.00022114682
0.00445568417
0.00762179378
0.00974143306
0.0109599975
0.0115076535
0.011637085
0.0115760137
-0.279542116
-0.142741486
-0.151210039
-0.132350837
-0.134837456
-0.132281286
-0.130285908
-0.126515958
-0.120922265
-0.113777413
-0.105603023
-0.0968889233
-0.0880209504
-0.0792554911
-0.0707126141
-0.0624649668
-0.0545410007
-0.0469274317
-0.0395715538
-0.0323985434
-0.0253573367
-0.0184763916
-0.0118901874
-0.00581336881
-0.000481129275
0.00391186668
0.00725490351
0.00954760069
0.0109082753
0.0115529956
0.0117409362
0.0117044475
-0.285901619
-0.146864906
-0.153067864
-0.13314296
-0.134961716
-0.132149201
-0.129893246
-0.126109537
-0.120611005
-0.113629259
-0.105626743
-0.097076484
-0.0883290882
-0.0796590942
-0.071198587
-0.0630251596
-0.0551728194
-0.0476260631
-0.0403221733
-0.0331759848
-0.0261360395
-0.0192443156
-0.0126540954
-0.00658571268
-0.00126369808
0.00314073606
0.00653795659
0.00892510038
0.0103967782
0.0111393831
0.0113942762
0.0113838576
-0.291853939
-0.150827891
-0.154841354
-0.133729637
-0.134905517
-0.131806325
-0.129324163
-0.125527939
-0.120129522
-0.11331779
-0.105497576
-0.0971101438
-0.0885098816
-0.0799360294
-0.0715670694
-0.0634729345
-0.0556899735
-0.0481984724
-0.0409257769
-0.0337821495
-0.0267286577
-0.0198366248
-0.0132875266
-0.00730201158
-0.00209146985
0.00220396488
0.00554022079
0.00793358099
0.00946626057
0.01028889
0.0106038477
0.0106254671
-0.297419632
-0.15462569
-0.156572924
-0.134137306
-0.134730771
-0.131318004
-0.128632719
-0.124827467
-0.119535654
-0.112902938
-0.105281598
-0.0970780235
-0.088638639
-0.080191921
-0.0719359646
-0.0639399683
-0.0562377699
-0.0488007085
-0.0415447553
-0.0343806967
-0.0272927619
-0.0203898149
-0.013884438
-0.00799416067
-0.00291940775
0.00122201611
0.00443545541
0.0067710589
0.00831214916
0.00918203171
0.00954696336
0.0095847019
-0.302644016
-0.158253962
-0.158252261
-0.134435414
-0.134479636
-0.130722675
-0.127854126
-0.124044297
-0.11886577
-0.112422131
-0.105016762
-0.0970212479
-0.0887671606
-0.0804946554
-0.0723817009
-0.0645153863
-0.0569202623
-0.0495540305
-0.0423195408
-0.0351309928
-0.0279954864
-0.0210504076
-0.0145398459
-0.0087149283
-0.003729478
0.00033062354
0.00345899203
0.0057353697
0.00725726795
0.008137064
0.00851214941
0.00856488389
-0.307597142
-0.161728062
-0.159839026
-0.134707204
-0.134161172
-0.130030109
-0.126996942
-0.123185607
-0.118124096
-0.111876849
-0.104701604
-0.0969367185
-0.0888982485
-0.0808294524
-0.0728958022
-0.0651976636
-0.0577454856
-0.0504834813
-0.0433033335
-0.0361204998
-0.0289568553
-0.0219656832
-0.0153948093
-0.00951072823
-0.00445626971
-0.000325920811
0.00283810564
0.00512027556
0.00663247336
0.00749683064
0.00784786419
0.00787947483
-0.312372422
-0.165080754
-0.161356936
-0.134931747
-0.133759033
-0.129242313
-0.126051293
-0.122233448
-0.117284436
-0.111231807
-0.104290324
-0.096766136
-0.0889591993
-0.0811107642
-0.0733823257
-0.0658763348
-0.0585950173
-0.0514727001
-0.0443941179
-0.0372740435
-0.030137241
-0.023134787
-0.0164913963
-0.0104308654
-0.00510106011
-0.000693805841
0.00267427877
0.00507607662
0.00662899493
0.00747747825
0.00778287127
0.00777029218
-0.317055378
-0.168350888
-0.162817078
-0.135108309
-0.133263713
-0.128352169
-0.124993879
-0.121154453
-0.11630194
-0.110428317
-0.103708153
-0.0964162322
-0.0888349154
-0.0811990039
-0.0736737579
-0.0663541371
-0.0592449213
-0.0522767099
-0.0453366669
-0.0383415043
-0.0313051423
-0.0243452171
-0.0176345364
-0.0113647548
-0.00571935312
-0.000905515627
0.0028657291
0.00554484262
0.00723565893
0.00810652297
0.00837094366
0.00830377092
-0.321699913
-0.171574569
-0.164235158
-0.135245033
-0.132668318
-0.127348554
-0.123800498
-0.119914683
-0.1151309
-0.109406611
-0.102878401
-0.0957901462
-0.0884054605
-0.0809512406
-0.0735934072
-0.0664188662
-0.0594472662
-0.0526109219
-0.0458143168
-0.0389833709
-0.032115665
-0.0252823668
-0.0185859795
-0.0121600264
-0.00623116673
-0.000988357135
0.00329204413
0.00637999696
0.0083163495
0.00927195857
0.0095227511
0.00941120431
-0.326345463
-0.174775307
-0.165621102
-0.135347892
-0.131965122
-0.126222653
-0.122456643
-0.118494223
-0.113744099
-0.108130213
-0.101752788
-0.0948250684
-0.0875907927
-0.0802665375
-0.0730150132
-0.0659273342
-0.0590250947
-0.05227306
-0.045585914
-0.0389117555
-0.0322426935
-0.0256099802
-0.0190561875
-0.0126459626
-0.00652765161
-0.000877234358
0.00391562809
0.00745761577
0.00969369362
0.0107860391
0.011059561
0.0109271529
-0.331060015
-0.177969962
-0.166959768
-0.135428236
-0.131151486
-0.124979084
-0.120966261
-0.116899106
-0.112148913
-0.106606661
-0.100338326
-0.0935269776
-0.0863954061
-0.0791480524
-0.0719426929
-0.064875334
-0.0579794823
-0.0512386329
-0.0446063724
-0.0380456172
-0.0315532689
-0.0251405518
-0.0188040714
-0.0125329757
-0.00638041249
-0.00052128949
0.00463335898
0.00859039141
0.0111470099
0.0124243756
0.0127631528
0.0126341534
-0.335957511
-0.181195141
-0.1682282
-0.135519596
-0.130236273
-0.123643721
-0.119359667
-0.115166764
-0.11039171
-0.104892474
-0.0987026896
-0.0919759775
-0.08491342
-0.0777061779
-0.0705065479
-0.0634140845
-0.0564756306
-0.0496975395
-0.0430635986
-0.0365619948
-0.0301990116
-0.0239774787
-0.0178616693
-0.0117777703
-0.00571319657
0.000121992619
0.00540059654
0.00966286247
0.0125254817
0.0140115299
0.014447725
0.0143423239
-0.341133169
-0.184528839
-0.169436054
-0.135692614
-0.129253282
-0.122263499
-0.117691664
-0.113361306
-0.108550523
-0.10308286
-0.0969609856
-0.0903099775
-0.0833088538
-0.0761346161
-0.068933199
-0.0618065187
-0.0548126393
-0.0479782455
-0.0413131689
-0.0348293265
-0.0285458026
-0.0224655639
-0.0165383224
-0.0106592209
-0.00476665748
0.000980649119
0.00628520354
0.0106861813
0.0137436373
0.0153982432
0.015934776
0.0158632705
-0.346516658
-0.188040486
-0.17064784
-0.13606727
-0.128304038
-0.120911416
-0.116033656
-0.111561119
-0.1067184
-0.101290422
-0.095249106
-0.0886918044
-0.0817749931
-0.0746605575
-0.0674868805
-0.0603564116
-0.0533353939
-0.0464654049
-0.0397757249
-0.0332957981
-0.0270549771
-0.0210587531
-0.015254225
-0.0095303779
-0.00380138899
0.00185112053
0.00711466393
0.0115281992
0.014668288
0.0164139038
0.0170228546
0.0169813018
-0.351695813
-0.191753264
-0.172215392
-0.136570674
-0.127513251
-0.119663289
-0.114454579
-0.109841143
-0.104980209
-0.0996161862
-0.0936899634
-0.0872697132
-0.080488416
-0.0734918882
-0.0664097405
-0.0593429085
-0.0523617146
-0.0455172496
-0.0388505671
-0.0323983995
-0.026194818
-0.0202409243
-0.014480433
-0.00880473667
-0.00313484597
0.00244978388
0.007646876
0.012009795
0.0151309207
0.0168948882
0.0175377221
0.0175107372
-0.355848715
-0.195456978
-0.174355941
-0.137142475
-0.12704224
-0.118584851
-0.113000988
-0.108245483
-0.103385506
-0.0981219391
-0.0923614839
-0.0861407126
-0.0795676863
-0.0727710646
-0.0658703239
-0.0589629082
-0.0521223873
-0.0454024696
-0.0388480631
-0.0324970359
-0.0263726019
-0.0204625401
-0.0146975608
-0.00897050254
-0.00322561179
0.0024216429
0.00764626532
0.0119713158
0.0150280768
0.016759845
0.0173896456
0.0173521342
-0.358096564
-0.198673733
-0.1768397
-0.137693598
-0.126979068
-0.117644103
-0.111649806
-0.106753399
-0.101916758
-0.0967987449
-0.0912656296
-0.0853187656
-0.0790399387
-0.072539932
-0.0659278818
-0.0592973146
-0.0527223581
-0.0462585673
-0.0399488555
-0.0338231908
-0.0278841406
-0.0220887285
-0.0163364768
-0.0105049848
-0.00455667756
0.0013397577
0.0067977662
0.0112673293
0.0143452764
0.0160321895
0.0166010516
0.0165124516
-0.358165589
-0.201195028
-0.178993871
-0.138000072
-0.127043753
-0.116598667
-0.110261184
-0.10524138
-0.10045874
-0.0955398692
-0.0903021841
-0.0847086045
-0.078814128
-0.072711716
-0.0665010219
-0.0602727616
-0.0541020262
-0.0480504483
-0.0421530889
-0.0364281941
-0.0308513357
-0.0253340766
-0.019717671
-0.013824553
-0.00758741003
-0.00121465912
0.00477047996
0.00973099432
0.0131363256
0.0149063183
0.0154014762
0.0152030044
-0.356833066
-0.202550536
-0.179764399
-0.13836504
-0.126847317
-0.115199354
-0.108597061
-0.103465987
-0.0987798514
-0.0941213929
-0.0892505285
-0.0840901699
-0.0786678431
-0.0730594709
-0.0673574538
-0.061653039
-0.0560266915
-0.0505359788
-0.0452222075
-0.040099512
-0.0351116562
-0.0301199058
-0.0248886691
-0.0191412151
-0.0127051752
-0.00572463142
0.00121025206
0.00728463104
0.011606524
0.0137942125
0.0142703319
0.0138944556
-0.355366968
-0.202896579
-0.179065822
-0.138643666
-0.125442893
-0.11304783
-0.106232034
-0.101035861
-0.096515218
-0.0921912354
-0.0877653749
-0.0831192419
-0.0782515404
-0.0732215386
-0.0681159803
-0.0630285482
-0.0580463477
-0.0532400543
-0.0486560705
-0.0443007557
-0.0401060709
-0.0358920728
-0.0313489912
-0.0260776261
-0.019733435
-0.0122662774
-0.00412492876
0.00376045387
0.00991058269
0.0131925223
0.0138676177
0.0132376138
-0.357764247
-0.203655397
-0.176813973
-0.137482835
-0.122252938
-0.109699823
-0.102618537
-0.0974474648
-0.0931844468
-0.089285052
-0.0853973688
-0.0813556992
-0.0771264283
-0.0727514157
-0.0683123232
-0.0639068101
-0.0596310418
-0.0555657921
-0.0517637694
-0.0482348998
-0.0449213942
-0.0416112189
-0.0379527765
-0.0334351098
-0.0275140071
-0.0198345771
-0.0105718136
-0.000676370329
0.00819850128
0.0137328684
0.0151595182
0.0142811546
-0.371515143
-0.206101227
-0.175424122
-0.132770806
-0.117503351
-0.104781052
-0.0972381388
-0.0921382912
-0.0882338947
-0.0848779006
-0.0816520298
-0.0783312993
-0.074841425
-0.0712033309
-0.067491638
-0.0638059887
-0.0602492563
-0.0569103427
-0.0538483074
-0.0510726855
-0.0485182971
-0.0460062323
-0.0431604115
-0.0394091162
-0.0340754954
-0.0264868512
-0.0163442995
-0.00426712218
0.00806863446
0.0170057754
0.0200327371
0.0191843169
-0.400333347
-0.217818317
-0.167786858
-0.130780124
-0.109575671
-0.0966403791
-0.089131795
-0.0843745103
-0.0810485063
-0.0784439223
-0.0760701298
-0.0736381176
-0.0710264294
-0.0682288128
-0.0653093712
-0.0623656056
-0.0595018743
-0.0568083242
-0.0543441406
-0.0521188559
-0.0500642544
-0.0479919048
-0.0455608338
-0.0422190202
-0.037127784
-0.0293499089
-0.0181387309
-0.00359184259
0.0123566468
0.0257477176
0.0319653381
0.0319907692
-0.423507581
-0.246403218
-0.178968285
-0.134196478
-0.1025156
-0.0855795639
-0.0775884245
-0.0734318088
-0.0710867561
-0.0696494158
-0.0684833586
-0.0672084435
-0.0656703577
-0.0638497762
-0.0618016519
-0.0596185701
-0.0574007247
-0.0552308003
-0.0531569187
-0.0511767699
-0.0492082573
-0.0470354465
-0.0443283723
-0.0404769824
-0.0345264534
-0.0252834807
-0.0117721394
0.00604521993
0.0262980748
0.0455776324
0.0569469631
0.0593575568
-0.418333968
-0.267950574
-0.205035215
-0.143753001
-0.0984263992
-0.0748754376
-0.064421292
-0.060096248
-0.0587698458
-0.05877588
-0.0591044908
-0.0592435331
-0.0589696162
-0.058243308
-0.0571156548
-0.0556724006
-0.0540022782
-0.052170188
-0.0502000705
-0.0480555136
-0.0456099045
-0.0425793793
-0.0384869058
-0.0326166981
-0.0237599448
-0.0104307527
0.00839772133
0.0324086881
0.0595105193
0.0869528631
0.105652859
0.112795394
-0.373557823
-0.261909868
-0.203154076
-0.135394825
-0.0900918648
-0.0639591467
-0.0517540054
-0.0478129664
-0.0478837036
-0.049467909
-0.0512695241
-0.0526741463
-0.0534482175
-0.0535607314
-0.0530619786
-0.05201515
-0.0504805925
-0.0484897343
-0.046013167
-0.0429302731
-0.0389861372
-0.0337207149
-0.0264569344
-0.0158238588
5.28431314e-05
0.0228703877
0.0531872436
0.0895754159
0.128563304
0.165361619
0.193867934
0.206644096
-0.364404699
-0.244229838
-0.181766133
-0.120194472
-0.0769439185
-0.0510118234
-0.0391764459
-0.0362503295
-0.0376520786
-0.0406736332
-0.0437843985
-0.0462893926
-0.0479641568
-0.0487609361
-0.0487191429
-0.0478352604
-0.0460656107
-0.0433429902
-0.0394905599
-0.0341668168
-0.0268141902
-0.016629685
-0.00165123822
0.0203201759
0.0511582414
0.0914686031
0.139857577
0.192825441
0.24536507
0.291999317
0.326983828
0.344043377
-0.412810387
-0.239103412
-0.165638496
-0.112891441
-0.0723744788
-0.0491958365
-0.0411628897
-0.0411646463
-0.0436030796
-0.0465889613
-0.0485837681
-0.0493166911
-0.0487952677
-0.047092238
-0.0441935583
-0.039902794
-0.0339591972
-0.0260896905
-0.0157385382
-0.00197072905
0.0164354477
0.040956193
0.07252904
0.111892014
0.159406466
0.213044736
0.270387885
0.327965442
0.381586175
0.427088923
0.460046993
0.476254089
-0.41455994
-0.218209116
-0.155939732
-0.118415237
-0.0903841664
-0.0777268768
-0.0773837886
-0.0816941516
-0.0862195201
-0.0887340139
-0.0891707455
-0.0869762513
-0.0819387012
-0.0744043977
-0.0644461872
-0.0519687507
-0.036887511
-0.0189828658
0.00220383345
0.027289448
0.0568565789
0.0913937086
0.131201001
0.176225674
0.225463215
0.278480434
0.3331512
0.386488521
0.435209314
0.47610497
0.505542553
0.519956926
-0.410306471
-0.219090764
-0.174106783
-0.148855058
-0.13139439
-0.125852621
-0.127459331
-0.129693835
-0.129877236
-0.127675316
-0.12329613
-0.11684721
-0.10830287
-0.0974657489
-0.0842441137
-0.0686014627
-0.0504711119
-0.0297521645
-0.00631217114
0.0200627898
0.0496391072
0.0826617945
0.119342891
0.159774344
0.203743515
0.250550644
0.298693711
0.345942639
0.389634549
0.426907866
0.453975209
0.466986915
-0.411055572
-0.227725996
-0.198898951
-0.188965613
-0.180132217
-0.17745868
-0.177521301
-0.17591667
-0.171638447
-0.165140587
-0.156743446
-0.146487428
-0.134322948
-0.120251882
-0.104429262
-0.0868590621
-0.0675587699
-0.0465250107
-0.0237413097
0.000833456688
0.0272806021
0.055732222
0.0863635311
0.119373949
0.154868731
0.192614407
0.231800069
0.270921291
0.307897203
0.340088729
0.36370676
0.374630981
-0.409697598
-0.240778538
-0.22989247
-0.230260009
-0.225781673
-0.222747684
-0.219326579
-0.213491391
-0.205386704
-0.19558677
-0.184327609
-0.171621652
-0.157440533
-0.141785333
-0.124651748
-0.106112491
-0.0862222624
-0.0650813351
-0.0428205338
-0.0195789644
0.00452879922
0.0294603867
0.0552912258
0.0822345057
0.110574358
0.140476372
0.171712858
0.203426579
0.234078486
0.261330211
0.280797764
0.28879616
-0.403638894
-0.256724966
-0.259546618
-0.262201371
-0.258848527
-0.254184378
-0.247530064
-0.238778472
-0.228467899
-0.216934563
-0.20424738
-0.190384398
-0.175322111
-0.159054587
-0.141587257
-0.122950562
-0.103202315
-0.0824640488
-0.0609141817
-0.0387683008
-0.0162381828
0.00653439304
0.0295534954
0.0530164308
0.0772767283
0.10268523
0.129314099
0.156642988
0.183339714
0.207462842
0.222446944
0.227237591
-0.390842512
-0.26842682
-0.279791099
-0.279762115
-0.276709244
-0.27084544
-0.26253557
-0.252586544
-0.241439633
-0.229245212
-0.216017738
-0.201730338
-0.186370579
-0.169954655
-0.152519894
-0.134111048
-0.114792901
-0.0946800078
-0.0739374467
-0.0527687071
-0.0313745419
-0.00988163195
0.0117387219
0.0337189571
0.0564568877
0.0803371472
0.105509994
0.131605425
0.156931585
0.177804023
0.189171771
0.191616803
-0.367847334
-0.267137321
-0.285453078
-0.281690772
-0.279395542
-0.27356819
-0.265345092
-0.255571791
-0.244623302
-0.232598899
-0.219503906
-0.20532239
-0.190061859
-0.173763827
-0.156501225
-0.138353537
-0.119407864
-0.0997816784
-0.0796199291
-0.0590773151
-0.0382736459
-0.0172329863
0.00417754937
0.0262706812
0.0494796775
0.0741641974
0.100259641
0.126821035
0.15145405
0.169435161
0.17732437
0.177964709
-0.331995794
-0.248117062
-0.272182534
-0.267931871
-0.267382462
-0.263533152
-0.257121095
-0.248798605
-0.238973661
-0.227814374
-0.215375242
-0.201682458
-0.186776892
-0.170728309
-0.153639721
-0.135620902
-0.116782472
-0.0972412477
-0.0771060294
-0.0564521259
-0.035275278
-0.0134540443
0.00925960467
0.0332131338
0.0587103499
0.0857200997
0.113465205
0.140076953
0.162257512
0.176096256
0.180645439
0.17995793
-0.281909248
-0.212993349
-0.234125522
-0.237485833
-0.240880365
-0.241112053
-0.23826374
-0.232765644
-0.225060598
-0.215442181
-0.204095895
-0.191143313
-0.176686531
-0.160831329
-0.143711479
-0.125450693
-0.106162456
-0.0859386017
-0.0648226329
-0.042795543
-0.0197644495
0.00444133028
0.0300160185
0.0570536465
0.0853248013
0.11401567
0.141405143
0.164874679
0.181598812
0.190077438
0.191644046
0.190119061
-0.213146589
-0.161614709
-0.179454834
-0.190198974
-0.200396188
-0.206994246
-0.209665805
-0.20857989
-0.204182331
-0.196895703
-0.187072029
-0.174970073
-0.160796548
-0.144726103
-0.12690506
-0.107481029
-0.0865538819
-0.0641917643
-0.0404206323
-0.0152398944
0.0113345496
0.0392081916
0.0681013288
0.0974156536
0.126127905
0.152641674
0.174906085
0.191100641
0.200501807
0.204009103
0.203729243
0.202018226
-0.135489694
-0.097055029
-0.114957904
-0.132163841
-0.149812633
-0.163888984
-0.173305483
-0.177789055
-0.177649757
-0.173344594
-0.165311674
-0.153927615
-0.139559524
-0.122528632
-0.10280071
-0.0807446065
-0.0564931317
-0.0302172462
-0.00213812443
0.0274155875
0.0579385458
0.0886594392
0.118498753
0.146135955
0.17015154
0.189211141
0.202525552
0.210259446
0.21353442
0.214015916
0.213207841
0.212027761
-0.0688758702
-0.037330934
-0.0557280555
-0.0773599812
-0.100585508
-0.120634171
-0.135702588
-0.145046445
-0.148705876
-0.147032052
-0.140481141
-0.129469542
-0.114294539
-0.0952474998
-0.073010277
-0.0475517212
-0.0193049439
0.0112310421
0.0433631248
0.0761515908
0.108381667
0.13859493
0.165238479
0.186947732
0.202903015
0.213114489
0.218471946
0.220450111
0.220577989
0.21999998
0.219364262
0.218893827
-0.0371392584
-0.00860138354
-0.0261631575
-0.0489164062
-0.0739663703
-0.0961729212
-0.113386354
-0.124695388
-0.129895737
-0.129198555
-0.122988944
-0.111704618
-0.0956713409
-0.0751880394
-0.0507064328
-0.0227745296
0.00810731508
0.0411436221
0.0752444269
0.10901097
0.14079557
0.168858638
0.191660807
0.20825562
0.218634937
0.223781036
0.225344623
0.225059938
0.224225736
0.223511581
0.223133748
0.223022614
-0.0556746393
-0.0252071594
-0.0424778929
-0.0638767102
-0.0870614
-0.10724453
-0.122566774
-0.132100439
-0.135802287
-0.133821811
-0.126460445
-0.11431655
-0.0975524037
-0.0764729485
-0.0514336341
-0.0229016328
0.0085337088
0.0420596473
0.0765677787
0.110637636
0.142586906
0.170647659
0.193278249
0.209578769
0.219609977
0.224445716
0.225803658
0.225428036
0.224583073
0.223941585
0.223582167
0.223488796
-0.115220543
-0.0794801282
-0.0964826124
-0.114115658
-0.132296382
-0.146914893
-0.156812907
-0.161624895
-0.161540714
-0.156941822
-0.14817387
-0.135307215
-0.118716204
-0.0985022284
-0.0748356294
-0.0479610949
-0.0182438287
0.0137802387
0.0473396892
0.0813724704
0.114502752
0.145106106
0.17151733
0.192381251
0.207062308
0.215906404
0.220151184
0.221463082
0.221337653
0.220739627
0.22020136
0.219906418
-0.19512833
-0.149899534
-0.165332161
-0.176358021
-0.186776601
-0.193572487
-0.196532885
-0.195818032
-0.191745095
-0.184564698
-0.174449991
-0.161471307
-0.145666254
-0.127165864
-0.106018379
-0.0823269657
-0.0562433976
-0.0279767034
0.00217087497
0.033747206
0.0660644819
0.0981203594
0.128611563
0.156026219
0.178869117
0.1960489
0.207266764
0.213217928
0.215383381
0.215442679
0.214705342
0.213786511
-0.274862901
-0.214035991
-0.229933122
-0.233546116
-0.236153097
-0.235658935
-0.232496274
-0.227055335
-0.219625803
-0.210284961
-0.199000847
-0.185712767
-0.170373841
-0.153001258
-0.133691256
-0.112528484
-0.0896115165
-0.0650419075
-0.0389117959
-0.0113136027
0.0176185205
0.0476421726
0.0783018512
0.108751876
0.137627907
0.163162627
0.183454592
0.197156455
0.204339287
0.206561702
0.205963704
0.204373357
-0.339710478
-0.263605202
-0.282638635
-0.27833361
-0.274915568
-0.269120872
-0.261603391
-0.252852657
-0.243041328
-0.23207372
-0.219777276
-0.206004707
-0.190653147
-0.173694373
-0.155259189
-0.135401486
-0.114235277
-0.0918831001
-0.0684479518
-0.0439842479
-0.0184721468
0.00818436977
0.0360922999
0.0651886815
0.0949734658
0.124303897
0.151213333
0.17292493
0.187090476
0.193439286
0.194042158
0.192283227
-0.387876483
-0.298125339
-0.318946252
-0.3076428
-0.301558701
-0.292700343
-0.282580641
-0.27182923
-0.260525809
-0.248470973
-0.235416791
-0.221170822
-0.205632734
-0.188786125
-0.170662905
-0.15135154
-0.130950594
-0.109589837
-0.087414611
-0.0645549462
-0.0410717966
-0.0168993504
0.00818179068
0.0344811303
0.0621661871
0.0908901822
0.1195859
0.146061507
0.166609283
0.178104246
0.181088111
0.179914485
-0.42361925
-0.317953509
-0.33322076
-0.323451752
-0.316202105
-0.305811814
-0.29445038
-0.282697628
-0.270584065
-0.257892954
-0.244362817
-0.229795584
-0.21408863
-0.197218294
-0.179216311
-0.160133821
-0.140040032
-0.119044799
-0.0973039416
-0.075003247
-0.0523091126
-0.0292860746
-0.00581958719
0.0184044453
0.0437991985
0.0705832827
0.0983371711
0.125797628
0.150011087
0.166198221
0.172290162
0.172132767
-0.447192086
-0.322209701
-0.331665404
-0.326003341
-0.318201395
-0.308026456
-0.296618941
-0.284707607
-0.272409091
-0.259549637
-0.24589005
-0.231238487
-0.215487145
-0.198600098
-0.180591536
-0.161493554
-0.141349548
-0.120258544
-0.0983861568
-0.0759559835
-0.0532266058
-0.0303485524
-0.0073056957
0.0161398466
0.0403964208
0.0658634782
0.0926069384
0.119845918
0.145530332
0.165265736
0.174738059
0.175988681
-0.460746013
-0.314173638
-0.317060775
-0.314773752
-0.307105426
-0.298287176
-0.288199089
-0.277129833
-0.265395648
-0.252976277
-0.239680826
-0.225321681
-0.209778506
-0.192995742
-0.174965409
-0.155695641
-0.135234216
-0.113693658
-0.091266009
-0.0682113086
-0.0448045641
-0.0212357492
0.00248909531
0.0265906374
0.0514526368
0.0774318553
0.104597668
0.132458355
0.159403993
0.182249808
0.195317669
0.198504553
-0.467299241
-0.300436636
-0.292068927
-0.289820015
-0.28222262
-0.27555277
-0.268293784
-0.259371588
-0.249140358
-0.237881576
-0.225520474
-0.211884786
-0.196846894
-0.180335719
-0.16233067
-0.14284003
-0.1219448
-0.0997870392
-0.0765796311
-0.0525772048
-0.0280081009
-0.0029859331
0.0225609319
0.0488993816
0.0764011102
0.105326329
0.135538792
0.166249039
0.195879836
0.222532084
0.239626681
0.245558823
-0.468277524
-0.286691451
-0.262559298
-0.253634553
-0.243891087
-0.239112984
-0.235857371
-0.230737389
-0.223456281
-0.214482118
-0.203924486
-0.191678766
-0.177650588
-0.161794705
-0.144105272
-0.124623018
-0.103462459
-0.0807743879
-0.0567225577
-0.0314453282
-0.00500267215
0.0226805241
0.0518281006
0.0827565666
0.11574126
0.150764364
0.187249675
0.22393256
0.258930684
0.289611252
0.311552396
0.320767086
-0.466238588
-0.275816074
-0.234560639
-0.211660381
-0.195711698
-0.190912993
-0.191343354
-0.190975054
-0.188104536
-0.182884474
-0.175447153
-0.165722474
-0.153661099
-0.139267541
-0.122601491
-0.103848099
-0.0829303649
-0.0599092772
-0.0347914379
-0.00748488645
0.0221897718
0.0545063758
0.0897892407
0.128269656
0.169888811
0.214079832
0.259593062
0.304483736
0.346325902
0.382295179
0.408450637
0.420627817
-0.460874074
-0.266776959
-0.21286487
-0.172575186
-0.146762653
-0.139054216
-0.141287492
-0.145069427
-0.146994134
-0.146415482
-0.143146992
-0.137047991
-0.128137108
-0.116461497
-0.101921291
-0.084360088
-0.0636901247
-0.0398228691
-0.0126058023
0.018184153
0.0528052721
0.0915041144
0.134424852
0.181459196
0.232070565
0.285125799
0.33880931
0.390705923
0.438039056
0.477939951
0.506563977
0.520128256
-0.463168482
-0.263230977
-0.195123147
-0.145438147
-0.110114016
-0.0955911115
-0.0957449596
-0.10092741
-0.105974791
-0.109263288
-0.109819751
-0.107176955
-0.100826613
-0.0906377043
-0.0767718811
-0.0594243854
-0.0386912601
-0.0145048472
0.0133631375
0.0452218253
0.0813535669
0.121958549
0.16706523
0.216473191
0.269482197
0.32481827
0.380534537
0.434374488
0.483390954
0.524573303
0.554235583
0.568604881
-0.464193971
-0.26828898
-0.197064022
-0.141256152
-0.0997700839
-0.079653546
-0.0751848396
-0.0772050031
-0.0804533657
-0.0828511327
-0.0835732704
-0.0815888947
-0.0765776392
-0.0685945521
-0.0576864572
-0.0438756882
-0.027250597
-0.00787815007
0.0143087865
0.039637441
0.0686666224
0.101967067
0.139325329
0.181569807
0.228395206
0.278848741
0.331397001
0.383367695
0.431734454
0.473205119
0.50347302
0.518297769
-0.448488379
-0.268415317
-0.211108251
-0.147174785
-0.107317222
-0.0900238243
-0.0849297821
-0.08509882
-0.0871760964
-0.0891625702
-0.0896244413
-0.0876677519
-0.0829623076
-0.0755174764
-0.0654775655
-0.0530404071
-0.0384490758
-0.021971179
-0.00386384146
0.0156834889
0.0367365617
0.0593230668
0.0845551563
0.113261595
0.146422778
0.184468113
0.22681036
0.271567997
0.315636834
0.355036551
0.384630397
0.398917343
-0.451091905
-0.269585749
-0.221082087
-0.163873802
-0.129834551
-0.115711564
-0.110841424
-0.109592497
-0.109554747
-0.109092432
-0.10702299
-0.102756141
-0.0961333885
-0.0872152341
-0.0761613991
-0.0631953034
-0.0485886497
-0.0326410769
-0.0156134788
0.00231336486
0.0208725978
0.0399337994
0.059552876
0.0800669709
0.102209926
0.126935016
0.154922456
0.185884861
0.218072966
0.248232113
0.271295845
0.281389371
-0.452527352
-0.272427101
-0.231045368
-0.184602821
-0.156331884
-0.144916829
-0.140313404
-0.137544697
-0.135038826
-0.131832322
-0.127179555
-0.120723117
-0.112391869
-0.102245558
-0.0904090852
-0.0770616951
-0.0624324196
-0.0467944556
-0.0303948673
-0.0135809085
0.00334501685
0.020186471
0.0368570693
0.0534489847
0.0703427404
0.0882602958
0.108024924
0.129964823
0.153222224
0.175328507
0.190841268
0.196594299
-0.45340889
-0.276232846
-0.243045321
-0.206560901
-0.184208747
-0.175195029
-0.170367101
-0.165839982
-0.16089506
-0.155145532
-0.148202177
-0.13986858
-0.130109687
-0.118961956
-0.106506384
-0.0928753234
-0.0782586845
-0.0628623025
-0.0469948238
-0.0309555891
-0.0150312285
0.000530490235
0.0155685432
0.030077455
0.0443045915
0.0588233962
0.0744003321
0.0915002378
0.109731463
0.126836085
0.136983548
0.139287473
-0.454185223
-0.280865691
-0.256295318
-0.228384252
-0.21088812
-0.203158178
-0.197327398
-0.190839394
-0.183689825
-0.17585335
-0.167142779
-0.157436898
-0.146697038
-0.134924718
-0.122155763
-0.108478759
-0.0940432644
-0.0790331699
-0.06368747
-0.0482679646
-0.0330431211
-0.0182633887
-0.00411384279
0.00935585985
0.02232147
0.0352565068
0.048856153
0.0635856814
0.0786743342
0.0920828137
0.0993228249
0.100261399
-0.453898645
-0.285689074
-0.269966548
-0.248552268
-0.234412331
-0.226859879
-0.219528337
-0.211183
-0.202272292
-0.192899432
-0.182949026
-0.172315746
-0.160938856
-0.1487957
-0.135902653
-0.122323122
-0.108156659
-0.0935477424
-0.0786883613
-0.0638048909
-0.0491398121
-0.0349225675
-0.0213226544
-0.00838272271
0.00405891276
0.0164114166
0.0292955757
0.0430841438
0.0568374289
0.0676853009
0.0729125409
0.0734641565
-0.451884467
-0.290150506
-0.282733589
-0.265654581
-0.253490779
-0.24526691
-0.236313463
-0.22644948
-0.216259291
-0.205825728
-0.195032452
-0.183772345
-0.171975956
-0.159610211
-0.146680585
-0.133234206
-0.119339468
-0.105105582
-0.0906851642
-0.0762657821
-0.0620559872
-0.0482541524
-0.034995495
-0.0222865204
-0.00997306116
0.00244414163
0.0154120779
0.0289383277
0.0419709297
0.0513674707
0.0553651662
0.0556599214
-0.447421101
-0.293481304
-0.293297172
-0.278597507
-0.267420377
-0.258120022
-0.247774307
-0.236830409
-0.225787867
-0.214656906
-0.203312765
-0.191644777
-0.179578338
-0.16707793
-0.154144146
-0.140814664
-0.127136775
-0.113196725
-0.0991148578
-0.0850458246
-0.0711631517
-0.0576295043
-0.0445392241
-0.0318404862
-0.0192803558
-0.0064297811
0.00703877511
0.0207292558
0.0331325849
0.0415302476
0.0448268063
0.0448627936
-0.439768129
-0.294917941
-0.30054419
-0.286716682
-0.2760719
-0.265648696
-0.254308115
-0.242679358
-0.231108343
-0.219552711
-0.207875829
-0.195960611
-0.18373026
-0.17114923
-0.158218694
-0.144969118
-0.131438163
-0.117696453
-0.103832825
-0.0899926866
-0.0763018502
-0.0628761889
-0.0497483727
-0.0367951265
-0.0237148713
-0.0101445371
0.00398186685
0.0179532447
0.029823324
0.037281686
0.039930283
0.0397367969
-0.428273766
-0.293515282
-0.303707695
-0.289843539
-0.279613369
-0.268218197
-0.256319313
-0.244316812
-0.232458541
-0.220680821
-0.208834408
-0.196795135
-0.184486045
-0.171871938
-0.158953981
-0.145752184
-0.132300875
-0.118660493
-0.104912357
-0.0911578076
-0.0774981892
-0.0639915398
-0.0505901904
-0.0370932683
-0.0231861759
-0.0086566057
0.00619012075
0.0201694587
0.0311910835
0.0375720848
0.039549217
0.0391928219
-0.412493654
-0.288108955
-0.302483598
-0.287851672
-0.278343414
-0.266176808
-0.25406729
-0.241952246
-0.230024888
-0.218204509
-0.206331457
-0.194275816
-0.181956907
-0.169337866
-0.156422129
-0.143225034
-0.12978322
-0.116153259
-0.102406131
-0.088615534
-0.0748301482
-0.0610286136
-0.0470756913
-0.0327257005
-0.017748633
-0.00224410225
0.01302756
0.0264942263
0.0362660488
0.0414223271
0.0427168921
0.0421882431
-0.391961977
-0.277908803
-0.297225568
-0.28011159
-0.272580397
-0.259710556
-0.247709953
-0.235787176
-0.22400066
-0.212279725
-0.200479939
-0.188475368
-0.176186388
-0.163578427
-0.150658581
-0.13744135
-0.123965306
-0.110279981
-0.0964356656
-0.0824636875
-0.0683445419
-0.0539761514
-0.0391719288
-0.0237395176
-0.00768939352
0.00846755679
0.0235199017
0.0357672277
0.0438624972
0.0476791061
0.0483338013
0.0476412592
-0.366062962
-0.263917007
-0.286545179
-0.267370062
-0.260905379
-0.249297291
-0.237613899
-0.226040827
-0.2145532
-0.203053792
-0.191411465
-0.179512334
-0.167283159
-0.154695308
-0.141756938
-0.128485912
-0.114916804
-0.101081894
-0.0869950581
-0.0726303393
-0.057903005
-0.04267324
-0.026803689
-0.0103089842
0.00641496695
0.0224200556
0.0362402391
0.0464782039
0.0525762236
0.05506776
0.05520142
0.0544306805
-0.33447807
-0.244132948
-0.268184306
-0.251988069
-0.244812188
-0.234613631
-0.223802125
-0.212861603
-0.201851241
-0.19069231
-0.179278946
-0.167518329
-0.155350894
-0.142760301
-0.129753541
-0.116348625
-0.102564649
-0.0884036058
-0.0738358568
-0.0587921576
-0.0431769867
-0.0269195971
-0.0100887902
0.00693228799
0.0233209234
0.0378784121
0.0493562331
0.0570311711
0.0610879021
0.0624446078
0.0622314946
0.0614788968
-0.297908511
-0.21844511
-0.242224597
-0.231398866
-0.224671598
-0.215908796
-0.20634269
-0.196342043
-0.186007562
-0.17530665
-0.164174127
-0.152547113
-0.140387891
-0.127702833
-0.114496409
-0.10077843
-0.0865473365
-0.0717825971
-0.0564459784
-0.0404982628
-0.0239514466
-0.00696147298
0.0100571618
0.0263544349
0.0409182513
0.0527271567
0.0611283617
0.066142803
0.0684416585
0.068986559
0.0686120072
0.067925176
-0.256278823
-0.187887558
-0.209041268
-0.204418204
-0.199991422
-0.193244809
-0.185302752
-0.176517045
-0.167030175
-0.15686515
-0.146006749
-0.134432485
-0.122143854
-0.109167397
-0.0955168839
-0.0812036183
-0.0662348846
-0.0506266157
-0.0344246267
-0.0177481384
-0.000855745015
0.0157865449
0.0314844984
0.0454001328
0.0567492358
0.0650557531
0.0703432735
0.0731253075
0.0741821084
0.0742632959
0.0738830968
0.0733319476
-0.209136886
-0.152158897
-0.171185748
-0.172104435
-0.171093663
-0.166945034
-0.160913948
-0.153485097
-0.144899034
-0.135237112
-0.124537986
-0.11283772
-0.100189475
-0.0866535706
-0.0722803259
-0.057144811
-0.0413516464
-0.0250544684
-0.00849119079
0.00796984432
0.0238158672
0.0384193657
0.0511203905
0.0613786367
0.0689325366
0.0738922791
0.0767036221
0.0779867707
0.0783446158
0.0782364615
0.0779407877
0.0775938319
-0.160082494
-0.113002221
-0.130762296
-0.136104766
-0.138922276
-0.13778984
-0.133863582
-0.127788927
-0.119986365
-0.110656387
-0.0999161925
-0.087873947
-0.0746622705
-0.0604045502
-0.0452663159
-0.0294747534
-0.0133241682
0.00281851895
0.0185013751
0.0331959551
0.0463519966
0.0574873063
0.0662905516
0.0727043482
0.0769451299
0.0794385907
0.0806937425
0.0811765612
0.0812385992
0.0811082752
0.0809180881
0.0807348362
-0.118307012
-0.0751215715
-0.0911533193
-0.0989013834
-0.105035653
-0.107087903
-0.105516705
-0.100875736
-0.0937724052
-0.0846187691
-0.0736956952
-0.0612298715
-0.0474766735
-0.0326971869
-0.0172383948
-0.0015185882
0.0139769717
0.0287197574
0.0421786845
0.053882118
0.0634946151
0.0708821746
0.0761410209
0.0795712429
0.0815955286
0.0826536473
0.0831181285
0.0832555104
0.083231627
0.0831402922
0.0830372059
0.0829752553
-0.0930179714
-0.0465247705
-0.0591545631
-0.0660152101
-0.0729126057
-0.0769589322
-0.0775466743
-0.0746309382
-0.0686389019
-0.0600060412
-0.0491552025
-0.0365584591
-0.0226836298
-0.00797322141
0.00706010461
0.0218445513
0.0357897537
0.0483466355
0.0590768871
0.0677173193
0.0742214312
0.0787560427
0.0816521185
0.0833240859
0.0841789073
0.0845486726
0.084663524
0.0846603769
0.0846114905
0.0845576142
0.0845241893
0.0845207549
-0.0829238842
-0.0341467295
-0.0441195853
-0.0477937214
-0.051268577
-0.0532885215
-0.0533376268
-0.0511353283
-0.0465133653
-0.0392817008
-0.0294861077
-0.0175776325
-0.00428725705
0.00967752089
0.0237287875
0.0372073614
0.0494954631
0.0600997645
0.0687153714
0.0752616257
0.0798745786
0.0828521804
0.0845727361
0.0854239313
0.0857466405
0.0857941356
0.0857258474
0.0856228433
0.0855285047
0.0854614205
0.0854465824
0.0854761437
-0.0716023105
-0.0401320946
-0.0469326262
-0.0473321261
-0.0473559409
-0.0465384714
-0.0443206719
-0.0402898707
-0.0343163792
-0.0265522627
-0.0171362284
-0.00621106993
0.00603216048
0.0191384338
0.032340716
0.0448550581
0.0560329057
0.0654294614
0.0728281022
0.078248605
0.0819084809
0.0841521935
0.085373713
0.0859355209
0.0861123855
0.0860901921
0.0859898826
0.0858760385
0.0857800707
0.085723708
0.08572971
0.0858035124
)
;

boundaryField
{
    inner_wall
    {
        type            zeroGradient;
    }
    outer_wall
    {
        type            zeroGradient;
    }
    top
    {
        type            zeroGradient;
    }
    bottom
    {
        type            fixedValue;
        value           uniform 0;
    }
    front
    {
        type            wedge;
    }
    back
    {
        type            wedge;
    }
}


// ************************************************************************* //
