/*--------------------------------*- C++ -*----------------------------------*\
| =========                 |                                                 |
| \\      /  F ield         | OpenFOAM: The Open Source CFD Toolbox           |
|  \\    /   O peration     | Version:  2506                                  |
|   \\  /    A nd           | Website:  www.openfoam.com                      |
|    \\/     M anipulation  |                                                 |
\*---------------------------------------------------------------------------*/
FoamFile
{
    version     2.0;
    format      ascii;
    arch        "LSB;label=32;scalar=64";
    class       volScalarField;
    location    "197";
    object      p;
}
// * * * * * * * * * * * * * * * * * * * * * * * * * * * * * * * * * * * * * //

dimensions      [0 2 -2 0 0 0 0];

internalField   nonuniform List<scalar> 
3072
(
-0.000123967117
-9.415149e-05
-9.04856702e-05
-8.44511791e-05
-7.46945421e-05
-6.29698213e-05
-5.10207744e-05
-3.99856196e-05
-2.77742634e-05
-1.40153898e-05
-7.56289142e-06
-7.76020286e-06
-7.62206229e-06
-6.31048589e-06
-4.47206415e-06
-2.49542879e-06
-5.35750512e-07
1.32376797e-06
3.02534965e-06
4.52416742e-06
5.80684671e-06
7.01601825e-06
8.04227884e-06
8.74648279e-06
9.27236839e-06
9.6643355e-06
9.94255845e-06
1.01314667e-05
1.02633739e-05
1.03857539e-05
1.05658885e-05
1.08151489e-05
-0.000264310211
-0.00018645191
-0.000160138464
-0.000141512539
-0.000123474666
-0.000104850547
-8.64209465e-05
-6.86356692e-05
-5.08429363e-05
-3.39335664e-05
-2.18125094e-05
-1.44699724e-05
-8.57003078e-06
-3.29992257e-06
1.33038262e-06
5.32475563e-06
8.74332691e-06
1.1644857e-05
1.40880519e-05
1.61497996e-05
1.77775271e-05
1.92002894e-05
2.04184434e-05
2.12384379e-05
2.18513923e-05
2.23315475e-05
2.27115881e-05
2.30231407e-05
2.33042732e-05
2.3602117e-05
2.394734e-05
2.42410398e-05
-0.000326423465
-0.000221780845
-0.000176573944
-0.000146112571
-0.000121669147
-0.000100771457
-8.23233599e-05
-6.56793996e-05
-5.03711216e-05
-3.65144374e-05
-2.47566273e-05
-1.50288428e-05
-6.70537548e-06
5.33428632e-07
6.82433119e-06
1.22634787e-05
1.69346112e-05
2.09093098e-05
2.42732233e-05
2.72005731e-05
2.95866459e-05
3.14880732e-05
3.3081143e-05
3.43168954e-05
3.52851636e-05
3.60471739e-05
3.66468875e-05
3.71229941e-05
3.75126048e-05
3.78540952e-05
3.81780071e-05
3.84491733e-05
-0.000386213063
-0.000266915299
-0.000210788447
-0.000168760911
-0.000135762935
-0.000109664105
-8.78521114e-05
-6.89315169e-05
-5.21828809e-05
-3.72966774e-05
-2.41970517e-05
-1.27466691e-05
-2.72752132e-06
6.04071158e-06
1.3690098e-05
2.03248394e-05
2.60363794e-05
3.09109806e-05
3.50378567e-05
3.85008738e-05
4.14022354e-05
4.37573032e-05
4.56285258e-05
4.71509991e-05
4.83629361e-05
4.93169816e-05
5.00673478e-05
5.06622509e-05
5.11447637e-05
5.15568746e-05
5.19302006e-05
5.22252791e-05
-0.000442025958
-0.000315681471
-0.00024646665
-0.000194679239
-0.000154291548
-0.000122039839
-9.54370245e-05
-7.29138256e-05
-5.34570949e-05
-3.64588517e-05
-2.15556835e-05
-8.48074722e-06
2.98927666e-06
1.30323619e-05
2.17902153e-05
2.93829373e-05
3.59217545e-05
4.15132743e-05
4.62353234e-05
5.00706837e-05
5.32996086e-05
5.60634358e-05
5.82578976e-05
6.00107039e-05
6.14105972e-05
6.25242075e-05
6.34103855e-05
6.41219954e-05
6.47073694e-05
6.52149929e-05
6.56820756e-05
6.60572823e-05
-0.000490655817
-0.000359350599
-0.000280091882
-0.000220371021
-0.00017345576
-0.000135075168
-0.00010346206
-7.69821007e-05
-5.44132446e-05
-3.49377598e-05
-1.80141184e-05
-3.25747799e-06
9.62017776e-06
2.08405557e-05
3.05809686e-05
3.89914942e-05
4.62061704e-05
5.23486166e-05
5.75291697e-05
6.18421783e-05
6.54204796e-05
6.83735072e-05
7.07719402e-05
7.27055216e-05
7.42585823e-05
7.55057147e-05
7.6513167e-05
7.73396911e-05
7.80398236e-05
7.86708116e-05
7.92764009e-05
7.97776003e-05
-0.000531925642
-0.000396359876
-0.000311284528
-0.000245353002
-0.000191929063
-0.000147979079
-0.000111621348
-8.11856793e-05
-5.53783189e-05
-3.32742182e-05
-1.42177066e-05
2.27285708e-06
1.65599525e-05
2.89245289e-05
3.95926157e-05
4.87540121e-05
5.65744764e-05
6.32033008e-05
6.87775435e-05
7.3425037e-05
7.72688799e-05
8.04236885e-05
8.29928892e-05
8.50733475e-05
8.6754742e-05
8.81187084e-05
8.92382259e-05
9.01778617e-05
9.09984468e-05
9.17665881e-05
9.25327277e-05
9.3183348e-05
-0.000566133103
-0.000427474364
-0.000338406824
-0.000267796731
-0.000209055423
-0.000160191478
-0.000119500731
-8.53394347e-05
-5.63984735e-05
-3.17026177e-05
-1.05252855e-05
7.68766983e-06
2.33649891e-05
3.68455998e-05
4.84055235e-05
5.82766727e-05
6.66600174e-05
7.37340794e-05
7.96606256e-05
8.45881816e-05
8.86542903e-05
9.19858751e-05
9.46994894e-05
9.69021977e-05
9.8691913e-05
0.00010015732
0.000101377495
0.000102422299
0.000103358387
0.000104261214
0.000105187264
0.000105987457
-0.000594147751
-0.00045343624
-0.000361224966
-0.000286858426
-0.000223988833
-0.000171080169
-0.000126662731
-8.91950436e-05
-5.74014536e-05
-3.02978156e-05
-7.12095478e-06
1.27310033e-05
2.97373919e-05
4.42859344e-05
5.66971536e-05
6.72422139e-05
7.61558632e-05
8.36452974e-05
8.98962923e-05
9.50772212e-05
9.9341708e-05
0.000102830069
0.000105670338
0.000107979141
0.0001098623
0.000111415119
0.000112722192
0.000113858071
0.000114894429
0.000115914248
0.000116979015
0.000117908737
-0.000616490839
-0.000474437696
-0.000379940535
-0.000302669492
-0.000236575371
-0.000180406003
-0.000132889617
-9.2599916e-05
-5.83169347e-05
-2.90718118e-05
-4.08831465e-06
1.72633569e-05
3.54977134e-05
5.1040131e-05
6.42475478e-05
7.54247928e-05
8.48364352e-05
9.27156118e-05
9.92701185e-05
0.000104686828
0.000109134632
0.000112766538
0.000115721117
0.000118123685
0.000120087204
0.00012171287
0.0001230901
0.000124297429
0.000125410573
0.000126518238
0.00012768568
0.000128710519
-0.000633726731
-0.000490848628
-0.00039479944
-0.000315366667
-0.000246804231
-0.000188073516
-0.000138060454
-9.54450741e-05
-5.90692894e-05
-2.79913611e-05
-1.43715928e-06
2.12362547e-05
4.05659184e-05
5.70041009e-05
7.09357319e-05
8.26925717e-05
9.2563937e-05
0.000100804912
0.00010764231
0.000113279144
0.000117897817
0.000121662534
0.000124721091
0.000127206341
0.000129237382
0.000130920386
0.000132348774
0.000133604308
0.000134765721
0.000135925441
0.000137151241
0.00013822898
-0.000646482997
-0.000503164219
-0.000406150395
-0.000325165956
-0.000254771478
-0.000194091031
-0.000142131529
-9.7663983e-05
-5.9590397e-05
-2.70000748e-05
8.70144873e-07
2.46664632e-05
4.49387177e-05
6.21570312e-05
7.67265314e-05
8.89993007e-05
9.92840043e-05
0.000107853252
0.000114949327
0.000120788504
0.000125564388
0.000129450471
0.000132602174
0.000135158526
0.000137243598
0.000138967522
0.000140426863
0.000141705866
0.000142885285
0.000144059317
0.000145297095
0.000146383797
-0.000655395616
-0.000511913951
-0.000414398837
-0.000332350323
-0.000260648098
-0.000198537921
-0.000145115349
-9.92260507e-05
-5.98248318e-05
-2.6032366e-05
2.89953427e-06
2.76144712e-05
4.86680328e-05
6.6541226e-05
8.16527355e-05
9.43691296e-05
0.000105013292
0.000113871059
0.000121196536
0.000127216267
0.000132132552
0.000136126112
0.000139358266
0.000141972787
0.000144097498
0.000145845472
0.000147315575
0.000148593844
0.000149762159
0.000150914757
0.000152121144
0.000153176039
-0.00066107954
-0.000517623706
-0.000419969992
-0.000337237186
-0.000264648635
-0.000201539542
-0.000147065445
-0.00010013019
-5.97333221e-05
-2.50243301e-05
4.72919318e-06
3.01651473e-05
5.1840189e-05
7.02411005e-05
8.57948886e-05
9.88777502e-05
0.00010982233
0.00011892381
0.000126444743
0.000132619088
0.000137655428
0.000141739701
0.000145037443
0.000147695775
0.000149845112
0.00015160051
0.000153062369
0.000154317905
0.000155449385
0.000156549671
0.000157687875
0.00015867673
-0.00066411179
-0.000520794839
-0.000423285419
-0.000340155728
-0.000267011413
-0.000203251134
-0.000148065476
-0.000100401645
-5.92959249e-05
-2.39225865e-05
6.43615416e-06
3.24110712e-05
5.45571999e-05
7.33634679e-05
8.92613965e-05
0.000102632928
0.000113816881
0.000123114471
0.00013079381
0.000137093738
0.000142226981
0.000146382873
0.000149729656
0.00015241654
0.000154575502
0.000156322743
0.00015775954
0.000158973778
0.00016004754
0.000161071266
0.000162113125
0.000163010119
-0.000665021676
-0.000521896392
-0.000424752681
-0.0003414327
-0.000267983245
-0.000203844804
-0.000148220309
-0.000100087734
-5.8512455e-05
-2.268915e-05
8.08731831e-06
3.4440464e-05
5.69223026e-05
7.6021588e-05
9.21716706e-05
0.000105757359
0.000117120866
0.000126566812
0.000134366511
0.0001407616
0.000145967151
0.000150174364
0.000153552915
0.000156253046
0.000158407439
0.000160132748
0.000161530602
0.000162689155
0.000163689897
0.000164620171
0.000165546852
0.000166335131
-0.000664284315
-0.000521353659
-0.000424746642
-0.000341376487
-0.00026780615
-0.000203497704
-0.000147646823
-9.92514585e-05
-5.73997506e-05
-2.13024419e-05
9.73513774e-06
3.63299653e-05
5.9030436e-05
7.83238536e-05
9.46435767e-05
0.000108375298
0.00011986255
0.000129411407
0.00013729456
0.000143754825
0.000149008203
0.000153246561
0.000156639993
0.000159338949
0.000161476145
0.000163168164
0.000164516581
0.000165609532
0.000166527646
0.000167354825
0.000168156479
0.000168827705
-0.000662312567
-0.000519541821
-0.000423608263
-0.000340272684
-0.000266709429
-0.000202383952
-0.000146466458
-9.79660212e-05
-5.59883332e-05
-1.97564124e-05
1.14161851e-05
3.81409563e-05
6.09626644e-05
8.0366577e-05
9.67849719e-05
0.000110603119
0.000122164435
0.000131775056
0.000139707727
0.000146205265
0.000151483555
0.000155734241
0.000159127091
0.000161812157
0.000163921702
0.000165571865
0.000166863888
0.000167885678
0.000168716876
0.000169437859
0.000170112534
0.000170665761
-0.000659463259
-0.000516783564
-0.000421640494
-0.000338378617
-0.000264903875
-0.000200668643
-0.000144799755
-9.63101504e-05
-5.43189669e-05
-1.80585028e-05
1.3151632e-05
3.99185035e-05
6.27836498e-05
8.22301624e-05
9.86887662e-05
0.000112543473
0.000124136667
0.000133773602
0.000141726199
0.000148236466
0.000153519467
0.000157766015
0.00016114505
0.000163805817
0.00016587981
0.000167482481
0.000168714557
0.00016966359
0.000170408187
0.000171025337
0.000171577495
0.000172017681
-0.000656031765
-0.00051334602
-0.000419107606
-0.000335922256
-0.000262578499
-0.000198503298
-0.00014276142
-9.43633084e-05
-5.24385322e-05
-1.62263087e-05
1.49495756e-05
4.16926978e-05
6.45417475e-05
8.39781388e-05
0.000100431089
0.000114282693
0.000125873714
0.000135507973
0.000143456064
0.000149958692
0.000155229669
0.00015945861
0.000162813329
0.000165442023
0.000167475241
0.00016902761
0.000170199248
0.000171077277
0.000171739298
0.000172259178
0.000172698054
0.000173034469
-0.000652250186
-0.000509469502
-0.000416223668
-0.000333098199
-0.000259900634
-0.000196023887
-0.000140456431
-9.22011551e-05
-5.03954905e-05
-1.42831788e-05
1.68095696e-05
4.34830734e-05
6.6270873e-05
8.56567331e-05
0.000102070886
0.000115890398
0.000127453564
0.00013706285
0.000144987451
0.000151466575
0.000156712577
0.000160913705
0.000164236507
0.000166828035
0.000168817812
0.000170319598
0.000171432858
0.000172244261
0.000172830464
0.000173262574
0.000173600577
0.000173845272
-0.000648310714
-0.000505544597
-0.000413024477
-0.000330016891
-0.00025700577
-0.000193346082
-0.000137975021
-8.98906601e-05
-4.82347457e-05
-1.22525114e-05
1.87296705e-05
4.53076811e-05
6.79945191e-05
8.72924281e-05
0.000103648721
0.000117418607
0.000128936865
0.000138505758
0.00014639351
0.000152837917
0.000158049893
0.000162216323
0.000165502494
0.000168054314
0.000170000294
0.000171453342
0.000172512279
0.000173263318
0.000173782271
0.000174137872
0.000174389136
0.000174555637
-0.000644359402
-0.000501786267
-0.000409595325
-0.000326788625
-0.00025400418
-0.000190565379
-0.000135395489
-8.74939354e-05
-4.60041096e-05
-1.01717021e-05
2.06748132e-05
4.71285855e-05
6.97222198e-05
8.89472049e-05
0.000105225792
0.000118923307
0.000130379684
0.000139895218
0.000147735705
0.000154137097
0.000159308749
0.000163436123
0.000166683217
0.0001691948
0.000171098409
0.000172506112
0.000173516108
0.000174214178
0.000174675394
0.000174966494
0.000175145631
0.000175247921
-0.000640496553
-0.000498120565
-0.00040618271
-0.000323535526
-0.000250977337
-0.000187754188
-0.000132779871
-8.50591962e-05
-4.37374491e-05
-8.06491701e-06
2.26379454e-05
4.89658479e-05
7.1474762e-05
9.06221966e-05
0.00010680601
0.000120422374
0.000131810601
0.000141267202
0.000149055624
0.000155410214
0.000160538903
0.000164625844
0.000167833885
0.00017030675
0.000172170941
0.000173537908
0.000174505304
0.000175158398
0.000175571679
0.0001758103
0.000175931459
0.000175982572
-0.000636799101
-0.000494584866
-0.000402826925
-0.000320371245
-0.000247994587
-0.000184959499
-0.000130166703
-8.26133682e-05
-4.14417179e-05
-5.94941517e-06
2.46298746e-05
5.08464986e-05
7.32415276e-05
9.2281382e-05
0.000108380378
0.000121924013
0.00013324731
0.000142645935
0.000150382637
0.000156690759
0.000161777142
0.000165824951
0.00016899627
0.0001714339
0.000173261161
0.000174591761
0.000175523819
0.00017614028
0.000176515254
0.000176712973
0.000176789689
0.000176800681
-0.000633315578
-0.000491226514
-0.000399595428
-0.000317332377
-0.000245110887
-0.00018223064
-0.000127597199
-8.02024358e-05
-3.91863634e-05
-3.79719858e-06
2.66453422e-05
5.27494742e-05
7.50338035e-05
9.39656575e-05
0.000109982265
0.000123454791
0.000134714312
0.000144056081
0.000151742287
0.000158005351
0.000163051154
0.000167061912
0.000170198698
0.000172603635
0.000174401828
0.000175703544
0.000176605504
0.000177192275
0.000177537474
0.000177704301
0.000177748719
0.000177731999
-0.00063006809
-0.00048806982
-0.000396542737
-0.000314419509
-0.000242330569
-0.000179586226
-0.000125091334
-7.78331211e-05
-3.69479862e-05
-1.67717887e-06
2.86565757e-05
5.46615647e-05
7.68373939e-05
9.56691885e-05
0.000111611778
0.000125019571
0.000136220299
0.000145509372
0.000153148742
0.000159370155
0.000164378748
0.000168356025
0.000171462379
0.000173839356
0.000175611672
0.00017688901
0.000177767701
0.000178332132
0.000178655573
0.000178800583
0.000178822847
0.000178787488
-0.000627059802
-0.00048512211
-0.000393674979
-0.000311654913
-0.000239674282
-0.000177043901
-0.000122665492
-7.55225578e-05
-3.47487746e-05
4.17514648e-07
3.06591039e-05
5.65750025e-05
7.8653371e-05
9.73992468e-05
0.000113276416
0.000126625841
0.000137773289
0.000147014536
0.000154611427
0.000160795209
0.000165770457
0.000169718134
0.000172798126
0.000175151511
0.000176902576
0.000178160653
0.000179021771
0.000179570068
0.000179878557
0.000180009406
0.000180018089
0.000179971754
-0.000624280753
-0.00048237882
-0.000390988363
-0.000309043498
-0.000237147862
-0.000174609214
-0.000120325911
-7.32785228e-05
-3.25987529e-05
2.47646516e-06
3.26333041e-05
5.84775473e-05
8.04890179e-05
9.91673414e-05
0.000114983444
0.000128278293
0.000139377242
0.000148575511
0.000156134455
0.000162284863
0.000167230854
0.000171152948
0.000174210616
0.000176544556
0.000178278719
0.00017952214
0.000180370599
0.000180908025
0.000181207246
0.000181330214
0.000181332259
0.000181281103
-0.000621711764
-0.000479826046
-0.000388472232
-0.000306579183
-0.000234747375
-0.000172279795
-0.000118071589
-7.11011474e-05
-3.0498811e-05
4.49858299e-06
3.45779221e-05
6.03553007e-05
8.23331274e-05
0.000100977045
0.000116735274
0.000129977189
0.000141031633
0.000150191655
0.000157717254
0.000163838642
0.000168759526
0.000172660037
0.000175699292
0.000178017676
0.000179738864
0.000180971656
0.000181811624
0.000182342525
0.000182637051
0.000182757079
0.000182757848
0.000182706577
-0.000619328163
-0.000477443828
-0.000386110425
-0.000304249461
-0.000232462745
-0.00017004719
-0.000115894791
-6.89820184e-05
-2.84371238e-05
6.50477664e-06
3.65270255e-05
6.22289616e-05
8.41642467e-05
0.000102791028
0.000118507117
0.000131707261
0.000142725819
0.000151854794
0.000159353207
0.000165450916
0.000170351412
0.000174234597
0.000177259365
0.000179565889
0.000181277661
0.000182503309
0.000183338254
0.000183866113
0.000184159492
0.000184280296
0.000184283719
0.000184235722
-0.000617102979
-0.000475209287
-0.000383883908
-0.000302038842
-0.000230281617
-0.000167901891
-0.000113788554
-6.69164999e-05
-2.64116027e-05
8.49340432e-06
3.84763881e-05
6.41158675e-05
8.59985476e-05
0.000104600385
0.000120289051
0.000133461018
0.000144453367
0.00015355875
0.000161036198
0.00016711555
0.000172000263
0.000175870171
0.000178884073
0.000181182041
0.000182887458
0.000184108849
0.000184941528
0.000185469014
0.000185763864
0.000185888083
0.000185896852
0.000185854394
-0.000615008975
-0.000473098605
-0.000381772503
-0.000299930423
-0.000228190627
-0.000165834158
-0.000111747055
-6.49034461e-05
-2.44281272e-05
1.0446984e-05
4.03986341e-05
6.6007872e-05
8.78587281e-05
0.000106428473
0.000122091354
0.000135241416
0.00014621369
0.00015530076
0.000162761924
0.000168827121
0.000173699808
0.000177559791
0.000180565827
0.000182857937
0.00018455945
0.000185778824
0.000186611305
0.000187140336
0.000187438455
0.000187567812
0.000187583594
0.000187548027
-0.000613019691
-0.000471088131
-0.000379755772
-0.000297906362
-0.000226174912
-0.000163831976
-0.000109760822
-6.29355993e-05
-2.24809404e-05
1.23712243e-05
4.22997577e-05
6.79003031e-05
8.97386041e-05
0.000108273423
0.000123907389
0.000137041775
0.000148000501
0.000157074472
0.000164523693
0.000170578512
0.00017544248
0.000179295426
0.000182296119
0.000184584578
0.000186284116
0.000187503166
0.000188336929
0.000188868797
0.00018917131
0.000189306792
0.000189330445
0.000189302397
-0.000611110413
-0.000469155435
-0.000377814146
-0.000295949084
-0.000224219586
-0.000161883
-0.000107819788
-6.10048848e-05
-2.05632228e-05
1.42731717e-05
4.41860238e-05
6.97848763e-05
9.1620148e-05
0.000110129494
0.000125739673
0.000138862524
0.000149811368
0.000158875708
0.000166316178
0.000172363481
0.000177221263
0.000181069392
0.000184066668
0.00018635313
0.000188052095
0.000189271988
0.000190107986
0.000190643445
0.000190950924
0.000191092924
0.000191124668
0.000191104208
-0.00060925889
-0.000467280064
-0.000375929715
-0.000294042022
-0.000222310476
-0.00015997524
-0.000105913767
-5.91025539e-05
-1.86668144e-05
1.6161912e-05
4.60664535e-05
7.16585246e-05
9.34858629e-05
0.000111986409
0.000127588424
0.000140702232
0.000151642627
0.000160699533
0.000168133606
0.000174175562
0.000179029082
0.000182874074
0.00018586937
0.000188155031
0.000189854386
0.000191075862
0.000191914623
0.000192454
0.000192766576
0.000192915032
0.000192954603
0.000192941371
-0.00060744589
-0.000465444121
-0.000374086879
-0.000292170279
-0.000220435041
-0.000158098273
-0.000104034256
-5.72220317e-05
-1.67873343e-05
1.80388962e-05
4.79400323e-05
7.3527751e-05
9.53483605e-05
0.000113844858
0.000129444545
0.000142552754
0.000153487467
0.000162539468
0.000169969397
0.000176007948
0.000180858855
0.000184702086
0.000187696523
0.000189982259
0.000191682648
0.000192906125
0.000193747852
0.000194291148
0.000194608627
0.000194763133
0.000194809899
0.00019480321
-0.000605655422
-0.000463632521
-0.000372272636
-0.000290320762
-0.000218582514
-0.000156243109
-0.000102173816
-5.53574658e-05
-1.49205851e-05
1.99064746e-05
4.9807529e-05
7.53938143e-05
9.72097045e-05
0.000115704223
0.000131304366
0.000144409812
0.000155341379
0.000164390622
0.000171818227
0.000177854912
0.000182704489
0.000186547
0.000189541383
0.000191827776
0.00019352956
0.00019475519
0.000195599831
0.000196146798
0.000196468739
0.000196628642
0.000196681715
0.000196680646
-0.000603874743
-0.000461833108
-0.000370476713
-0.000288482142
-0.000216744218
-0.000154402337
-0.000100326252
-5.35039956e-05
-1.3063044e-05
2.17668243e-05
5.1669754e-05
7.72565123e-05
9.9070034e-05
0.000117564554
0.000133166549
0.000146270984
0.000157201155
0.000166249178
0.00017367578
0.000179711721
0.000184560892
0.000188403408
0.000191398266
0.000193685645
0.000195388959
0.000196616684
0.000197463993
0.000198014201
0.000198339992
0.000198504474
0.000198562797
0.000198566269
-0.000602094211
-0.000460036836
-0.000368691144
-0.000286644865
-0.000214913752
-0.00015256997
-9.84864901e-05
-5.16576499e-05
-1.12117547e-05
2.36219686e-05
5.3527886e-05
7.91163353e-05
0.000100929267
0.000119425088
0.000135029652
0.000148134237
0.000159064215
0.000168112089
0.000175538613
0.000181574589
0.000186423979
0.000190266967
0.000193262598
0.000195551093
0.000197255896
0.000198485502
0.000199335094
0.000199887992
0.000200216913
0.000200385059
0.000200447486
0.000200454335
-0.000600306918
-0.000458237821
-0.000366905866
-0.000284805242
-0.00021308702
-0.00015074106
-9.66505268e-05
-4.98153658e-05
-9.36441793e-06
2.54735243e-05
5.53829324e-05
8.09737773e-05
0.000102787339
0.000121285144
0.000136892532
0.000149998066
0.000160928667
0.000169977107
0.000177404166
0.000183440685
0.000188290685
0.000192134403
0.000195130931
0.000197420522
0.000199126644
0.000200357811
0.000201209214
0.000201764183
0.000202095459
0.00020226629
0.000202331606
0.000202340759
-0.000598507927
-0.000456431584
-0.000365098089
-0.000282978993
-0.000211262027
-0.000148912142
-9.48157223e-05
-4.79750476e-05
-7.51938676e-06
2.73226817e-05
5.72356608e-05
8.28292435e-05
0.000104644223
0.000123144257
0.000138754447
0.000151861492
0.000162793264
0.000171842733
0.000179270714
0.000185308084
0.000190158912
0.000194003474
0.000197000897
0.000199291459
0.000200998647
0.00020223099
0.000203083687
0.000203640081
0.000203972925
0.000204145403
0.000204212175
0.000204223446
-0.000596696303
-0.000454616809
-0.000363280215
-0.000281153648
-0.000209434601
-0.000147080939
-9.29800523e-05
-4.61350012e-05
-5.67533654e-06
2.9170402e-05
5.90867094e-05
8.4683099e-05
0.000106499967
0.000125002257
0.000140615129
0.0001537241
0.000164657414
0.000173708207
0.000181137346
0.000187175743
0.000192027498
0.000195872919
0.000198871153
0.000201162498
0.000202870454
0.000204103558
0.000204957017
0.000205514179
0.000205847805
0.000206021037
0.000206088357
0.000206100576
-0.000594872439
-0.000452793087
-0.000361454839
-0.000279328104
-0.000207604316
-0.000145247086
-9.11429393e-05
-4.42946338e-05
-3.83174419e-06
3.10170838e-05
6.09362952e-05
8.65352597e-05
0.000108354272
0.000126859221
0.000142474994
0.00015558613
0.000166521164
0.000175573447
0.000183003884
0.000189043402
0.000193896118
0.000197742359
0.000200741285
0.000203033201
0.000204741615
0.000205975069
0.000206828772
0.000207386073
0.00020771973
0.000207892905
0.000207960168
0.000207972056
-0.000593038149
-0.000450962233
-0.000359621536
-0.000277503473
-0.000205772104
-0.000143411387
-8.93051036e-05
-4.24545012e-05
-1.98903382e-06
3.28623828e-05
6.27840082e-05
8.83847926e-05
0.000110205368
0.00012871506
0.000144335896
0.000157448982
0.000168385396
0.000177439098
0.000184870867
0.000190911539
0.000195765218
0.000199612227
0.000202611724
0.000204904012
0.000206612597
0.00020784602
0.000208699493
0.000209256358
0.000209589366
0.000209761736
0.000209828282
0.000209838763
-0.000591196319
-0.000449127051
-0.000357773009
-0.000275689037
-0.000203941375
-0.000141575936
-8.74682782e-05
-4.06158481e-05
-1.4791904e-07
3.47062106e-05
6.46306116e-05
9.0233251e-05
0.000112053079
0.000130568206
0.000146197352
0.000159312829
0.000170250549
0.00017930576
0.000186739036
0.000192781018
0.000197635758
0.000201483565
0.000204483585
0.000206776112
0.000208484646
0.000209717727
0.000210570565
0.000211126501
0.000211458276
0.000211629124
0.000211694036
0.000211702696
-0.000589352248
-0.000447292129
-0.00035592273
-0.000273877694
-0.000202114936
-0.000139743674
-8.56346088e-05
-3.87801897e-05
1.69072461e-06
3.6548474e-05
6.64771027e-05
9.20832302e-05
0.000113900827
0.000132418551
0.00014805647
0.000161176179
0.000172116409
0.000181173913
0.000188609287
0.000194653033
0.000199509159
0.000203357969
0.000206358604
0.000208651355
0.00021035972
0.000211592241
0.000212444135
0.000212998746
0.000213328801
0.000213497485
0.000213559887
0.000213566497
-0.000587512485
-0.000445462867
-0.000354082485
-0.000272068661
-0.0002002958
-0.000137918445
-8.38071747e-05
-3.69499796e-05
3.52485703e-06
3.83872954e-05
6.83212599e-05
9.39321281e-05
0.000115749676
0.000134269912
0.000149915613
0.000163040768
0.000173984738
0.000183045443
0.000190483623
0.000196529702
0.000201387656
0.000205237787
0.000208239237
0.000210532299
0.000212240477
0.000213472319
0.000214323055
0.000214876042
0.000215203993
0.000215370029
0.000215429317
0.00021543328
-0.000585684476
-0.000443645861
-0.000352258495
-0.000270268458
-0.00019848832
-0.000136104512
-8.19895848e-05
-3.51281151e-05
5.35214564e-06
4.02207128e-05
7.01611621e-05
9.57778351e-05
0.000117598538
0.000136124213
0.000151778256
0.000164909466
0.000175858053
0.000184922832
0.000192364597
0.000198413681
0.00020327402
0.00020712591
0.000210128494
0.000212422073
0.000214130159
0.000215361316
0.000216210792
0.000216761967
0.000217087547
0.000217250584
0.000217306303
0.000217307127
-0.000583876603
-0.00044184891
-0.000350457054
-0.000268484558
-0.000196697795
-0.000134306464
-8.0185674e-05
-3.33175681e-05
7.17048462e-06
4.20475297e-05
7.19967158e-05
9.76213863e-05
0.000119447742
0.000137981114
0.000153645001
0.000166783593
0.000177738154
0.000186808259
0.000194254709
0.000200307737
0.000205171247
0.000209025532
0.000212029747
0.000214324206
0.000216032444
0.000217263049
0.000218111301
0.000218660611
0.000218983687
0.000219143514
0.000219195362
0.000219192704
-0.000582098047
-0.000440080595
-0.000348685285
-0.000266724585
-0.000194930199
-0.000132529303
-7.83995967e-05
-3.15215972e-05
8.97749716e-06
4.38662296e-05
7.38272663e-05
9.94629653e-05
0.000121298018
0.000139841521
0.000155516942
0.000168664663
0.000179627023
0.000188704112
0.000196156684
0.00020221489
0.000207082611
0.000210940152
0.000213946694
0.000216242579
0.000217951381
0.000219181726
0.000220028942
0.000220576485
0.000220897079
0.000221053644
0.000221101491
0.000221095169
-0.000580358614
-0.00043835003
-0.000346950944
-0.000264996308
-0.000193191915
-0.000130778339
-7.6635733e-05
-2.97436484e-05
1.07706603e-05
4.56751689e-05
7.56520259e-05
0.000101302685
0.000123150391
0.000141706631
0.000157395099
0.000170554051
0.000181526617
0.000190612835
0.000198073359
0.000204138305
0.000209011563
0.00021287347
0.000215883253
0.00021818131
0.00021989127
0.000221121826
0.000221968367
0.000222514414
0.000222832721
0.000222986156
0.000223030071
0.000223020088
-0.000578668541
-0.000436666646
-0.000345262185
-0.000263307545
-0.000191489516
-0.000129059051
-7.48985826e-05
-2.79872447e-05
1.25474347e-05
4.74728161e-05
7.74706198e-05
0.000103141769
0.000125007804
0.000143577703
0.000159278598
0.000172451858
0.000183438309
0.00019253663
0.000200007483
0.000206081146
0.000210961601
0.000214829263
0.000217843442
0.000220144628
0.000221856544
0.000223087971
0.000223934389
0.000224479403
0.000224795819
0.000224946472
0.000224986761
0.000224973331
-0.000577038196
-0.000435039907
-0.000343627249
-0.000261665961
-0.000189829526
-0.000127376923
-7.31927087e-05
-2.62560731e-05
1.43049734e-05
4.92571083e-05
7.92817197e-05
0.000104979785
0.000126871323
0.000145456525
0.000161169003
0.000174360031
0.000185364565
0.000194478397
0.000201962277
0.000208046885
0.000212936417
0.000216811418
0.000219831333
0.000222136787
0.000223851635
0.000225084782
0.000225931824
0.000226476478
0.000226791622
0.000226940088
0.000226977331
0.000226960921
-0.000575477679
-0.000433478919
-0.000342054076
-0.000260078746
-0.000188218104
-0.000125737185
-7.15225721e-05
-2.45539717e-05
1.60398464e-05
5.10246169e-05
8.10809937e-05
0.000106810629
0.000128736801
0.000147348577
0.00016307552
0.00017628397
0.000187309542
0.000196442062
0.000203941588
0.000210039334
0.000214939832
0.000218823819
0.000221850904
0.000224161888
0.00022588079
0.000227116674
0.000227965281
0.00022851046
0.000228825193
0.000228972341
0.000229007433
0.000228988799
-0.000573996342
-0.000431991971
-0.000340549851
-0.000258552174
-0.000186660532
-0.000124144214
-6.98917349e-05
-2.28837821e-05
1.77498286e-05
5.27736137e-05
8.2867015e-05
0.000108632679
0.000130601974
0.000149253415
0.000165000473
0.000178226686
0.000189276465
0.000198430728
0.000205948488
0.000212061597
0.00021697502
0.000220869724
0.000223905524
0.00022622343
0.000227947668
0.000229187488
0.000230038807
0.000230585634
0.000230901077
0.000231048076
0.000231082258
0.000231062464
-0.000572602327
-0.000430586086
-0.000339120601
-0.000257091182
-0.000185160828
-0.000122601172
-6.83025157e-05
-2.12469899e-05
1.94342933e-05
5.45046163e-05
8.46421713e-05
0.000110449524
0.000132462687
0.000151159569
0.000166940933
0.000180193606
0.000191270107
0.000200447785
0.000207985772
0.000214116276
0.00021904451
0.000222951659
0.000225997771
0.000228324096
0.00023005509
0.000231300221
0.00023215561
0.000232705445
0.000233022994
0.000233171328
0.000233206194
0.00023318663
-0.000571302077
-0.000429266517
-0.000337770792
-0.000255698924
-0.000183721416
-0.000121109833
-6.67560092e-05
-1.96440282e-05
2.10934563e-05
5.62185802e-05
8.64084745e-05
0.000112264531
0.00013432219
0.000153065907
0.00016889388
0.000182183868
0.000193290115
0.000202493251
0.000210053772
0.000216203952
0.000221149086
0.000225070588
0.000228128785
0.000230465203
0.000232204568
0.000233456602
0.000234317655
0.000234872123
0.000235193466
0.00023534495
0.000235382465
0.00023536485
-0.000570099784
-0.000428036123
-0.000336502952
-0.000254376225
-0.000182342729
-0.000119670335
-6.52519544e-05
-1.80742674e-05
2.27282294e-05
5.7916512e-05
8.8166828e-05
0.000114079511
0.000136188406
0.000154980117
0.00017085694
0.000184190901
0.000195331795
0.000204564281
0.000212150607
0.000218323275
0.000223287762
0.000227225807
0.000230298095
0.000232646499
0.000234396067
0.000235656824
0.000236525388
0.000237086395
0.000237413532
0.000237570329
0.000237612849
0.00023759924
-0.000568996737
-0.000426894598
-0.000335317879
-0.000253120621
-0.000181022705
-0.000118281057
-6.37886041e-05
-1.65357989e-05
2.43404871e-05
5.9599873e-05
8.99178641e-05
0.000115893962
0.000138060451
0.000156903554
0.000172832519
0.000186215036
0.000197394146
0.000206659475
0.000214274679
0.000220472494
0.000225458692
0.000229415431
0.00023250383
0.000234866172
0.000236627887
0.000237899359
0.000238777491
0.000239347188
0.000239682418
0.000239847057
0.000239897352
0.000239890169
-0.000567990569
-0.000425838089
-0.000334216794
-0.000251921871
-0.000179753897
-0.000116937227
-6.23613242e-05
-1.50243113e-05
2.59319927e-05
6.12707653e-05
9.16632975e-05
0.000117708549
0.000139937796
0.000158836045
0.000174821269
0.000188256
0.000199475416
0.000208776276
0.000216422945
0.000222648203
0.000227658195
0.000231635593
0.000234742038
0.000237120329
0.000238896314
0.000240180542
0.00024107055
0.000241651451
0.000241997422
0.000242172798
0.000242234027
0.000242236019
-0.000567074394
-0.000424860039
-0.000333197547
-0.000250757017
-0.000178519565
-0.000115625438
-6.09572371e-05
-1.35305576e-05
2.74936672e-05
6.29253613e-05
9.34012621e-05
0.000119522561
0.000141820584
0.000160775722
0.000176819122
0.000190309812
0.000201571575
0.000210910323
0.000218590619
0.000224845255
0.000229880863
0.000233880727
0.000237007135
0.000239403711
0.000241196732
0.000242492872
0.000243396571
0.00024399203
0.000244351989
0.000244541456
0.000244617091
0.000244631184
-0.000566234118
-0.00042394743
-0.000332189223
-0.000249682462
-0.000177347258
-0.000114347974
-5.95816316e-05
-1.20567724e-05
2.90812627e-05
6.45934218e-05
9.51496555e-05
0.000121348569
0.00014371909
0.000162726426
0.000178821475
0.000192370459
0.000203677672
0.00021305579
0.000220770706
0.000227055691
0.000232117925
0.000236141342
0.000239288793
0.000241704181
0.000243514356
0.000244830768
0.000245751726
0.000246362985
0.000246739374
0.000246946274
0.000247040901
0.000247072588
-0.000565449023
-0.000423078462
-0.000331186839
-0.00024864659
-0.000176188047
-0.000113071595
-5.82025914e-05
-1.05794628e-05
3.06554905e-05
6.62569139e-05
9.68970021e-05
0.000123175227
0.000145621941
0.000164684227
0.000180829314
0.000194435459
0.000205788186
0.000215205191
0.000222954332
0.000229269581
0.000234358699
0.000238406278
0.000241575804
0.000244011742
0.000245841509
0.000247177264
0.000248117422
0.000248748129
0.000249144652
0.000249373069
0.00024949138
0.000249544864
-0.000564692839
-0.000422224865
-0.000330205339
-0.00024758938
-0.000175014237
-0.000111784326
-5.68110854e-05
-9.08898432e-06
3.22399929e-05
6.79287686e-05
9.8647152e-05
0.000124995822
0.000147522745
0.000166664534
0.00018285837
0.000196501746
0.000207895321
0.000217348758
0.000225129912
0.000231473685
0.000236588585
0.000240659836
0.000243851551
0.000246308797
0.000248159543
0.000249516418
0.000250478254
0.000251131498
0.000251551802
0.000251806143
0.000251953075
0.000252031746
-0.000563927311
-0.000421347999
-0.000329201142
-0.000246487639
-0.000173798668
-0.000110458783
-5.53829613e-05
-7.56415315e-06
3.38559409e-05
6.96299843e-05
0.000100427391
0.000126845857
0.00014943165
0.000168630716
0.000184866194
0.000198541171
0.00020997504
0.000219464743
0.000227276746
0.000233647541
0.000238786917
0.000242880974
0.000246094562
0.000248573415
0.000250446096
0.000251825736
0.000252811561
0.000253490315
0.000253938078
0.000254222851
0.000254403668
0.00025451222
-0.000563101866
-0.000420402792
-0.000328124078
-0.000245305711
-0.000172506588
-0.000109062629
-5.38911853e-05
-5.98411457e-06
3.55176283e-05
7.13676876e-05
0.000102236928
0.000128717751
0.000151330977
0.000170563226
0.000186849612
0.000200558796
0.000212024455
0.000221542368
0.000229379079
0.000235772073
0.000240932157
0.000245046272
0.000248279988
0.000250779676
0.000252674455
0.000254077924
0.000255089668
0.000255796684
0.000256275475
0.000256595148
0.000256815206
0.000256958815
-0.000562152505
-0.000419361207
-0.000326903375
-0.000243993073
-0.000171097142
-0.000107559457
-5.23053355e-05
-4.32618966e-06
3.72384969e-05
7.31428244e-05
0.000104057808
0.000130577416
0.000153222236
0.000172497698
0.000188825253
0.000202553694
0.000214033273
0.000223565234
0.000231416005
0.00023782299
0.000242997445
0.000247126891
0.000250377453
0.000252896006
0.000254812121
0.000256239775
0.000257278831
0.000258016471
0.000258529589
0.000258888469
0.000259153076
0.000259336839
-0.000561015558
-0.000418291699
-0.00032536872
-0.000242461778
-0.000169515728
-0.000105902746
-5.05850372e-05
-2.55656095e-06
3.90469919e-05
7.49813796e-05
0.000105918216
0.000132455132
0.00015512566
0.000174417176
0.000190745823
0.000204479113
0.000215962425
0.000225497877
0.000233352788
0.000239765209
0.000244946978
0.000249086172
0.000252349421
0.000254884044
0.000256819987
0.000258271529
0.000259338726
0.000260108865
0.000260659185
0.000261061215
0.000261375357
0.000261604078
-0.000559603062
-0.000416989863
-0.000323543745
-0.000240665995
-0.000167701769
-0.000104040073
-4.86873531e-05
-6.40883142e-07
4.09692829e-05
7.69023603e-05
0.000107832259
0.000134359483
0.000157019562
0.00017629089
0.000192597126
0.000206315989
0.000217786511
0.000227310415
0.000235156156
0.000241562662
0.000246742354
0.000250883769
0.000254153925
0.000256700458
0.000258653565
0.000260127705
0.00026122301
0.000262026758
0.00026261646
0.000263064919
0.00026343295
0.000263710878
-0.000557823119
-0.000415296892
-0.000321382196
-0.000238542933
-0.000165585996
-0.000101911919
-4.65646843e-05
1.45729326e-06
4.30308733e-05
7.89199432e-05
0.000109801522
0.000136278676
0.000158888648
0.000178110076
0.000194369138
0.000208045704
0.000219478686
0.00022897016
0.00023678915
0.000243175027
0.000248340521
0.000252474394
0.000255743819
0.000258296538
0.000260262802
0.000261757066
0.000262879375
0.000263716846
0.000264347157
0.000264844368
0.000265269662
0.000265600192
-0.000555571611
-0.000413107393
-0.000318786669
-0.000236006477
-0.000163092236
-9.94539243e-05
-4.4165013e-05
3.77796369e-06
4.52602501e-05
8.10517077e-05
0.000111833505
0.000138211944
0.000160726744
0.000179858333
0.00019603447
0.000209636208
0.000221003093
0.000230437586
0.000238208934
0.000244556609
0.000249693336
0.000253807796
0.000257067033
0.000259618614
0.000261592589
0.000263103181
0.000264250135
0.000265120225
0.000265791146
0.000266338154
0.00026682271
0.000267208034
-0.000552728813
-0.000410310535
-0.000315651016
-0.000232961615
-0.000160138939
-9.65978112e-05
-4.14334243e-05
6.36282315e-06
4.76863796e-05
8.33146547e-05
0.000113934251
0.000140155641
0.000162521687
0.000181515068
0.000197565112
0.000211053861
0.000222321347
0.000231670153
0.000239369406
0.000245658288
0.000250749123
0.00025483012
0.000258067811
0.000260609237
0.000262583925
0.000264105571
0.000265273365
0.000266173509
0.000266883534
0.000267479752
0.000268023765
0.000268464433
-0.000549162525
-0.000406784132
-0.000311861334
-0.000229307356
-0.000156639628
-9.3271766e-05
-3.8312823e-05
9.25453349e-06
5.03381648e-05
8.57248814e-05
0.00011610819
0.000142103765
0.000164258265
0.000183056945
0.000198930718
0.000212262419
0.000223392249
0.000232622513
0.000240221748
0.000246428341
0.000251453703
0.000255485071
0.000258687991
0.000261208539
0.000263175318
0.000264701143
0.00026588433
0.000266810254
0.000267556087
0.000268198992
0.000268800215
0.000269293485
-0.000544730423
-0.000402397075
-0.000307296669
-0.000224937565
-0.000152504057
-8.94016467e-05
-3.47451015e-05
1.24956854e-05
5.32435846e-05
8.82969328e-05
0.000118357765
0.000144048058
0.000165918895
0.000184458355
0.000200098872
0.000213223772
0.000224172978
0.000233247961
0.000240716054
0.000246814207
0.00025175228
0.000255715923
0.000258869119
0.000261356451
0.000263305119
0.000264826637
0.000266018084
0.000266963701
0.000267740101
0.0002684251
0.000269078542
0.000269615592
-0.000539282077
-0.000397011426
-0.000301830955
-0.000219742646
-0.000147639927
-8.49125933e-05
-3.06725509e-05
1.61276164e-05
5.64287866e-05
9.1043199e-05
0.000120683172
0.000145978106
0.000167484093
0.000185692178
0.000201036112
0.000213899268
0.000224620671
0.000233500235
0.000240803306
0.000246764606
0.000251591664
0.000255467799
0.000258554744
0.000260994954
0.000262913664
0.000264420594
0.000265611166
0.000266568042
0.000267366539
0.000268084686
0.00026878497
0.000269376684
-0.000532661311
-0.000390484629
-0.000295335363
-0.000213611684
-0.000141954925
-7.97308817e-05
-2.60394706e-05
2.0189113e-05
5.99171448e-05
9.39733696e-05
0.000123082227
0.000147881647
0.000168933204
0.000186730897
0.000201709414
0.000214251525
0.000224694542
0.000233335905
0.000240438015
0.00024623241
0.000250923366
0.000254691006
0.000257694013
0.000260072001
0.000261947601
0.000263428183
0.000264607054
0.000265564982
0.000266375774
0.000267116752
0.000267849767
0.000268479265
-0.000524708961
-0.000382672093
-0.000287680969
-0.000206434932
-0.000135359053
-7.37860294e-05
-2.07939658e-05
2.47149867e-05
6.37282714e-05
9.70939218e-05
0.000125550362
0.000149745058
0.000170245372
0.000187548023
0.000202088011
0.000214246617
0.000224358383
0.000232717141
0.000239581195
0.000245177769
0.00024970681
0.000253344253
0.000256244827
0.000258544492
0.000260362562
0.000261803431
0.000262957759
0.000263904035
0.00026471439
0.000265465131
0.000266215217
0.000266856573
-0.000515265987
-0.000373430105
-0.000278741765
-0.000198106652
-0.000127767272
-6.70131671e-05
-1.48899711e-05
2.97344849e-05
6.78769301e-05
0.000100407587
0.000128080662
0.000151553973
0.000171400712
0.000188119782
0.000202145562
0.000213856655
0.000223583512
0.00023161498
0.000238203905
0.00024357189
0.000247913337
0.000251398875
0.000254178276
0.000256382955
0.000258128135
0.000259514574
0.000260629743
0.000261549357
0.000262343248
0.000263085878
0.000263834385
0.000264477357
-0.000504176914
-0.000362619028
-0.000268398009
-0.00018852832
-0.000119102475
-5.93557044e-05
-8.28955072e-06
3.52694463e-05
7.23717458e-05
0.000103912678
0.000130663842
0.000153293908
0.000172381553
0.000188426928
0.000201862466
0.000213062557
0.000222351925
0.000230012798
0.000236290986
0.000241400995
0.000245530332
0.000248843102
0.000251483041
0.000253576091
0.000255232571
0.000256548893
0.000257608768
0.000258484699
0.000259243698
0.000259957535
0.000260681247
0.000261305341
-0.000491293483
-0.000350106645
-0.000256539868
-0.000177612191
-0.000109298753
-5.07682382e-05
-9.65503261e-07
4.13321093e-05
7.72135658e-05
0.00010760211
0.000133287974
0.000154950696
0.000173173553
0.00018845648
0.000201228165
0.000211856826
0.000220659486
0.000227909843
0.000233844881
0.000238670381
0.000242565483
0.000245686483
0.000248169977
0.000250135439
0.000251687416
0.000252917257
0.000253904363
0.000254717635
0.000255420773
0.0002560819
0.000256753456
0.000257333805
-0.000476478217
-0.000335771315
-0.000243071127
-0.000165285366
-9.83053591e-05
-4.12201268e-05
7.09529282e-06
4.79221787e-05
8.23931335e-05
0.000111461799
0.00013593768
0.000156510462
0.000173766411
0.000188203098
0.000200243079
0.000210245964
0.000218518714
0.000225324306
0.000230888904
0.000235407786
0.000239050185
0.000241963274
0.00024427537
0.000246098538
0.000247530766
0.000248657604
0.000249553467
0.000250283542
0.000250907732
0.000251489478
0.000252078084
0.00025258653
-0.000459607293
-0.000319504777
-0.000227914681
-0.000151498086
-8.60933328e-05
-3.06997788e-05
1.58866888e-05
5.50218486e-05
8.78871243e-05
0.00011546779
0.000138592274
0.000157958739
0.000174153859
0.00018766985
0.000198920051
0.000208252496
0.00021596135
0.000222296412
0.000227470889
0.000231667724
0.000235044705
0.000237738614
0.000239868549
0.000241538585
0.000242839133
0.000243847567
0.00024463247
0.000245257465
0.000245776597
0.000246248678
0.000246719845
0.000247125197
-0.000440569615
-0.000301213234
-0.0002110247
-0.000136245643
-7.26522305e-05
-1.91961099e-05
2.53843551e-05
6.259147e-05
9.36538314e-05
0.000119582739
0.000141223072
0.000159278635
0.000174332665
0.000186867906
0.000197284568
0.000205915554
0.000213039083
0.000218889054
0.000223663393
0.000227530723
0.000230635584
0.000233102536
0.00023504
0.000236544454
0.000237699075
0.000238557207
0.00023921569
0.000239732046
0.000240124964
0.00024045799
0.000240775539
0.000241043889
-0.000419249051
-0.000280799433
-0.000192375107
-0.000119564095
-5.79340917e-05
-6.63784319e-06
3.55466995e-05
7.05677863e-05
9.96303668e-05
0.000123752509
0.000143790405
0.000160448578
0.000174301011
0.00018581546
0.00019537412
0.000203290517
0.000209823499
0.000215188146
0.000219564697
0.000223105538
0.000225940065
0.000228178702
0.00022991636
0.000231247978
0.000232298734
0.000233073288
0.000233547337
0.000233848463
0.000234077563
0.00023424846
0.000234380298
0.000234477744
-0.000395504236
-0.000258114625
-0.000171839802
-0.000101296972
-4.21237428e-05
6.54782766e-06
4.61252085e-05
7.87967099e-05
0.000105693742
0.00012787767
0.000146227387
0.000161433395
0.000174053272
0.000184534844
0.000193237267
0.000200449714
0.000206409291
0.000211309549
0.000215310838
0.0002185481
0.00022113645
0.000223175764
0.000224753319
0.0002259302
0.000226712252
0.000227241075
0.00022765387
0.000227893898
0.000227954542
0.000227909814
0.000227807451
0.000227700524
-0.000369314095
-0.000233137728
-0.000149571335
-8.15341576e-05
-2.55646881e-05
2.00939721e-05
5.70917392e-05
8.71117094e-05
0.00011170012
0.000131813542
0.000148442846
0.000162185009
0.000173578097
0.000183047652
0.000190924755
0.000197470846
0.000202895365
0.000207367841
0.000211027248
0.000213989152
0.000216351247
0.000218197127
0.00021959914
0.000220618397
0.000221309009
0.000221740303
0.000221939173
0.000221939383
0.000221796588
0.000221531359
0.000221170695
0.000220825009
-0.000340649391
-0.000205809662
-0.000125742054
-6.04228609e-05
-8.09054158e-06
3.38438579e-05
6.79723874e-05
9.53074687e-05
0.000117442733
0.00013551272
0.000150371
0.000162656664
0.000172866304
0.000181382567
0.000188499841
0.000194446695
0.00019940282
0.000203511433
0.000206888431
0.000209629214
0.000211813808
0.000213510151
0.00021477733
0.000215667306
0.000216227301
0.000216502577
0.000216535869
0.000216359968
0.000216006249
0.000215490071
0.00021483488
0.000214218384
-0.000309513336
-0.000176410295
-0.000100546246
-3.87045925e-05
9.95086625e-06
4.8153496e-05
7.86918795e-05
0.000103073586
0.000122709617
0.000138698549
0.000151850346
0.000162764652
0.000171888251
0.000179555472
0.000186018079
0.0001914676
0.000196051732
0.000199886219
0.000203063403
0.000205658406
0.000207733657
0.000209342338
0.000210530311
0.000211338139
0.000211803152
0.000211960167
0.000211842929
0.00021148363
0.000210907779
0.000210120862
0.0002091424
0.0002082261
-0.000275799249
-0.000145528729
-7.37000632e-05
-1.64998746e-05
2.77458732e-05
6.19529773e-05
8.87837844e-05
0.000110067351
0.000127187948
0.000141165043
0.000152733999
0.000162423241
0.000170614191
0.000177584234
0.000183537204
0.000188624939
0.000192962411
0.000196638266
0.000199722165
0.000202269929
0.000204327203
0.000205932121
0.000207117292
0.000207911564
0.000208340577
0.000208428814
0.000208201249
0.00020768402
0.000206896198
0.000205831458
0.000204503668
0.000203256771
-0.00023928617
-0.000113208778
-4.55482646e-05
5.78590646e-06
4.47197681e-05
7.44644923e-05
9.75075585e-05
0.000115736813
0.000130477067
0.000142638719
0.000152848471
0.000161540051
0.000169016115
0.000175490579
0.000181117235
0.000186008856
0.000190249874
0.000193904748
0.000197023479
0.000199645274
0.000201801115
0.000203515657
0.000204808597
0.000205695601
0.000206189116
0.000206299755
0.000206038944
0.000205420702
0.000204451942
0.00020310945
0.000201406469
0.000199787371
-0.000199685507
-7.91733885e-05
-1.7290382e-05
2.71747802e-05
6.01267315e-05
8.49730846e-05
0.000104202203
0.000119569832
0.000132222916
0.000142898781
0.000152077662
0.00016007757
0.00016711304
0.000173332748
0.00017884314
0.00018372293
0.000188032064
0.000191817156
0.000195114623
0.000197952388
0.000200351072
0.000202325242
0.000203884152
0.000205030879
0.000205762102
0.000206067348
0.000205930579
0.000205342753
0.000204286121
0.000202700128
0.000200574254
0.00019850042
-0.000156253317
-4.34458561e-05
1.01049512e-05
4.62731869e-05
7.25356363e-05
9.24171115e-05
0.000108133789
0.000121103206
0.000132172838
0.000141844523
0.000150423818
0.000158103757
0.000165010848
0.00017123434
0.00017684245
0.000181889738
0.000186421401
0.000190475575
0.000194083769
0.000197269781
0.000200049337
0.000202434092
0.000204433859
0.000206044428
0.000207253967
0.000208037256
0.00020832134
0.0002080402
0.000207127715
0.000205445757
0.000202878245
0.000200261743
-0.000107439751
-6.9598489e-06
3.45268131e-05
6.10014544e-05
8.03941796e-05
9.581112e-05
0.000108788996
0.000120162807
0.000130370047
0.000139644017
0.000148116489
0.000155869477
0.000162954176
0.000169415343
0.000175300969
0.000180657736
0.000185531133
0.000189966584
0.000194008619
0.000197694073
0.000201043819
0.000204089419
0.000206880221
0.000209400824
0.000211624802
0.000213568742
0.000215047189
0.00021578756
0.000215620338
0.00021432338
0.00021148356
0.000208438389
-4.24569167e-05
2.91302939e-05
5.17418364e-05
6.76969234e-05
8.12778783e-05
9.37778528e-05
0.000105534181
0.000116609693
0.000126994305
0.000136678727
0.000145664781
0.000153946049
0.000161524585
0.00016843675
0.000174737046
0.000180479588
0.000185721404
0.000190528978
0.000194983841
0.000199157846
0.000203037835
0.000206573916
0.000209879834
0.000213282358
0.000217065899
0.000220849722
0.000223678346
0.000225483682
0.000227042719
0.000228189851
0.000227837199
0.000225776525
6.46117212e-05
6.48623825e-05
6.23755167e-05
6.80876748e-05
7.77929251e-05
8.91339955e-05
0.000100943188
0.000112572008
0.000123662806
0.000134101959
0.000143879724
0.000152904646
0.000161079858
0.000168463771
0.000175161096
0.000181237154
0.000186754421
0.000191794274
0.000196498609
0.000201024151
0.00020540147
0.000209573161
0.000213608329
0.000217814546
0.000222896055
0.000229750466
0.000238626213
0.000250126935
0.000265205896
0.000285366181
0.000314261544
0.000349257371
)
;

boundaryField
{
    inner_wall
    {
        type            zeroGradient;
    }
    outer_wall
    {
        type            zeroGradient;
    }
    top
    {
        type            zeroGradient;
    }
    bottom
    {
        type            fixedValue;
        value           uniform 0;
    }
    front
    {
        type            wedge;
    }
    back
    {
        type            wedge;
    }
}


// ************************************************************************* //
