/*--------------------------------*- C++ -*----------------------------------*\
| =========                 |                                                 |
| \\      /  F ield         | OpenFOAM: The Open Source CFD Toolbox           |
|  \\    /   O peration     | Version:  2506                                  |
|   \\  /    A nd           | Website:  www.openfoam.com                      |
|    \\/     M anipulation  |                                                 |
\*---------------------------------------------------------------------------*/
FoamFile
{
    version     2.0;
    format      ascii;
    arch        "LSB;label=32;scalar=64";
    class       volScalarField;
    location    "75";
    object      p;
}
// * * * * * * * * * * * * * * * * * * * * * * * * * * * * * * * * * * * * * //

dimensions      [0 2 -2 0 0 0 0];

internalField   nonuniform List<scalar> 
3072
(
-0.000123967149
-9.4151523e-05
-9.04856956e-05
-8.44512017e-05
-7.46945439e-05
-6.29698075e-05
-5.10207604e-05
-3.99856106e-05
-2.77742542e-05
-1.40153757e-05
-7.56287598e-06
-7.76018142e-06
-7.6220396e-06
-6.31045887e-06
-4.47203886e-06
-2.49540208e-06
-5.35726081e-07
1.32379287e-06
3.02537239e-06
4.52418926e-06
5.80686851e-06
7.0160407e-06
8.04229974e-06
8.74650277e-06
9.27238745e-06
9.66435388e-06
9.94257686e-06
1.01314851e-05
1.02633926e-05
1.03857719e-05
1.0565905e-05
1.08151638e-05
-0.000264310401
-0.0001864521
-0.000160138663
-0.000141512724
-0.000123474779
-0.000104850625
-8.64210068e-05
-6.86357284e-05
-5.0842991e-05
-3.39336133e-05
-2.18125244e-05
-1.44699761e-05
-8.570008e-06
-3.29990073e-06
1.33041986e-06
5.32478739e-06
8.74336762e-06
1.16448934e-05
1.40880938e-05
1.61498368e-05
1.77775693e-05
1.92003315e-05
2.04184864e-05
2.12384789e-05
2.18514334e-05
2.23315883e-05
2.27116306e-05
2.30231837e-05
2.33043178e-05
2.36021602e-05
2.39473815e-05
2.42410795e-05
-0.000326423806
-0.000221781223
-0.000176574381
-0.000146113063
-0.000121669607
-0.000100771893
-8.23237274e-05
-6.56797339e-05
-5.03713965e-05
-3.65146865e-05
-2.47568499e-05
-1.50290393e-05
-6.7055436e-06
5.33292148e-07
6.824221e-06
1.22633956e-05
1.69345483e-05
2.09092689e-05
2.42731962e-05
2.72005609e-05
2.95866485e-05
3.14880909e-05
3.30811665e-05
3.43169269e-05
3.52852007e-05
3.60472169e-05
3.66469346e-05
3.71230441e-05
3.75126561e-05
3.78541492e-05
3.81780655e-05
3.84492352e-05
-0.000386212952
-0.000266915204
-0.000210788373
-0.000168760893
-0.000135763057
-0.000109664214
-8.78522781e-05
-6.89316211e-05
-5.21830072e-05
-3.72967479e-05
-2.41971439e-05
-1.27467189e-05
-2.72758451e-06
6.04068624e-06
1.36900681e-05
2.03248413e-05
2.60363833e-05
3.09110113e-05
3.50378918e-05
3.85009253e-05
4.14022846e-05
4.37573676e-05
4.56285949e-05
4.71510786e-05
4.83630185e-05
4.93170718e-05
5.00674396e-05
5.06623468e-05
5.11448595e-05
5.15569747e-05
5.19303056e-05
5.22253884e-05
-0.000442025353
-0.000315680772
-0.00024646576
-0.000194678261
-0.000154290688
-0.000122039026
-9.54363172e-05
-7.29131649e-05
-5.34565199e-05
-3.64583123e-05
-2.15552149e-05
-8.48031149e-06
2.98965912e-06
1.30327172e-05
2.17905325e-05
2.93832335e-05
3.59220252e-05
4.15135311e-05
4.62355652e-05
5.00709162e-05
5.32998277e-05
5.60636442e-05
5.8258101e-05
6.00109033e-05
6.14107941e-05
6.25244008e-05
6.34105774e-05
6.41221844e-05
6.47075572e-05
6.52151778e-05
6.56822571e-05
6.6057461e-05
-0.000490655522
-0.000359350196
-0.000280091298
-0.000220370359
-0.000173455023
-0.000135074521
-0.000103461328
-7.69814491e-05
-5.44125564e-05
-3.49371618e-05
-1.80135145e-05
-3.25695476e-06
9.62069429e-06
2.08410083e-05
3.05814104e-05
3.89918879e-05
4.62065514e-05
5.23489618e-05
5.75295036e-05
6.18424885e-05
6.54207822e-05
6.83737923e-05
7.07722184e-05
7.27057885e-05
7.42588433e-05
7.55059687e-05
7.65134178e-05
7.7339939e-05
7.80400711e-05
7.86710563e-05
7.9276642e-05
7.97778382e-05
-0.00053192569
-0.00039636002
-0.000311284852
-0.000245353357
-0.000191929263
-0.000147979238
-0.000111621395
-8.1185692e-05
-5.5378244e-05
-3.32741212e-05
-1.42175465e-05
2.27303158e-06
1.65601693e-05
2.89247542e-05
3.95928675e-05
4.87542679e-05
5.65747473e-05
6.32035721e-05
6.87778222e-05
7.34253151e-05
7.72691624e-05
8.042397e-05
8.29931732e-05
8.507363e-05
8.67550252e-05
8.81189896e-05
8.92385068e-05
9.01781414e-05
9.09987266e-05
9.17668681e-05
9.25330082e-05
9.31836288e-05
-0.000566132846
-0.000427474197
-0.000338406789
-0.000267796761
-0.000209055546
-0.000160191555
-0.000119500844
-8.53394693e-05
-5.63985139e-05
-3.17025803e-05
-1.05252381e-05
7.68778305e-06
2.3365118e-05
3.68457784e-05
4.84057174e-05
5.82769015e-05
6.66602585e-05
7.37343434e-05
7.96608982e-05
8.45884686e-05
8.86545829e-05
9.19861766e-05
9.46997941e-05
9.6902508e-05
9.86922253e-05
0.000100157636
0.000101377812
0.000102422617
0.000103358705
0.000104261534
0.000105187587
0.000105987782
-0.000594146987
-0.000453435438
-0.000361224117
-0.000286857562
-0.00022398803
-0.000171079384
-0.000126662053
-8.91943873e-05
-5.74008883e-05
-3.02972644e-05
-7.12046597e-06
1.27314846e-05
2.97378341e-05
4.42863728e-05
5.66975687e-05
6.72426274e-05
7.61562633e-05
8.3645697e-05
8.98966844e-05
9.5077613e-05
9.93420957e-05
0.000102830456
0.000105670723
0.000107979526
0.000109862685
0.000111415502
0.000112722574
0.000113858452
0.000114894809
0.000115914627
0.000116979393
0.000117909114
-0.000616490189
-0.000474436984
-0.000379939728
-0.000302668651
-0.000236574423
-0.000180405102
-0.000132888674
-9.25990584e-05
-5.83160785e-05
-2.90710401e-05
-4.087562e-06
1.72640407e-05
3.54983747e-05
5.10407408e-05
6.42481374e-05
7.54253456e-05
8.48369718e-05
9.2716123e-05
9.92706176e-05
0.00010468731
0.000109135105
0.000112767
0.000115721572
0.000118124132
0.000120087647
0.000121713308
0.000123090535
0.000124297861
0.000125411004
0.000126518668
0.000127686109
0.000128710947
-0.000633726385
-0.000490848312
-0.000394799157
-0.000315366396
-0.000246803906
-0.000188073175
-0.00013806003
-9.54446392e-05
-5.90687874e-05
-2.79908609e-05
-1.43661759e-06
2.12367864e-05
4.05664716e-05
5.70046407e-05
7.09362805e-05
8.26931065e-05
9.25644735e-05
0.000100805435
0.000107642832
0.000113279656
0.000117898326
0.000121663034
0.000124721588
0.000127206832
0.000129237869
0.000130920868
0.000132349253
0.000133604784
0.000134766196
0.000135925915
0.000137151712
0.000138229449
-0.00064648253
-0.000503163793
-0.000406150041
-0.000325165623
-0.000254771227
-0.00019409075
-0.000142131278
-9.7663677e-05
-5.95900845e-05
-2.69997096e-05
8.7052859e-07
2.46668854e-05
4.49391576e-05
6.21574949e-05
7.67270082e-05
8.899979e-05
9.9284502e-05
0.000107853754
0.000114949834
0.000120789012
0.000125564898
0.000129450979
0.000132602682
0.000135159032
0.000137244103
0.000138968025
0.000140427365
0.000141706367
0.000142885785
0.000144059817
0.000145297593
0.000146384295
-0.000655394854
-0.000511913175
-0.000414398034
-0.000332349529
-0.00026064734
-0.000198537186
-0.000145114679
-9.92253971e-05
-5.9824232e-05
-2.60317723e-05
2.90009437e-06
2.76150313e-05
4.86685744e-05
6.65417693e-05
8.16532693e-05
9.43696648e-05
0.000105013823
0.00011387159
0.000121197065
0.000127216795
0.000132133079
0.000136126638
0.000139358792
0.000141973311
0.000144098021
0.000145845994
0.000147316096
0.000148594364
0.000149762677
0.000150915276
0.000152121662
0.000153176558
-0.000661078813
-0.000517622948
-0.000419969193
-0.000337236362
-0.000264647759
-0.000201538687
-0.000147064575
-0.000100129368
-5.97325119e-05
-2.50235704e-05
4.72993239e-06
3.01658462e-05
5.18408683e-05
7.02417509e-05
8.57955232e-05
9.88783649e-05
0.000109822933
0.000118924399
0.000126445324
0.000132619659
0.000137655993
0.000141740261
0.000145037999
0.000147696326
0.00014984566
0.000151601055
0.000153062912
0.000154318445
0.000155449924
0.00015655021
0.000157688414
0.00015867727
-0.000664111188
-0.000520794253
-0.000423284846
-0.000340155171
-0.00026701082
-0.000203250544
-0.000148064835
-0.000100401008
-5.9295251e-05
-2.39219243e-05
6.4368351e-06
3.24117356e-05
5.45578705e-05
7.33641212e-05
8.92620491e-05
0.000102633565
0.000113817514
0.000123115091
0.000130794424
0.000137094342
0.00014222758
0.000146383463
0.000149730242
0.00015241712
0.000154576078
0.000156323314
0.000157760108
0.000158974343
0.000160048103
0.000161071828
0.000162113684
0.000163010677
-0.000665021054
-0.000521895787
-0.000424752112
-0.000341432139
-0.000267982734
-0.000203844279
-0.000148219803
-0.000100087202
-5.85119189e-05
-2.26885918e-05
8.08788768e-06
3.4441046e-05
5.69228942e-05
7.60221837e-05
9.21722722e-05
0.000105757959
0.000117121468
0.00012656741
0.00013436711
0.000140762193
0.000145967743
0.000150174951
0.0001535535
0.000156253626
0.000158408016
0.000160133321
0.000161531173
0.000162689725
0.000163690466
0.000164620738
0.000165547418
0.000166335695
-0.000664283585
-0.000521352925
-0.0004247459
-0.000341375756
-0.000267805433
-0.000203497007
-0.000147646158
-9.92508095e-05
-5.73991286e-05
-2.13018275e-05
9.73573603e-06
3.63305606e-05
5.90310232e-05
7.83244391e-05
9.46441582e-05
0.000108375877
0.000119863127
0.000129411983
0.000137295134
0.000143755397
0.000149008774
0.00015324713
0.000156640561
0.000159339515
0.000161476709
0.000163168726
0.000164517142
0.000165610091
0.000166528206
0.000167355384
0.000168157038
0.000168828264
-0.000662311875
-0.000519541114
-0.000423607534
-0.000340271944
-0.000266708665
-0.000202383199
-0.000146465703
-9.79652919e-05
-5.5987615e-05
-1.97557216e-05
1.14168611e-05
3.81416105e-05
6.09633052e-05
8.03672022e-05
9.67855867e-05
0.000110603723
0.000122165031
0.000131775645
0.00013970831
0.000146205843
0.000151484129
0.000155734811
0.000159127658
0.000161812721
0.000163922265
0.000165572425
0.000166864447
0.000167886235
0.000168717431
0.000169438415
0.00017011309
0.000170666317
-0.000659462629
-0.000516782944
-0.000421639885
-0.000338378015
-0.000264903245
-0.000200668016
-0.000144799098
-9.63094996e-05
-5.43182975e-05
-1.80578456e-05
1.31522966e-05
3.99191535e-05
6.27843e-05
8.2230798e-05
9.86893984e-05
0.000112544092
0.000124137282
0.000133774205
0.000141726798
0.000148237056
0.000153520053
0.000157766594
0.000161145625
0.000163806387
0.000165880377
0.000167483044
0.000168715118
0.000169664149
0.000170408745
0.000171025893
0.000171578049
0.000172018235
-0.000656031139
-0.000513345409
-0.000419107026
-0.000335921682
-0.000262577948
-0.000198502739
-0.000142760866
-9.43627436e-05
-5.24379629e-05
-1.6225732e-05
1.49501595e-05
4.16932835e-05
6.45423383e-05
8.39787265e-05
0.000100431679
0.000114283277
0.000125874298
0.000135508551
0.000143456641
0.000149959262
0.000155230238
0.000159459174
0.00016281389
0.00016544258
0.000167475796
0.000169028161
0.000170199797
0.000171077825
0.000171739845
0.000172259724
0.000172698598
0.000173035011
-0.000652249525
-0.000509468854
-0.000416223049
-0.000333097591
-0.000259900036
-0.000196023299
-0.000140455856
-9.22005892e-05
-5.03949356e-05
-1.4282628e-05
1.68101156e-05
4.34836171e-05
6.62714152e-05
8.56572737e-05
0.000102071426
0.000115890935
0.000127454101
0.000137063385
0.000144987986
0.000151467107
0.000156713109
0.000160914234
0.000164237036
0.000166828562
0.000168818338
0.000170320123
0.000171433382
0.000172244784
0.000172830987
0.000173263097
0.0001736011
0.000173845796
-0.000648310092
-0.000505543976
-0.000413023856
-0.000330016273
-0.000257005147
-0.000193345466
-0.000137974409
-8.98900603e-05
-4.8234155e-05
-1.22519332e-05
1.8730238e-05
4.53082379e-05
6.79950692e-05
8.7292973e-05
0.000103649259
0.00011741914
0.000128937393
0.000138506282
0.000146394031
0.000152838436
0.000158050409
0.000162216837
0.000165503007
0.000168054825
0.000170000805
0.000171453851
0.000172512787
0.000173263825
0.000173782777
0.000174138378
0.000174389643
0.000174556145
-0.000644358833
-0.0005017857
-0.000409594758
-0.000326788058
-0.0002540036
-0.000190564801
-0.0001353949
-8.74933529e-05
-4.60035216e-05
-1.01711244e-05
2.06753904e-05
4.71291519e-05
6.97227832e-05
8.89477577e-05
0.000105226341
0.000118923846
0.00013038022
0.000139895746
0.000147736229
0.000154137615
0.000159309264
0.000163436632
0.000166683724
0.000169195304
0.00017109891
0.00017250661
0.000173516605
0.000174214674
0.000174675889
0.000174966988
0.000175146124
0.000175248413
-0.000640496034
-0.000498120047
-0.000406182195
-0.000323535011
-0.000250976827
-0.000187753675
-0.000132779357
-8.50586803e-05
-4.373693e-05
-8.0643987e-06
2.26384681e-05
4.89663679e-05
7.14752825e-05
9.06227098e-05
0.000106806525
0.000120422883
0.000131811109
0.000141267704
0.000149056124
0.000155410709
0.000160539396
0.000164626333
0.000167834374
0.000170307234
0.000172171424
0.000173538388
0.000174505783
0.000175158876
0.000175572156
0.000175810776
0.000175931933
0.000175983046
-0.000636798607
-0.000494584377
-0.00040282644
-0.000320370766
-0.000247994112
-0.000184959031
-0.000130166239
-8.26129076e-05
-4.14412589e-05
-5.94895736e-06
2.46303323e-05
5.08469554e-05
7.32419849e-05
9.22818383e-05
0.000108380834
0.000121924469
0.000133247766
0.00014264639
0.000150383092
0.000156691212
0.000161777596
0.000165825402
0.000168996721
0.000171434351
0.000173261611
0.00017459221
0.000175524267
0.000176140729
0.000176515702
0.000176713421
0.000176790138
0.00017680113
-0.000633315096
-0.000491226031
-0.000399594946
-0.000317331896
-0.00024511041
-0.000182230165
-0.000127596731
-8.02019701e-05
-3.91859042e-05
-3.79674308e-06
2.66457917e-05
5.27499218e-05
7.50342464e-05
9.3966099e-05
0.000109982704
0.000123455229
0.000134714747
0.000144056516
0.00015174272
0.000158005783
0.000163051586
0.000167062344
0.000170199128
0.000172604065
0.000174402257
0.000175703973
0.000176605932
0.000177192703
0.000177537901
0.000177704729
0.000177749147
0.000177732427
-0.000630067612
-0.000488069342
-0.000396542257
-0.00031441903
-0.000242330084
-0.000179585746
-0.00012509085
-7.7832643e-05
-3.69475091e-05
-1.67671105e-06
2.86570384e-05
5.46620214e-05
7.68378499e-05
9.56696379e-05
0.000111612224
0.000125020012
0.000136220736
0.000145509804
0.000153149172
0.000159370581
0.000164379171
0.000168356445
0.000171462798
0.000173839773
0.000175612087
0.000176889424
0.000177768113
0.000178332544
0.000178655984
0.000178800994
0.000178823257
0.000178787898
-0.000627059374
-0.000485121679
-0.000393674548
-0.00031165448
-0.00023967385
-0.000177043469
-0.000122665059
-7.55221266e-05
-3.47483429e-05
4.17943568e-07
3.06595347e-05
5.65754291e-05
7.86537971e-05
9.73996671e-05
0.000113276836
0.000126626257
0.000137773703
0.000147014946
0.000154611835
0.000160795613
0.00016577086
0.000169718534
0.000172798526
0.000175151908
0.000176902972
0.000178161047
0.000179022165
0.00017957046
0.000179878949
0.000180009797
0.000180018479
0.000179972143
-0.000624280372
-0.000482378443
-0.00039098799
-0.000309043132
-0.000237147495
-0.000174608852
-0.000120325548
-7.32781626e-05
-3.25983883e-05
2.47683042e-06
3.26336762e-05
5.8477916e-05
8.04893848e-05
9.91677079e-05
0.000114983812
0.00012827866
0.00013937761
0.000148575879
0.000156134823
0.00016228523
0.000167231221
0.000171153314
0.000174210982
0.000176544922
0.000178279084
0.000179522505
0.000180370964
0.00018090839
0.00018120761
0.000181330579
0.000181332625
0.000181281469
-0.000621711396
-0.00047982568
-0.000388471868
-0.000306578821
-0.000234747018
-0.000172279437
-0.000118071237
-7.11007937e-05
-3.04984618e-05
4.49893346e-06
3.45782692e-05
6.03556498e-05
8.23334748e-05
0.000100977393
0.00011673562
0.000129977536
0.000141031978
0.000150192001
0.0001577176
0.000163838988
0.000168759872
0.000172660383
0.000175699638
0.000178018021
0.00017973921
0.000180972002
0.00018181197
0.000182342871
0.000182637396
0.000182757424
0.000182758194
0.000182706922
-0.000619327789
-0.000477443452
-0.000386110047
-0.000304249083
-0.000232462363
-0.000170046812
-0.000115894412
-6.89816434e-05
-2.8436752e-05
6.50514245e-06
3.65273869e-05
6.22293203e-05
8.41646037e-05
0.00010279138
0.000118507467
0.000131707607
0.000142726164
0.000151855135
0.000159353547
0.000165451254
0.000170351748
0.000174234931
0.000177259697
0.000179566221
0.000181277992
0.000182503639
0.000183338583
0.000183866442
0.000184159821
0.000184280625
0.000184284048
0.00018423605
-0.000617102644
-0.000475208949
-0.000383883568
-0.000302038499
-0.000230281273
-0.000167901547
-0.000113788209
-6.6916157e-05
-2.64112583e-05
8.49374445e-06
3.84767283e-05
6.41162024e-05
8.59988824e-05
0.000104600716
0.000120289382
0.000133461345
0.000144453693
0.000153559072
0.00016103652
0.000167115869
0.000172000581
0.000175870488
0.00017888439
0.000181182356
0.000182887772
0.000184109162
0.000184941841
0.000185469326
0.000185764176
0.000185888394
0.000185897162
0.000185854704
-0.000615008688
-0.000473098322
-0.000381772224
-0.000299930147
-0.000228190351
-0.000165833884
-0.000111746777
-6.49031689e-05
-2.4427846e-05
1.0447265e-05
4.03989177e-05
6.60081549e-05
8.78590147e-05
0.00010642876
0.000122091642
0.000135241704
0.000146213979
0.000155301048
0.000162762213
0.000168827409
0.000173700096
0.000177560079
0.000180566115
0.000182858226
0.000184559738
0.000185779112
0.000186611594
0.000187140625
0.000187438743
0.000187568101
0.000187583883
0.000187548317
-0.000613019414
-0.000471087856
-0.0003797555
-0.000297906092
-0.000226174646
-0.00016383171
-0.00010976056
-6.29353347e-05
-2.24806786e-05
1.23714896e-05
4.23000218e-05
6.79005699e-05
8.97388704e-05
0.000108273691
0.000123907657
0.000137042044
0.00014800077
0.000157074742
0.000164523963
0.000170578783
0.000175442751
0.000179295697
0.00018229639
0.00018458485
0.000186284388
0.000187503438
0.000188337201
0.000188869069
0.000189171582
0.000189307064
0.000189330717
0.000189302669
-0.000611110126
-0.000469155146
-0.000377813855
-0.000295948791
-0.000224219292
-0.000161882709
-0.000107819498
-6.10045982e-05
-2.05629384e-05
1.42734535e-05
4.41863028e-05
6.97851517e-05
9.1620422e-05
0.000110129767
0.000125739944
0.000138862793
0.000149811635
0.000158875973
0.000166316442
0.000172363744
0.000177221525
0.000181069653
0.000184066928
0.00018635339
0.000188052354
0.000189272247
0.000190108244
0.000190643704
0.000190951182
0.000191093182
0.000191124926
0.000191104466
-0.000609258633
-0.000467279804
-0.000375929452
-0.000294041757
-0.000222310209
-0.000159974973
-0.000105913498
-5.91022878e-05
-1.86665472e-05
1.61621755e-05
4.60667166e-05
7.16587841e-05
9.34861214e-05
0.000111986665
0.00012758868
0.000140702485
0.00015164288
0.000160699783
0.000168133856
0.00017417581
0.00017902933
0.000182874321
0.000185869616
0.000188155276
0.000189854632
0.000191076107
0.000191914867
0.000192454244
0.00019276682
0.000192915275
0.000192954846
0.000192941613
-0.000607445677
-0.00046544391
-0.000374086671
-0.000292170073
-0.000220434834
-0.000158098066
-0.000104034046
-5.7221821e-05
-1.67871209e-05
1.80391102e-05
4.79402499e-05
7.35279704e-05
9.53485803e-05
0.000113845077
0.000129444766
0.000142552975
0.000153487689
0.000162539691
0.000169969621
0.000176008172
0.000180859079
0.00018470231
0.000187696747
0.000189982484
0.000191682872
0.000192906349
0.000193748077
0.000194291373
0.000194608852
0.000194763359
0.000194810125
0.000194803436
-0.000605655215
-0.000463632316
-0.000372272435
-0.000290320564
-0.000218582318
-0.000156242913
-0.000102173621
-5.5357268e-05
-1.49203885e-05
1.99066742e-05
4.98077286e-05
7.53940171e-05
9.7209908e-05
0.000115704429
0.000131304571
0.000144410019
0.000155341586
0.00016439083
0.000171818435
0.000177855121
0.000182704698
0.00018654721
0.000189541593
0.000191827987
0.000193529771
0.000194755401
0.000195600043
0.00019614701
0.00019646895
0.000196628854
0.000196681927
0.000196680858
-0.000603874523
-0.000461832887
-0.00037047649
-0.000288481918
-0.000216743994
-0.000154402115
-0.000100326031
-5.35037766e-05
-1.3062827e-05
2.17670395e-05
5.16699663e-05
7.7256722e-05
9.90702438e-05
0.000117564764
0.000133166758
0.000146271191
0.000157201361
0.000166249383
0.000173675984
0.000179711925
0.000184561094
0.00018840361
0.000191398467
0.000193685846
0.00019538916
0.000196616885
0.000197464194
0.000198014402
0.000198340192
0.000198504675
0.000198562998
0.00019856647
-0.000602094014
-0.000460036636
-0.000368690941
-0.000286644659
-0.000214913545
-0.000152569763
-9.84862827e-05
-5.16574446e-05
-1.12115492e-05
2.36221715e-05
5.35280883e-05
7.91165347e-05
0.000100929465
0.000119425285
0.000135029849
0.000148134432
0.00015906441
0.000168112283
0.000175538806
0.000181574782
0.000186424171
0.000190267158
0.000193262789
0.000195551284
0.000197256086
0.000198485692
0.000199335284
0.000199888182
0.000200217103
0.000200385248
0.000200447675
0.000200454523
-0.000600306758
-0.000458237662
-0.00036690571
-0.000284805086
-0.000213086863
-0.000150740903
-9.66503683e-05
-4.98152059e-05
-9.36425609e-06
2.54736877e-05
5.53830985e-05
8.09739452e-05
0.000102787507
0.000121285311
0.000136892701
0.000149998236
0.000160928838
0.000169977279
0.000177404339
0.000183440858
0.000188290858
0.000192134577
0.000195131105
0.000197420696
0.000199126818
0.000200357985
0.000201209389
0.000201764357
0.000202095634
0.000202266465
0.000202331781
0.000202340935
-0.000598507772
-0.000456431431
-0.000365097939
-0.000282978845
-0.00021126188
-0.000148911995
-9.48155752e-05
-4.79748989e-05
-7.51923775e-06
2.7322833e-05
5.72358131e-05
8.28293983e-05
0.000104644379
0.000123144414
0.000138754605
0.000151861651
0.000162793423
0.000171842893
0.000179270875
0.000185308246
0.000190159074
0.000194003637
0.00019700106
0.000199291622
0.000200998811
0.000202231154
0.000203083852
0.000203640246
0.00020397309
0.000204145567
0.00020421234
0.000204223611
-0.000596696135
-0.00045461664
-0.000363280044
-0.000281153476
-0.00020943443
-0.000147080769
-9.29798829e-05
-4.61348331e-05
-5.67516984e-06
2.91705673e-05
5.90868726e-05
8.46832605e-05
0.000106500129
0.000125002419
0.00014061529
0.00015372426
0.000164657574
0.000173708366
0.000181137504
0.000187175901
0.000192027655
0.000195873076
0.00019887131
0.000201162655
0.000202870611
0.000204103714
0.000204957173
0.000205514335
0.000205847962
0.000206021194
0.000206088514
0.000206100733
-0.000594872286
-0.000452792932
-0.000361454682
-0.000279327945
-0.000207604156
-0.000145246926
-9.11427793e-05
-4.42944749e-05
-3.83158562e-06
3.10172406e-05
6.09364512e-05
8.65354139e-05
0.000108354425
0.000126859373
0.000142475147
0.000155586281
0.000166521315
0.000175573597
0.000183004034
0.000189043551
0.000193896267
0.000197742508
0.000200741433
0.000203033349
0.000204741764
0.000205975217
0.00020682892
0.00020738622
0.000207719878
0.000207893053
0.000207960315
0.000207972203
-0.000593038029
-0.000450962113
-0.000359621417
-0.000277503354
-0.000205771985
-0.000143411267
-8.93049822e-05
-4.24543786e-05
-1.98890959e-06
3.28625085e-05
6.27841362e-05
8.83849222e-05
0.000110205498
0.000128715189
0.000144336027
0.000157449113
0.000168385529
0.000177439231
0.000184871001
0.000190911674
0.000195765353
0.000199612363
0.00020261186
0.000204904148
0.000206612733
0.000207846157
0.000208699629
0.000209256494
0.000209589503
0.000209761873
0.000209828419
0.000209838901
-0.000591196201
-0.000449126934
-0.000357772894
-0.000275688924
-0.000203941264
-0.000141575824
-8.74681662e-05
-4.06157339e-05
-1.47804434e-07
3.47063275e-05
6.46307289e-05
9.02333702e-05
0.000112053198
0.000130568328
0.000146197474
0.000159312953
0.000170250673
0.000179305885
0.000186739161
0.000192781144
0.000197635885
0.000201483693
0.000204483713
0.00020677624
0.000208484775
0.000209717856
0.000210570694
0.00021112663
0.000211458405
0.000211629253
0.000211694165
0.000211702826
-0.000589352118
-0.000447291998
-0.000355922597
-0.000273877561
-0.000202114803
-0.000139743541
-8.56344772e-05
-3.87800589e-05
1.69085439e-06
3.65486027e-05
6.64772297e-05
9.20833563e-05
0.000113900953
0.000132418677
0.000148056596
0.000161176304
0.000172116533
0.000181174036
0.00018860941
0.000194653156
0.000199509282
0.000203358092
0.000206358727
0.000208651477
0.000210359843
0.000211592364
0.000212444257
0.000212998869
0.000213328923
0.000213497607
0.00021356001
0.00021356662
-0.000587512368
-0.000445462748
-0.000354082363
-0.000272068537
-0.000200295675
-0.00013791832
-8.38070491e-05
-3.69498554e-05
3.52498098e-06
3.83874176e-05
6.83213825e-05
9.39322497e-05
0.000115749798
0.000134270033
0.000149915733
0.000163040887
0.000173984856
0.00018304556
0.000190483741
0.000196529819
0.000201387774
0.000205237904
0.000208239354
0.000210532416
0.000212240594
0.000213472436
0.000214323171
0.000214876158
0.000215204109
0.000215370146
0.000215429433
0.000215433396
-0.000585684381
-0.000443645767
-0.000352258403
-0.000270268366
-0.000198488227
-0.000136104419
-8.198949e-05
-3.51280195e-05
5.35224288e-06
4.02208108e-05
7.0161262e-05
9.57779361e-05
0.000117598641
0.000136124316
0.00015177836
0.000164909571
0.000175858158
0.000184922937
0.000192364703
0.000198413788
0.000203274127
0.000207126017
0.000210128602
0.00021242218
0.000214130267
0.000215361424
0.0002162109
0.000216762075
0.000217087655
0.000217250692
0.000217306412
0.000217307236
-0.00058387651
-0.000441848818
-0.000350456964
-0.000268484468
-0.000196697708
-0.000134306376
-8.01855865e-05
-3.33174784e-05
7.17057441e-06
4.2047622e-05
7.19968077e-05
9.76214797e-05
0.000119447835
0.000137981209
0.000153645098
0.00016678369
0.000177738252
0.000186808359
0.000194254808
0.000200307837
0.000205171347
0.000209025633
0.000212029848
0.000214324308
0.000216032546
0.000217263151
0.000218111403
0.000218660713
0.00021898379
0.000219143617
0.000219195465
0.000219192807
-0.000582097944
-0.000440080491
-0.000348685179
-0.000266724479
-0.000194930093
-0.000132529197
-7.83994925e-05
-3.15214936e-05
8.97759987e-06
4.38663318e-05
7.38273673e-05
9.94630656e-05
0.000121298117
0.00013984162
0.000155517041
0.000168664762
0.000179627121
0.00018870421
0.000196156782
0.000202214988
0.000207082708
0.00021094025
0.000213946791
0.000216242677
0.000217951478
0.000219181824
0.00022002904
0.000220576583
0.000220897177
0.000221053742
0.000221101589
0.000221095268
-0.00058035852
-0.000438349934
-0.000346950847
-0.00026499621
-0.000193191815
-0.000130778239
-7.66356323e-05
-2.97435489e-05
1.07707598e-05
4.56752669e-05
7.56521243e-05
0.000101302782
0.000123150489
0.000141706728
0.000157395195
0.000170554146
0.000181526711
0.000190612929
0.000198073453
0.000204138399
0.000209011657
0.000212873564
0.000215883347
0.000218181403
0.000219891364
0.00022112192
0.000221968461
0.000222514507
0.000222832814
0.00022298625
0.000223030165
0.000223020182
-0.000578668464
-0.00043666657
-0.00034526211
-0.000263307471
-0.000191489441
-0.000129058975
-7.48985052e-05
-2.79871668e-05
1.25475141e-05
4.7472896e-05
7.74707012e-05
0.000103141851
0.000125007887
0.000143577787
0.000159278683
0.000172451943
0.000183438394
0.000192536716
0.000200007569
0.000206081232
0.000210961688
0.00021482935
0.000217843529
0.000220144715
0.000221856631
0.000223088059
0.000223934477
0.000224479491
0.000224795907
0.00022494656
0.000224986849
0.000224973419
-0.00057703812
-0.000435039832
-0.000343627175
-0.000261665888
-0.000189829455
-0.000127376851
-7.31926373e-05
-2.62559998e-05
1.43050464e-05
4.92571833e-05
7.92817945e-05
0.000104979861
0.000126871399
0.000145456603
0.000161169082
0.000174360111
0.000185364645
0.000194478479
0.000201962358
0.000208046967
0.000212936499
0.000216811501
0.000219831415
0.00022213687
0.000223851718
0.000225084865
0.000225931908
0.000226476562
0.000226791706
0.000226940172
0.000226977415
0.000226961005
-0.000575477595
-0.000433478834
-0.00034205399
-0.00026007866
-0.000188218018
-0.000125737099
-7.15224876e-05
-2.45538876e-05
1.60399295e-05
5.10246998e-05
8.10810757e-05
0.000106810711
0.000128736882
0.000147348658
0.0001630756
0.00017628405
0.000187309623
0.000196442142
0.000203941668
0.000210039414
0.000214939913
0.000218823899
0.000221850984
0.000224161968
0.00022588087
0.000227116754
0.000227965361
0.000228510541
0.000228825273
0.000228972421
0.000229007514
0.000228988879
-0.000573996264
-0.000431991892
-0.000340549771
-0.000258552093
-0.000186660449
-0.000124144131
-6.98916518e-05
-2.28837e-05
1.77499109e-05
5.27736949e-05
8.28670962e-05
0.000108632759
0.000130602053
0.000149253494
0.000165000552
0.000178226765
0.000189276544
0.000198430806
0.000205948565
0.000212061675
0.000216975098
0.000220869801
0.000223905601
0.000226223508
0.000227947745
0.000229187565
0.000230038885
0.000230585711
0.000230901154
0.000231048153
0.000231082335
0.000231062541
-0.000572602262
-0.000430586022
-0.000339120537
-0.000257091118
-0.000185160764
-0.000122601108
-6.83024499e-05
-2.12469235e-05
1.94343611e-05
5.45046845e-05
8.46422406e-05
0.000110449594
0.000132462758
0.00015115964
0.000166941004
0.000180193678
0.000191270179
0.000200447858
0.000207985845
0.000214116349
0.000219044583
0.000222951732
0.000225997844
0.000228324169
0.000230055163
0.000231300295
0.000232155684
0.000232705519
0.000233023068
0.000233171402
0.000233206267
0.000233186704
-0.000571302012
-0.000429266453
-0.000337770728
-0.000255698862
-0.000183721355
-0.000121109772
-6.6755948e-05
-1.96439657e-05
2.10935187e-05
5.6218644e-05
8.64085386e-05
0.000112264597
0.000134322256
0.000153065975
0.000168893947
0.000182183936
0.000193290183
0.00020249332
0.000210053841
0.000216204021
0.000221149156
0.000225070658
0.000228128855
0.000230465274
0.000232204639
0.000233456672
0.000234317725
0.000234872194
0.000235193537
0.000235345021
0.000235382536
0.000235364921
-0.000570099713
-0.000428036051
-0.00033650288
-0.000254376153
-0.000182342657
-0.000119670264
-6.52518836e-05
-1.80741967e-05
2.2728299e-05
5.79165816e-05
8.81668969e-05
0.00011407958
0.000136188474
0.000154980186
0.000170857009
0.000184190969
0.000195331864
0.000204564349
0.000212150675
0.000218323343
0.000223287831
0.000227225875
0.000230298163
0.000232646567
0.000234396136
0.000235656892
0.000236525457
0.000237086464
0.0002374136
0.000237570397
0.000237612917
0.000237599309
-0.00056899667
-0.00042689453
-0.00033531781
-0.000253120552
-0.000181022634
-0.000118280986
-6.37885328e-05
-1.65357287e-05
2.43405575e-05
5.95999424e-05
8.99179332e-05
0.00011589403
0.000138060519
0.000156903621
0.000172832587
0.000186215103
0.000197394214
0.000206659542
0.000214274746
0.000220472561
0.000225458759
0.000229415497
0.000232503897
0.000234866239
0.000236627954
0.000237899426
0.000238777557
0.000239347255
0.000239682485
0.000239847123
0.000239897419
0.000239890236
-0.000567990512
-0.000425838032
-0.000334216738
-0.000251921815
-0.000179753841
-0.00011693717
-6.23612659e-05
-1.50242522e-05
2.5932053e-05
6.12708265e-05
9.16633591e-05
0.000117708611
0.000139937858
0.000158836107
0.000174821332
0.000188256063
0.000199475479
0.00020877634
0.000216423009
0.000222648267
0.000227658259
0.000231635657
0.000234742102
0.000237120393
0.000238896378
0.000240180607
0.000241070614
0.000241651516
0.000241997486
0.000242172862
0.000242234091
0.000242236084
-0.000567074336
-0.000424859982
-0.000333197492
-0.000250756962
-0.000178519511
-0.000115625384
-6.09571837e-05
-1.35305029e-05
2.74937243e-05
6.29254201e-05
9.34013214e-05
0.00011952262
0.000141820644
0.000160775782
0.000176819182
0.000190309873
0.000201571636
0.000210910384
0.00021859068
0.000224845317
0.000229880925
0.000233880789
0.000237007197
0.000239403774
0.000241196795
0.000242492935
0.000243396633
0.000243992093
0.000244352051
0.000244541519
0.000244617153
0.000244631247
-0.000566234056
-0.000423947367
-0.00033218916
-0.000249682399
-0.000177347195
-0.000114347912
-5.958157e-05
-1.2056711e-05
2.90813239e-05
6.45934833e-05
9.51497167e-05
0.00012134863
0.000143719151
0.000162726486
0.000178821536
0.00019237052
0.000203677733
0.000213055851
0.000220770767
0.000227055752
0.000232117986
0.000236141403
0.000239288854
0.000241704242
0.000243514417
0.000244830829
0.000245751787
0.000246363047
0.000246739435
0.000246946335
0.000247040962
0.000247072649
-0.000565448963
-0.000423078401
-0.000331186778
-0.000248646528
-0.000176187984
-0.000113071533
-5.82025288e-05
-1.05794008e-05
3.06555524e-05
6.62569751e-05
9.68970631e-05
0.000123175288
0.000145622001
0.000164684287
0.000180829374
0.000194435519
0.000205788246
0.000215205251
0.000222954392
0.000229269641
0.000234358759
0.000238406338
0.000241575864
0.000244011802
0.000245841569
0.000247177324
0.000248117482
0.000248748189
0.000249144712
0.000249373129
0.00024949144
0.000249544924
-0.000564692784
-0.000422224811
-0.000330205285
-0.000247589326
-0.000175014183
-0.000111784273
-5.68110304e-05
-9.08892937e-06
3.22400486e-05
6.79288244e-05
9.86472083e-05
0.000124995879
0.000147522802
0.000166664591
0.000182858427
0.000196501803
0.000207895378
0.000217348816
0.00022512997
0.000231473743
0.000236588643
0.000240659894
0.000243851609
0.000246308855
0.000248159601
0.000249516476
0.000250478313
0.000251131556
0.00025155186
0.000251806202
0.000251953133
0.000252031805
-0.000563927257
-0.000421347945
-0.000329201088
-0.000246487585
-0.000173798615
-0.00011045873
-5.53829089e-05
-7.56409976e-06
3.38559941e-05
6.96300383e-05
0.000100427445
0.000126845912
0.000149431704
0.000168630771
0.00018486625
0.000198541227
0.000209975096
0.000219464799
0.000227276803
0.000233647598
0.000238786974
0.000242881031
0.000246094619
0.000248573473
0.000250446154
0.000251825793
0.000252811619
0.000253490373
0.000253938136
0.000254222909
0.000254403726
0.000254512277
-0.000563101809
-0.000420402735
-0.00032812402
-0.000245305652
-0.00017250653
-0.00010906257
-5.3891127e-05
-5.9840566e-06
3.55176857e-05
7.13677448e-05
0.000102236984
0.000128717808
0.000151331033
0.000170563283
0.000186849668
0.000200558852
0.000212024512
0.000221542425
0.000229379136
0.000235772129
0.000240932213
0.000245046329
0.000248280045
0.000250779732
0.000252674511
0.000254077981
0.000255089724
0.00025579674
0.000256275532
0.000256595205
0.000256815263
0.000256958872
-0.000562152449
-0.000419361151
-0.000326903319
-0.000243993017
-0.000171097084
-0.000107559399
-5.23052772e-05
-4.32613172e-06
3.72385548e-05
7.31428819e-05
0.000104057865
0.000130577473
0.000153222293
0.000172497755
0.00018882531
0.000202553751
0.00021403333
0.000223565291
0.000231416062
0.000237823047
0.000242997501
0.000247126948
0.000250377509
0.000252896062
0.000254812177
0.000256239831
0.000257278887
0.000258016528
0.000258529645
0.000258888525
0.000259153132
0.000259336896
-0.000561015499
-0.000418291643
-0.00032536867
-0.000242461729
-0.000169515677
-0.000105902696
-5.05849852e-05
-2.55650855e-06
3.90470452e-05
7.49814331e-05
0.00010591827
0.000132455186
0.000155125714
0.000174417231
0.000190745878
0.000204479168
0.00021596248
0.000225497932
0.000233352843
0.000239765264
0.000244947033
0.000249086228
0.000252349477
0.0002548841
0.000256820043
0.000258271584
0.000259338781
0.000260108921
0.000260659241
0.00026106127
0.000261375413
0.000261604134
-0.000559603004
-0.000416989807
-0.000323543693
-0.000240665943
-0.000167701719
-0.000104040022
-4.86873028e-05
-6.40831897e-07
4.0969334e-05
7.69024122e-05
0.000107832311
0.000134359536
0.000157019615
0.000176290943
0.00019259718
0.000206316043
0.000217786566
0.000227310469
0.000235156211
0.000241562717
0.000246742409
0.000250883824
0.00025415398
0.000256700513
0.00025865362
0.00026012776
0.000261223065
0.000262026813
0.000262616516
0.000263064974
0.000263433006
0.000263710934
-0.000557823062
-0.000415296835
-0.00032138214
-0.000238542877
-0.00016558594
-0.000101911864
-4.65646293e-05
1.45734793e-06
4.30309275e-05
7.89199974e-05
0.000109801576
0.00013627873
0.000158888702
0.00017811013
0.000194369192
0.000208045758
0.00021947874
0.000228970214
0.000236789204
0.000243175081
0.000248340576
0.000252474449
0.000255743874
0.000258296593
0.000260262856
0.000261757121
0.00026287943
0.000263716901
0.000264347212
0.000264844423
0.000265269717
0.000265600247
-0.000555571558
-0.000413107339
-0.000318786614
-0.000236006421
-0.00016309218
-9.94538684e-05
-4.41649571e-05
3.77801942e-06
4.52603057e-05
8.1051763e-05
0.000111833561
0.000138211999
0.000160726799
0.000179858388
0.000196034525
0.000209636262
0.000221003148
0.00023043764
0.000238208989
0.000244556663
0.00024969339
0.000253807851
0.000257067088
0.000259618669
0.000261592644
0.000263103236
0.000264250189
0.00026512028
0.000265791201
0.000266338209
0.000266822765
0.000267208089
-0.000552728762
-0.000410310483
-0.000315650965
-0.000232961563
-0.000160138887
-9.65977586e-05
-4.1433371e-05
6.36287653e-06
4.76864335e-05
8.33147086e-05
0.000113934306
0.000140155695
0.000162521741
0.000181515122
0.000197565166
0.000211053916
0.000222321402
0.000231670208
0.000239369461
0.000245658342
0.000250749177
0.000254830175
0.000258067865
0.000260609292
0.000262583979
0.000264105626
0.00026527342
0.000266173564
0.000266883589
0.000267479807
0.00026802382
0.000268464488
-0.000549162473
-0.000406784079
-0.000311861282
-0.000229307304
-0.000156639576
-9.32717139e-05
-3.83127712e-05
9.2545858e-06
5.03382172e-05
8.57249342e-05
0.000116108243
0.000142103819
0.000164258319
0.000183056999
0.000198930772
0.000212262473
0.000223392304
0.000232622568
0.000240221803
0.000246428395
0.000251453757
0.000255485125
0.000258688045
0.000261208594
0.000263175373
0.000264701197
0.000265884385
0.000266810309
0.000267556141
0.000268199047
0.00026880027
0.00026929354
-0.000544730369
-0.000402397021
-0.000307296615
-0.000224937511
-0.000152504004
-8.94015931e-05
-3.4745048e-05
1.24957388e-05
5.32436379e-05
8.82969862e-05
0.000118357819
0.000144048111
0.000165918948
0.000184458409
0.000200098925
0.000213223825
0.000224173032
0.000233248016
0.000240716108
0.000246814262
0.000251752335
0.000255715977
0.000258869173
0.000261356506
0.000263305174
0.000264826692
0.000266018138
0.000266963755
0.000267740156
0.000268425154
0.000269078597
0.000269615646
-0.000539282023
-0.000397011372
-0.000301830901
-0.000219742592
-0.000147639873
-8.49125388e-05
-3.06724963e-05
1.61276709e-05
5.6428841e-05
9.10432533e-05
0.000120683226
0.00014597816
0.000167484147
0.000185692232
0.000201036167
0.000213899323
0.000224620726
0.00023350029
0.00024080336
0.000246764661
0.000251591718
0.000255467854
0.000258554798
0.000260995008
0.000262913719
0.000264420648
0.000265611221
0.000266568097
0.000267366594
0.000268084741
0.000268785025
0.000269376739
-0.000532661257
-0.000390484576
-0.00029533531
-0.00021361163
-0.000141954871
-7.97308277e-05
-2.60394164e-05
2.01891673e-05
5.99171993e-05
9.39734242e-05
0.000123082282
0.000147881702
0.000168933259
0.000186730952
0.000201709468
0.00021425158
0.000224694597
0.00023333596
0.00024043807
0.000246232465
0.000250923421
0.000254691061
0.000257694068
0.000260072056
0.000261947656
0.000263428238
0.000264607109
0.000265565037
0.00026637583
0.000267116808
0.000267849822
0.00026847932
-0.000524708907
-0.000382672039
-0.000287680916
-0.000206434879
-0.000135359
-7.37859756e-05
-2.0793912e-05
2.47150407e-05
6.37283255e-05
9.70939761e-05
0.000125550417
0.000149745112
0.000170245426
0.000187548078
0.000202088066
0.000214246672
0.000224358438
0.000232717196
0.00023958125
0.000245177824
0.000249706865
0.000253344309
0.000256244882
0.000258544547
0.000260362617
0.000261803486
0.000262957815
0.00026390409
0.000264714445
0.000265465186
0.000266215273
0.000266856628
-0.000515265933
-0.000373430051
-0.000278741711
-0.000198106598
-0.000127767218
-6.7013113e-05
-1.4889917e-05
2.97345391e-05
6.78769843e-05
0.000100407641
0.000128080716
0.000151554028
0.000171400767
0.000188119837
0.000202145617
0.00021385671
0.000223583567
0.000231615035
0.00023820396
0.000243571945
0.000247913392
0.000251398931
0.000254178331
0.000256383011
0.00025812819
0.00025951463
0.000260629798
0.000261549413
0.000262343304
0.000263085934
0.000263834441
0.000264477412
-0.00050417686
-0.000362618974
-0.000268397955
-0.000188528266
-0.00011910242
-5.93556496e-05
-8.28949598e-06
3.52695011e-05
7.23718006e-05
0.000103912733
0.000130663896
0.000153293963
0.000172381608
0.000188426983
0.000201862521
0.000213062612
0.00022235198
0.000230012854
0.000236291041
0.000241401051
0.000245530388
0.000248843157
0.000251483096
0.000253576146
0.000255232626
0.000256548949
0.000257608823
0.000258484755
0.000259243753
0.000259957591
0.000260681303
0.000261305397
-0.000491293429
-0.00035010659
-0.000256539813
-0.000177612136
-0.000109298698
-5.07681831e-05
-9.65448138e-07
4.13321645e-05
7.72136211e-05
0.000107602165
0.00013328803
0.000154950751
0.000173173609
0.000188456535
0.000201228221
0.000211856882
0.000220659542
0.000227909899
0.000233844937
0.000238670436
0.000242565539
0.000245686539
0.000248170033
0.000250135495
0.000251687472
0.000252917313
0.000253904419
0.000254717691
0.000255420829
0.000256081956
0.000256753512
0.000257333861
-0.000476478162
-0.00033577126
-0.000243071071
-0.00016528531
-9.8305304e-05
-4.12200716e-05
7.0953481e-06
4.79222341e-05
8.23931889e-05
0.000111461854
0.000135937735
0.000156510518
0.000173766466
0.000188203153
0.000200243135
0.000210246019
0.00021851877
0.000225324361
0.00023088896
0.000235407842
0.000239050241
0.00024196333
0.000244275426
0.000246098594
0.000247530822
0.00024865766
0.000249553523
0.000250283598
0.000250907789
0.000251489534
0.00025207814
0.000252586586
-0.000459607238
-0.000319504721
-0.000227914626
-0.000151498031
-8.60932774e-05
-3.06997234e-05
1.58867442e-05
5.50219041e-05
8.78871799e-05
0.000115467845
0.000138592329
0.000157958794
0.000174153915
0.000187669906
0.000198920107
0.000208252552
0.000215961406
0.000222296468
0.000227470946
0.00023166778
0.000235044761
0.00023773867
0.000239868605
0.000241538641
0.000242839189
0.000243847624
0.000244632526
0.000245257522
0.000245776654
0.000246248735
0.000246719901
0.000247125253
-0.00044056956
-0.000301213179
-0.000211024644
-0.000136245587
-7.26521749e-05
-1.91960542e-05
2.53844108e-05
6.25915258e-05
9.36538873e-05
0.000119582795
0.000141223128
0.000159278691
0.000174332721
0.000186867962
0.000197284624
0.00020591561
0.00021303914
0.00021888911
0.000223663449
0.00022753078
0.00023063564
0.000233102592
0.000235040057
0.00023654451
0.000237699132
0.000238557264
0.000239215747
0.000239732102
0.000240125021
0.000240458047
0.000240775595
0.000241043945
-0.000419248995
-0.000280799377
-0.000192375051
-0.000119564039
-5.79340357e-05
-6.63778715e-06
3.55467556e-05
7.05678424e-05
9.9630423e-05
0.000123752565
0.000143790462
0.000160448634
0.000174301067
0.000185815517
0.000195374176
0.000203290573
0.000209823555
0.000215188203
0.000219564753
0.000223105594
0.000225940122
0.000228178758
0.000229916416
0.000231248035
0.000232298791
0.000233073344
0.000233547394
0.00023384852
0.00023407762
0.000234248517
0.000234380355
0.0002344778
-0.00039550418
-0.000258114569
-0.000171839746
-0.000101296916
-4.21236865e-05
6.54788393e-06
4.61252648e-05
7.87967662e-05
0.000105693799
0.000127877727
0.000146227443
0.000161433451
0.000174053329
0.000184534901
0.000193237324
0.000200449771
0.000206409348
0.000211309606
0.000215310895
0.000218548157
0.000221136507
0.000223175821
0.000224753376
0.000225930257
0.000226712309
0.000227241132
0.000227653927
0.000227893955
0.000227954599
0.000227909871
0.000227807508
0.000227700581
-0.000369314039
-0.000233137671
-0.000149571279
-8.15341012e-05
-2.55646317e-05
2.00940286e-05
5.70917957e-05
8.71117659e-05
0.000111700177
0.000131813598
0.000148442903
0.000162185066
0.000173578154
0.000183047708
0.000190924811
0.000197470903
0.000202895421
0.000207367898
0.000211027305
0.000213989209
0.000216351304
0.000218197184
0.000219599196
0.000220618454
0.000221309066
0.00022174036
0.00022193923
0.00022193944
0.000221796645
0.000221531416
0.000221170752
0.000220825066
-0.000340649335
-0.000205809606
-0.000125741997
-6.04228043e-05
-8.09048496e-06
3.38439145e-05
6.79724441e-05
9.53075254e-05
0.00011744279
0.000135512777
0.000150371057
0.00016265672
0.000172866361
0.000181382624
0.000188499898
0.000194446752
0.000199402877
0.00020351149
0.000206888488
0.000209629271
0.000211813865
0.000213510208
0.000214777387
0.000215667363
0.000216227359
0.000216502634
0.000216535926
0.000216360025
0.000216006306
0.000215490129
0.000214834937
0.000214218441
-0.00030951328
-0.000176410239
-0.000100546189
-3.87045357e-05
9.95092306e-06
4.81535528e-05
7.86919364e-05
0.000103073643
0.000122709674
0.000138698606
0.000151850403
0.000162764709
0.000171888308
0.000179555529
0.000186018136
0.000191467657
0.000196051789
0.000199886276
0.00020306346
0.000205658463
0.000207733714
0.000209342395
0.000210530369
0.000211338196
0.000211803209
0.000211960224
0.000211842986
0.000211483687
0.000210907836
0.000210120919
0.000209142458
0.000208226157
-0.000275799192
-0.000145528672
-7.37000063e-05
-1.64998176e-05
2.77459301e-05
6.19530343e-05
8.87838414e-05
0.000110067408
0.000127188005
0.0001411651
0.000152734056
0.000162423298
0.000170614248
0.000177584291
0.000183537261
0.000188624997
0.000192962468
0.000196638323
0.000199722222
0.000202269986
0.00020432726
0.000205932178
0.000207117349
0.000207911621
0.000208340634
0.000208428871
0.000208201306
0.000207684077
0.000206896255
0.000205831515
0.000204503725
0.000203256828
-0.000239286113
-0.000113208721
-4.55482076e-05
5.78596354e-06
4.47198252e-05
7.44645494e-05
9.75076156e-05
0.000115736871
0.000130477124
0.000142638776
0.000152848528
0.000161540108
0.000169016172
0.000175490636
0.000181117292
0.000186008913
0.000190249931
0.000193904806
0.000197023536
0.000199645331
0.000201801173
0.000203515714
0.000204808655
0.000205695659
0.000206189173
0.000206299812
0.000206039001
0.000205420759
0.000204451999
0.000203109507
0.000201406527
0.000199787428
-0.000199685449
-7.91733313e-05
-1.72903248e-05
2.71748374e-05
6.01267887e-05
8.49731418e-05
0.00010420226
0.000119569889
0.000132222973
0.000142898838
0.000152077719
0.000160077627
0.000167113098
0.000173332806
0.000178843197
0.000183722987
0.000188032121
0.000191817214
0.00019511468
0.000197952445
0.000200351129
0.0002023253
0.000203884209
0.000205030936
0.00020576216
0.000206067406
0.000205930637
0.000205342811
0.000204286179
0.000202700185
0.000200574311
0.000198500477
-0.000156253259
-4.34457988e-05
1.01050085e-05
4.62732442e-05
7.25356936e-05
9.24171688e-05
0.000108133846
0.000121103264
0.000132172896
0.00014184458
0.000150423875
0.000158103814
0.000165010905
0.000171234397
0.000176842507
0.000181889796
0.000186421459
0.000190475633
0.000194083827
0.000197269838
0.000200049395
0.00020243415
0.000204433916
0.000206044485
0.000207254025
0.000208037313
0.000208321397
0.000208040257
0.000207127773
0.000205445815
0.000202878302
0.000200261801
-0.000107439694
-6.95979159e-06
3.45268704e-05
6.10015117e-05
8.03942369e-05
9.58111773e-05
0.000108789053
0.000120162865
0.000130370104
0.000139644074
0.000148116546
0.000155869535
0.000162954233
0.000169415401
0.000175301027
0.000180657793
0.00018553119
0.000189966642
0.000194008677
0.000197694131
0.000201043877
0.000204089477
0.000206880278
0.000209400881
0.00021162486
0.0002135688
0.000215047247
0.000215787617
0.000215620395
0.000214323438
0.000211483617
0.000208438447
-4.24568594e-05
2.91303512e-05
5.17418938e-05
6.76969807e-05
8.12779356e-05
9.37779102e-05
0.000105534239
0.000116609751
0.000126994363
0.000136678785
0.000145664838
0.000153946106
0.000161524642
0.000168436808
0.000174737103
0.000180479646
0.000185721461
0.000190529036
0.000194983898
0.000199157904
0.000203037892
0.000206573973
0.000209879892
0.000213282416
0.000217065956
0.00022084978
0.000223678404
0.00022548374
0.000227042776
0.000228189909
0.000227837256
0.000225776582
6.46117786e-05
6.48624399e-05
6.23755741e-05
6.80877321e-05
7.77929825e-05
8.91340529e-05
0.000100943245
0.000112572065
0.000123662863
0.000134102017
0.000143879781
0.000152904704
0.000161079916
0.000168463828
0.000175161154
0.000181237211
0.000186754478
0.000191794331
0.000196498667
0.000201024209
0.000205401528
0.000209573219
0.000213608386
0.000217814604
0.000222896112
0.000229750523
0.00023862627
0.000250126992
0.000265205953
0.000285366238
0.000314261602
0.000349257428
)
;

boundaryField
{
    inner_wall
    {
        type            zeroGradient;
    }
    outer_wall
    {
        type            zeroGradient;
    }
    top
    {
        type            zeroGradient;
    }
    bottom
    {
        type            fixedValue;
        value           uniform 0;
    }
    front
    {
        type            wedge;
    }
    back
    {
        type            wedge;
    }
}


// ************************************************************************* //
