/*--------------------------------*- C++ -*----------------------------------*\
| =========                 |                                                 |
| \\      /  F ield         | OpenFOAM: The Open Source CFD Toolbox           |
|  \\    /   O peration     | Version:  2506                                  |
|   \\  /    A nd           | Website:  www.openfoam.com                      |
|    \\/     M anipulation  |                                                 |
\*---------------------------------------------------------------------------*/
FoamFile
{
    version     2.0;
    format      ascii;
    arch        "LSB;label=32;scalar=64";
    class       volScalarField;
    location    "78";
    object      C;
}
// * * * * * * * * * * * * * * * * * * * * * * * * * * * * * * * * * * * * * //

dimensions      [0 0 0 0 0 0 0];

internalField   nonuniform List<scalar> 
3072
(
1.8279741e-08
-1.81845543e-06
9.37819957e-06
0.000117202144
-4.45357785e-05
-0.0013589314
-0.00282909552
-0.000515416387
0.00793617699
0.0176207312
0.0164381407
-0.000553607987
-0.0281123982
-0.0499591429
-0.0166651468
0.14219754
0.433168112
0.746501398
0.959210508
1.03537627
1.02864252
1.00650647
0.997308322
0.998055584
1.00142534
1.00483454
1.00586765
1.00128031
0.985767853
0.922686261
0.715730329
0.282960506
-3.85373602e-08
4.94743323e-06
3.41764984e-05
-0.000342681682
-0.00117340792
0.00140812971
0.0130007684
0.0319045961
0.0479662068
0.0524357263
0.0440783451
0.022544119
-0.0127328592
-0.0479720306
-0.0248270729
0.139161964
0.443630702
0.76443957
0.971519876
1.03743672
1.02570844
1.0043
0.996975685
0.998418627
1.0017844
1.00509061
1.00584441
1.0007934
0.984639761
0.919928835
0.71108688
0.279132574
1.99182295e-08
1.31278627e-05
-0.000132652305
-0.000981613163
0.0010447797
0.0155153392
0.0437365991
0.0715522241
0.0856086069
0.0842285769
0.0690290039
0.0424593852
0.00244937907
-0.0441224288
-0.031499974
0.134065126
0.446958852
0.772826206
0.977183619
1.03785109
1.02399129
1.00329966
0.996929714
0.998623019
1.00195544
1.00521005
1.00581972
1.00056633
0.98425287
0.919432975
0.711542619
0.282408311
4.70242767e-08
1.40868873e-05
-0.000288818335
-0.00129232544
0.00433448982
0.0295626575
0.0693185545
0.102218754
0.116481056
0.110948441
0.0859069655
0.0554843597
0.0132862047
-0.0411461855
-0.0332867811
0.13933804
0.462303674
0.790018016
0.986168473
1.03817084
1.02153179
1.00200251
0.996892374
0.998884695
1.0021731
1.00536033
1.00578489
1.00028059
0.983756762
0.918659898
0.711339817
0.285387731
-2.97731259e-08
1.6615973e-05
-0.000308929045
-0.0013729378
0.00495150149
0.0331203269
0.0771388254
0.112804409
0.133422354
0.12064836
0.0885013981
0.0556623106
0.0112942898
-0.0431677402
-0.0237086664
0.168663266
0.503360253
0.822431012
0.999090642
1.03748078
1.01800168
1.00053413
0.996969832
0.999216577
1.00243266
1.00553273
1.00571793
0.999914019
0.98311355
0.917575701
0.710767023
0.2888719
-3.74131406e-07
2.23088868e-05
-0.000259969963
-0.00144600623
0.00314332312
0.0262777944
0.0641441125
0.0962972931
0.111070266
0.0996476879
0.0727286852
0.0426924166
-0.00294390564
-0.0481780798
0.00457393164
0.236238752
0.580875266
0.873885628
1.01546772
1.03465998
1.0129727
0.998895517
0.997225538
0.999666313
1.00278341
1.00575593
1.00558466
0.999356017
0.982062963
0.915455996
0.708374197
0.29113727
-8.20937563e-07
2.87483159e-05
-0.000169153969
-0.00139230181
0.000637618665
0.0149588946
0.0400722022
0.0625683713
0.0709406381
0.0617940443
0.0444211878
0.0187232265
-0.0261124713
-0.0434945145
0.0723047522
0.35584136
0.695267616
0.937518275
1.02980872
1.02817581
1.00687903
0.997541758
0.997754697
1.00023189
1.00324528
1.00602955
1.00533157
0.998512506
0.980416301
0.911846853
0.703462782
0.291480501
-2.74030451e-06
3.11940991e-05
-6.54770074e-05
-0.00113422763
-0.00105727358
0.00531492264
0.0176924392
0.0291251723
0.0320152907
0.0271444035
0.0167000413
-0.0114693774
-0.0439306334
0.00268903387
0.208236673
0.531935071
0.830640306
0.99613605
1.03456314
1.01787323
1.00115653
0.997042004
0.998546732
1.00087854
1.00383187
1.00632661
1.00488088
0.997285965
0.977988794
0.906334114
0.69545044
0.289319241
3.4524726e-07
3.45781086e-05
3.06201677e-05
-0.000727005161
-0.00150165167
4.11890489e-05
0.00403581791
0.00757582704
0.00815103216
0.00606445145
-0.00974404217
-0.0374530013
-0.0156417778
0.140151996
0.430108336
0.742152216
0.952792972
1.02974166
1.02629228
1.00650419
0.997652622
0.99760132
0.999431545
1.00158299
1.00455128
1.00657731
1.0041276
0.99558021
0.974600001
0.898575361
0.684018397
0.2844307
-2.34310207e-05
3.20895687e-06
5.87696883e-05
-0.000349025852
-0.0011201719
-0.00144028467
-0.00107043349
-0.000845019509
-0.000721709456
-0.0119713409
-0.0325517582
-0.00880618446
0.134052357
0.403192157
0.706437934
0.928127838
1.02336999
1.03024964
1.01064861
0.998732318
0.997181565
0.99872325
1.00020138
1.00239498
1.00538742
1.00665622
1.0029484
0.993303146
0.970055513
0.888264617
0.669032501
0.276837667
9.1410557e-05
0.000119865067
0.000206294576
5.44196123e-05
-0.000376180314
-0.000907664089
-0.00128360058
-0.00141074832
-0.0134273579
-0.0247079817
0.0223922121
0.185613985
0.453614357
0.737466489
0.939526242
1.02567051
1.03115931
1.01153824
0.998963186
0.996986066
0.998507756
0.999605984
1.00087758
1.00342313
1.00624878
1.00638312
1.00122489
0.990372272
0.964137786
0.875136495
0.650541095
0.266773718
-0.000551897002
-0.000593102559
-0.000558648442
-0.000428252187
-0.000490478426
-0.000210396707
-0.00141389154
-0.013530104
0.00196650501
0.103875012
0.314193286
0.586141896
0.831665548
0.983723163
1.03572179
1.02849544
1.00824933
0.997710952
0.996901638
0.998697943
0.99952027
1.00004211
1.00176452
1.00469439
1.00693048
1.00555745
0.998877147
0.986716174
0.95660608
0.858995062
0.628780162
0.254634109
0.00331302254
0.00361982797
0.00377695145
0.00257411956
0.00170615118
-0.00357051866
0.0122964159
0.108062403
0.300798173
0.552518587
0.792246797
0.958678204
1.03287888
1.03908927
1.01856465
1.00130066
0.99588076
0.997341156
0.999310263
0.999694917
0.999623306
1.00062066
1.00309443
1.0060217
1.00715429
1.00402252
0.995891768
0.982268671
0.947215115
0.839773747
0.604194855
0.240936272
-0.0243299867
-0.0268971538
-0.026860337
-0.0057087074
0.0710157858
0.226348861
0.445384405
0.678660472
0.873838624
0.997653711
1.04696291
1.04429916
1.02144706
1.002219
0.994860212
0.995894959
0.998846784
1.00015983
0.999841935
0.999353879
0.999881104
1.00182185
1.00470659
1.00706809
1.00667602
1.0017257
0.992328697
0.976960659
0.935763679
0.817618603
0.577457371
0.226279494
0.328404644
0.422995083
0.559344684
0.719878989
0.865025207
0.975933982
1.04275324
1.06612293
1.05714093
1.03288748
1.00935458
0.995637477
0.992483634
0.995319564
0.998963165
1.00071576
1.00056604
0.999686513
0.999116468
0.999431786
1.0009063
1.00344434
1.00621972
1.00753241
1.00537401
0.998745277
0.988303757
0.970724688
0.922180125
0.792976364
0.549463748
0.211301723
1.02866295
1.04564993
1.05253169
1.04866206
1.03676806
1.02075486
1.00511535
0.993767045
0.988721997
0.989463371
0.993517768
0.997928111
1.00071868
1.00148893
1.0009621
1.00007247
0.999366616
0.999028024
0.999222899
1.00026007
1.00234117
1.00509905
1.00733076
1.00724253
1.00328474
0.995280089
0.983956835
0.963530375
0.906634804
0.766654175
0.521292935
0.196632726
0.996110182
0.993354998
0.991442859
0.990971633
0.991964788
0.994151754
0.996971605
0.999673973
1.0015694
1.00231187
1.00203305
1.00122197
1.00041456
0.999898856
0.999634155
0.999423201
0.999191039
0.999156078
0.999759566
1.00136905
1.00389701
1.00654107
1.0078445
1.006181
1.00060747
0.991602169
0.979425854
0.955457125
0.889642214
0.739810785
0.494120937
0.182846786
1.00067359
1.00117641
1.0015927
1.00178959
1.00172843
1.00141543
1.00091155
1.00033744
0.999847309
0.999571948
0.999556391
0.999728522
0.999923807
0.999962923
0.999752833
0.99937133
0.999096659
0.999347521
1.00051084
1.00267816
1.00539058
1.00755821
1.0076984
1.00451362
0.997654352
0.987985053
0.97485031
0.946779872
0.872093098
0.713850525
0.469098171
0.170420498
0.999869751
0.999769867
0.999680585
0.99962971
0.999625665
0.999668417
0.999751235
0.999862164
0.999986228
1.00010574
1.00019584
1.00021747
1.0001187
0.999860028
0.999469738
0.999108398
0.999089682
0.999797384
1.00147989
1.00398723
1.00659461
1.00806555
1.00701943
1.00253357
0.994750985
0.984650829
0.970404188
0.938010002
0.855164508
0.690225884
0.447214128
0.159701583
1.00002672
1.00004776
1.00006815
1.00008181
1.0000841
1.00007124
1.00004557
1.00002007
1.00001484
1.00004209
1.00008488
1.00008572
0.999964575
0.999675628
0.999285813
0.999028528
0.999273244
1.0003765
1.00244316
1.00510117
1.00743076
1.00814929
1.00604588
1.0005491
0.992156886
0.981758189
0.966319745
0.929836217
0.840106808
0.670198319
0.429181802
0.150892966
0.999994198
0.999989636
0.999985932
0.99998404
0.999981665
0.999976274
0.999971265
0.999979031
1.00001404
1.00007502
1.00012583
1.00009412
0.999904769
0.999548067
0.999153257
0.999014309
0.999516207
1.00095049
1.00327727
1.00595138
1.00793767
1.0079732
1.00502504
0.998804106
0.990033539
0.979411175
0.962862482
0.92296498
0.82797597
0.654633082
0.415369958
0.144053738
1.00000119
1.0000023
1.00000406
1.00000581
1.00000424
0.999996568
0.999987702
0.999992757
1.0000273
1.00008613
1.00012407
1.00006122
0.999827757
0.999440458
0.999071378
0.99905102
0.999762427
1.00143484
1.00391486
1.00653826
1.00820865
1.00770624
1.00414689
0.997443432
0.98844806
0.977664328
0.960258904
0.917929428
0.819417093
0.64389233
0.405796349
0.139115876
0.999999639
0.999999469
1.00000003
1.00000092
0.999998719
0.999990843
0.999983172
0.999992068
1.00003249
1.0000947
1.000126
1.00004159
0.999777631
0.999372127
0.999027699
0.999097009
0.99995508
1.00178188
1.00434522
1.00690677
1.00834163
1.00747153
1.0035168
0.996517538
0.987394434
0.976518567
0.958621476
0.91496054
0.814579279
0.637848403
0.400177055
0.135913257
0.999999982
1.00000011
1.00000098
1.00000206
0.999999817
0.99999164
0.999983933
0.999993843
1.0000362
1.00009895
1.00012536
1.00002816
0.999747309
0.999333344
0.999006211
0.999129991
1.00007301
1.00198529
1.00458989
1.00710926
1.00840711
1.00733243
1.00316398
0.996007271
0.986817074
0.975919671
0.957918048
0.913972671
0.813173133
0.635992246
0.398011595
0.13421564
0.999999898
0.999999954
1.00000075
1.00000182
0.999999551
0.999991317
0.999983618
0.999993891
1.00003705
1.00010035
1.00012549
1.00002396
0.999736798
0.999319139
0.998997682
0.999141183
1.00011576
1.00206048
1.00468213
1.0071896
1.00844357
1.00730311
1.00306511
0.995852026
0.986631834
0.975768753
0.957996191
0.914649213
0.814625693
0.637589407
0.398678537
0.133761537
0.999999913
0.999999976
1.00000078
1.00000189
0.999999752
0.999991584
0.999983652
0.999993353
1.00003601
1.00009953
1.0001262
1.00002716
0.999741943
0.999323624
0.998997299
0.999131813
1.00009579
1.00203311
1.00465657
1.00718015
1.00846596
1.00736807
1.00316974
0.995972729
0.98674046
0.975935054
0.958631955
0.916576495
0.818276926
0.641832845
0.401500308
0.134266319
0.999999906
0.999999953
1.00000072
1.00000188
0.999999966
0.999991998
0.999983709
0.999992146
1.00003327
1.00009689
1.00012741
1.00003621
0.999759322
0.999342587
0.999003262
0.999107037
1.00002889
1.00192951
1.00454411
1.00710509
1.00847863
1.0075023
1.0034217
0.996285805
0.987031215
0.9762692
0.959599124
0.919361479
0.823482631
0.647929054
0.405827466
0.135455595
0.999999906
0.99999994
1.00000067
1.00000188
1.00000024
0.999992563
0.999983883
0.999990675
1.00002959
1.00009297
1.00012843
1.00004833
0.999784186
0.999371414
0.999015115
0.999075104
0.999934459
1.00177799
1.0043741
1.00698292
1.00847748
1.00767258
1.00376204
0.996723363
0.987448872
0.976707152
0.960713979
0.922566466
0.829581477
0.655202184
0.411161243
0.13712981
0.999999904
0.999999925
1.0000006
1.00000186
1.00000052
0.999993192
0.999984158
0.999989166
1.00002548
1.00008822
1.00012887
1.00006135
0.999812571
0.99940605
0.99903221
0.999042739
0.99982872
1.00160236
1.00417123
1.00682943
1.0084599
1.00785262
1.00414292
0.997226968
0.987938042
0.977188
0.96184099
0.925876414
0.836066822
0.663096271
0.417071629
0.139110099
0.999999904
0.999999912
1.00000054
1.00000183
1.00000078
0.999993836
0.99998452
0.99998778
1.00002135
1.00008309
1.00012856
1.00007373
0.999841387
0.999443023
0.999053333
0.999014209
0.999723458
1.00142091
1.00395555
1.00665881
1.00842645
1.00802446
1.0045286
0.997751079
0.988456532
0.977672764
0.962896151
0.929073748
0.842565231
0.671191019
0.423229283
0.141255923
0.999999902
0.999999901
1.00000049
1.0000018
1.00000101
0.999994453
0.99998494
0.999986596
1.00001748
1.00007795
1.00012756
1.00008465
0.999868585
0.999479636
0.999076873
0.998991409
0.999625982
1.00124633
1.00374218
1.00648328
1.00838046
1.00817824
1.00489532
0.99826247
0.988971506
0.978135657
0.963836251
0.932030658
0.848828777
0.679189381
0.429393651
0.143460277
0.999999901
0.999999892
1.00000043
1.00000176
1.00000121
0.999995019
0.999985382
0.999985633
1.000014
1.00007304
1.00012604
1.00009386
0.99989316
0.999514166
0.999101239
0.998974496
0.999539866
1.00108621
1.00354144
1.0063126
1.00832678
1.00831028
1.00522937
0.998739184
0.989459414
0.978560957
0.964646088
0.93468618
0.854710697
0.686899605
0.435402948
0.145647159
0.9999999
0.999999884
1.00000039
1.00000172
1.00000137
0.999995519
0.999985818
0.999984876
1.00001099
1.00006855
1.00012422
1.00010136
0.999914629
0.999545501
0.999125023
0.99896272
0.999466291
1.00094455
1.00335983
1.00615397
1.00827053
1.00842081
1.0055244
0.999168327
0.989904512
0.978939478
0.965327081
0.937024747
0.860139464
0.694212037
0.441158338
0.147765993
0.999999898
0.999999877
1.00000035
1.00000168
1.0000015
0.999995945
0.999986221
0.999984297
1.00000845
1.00006461
1.00012232
1.0001073
0.999932779
0.999572905
0.999147048
0.998954963
0.999405055
1.0008229
1.00320094
1.00601231
1.00821632
1.00851222
1.00577895
0.999543793
0.990297504
0.979266497
0.965889161
0.939058451
0.865095596
0.701077721
0.446609094
0.149786015
0.999999896
0.999999871
1.00000031
1.00000165
1.00000161
0.999996299
0.999986575
0.999983861
1.00000638
1.00006127
1.00012051
1.00011191
0.999947724
0.999596115
0.999166517
0.998950036
0.999355111
1.0007211
1.00306607
1.0058904
1.00816776
1.00858775
1.00599465
0.99986438
0.99063428
0.979540544
0.966345854
0.940814641
0.869594133
0.707491588
0.451740811
0.151691864
0.999999894
0.999999866
1.00000029
1.00000163
1.00000169
0.999996585
0.99998687
0.999983532
1.00000473
1.00005854
1.00011892
1.00011545
0.999959734
0.999615161
0.999182967
0.998946895
0.999315057
1.00063794
1.00295488
1.00578928
1.00812728
1.00865073
1.00617485
1.00013224
0.990914753
0.979762667
0.966711539
0.942327648
0.873671657
0.713479325
0.456565842
0.153479795
0.999999893
0.999999861
1.00000027
1.00000161
1.00000176
0.99999681
0.999987104
0.999983281
1.00000344
1.00005638
1.00011762
1.00011816
0.999969185
0.999630323
0.99919626
0.998944718
0.999283358
1.00057152
1.00286581
1.0057085
1.0080961
1.0087042
1.00632389
1.0003518
0.991141934
0.979935981
0.967000178
0.943633845
0.877377671
0.719088352
0.46111676
0.155155253
0.999999891
0.999999857
1.00000025
1.00000159
1.00000181
0.999996983
0.999987279
0.999983084
1.00000244
1.00005471
1.00011661
1.00012025
0.999976491
0.999642066
0.999206552
0.998942928
0.999258471
1.00051952
1.00279639
1.00564643
1.00807441
1.00875067
1.00644649
1.000529
0.991321133
0.980065287
0.967224769
0.944768699
0.880768505
0.724380967
0.465441205
0.156730991
0.999999891
0.999999852
1.00000023
1.00000158
1.00000186
0.999997112
0.999987404
0.999982925
1.00000169
1.00005347
1.00011589
1.00012188
0.999982058
0.999650933
0.99921418
0.998941174
0.999238967
1.00047942
1.00274361
1.00560064
1.00806156
1.00879216
1.00654749
1.00067061
0.991459207
0.98015663
0.967397127
0.945764977
0.883902685
0.729428542
0.46959728
0.158225205
0.999999891
0.999999848
1.00000022
1.00000158
1.0000019
0.999997208
0.999987486
0.99998279
1.00000112
1.00005257
1.00011541
1.00012318
0.999986274
0.999657498
0.999219595
0.998939276
0.99922357
1.00044874
1.00270424
1.00556821
1.00805628
1.0088302
1.00663157
1.00078379
0.991563934
0.980216875
0.967527825
0.946651794
0.886837586
0.734306918
0.473649814
0.159659974
0.999999891
0.999999844
1.00000021
1.00000158
1.00000193
0.99999728
0.999987536
0.999982672
1.00000069
1.00005193
1.00011513
1.00012426
0.999989497
0.999662339
0.99922331
0.998937184
0.99921114
1.00042503
1.00267493
1.00554594
1.00805695
1.00886595
1.00670321
1.00087575
0.991643523
0.980253333
0.967626218
0.94745419
0.889627104
0.739092856
0.477667471
0.161060101
0.999999892
0.999999839
1.0000002
1.00000158
1.00000196
0.999997335
0.999987565
0.999982563
1.00000035
1.00005145
1.00011498
1.0001252
0.999992065
0.999666025
0.999225867
0.998934925
0.999200667
1.000406
1.00265243
1.0055306
1.00806174
1.00890027
1.00676658
1.00095351
0.991706238
0.980273443
0.967700499
0.948193042
0.892320074
0.743861343
0.481720542
0.162452276
0.999999893
0.999999835
1.00000019
1.00000158
1.00000199
0.999997383
0.999987583
0.999982458
1.00000006
1.00005106
1.0001149
1.00012606
0.999994282
0.999669092
0.999227805
0.998932578
0.99919125
1.0003895
1.0026336
1.005519
1.00806874
1.00893382
1.00682551
1.00102375
0.991760123
0.980284531
0.967757777
0.948885128
0.894959155
0.748683455
0.485878079
0.163861102
0.999999894
0.99999983
1.00000018
1.00000159
1.00000201
0.999997429
0.9999876
0.999982356
0.999999769
1.00005069
1.00011483
1.0001269
0.999996427
0.999672042
0.999229637
0.99893025
0.999182095
1.00037355
1.00261554
1.0055081
1.00807609
1.00896708
1.00688349
1.00109268
0.991812804
0.980293629
0.96780415
0.949543298
0.89757999
0.753624601
0.490208927
0.16531382
0.999999896
0.999999826
1.00000017
1.00000159
1.00000204
0.999997481
0.999987625
0.999982252
0.999999456
1.00005027
1.00011471
1.00012776
0.999998743
0.999675324
0.999231841
0.998928063
0.999172516
1.0003564
1.00259556
1.00549511
1.00808197
1.0090004
1.00694365
1.00116595
0.991871366
0.98030738
0.967844839
0.950176761
0.900210993
0.758743697
0.494779156
0.166835936
0.999999898
0.999999822
1.00000016
1.00000159
1.00000207
0.999997545
0.999987667
0.999982146
0.999999086
1.00004972
1.00011449
1.00012868
1.00000144
0.999679337
0.999234852
0.998926152
0.999161931
1.00033647
1.00257129
1.00547745
1.00808469
1.009034
1.00700871
1.00124867
0.991942295
0.980332004
0.96788433
0.950791452
0.902873503
0.76409352
0.499654012
0.168453502
0.9999999
0.999999818
1.00000015
1.00000159
1.00000211
0.999997625
0.999987735
0.999982037
0.999998633
1.00004901
1.0001141
1.00012968
1.00000471
0.999684448
0.999239081
0.998924669
0.999149861
1.00031242
1.00254059
1.00545281
1.00808267
1.00906795
1.00708097
1.00134526
0.992031405
0.98037326
0.967926509
0.951390307
0.905581582
0.769719902
0.504896957
0.170191812
0.999999902
0.999999814
1.00000014
1.00000158
1.00000214
0.999997727
0.999987835
0.999981926
0.999998076
1.00004807
1.0001135
1.00013078
1.00000871
0.999690979
0.999244904
0.998923788
0.999135949
1.00028312
1.00250166
1.00541915
1.00807441
1.00910215
1.00716226
1.00145946
0.992143708
0.980436343
0.967974752
0.951973508
0.908341532
0.775660238
0.510569153
0.172075991
0.999999905
0.99999981
1.00000012
1.00000157
1.00000218
0.999997854
0.999987974
0.999981815
0.999997403
1.00004688
1.00011265
1.00013196
1.00001353
0.999699156
0.999252621
0.998923699
0.999120009
1.00024781
1.00245312
1.00537482
1.00805861
1.00913634
1.00725381
1.00159406
0.992283228
0.980525736
0.968031997
0.952538798
0.911151561
0.7819421
0.516728958
0.174131831
0.999999908
0.999999807
1.0000001
1.00000155
1.00000222
0.999998009
0.999988157
0.99998171
0.999996607
1.0000454
1.00011151
1.00013321
1.0000192
0.999709104
0.999262449
0.998924607
0.999102044
1.00020607
1.0023941
1.00531862
1.00803415
1.00917002
1.00735622
1.00175088
0.992452846
0.980645056
0.968100815
0.953081929
0.914001766
0.788581966
0.523430352
0.176384152
0.999999912
0.999999803
1.00000008
1.00000153
1.00000227
0.999998192
0.999988388
0.999981615
0.999995693
1.00004364
1.00011005
1.00013447
1.0000257
0.99972087
0.999274528
0.998926724
0.999082228
1.00015789
1.00232422
1.00524984
1.00800018
1.00920253
1.00746939
1.00193063
0.99265414
0.980796878
0.968183444
0.953597237
0.916874396
0.795584027
0.530722423
0.178857535
0.999999916
0.999999801
1.00000006
1.00000149
1.00000231
0.999998401
0.999988668
0.999981538
0.999994671
1.0000416
1.00010824
1.00013571
1.00003295
0.999734399
0.999288908
0.998930258
0.999060911
1.00010362
1.00224368
1.00516832
1.00795614
1.00923306
1.00759251
1.00213277
0.992887194
0.980982475
0.968281743
0.954078283
0.919744331
0.802938723
0.538647852
0.181576163
0.999999922
0.9999998
1.00000003
1.00000146
1.00000236
0.999998634
0.999988996
0.999981487
0.999993563
1.00003929
1.0001061
1.00013684
1.00004081
0.999749534
0.999305525
0.998935385
0.999038594
1.00004405
1.00215327
1.00507455
1.00790189
1.00926071
1.00772403
1.00235546
0.993150357
0.981201477
0.96839701
0.954518549
0.922579889
0.810621109
0.547240841
0.184563504
0.999999928
0.999999799
1
1.00000141
1.0000024
0.999998886
0.999989369
0.999981469
0.999992395
1.00003676
1.00010362
1.00013781
1.0000491
0.999766004
0.999324179
0.998942208
0.99901591
0.99998037
1.00205455
1.00496987
1.0078379
1.0092846
1.00786168
1.00259535
0.993439964
0.981451438
0.968529641
0.954912137
0.925344103
0.818589259
0.556524392
0.187841609
0.999999934
0.999999798
0.999999974
1.00000137
1.00000244
0.99999915
0.999989779
0.999981491
0.999991205
1.00003408
1.00010087
1.00013855
1.00005756
0.999783392
0.999344467
0.998950701
0.998993593
0.999914274
1.00194989
1.0048566
1.00776546
1.00930408
1.00800247
1.00284749
0.993750066
0.98172738
0.968678626
0.955254418
0.927996679
0.826783195
0.566507295
0.191430137
0.999999941
0.999999799
0.999999944
1.00000132
1.00000248
0.999999419
0.999990214
0.999981553
0.999990033
1.00003133
1.00009792
1.00013903
1.00006589
0.999801101
0.999365735
0.99896063
0.998972417
0.999847888
1.00184255
1.00473824
1.00768686
1.00931887
1.00814285
1.00310531
0.994072271
0.982021419
0.96884095
0.955542525
0.9304968
0.835125194
0.577181638
0.195345627
0.999999947
0.9999998
0.999999914
1.00000126
1.00000251
0.999999683
0.99999066
0.999981653
0.999988921
1.00002861
1.0000949
1.00013923
1.00007377
0.999818425
0.999387102
0.998971521
0.998953086
0.999783672
1.00173664
1.00461947
1.00760554
1.0093293
1.00827888
1.00336074
0.994395761
0.982322588
0.969010977
0.955775544
0.932806638
0.843521952
0.588521517
0.199601712
0.999999954
0.999999802
0.999999885
1.00000121
1.00000253
0.999999933
0.999991094
0.99998178
0.999987911
1.00002606
1.00009195
1.00013919
1.0000809
0.999834572
0.999407464
0.998982616
0.998936161
0.999724301
1.00163698
1.00450611
1.0075262
1.00933651
1.00840648
1.00360442
0.994707401
0.982616807
0.969179873
0.955954232
0.93489495
0.851868032
0.600482339
0.204210282
0.999999961
0.999999804
0.999999857
1.00000116
1.00000255
1.00000016
0.999991494
0.999981917
0.999987038
1.00002379
1.00008928
1.00013902
1.00008701
0.9998487
0.999425554
0.998992898
0.998921988
0.999672524
1.00154894
1.00440505
1.00745477
1.0093425
1.00852156
1.00382579
0.994991834
0.982886929
0.96933511
0.956080199
0.936740233
0.860050159
0.613000331
0.209183986
0.999999968
0.999999807
0.999999833
1.00000111
1.00000256
1.00000035
0.99999183
0.999982039
0.999986338
1.00002196
1.00008711
1.00013882
1.00009182
0.999859905
0.999439933
0.999001103
0.99891073
0.999631212
1.00147854
1.00432427
1.00739845
1.0093502
1.00862
1.00401303
0.99523134
0.983112638
0.969460004
0.956154568
0.938332801
0.867951327
0.625990692
0.214539531
0.999999975
0.999999808
0.999999812
1.00000107
1.00000257
1.00000049
0.999992068
0.999982114
0.999985844
1.00002072
1.0000857
1.00013879
1.00009505
0.999867141
0.999448914
0.999005712
0.99890249
0.999603573
1.00143264
1.00427306
1.00736579
1.00936335
1.00869742
1.00415271
0.995405395
0.98327013
0.969533287
0.95617614
0.939675419
0.875455524
0.639344798
0.220302072
0.999999982
0.999999809
0.999999795
1.00000105
1.00000258
1.00000057
0.999992173
0.999982109
0.999985596
1.00002026
1.00008535
1.00013908
1.00009636
0.999869228
0.999450611
0.999005061
0.998897457
0.999593339
1.00141914
1.00426208
1.00736665
1.00938631
1.00874881
1.00422927
0.995490146
0.983331708
0.96952878
0.956138581
0.940781362
0.882457098
0.652929979
0.226509801
0.999999988
0.999999808
0.999999785
1.00000105
1.0000026
1.00000058
0.999992109
0.999981996
0.999985635
1.00002075
1.00008632
1.00013982
1.00009536
0.999864961
0.999443162
0.998997582
0.998896071
0.999604755
1.00144681
1.00430316
1.00741199
1.00942387
1.00876833
1.00422471
0.995457928
0.983265322
0.969414609
0.956023289
0.941664291
0.888887079
0.66660486
0.233214564
0.999999993
0.999999806
0.999999778
1.00000107
1.00000263
1.00000051
0.999991866
0.999981762
0.999985999
1.00002233
1.00008883
1.00014107
1.00009151
0.999852931
0.999424599
0.99898197
0.998899616
0.99964346
1.001526
1.00440933
1.00751316
1.0094802
1.00874831
1.00411784
0.995276154
0.983031896
0.969147522
0.955771984
0.942297201
0.894788265
0.68023429
0.240363312
0.999999998
0.999999802
0.999999776
1.00000111
1.00000266
1.00000034
0.999991394
0.999981395
0.999986835
1.00002538
1.00009325
1.00014267
1.00008354
0.999830588
0.999392032
0.998957182
0.998911629
0.999719319
1.00167207
1.00459736
1.00768178
1.00955517
1.00867302
1.00387799
0.994904318
0.982588936
0.96869093
0.955360648
0.942665153
0.900139867
0.693715622
0.247910347
1
0.999999797
0.99999978
1.00000118
1.0000027
1.00000005
0.999990639
0.999980915
0.99998837
1.00003032
1.0000999
1.00014412
1.00006945
0.999794599
0.999342444
0.998923514
0.998938794
0.99984662
1.00190458
1.00488599
1.00792779
1.00964299
1.008518
1.00346432
0.994291961
0.981884908
0.968000284
0.954761466
0.942769512
0.904910839
0.706902571
0.255822908
1.00000001
0.999999791
0.999999792
1.00000128
1.00000273
0.999999576
0.999989549
0.999980403
0.999990973
1.00003772
1.00010895
1.00014425
1.0000461
0.999740652
0.999273111
0.998883952
0.998993245
1.00004668
1.00224904
1.0052957
1.0082565
1.00972701
1.00824404
1.00282087
0.993376054
0.980859851
0.967026398
0.953943348
0.942608583
0.909087626
0.719659245
0.264041609
1.00000001
0.999999783
0.999999816
1.00000142
1.00000275
0.999998857
0.999988076
0.999980038
0.999995219
1.00004829
1.00012023
1.0001407
1.00000853
0.999663041
0.999182229
0.998846411
0.999096027
1.00035114
1.00273819
1.00584671
1.0086633
1.0097723
1.00778953
1.00187027
0.992077063
0.979443466
0.965714853
0.952872648
0.942181355
0.912667294
0.731855195
0.272486792
1.00000002
0.999999773
0.999999853
1.0000016
1.0000027
0.999997806
0.99998621
0.999980173
1.00000195
1.00006274
1.0001328
1.00012921
0.999949349
0.999555168
0.999071423
0.998828142
0.999281996
1.00080505
1.00341109
1.00655298
1.00912357
1.00971389
1.00705987
1.00050643
0.990295393
0.977554691
0.96400735
0.951514713
0.941486949
0.915658243
0.743371888
0.281058894
1.00000002
0.999999762
0.999999909
1.00000182
1.00000255
0.999996321
0.999984014
0.999981423
1.00001231
1.00008153
1.0001441
1.00010253
0.999858588
0.999411748
0.99895084
0.998862661
0.999605834
1.0014684
1.00430755
1.00740959
1.0095755
1.0094394
1.00591372
0.998586264
0.987908453
0.975102354
0.961843943
0.949836203
0.940525663
0.918078927
0.754105897
0.289641341
1.00000002
0.99999975
0.999999987
1.00000208
1.00000222
0.999994296
0.999981707
0.999984778
1.00002765
1.00010423
1.00014874
1.00004936
0.999724414
0.999232982
0.998847211
0.99900937
1.00014824
1.0024136
1.00545431
1.00836946
1.00989317
1.00876482
1.0041461
0.995921432
0.984769173
0.971987468
0.959166411
0.947807966
0.939300035
0.919955705
0.763967919
0.298100353
1.00000002
0.999999739
1.00000009
1.00000235
1.0000016
0.99999166
0.999979765
0.999991676
1.00004924
1.00012838
1.00013677
0.999953821
0.99953656
0.999033915
0.99881752
0.999365356
1.00101741
1.00371036
1.00683334
1.00930184
1.0098455
1.00740324
1.00147111
0.992273625
0.980709299
0.968109465
0.955924023
0.945409059
0.937816666
0.92132114
0.772881491
0.306285824
1.00000002
0.999999731
1.00000023
1.00000262
1.00000058
0.999988427
0.99997905
1.00000397
1.00007743
1.00014763
1.00009205
0.999797241
0.999295454
0.998861346
0.99896746
1.0000734
1.00233454
1.00538414
1.00831984
1.00992527
1.0090408
1.00493116
0.997510717
0.987359457
0.975551449
0.963378363
0.952082377
0.942631967
0.936088535
0.922212574
0.780780795
0.314032124
1.00000001
0.999999727
1.0000004
1.00000284
0.999999034
0.999984786
0.999980919
1.00002362
1.00011026
1.00014941
0.99999188
0.999565355
0.999030467
0.998818714
0.999468145
1.00131084
1.00418206
1.00732732
1.009577
1.00971354
1.00686503
1.00076538
0.991802606
0.980874289
0.969135108
0.95773488
0.947635666
0.939488795
0.934137577
0.922670815
0.787607117
0.321155994
1.00000001
0.999999729
1.00000059
1.00000294
0.999996854
0.999981202
0.999987228
1.00005189
1.00014122
1.00011296
0.999811179
0.999265379
0.998829576
0.999092767
1.00055152
1.00322809
1.00648094
1.00914026
1.00990403
1.00779042
1.00244129
0.994179368
0.983849143
0.972548067
0.961362173
0.951179808
0.942622011
0.936017859
0.931997149
0.922739084
0.793307467
0.327463796
1.00000001
0.999999738
1.00000081
1.00000287
0.999994007
0.999978495
1.00000011
1.00008796
1.00015671
1.00001008
0.999535379
0.998956516
0.998874998
0.999958908
1.00244256
1.00578794
1.00876237
1.00989928
1.00807048
1.00287036
0.994671864
0.984408005
0.973237707
0.96224661
0.952265147
0.943811443
0.937139995
0.93228946
0.929713801
0.922462562
0.797852363
0.33288485
1
0.999999756
1.00000103
1.00000255
0.999990578
0.999977863
1.0000214
1.00012697
1.00013459
0.9998122
0.99918652
0.998790396
0.999460985
1.00171492
1.00516407
1.00845866
1.00983756
1.00791959
1.00225218
0.993371901
0.982467088
0.970906073
0.959861034
0.950123557
0.942093133
0.935864783
0.931361983
0.928408516
0.927347012
0.921871143
0.801048796
0.336925784
1
0.999999782
1.00000125
1.00000193
0.999986807
0.999980756
1.00005168
1.00015816
1.00004608
0.999507665
0.998861126
0.99904046
1.00094098
1.00446867
1.00816019
1.00978404
1.00749715
1.00073305
0.990314885
0.977908271
0.965287223
0.953810682
0.944238535
0.936803972
0.931395807
0.927739446
0.925538002
0.924512436
0.924967881
0.921009388
0.802874819
0.339446376
0.999999998
0.999999815
1.00000144
1.000001
0.999983101
0.999988579
1.00008915
1.00016433
0.999863982
0.999129575
0.998764429
1.00007308
1.0035303
1.00772927
1.00979538
1.00705647
0.998618685
0.985709973
0.970799109
0.956357175
0.944049449
0.934564936
0.927863644
0.923533223
0.921060647
0.919990983
0.919977465
0.920757419
0.922649997
0.91990672
0.803286362
0.340374247
0.999999995
0.999999852
1.00000158
0.999999767
0.999979987
1.00000225
1.00012876
1.0001243
0.999577958
0.998784611
0.999205133
1.00219826
1.0069276
1.00989927
1.00706174
0.996655786
0.980322235
0.961822879
0.944817161
0.931440253
0.92216823
0.916444207
0.913374855
0.912165775
0.912238042
0.913255208
0.915016138
0.917323806
0.920498926
0.918575633
0.801992741
0.339251858
0.999999993
0.999999892
1.00000167
0.999998313
0.999978002
1.0000217
1.0001624
1.00001926
0.999212778
0.998660007
1.0005051
1.00537934
1.00988271
1.00807767
0.996191923
0.97581987
0.95265217
0.932486449
0.918282788
0.909982874
0.905945175
0.904419724
0.904224275
0.904843463
0.906198534
0.908285823
0.911078036
0.914433517
0.918618666
0.916996806
0.798714212
0.335757431
0.999999992
0.999999932
1.0000017
0.999996745
0.999977556
1.00004565
1.00018065
0.999841924
0.99883786
0.998979064
1.00281024
1.00892419
1.01012512
0.998883815
0.974864873
0.945957923
0.921891734
0.907640333
0.902260465
0.901902393
0.902977511
0.903662912
0.903702318
0.903598284
0.904066022
0.905624998
0.908420372
0.912228603
0.917092688
0.91509423
0.793010386
0.329484225
0.999999992
0.99999997
1.00000167
0.999995192
0.999978787
1.00007165
1.00017612
0.99960451
0.998553156
0.999893366
1.00588287
1.01148383
1.00523995
0.980739107
0.945480937
0.915345493
0.900818092
0.900837552
0.90789107
0.914725593
0.917685776
0.916603351
0.912863992
0.908638381
0.905766918
0.905212196
0.907060517
0.910777948
0.915973172
0.912695478
0.784239068
0.319975286
0.999999991
1
1.0000016
0.999993768
0.999981485
1.00009674
1.00014716
0.999339752
0.998444613
1.00134889
1.00906222
1.0117188
0.9946357
0.956606351
0.916472609
0.896317111
0.900793882
0.91800241
0.93512467
0.944750608
0.945391585
0.938392848
0.927637557
0.917149078
0.909670196
0.906285306
0.906751851
0.910081122
0.915313766
0.909425059
0.77128421
0.306563569
0.999999992
1.00000003
1.0000015
0.99999256
0.999985102
1.00011827
1.00010041
0.999092268
0.998524894
1.00301412
1.01155032
1.00953295
0.98146405
0.934340405
0.897711305
0.894381524
0.917560153
0.945041386
0.965030182
0.973656347
0.969602829
0.956262837
0.9394103
0.924034784
0.91314109
0.907688435
0.907134199
0.910100394
0.91491995
0.904529735
0.752292612
0.288000187
0.999999992
1.00000006
1.00000139
0.999991614
0.999988838
1.00013451
1.0000506
0.998904777
0.998699099
1.00434596
1.01288408
1.00687655
0.972289019
0.922712793
0.892108074
0.899157133
0.928593849
0.955417756
0.972909879
0.979887028
0.972310449
0.95766244
0.940188914
0.9246428
0.913791189
0.908418174
0.907860477
0.910886207
0.915241938
0.896045361
0.723644674
0.264733453
0.999999993
1.00000007
1.0000013
0.999990964
0.999991705
1.00014441
1.00001795
0.99881114
0.998796401
1.0047618
1.01307243
1.00675955
0.973573426
0.926608465
0.895488771
0.895953709
0.917263056
0.939292378
0.952324561
0.956683254
0.952867801
0.942845061
0.930741643
0.919880383
0.912346267
0.90886531
0.909478124
0.913900451
0.916358155
0.877703589
0.677699094
0.235608158
0.999999993
1.00000008
1.00000125
0.999990653
0.999992644
1.00014652
1.00002468
0.998848763
0.998671711
1.00375961
1.01199668
1.01059751
0.987469554
0.946938561
0.908968811
0.891346661
0.895382635
0.909039885
0.919862012
0.923226178
0.921452789
0.9178935
0.912933222
0.908861042
0.907014285
0.908574844
0.913867405
0.919851354
0.91024928
0.834968284
0.605149239
0.198484385
0.999999993
1.00000008
1.00000125
0.999990902
0.999990264
1.00013442
1.00009891
0.999106963
0.998300935
1.00130425
1.0089147
1.01428463
1.00693958
0.982441867
0.947116927
0.913462656
0.891772137
0.885381402
0.891417801
0.904080118
0.917439382
0.927277107
0.933194425
0.935535066
0.93895973
0.941278327
0.938800041
0.92123618
0.866148532
0.735212732
0.489897491
0.150121886
0.999999993
1.00000007
1.00000131
0.999992623
0.999981444
1.00009768
1.00020409
0.999580518
0.998327693
0.998688941
1.00313258
1.01080764
1.0168087
1.01520212
1.00265353
0.979696975
0.949525955
0.916001127
0.882297879
0.850506799
0.821813795
0.796810442
0.775553875
0.756604751
0.734991883
0.709169989
0.674845654
0.624915677
0.548332102
0.431756619
0.268008128
0.0779426438
0.999999993
1.00000002
1.00000139
0.999996331
0.999974672
1.00003511
1.00022476
1.00010592
0.99916327
0.997901017
0.997966392
1.00092859
1.00706337
1.0152167
1.02354527
1.03033769
1.03441385
1.03509222
1.03194258
1.02450825
1.01207047
0.993453187
0.966847636
0.929653088
0.878375288
0.808747575
0.716480458
0.598731773
0.456894499
0.300525704
0.150581353
0.033776923
0.999999995
0.999999952
1.0000011
1.00000088
0.999979365
0.999974376
1.00010642
1.00031108
1.00020445
0.999432416
0.998071964
0.996634293
0.995764586
0.995963148
0.997492653
1.00043511
1.00479649
1.01058895
1.01786714
1.02671596
1.03718233
1.04912313
1.06191113
1.07390637
1.08157567
1.07818151
1.05217455
0.986043404
0.85767279
0.648338905
0.363901513
0.0734675325
0.999999999
0.999999927
1.00000037
1.00000323
0.999995125
0.999962426
0.999962686
1.00008817
1.00033218
1.00055852
1.0005967
1.00033772
0.999760841
0.998909781
0.997859521
0.996697796
0.995526498
0.99448087
0.993765091
0.99370563
0.994823026
0.997911591
1.00408302
1.01465459
1.03061668
1.05118862
1.07074501
1.07347576
1.02667713
0.878129696
0.574103515
0.13766384
1
0.99999997
0.999999782
1.00000161
1.00000563
0.999995769
0.999959054
0.999916591
0.999910542
0.999970306
1.00009827
1.00027647
1.00047813
1.00067461
1.00083647
1.00093079
1.00091718
1.00074447
1.00035195
0.999682911
0.99872684
0.997620289
0.996848057
0.997570293
1.00199375
1.01336247
1.03442988
1.06206278
1.074882
1.01394786
0.770911495
0.251171319
1
1.00000001
0.999999871
0.999999443
1.00000151
1.00000809
1.00001322
1.00000753
0.999986845
0.999953814
0.999914705
0.999876429
0.999845375
0.999827518
0.999828939
0.999856084
0.99991518
1.00000967
1.00013382
1.00025964
1.00031515
1.00016021
0.999594732
0.99849885
0.997297405
0.997925385
1.00498094
1.0249455
1.05749165
1.06910136
0.942764163
0.446253105
1
0.999999998
1.00000005
1.00000001
0.999999147
0.999997878
0.999998079
1.00000111
1.00000681
1.00001404
1.00002143
1.00002774
1.00003185
1.00003271
1.00002919
1.00002016
1.00000482
0.99998363
0.999960534
0.99994685
0.99996556
1.00004803
1.00020174
1.00032237
1.00008974
0.999126513
0.998030061
1.00054288
1.01467064
1.04431071
1.04582446
0.770400675
)
;

boundaryField
{
    inner_wall
    {
        type            zeroGradient;
    }
    outer_wall
    {
        type            fixedValue;
        value           uniform 0;
    }
    top
    {
        type            fixedValue;
        value           uniform 1;
    }
    bottom
    {
        type            inletOutlet;
        inletValue      uniform 0;
        value           nonuniform List<scalar> 
32
(
0
0
0
0
0
0
0
0
0
0
0.0164381407
-0.000553607987
-0.0281123982
-0.0499591429
-0.0166651468
0.14219754
0.433168112
0.746501398
0.959210508
1.03537627
1.02864252
1.00650647
0.997308322
0.998055584
1.00142534
1.00483454
1.00586765
1.00128031
0.985767853
0.922686261
0.715730329
0.282960506
)
;
    }
    front
    {
        type            wedge;
    }
    back
    {
        type            wedge;
    }
}


// ************************************************************************* //
