/*--------------------------------*- C++ -*----------------------------------*\
| =========                 |                                                 |
| \\      /  F ield         | OpenFOAM: The Open Source CFD Toolbox           |
|  \\    /   O peration     | Version:  2506                                  |
|   \\  /    A nd           | Website:  www.openfoam.com                      |
|    \\/     M anipulation  |                                                 |
\*---------------------------------------------------------------------------*/
FoamFile
{
    version     2.0;
    format      ascii;
    arch        "LSB;label=32;scalar=64";
    class       volScalarField;
    location    "511";
    object      p;
}
// * * * * * * * * * * * * * * * * * * * * * * * * * * * * * * * * * * * * * //

dimensions      [0 2 -2 0 0 0 0];

internalField   nonuniform List<scalar> 
3072
(
-0.000123967127
-9.41514971e-05
-9.04856778e-05
-8.44511839e-05
-7.46945451e-05
-6.29698198e-05
-5.10207738e-05
-3.99856194e-05
-2.77742637e-05
-1.40153888e-05
-7.56288997e-06
-7.76020036e-06
-7.62205928e-06
-6.31048222e-06
-4.47206044e-06
-2.49542494e-06
-5.35746835e-07
1.32377158e-06
3.02535303e-06
4.5241707e-06
5.80685026e-06
7.01602207e-06
8.04228255e-06
8.74648631e-06
9.27237178e-06
9.66433881e-06
9.94256177e-06
1.01314701e-05
1.02633772e-05
1.0385757e-05
1.05658915e-05
1.08151517e-05
-0.000264310236
-0.000186451941
-0.0001601385
-0.000141512582
-0.00012347469
-0.000104850572
-8.64209629e-05
-6.86356884e-05
-5.08429522e-05
-3.39335816e-05
-2.18125196e-05
-1.44699803e-05
-8.57003486e-06
-3.29992538e-06
1.33038215e-06
5.32475579e-06
8.74332848e-06
1.1644859e-05
1.40880549e-05
1.61498029e-05
1.77775317e-05
1.92002949e-05
2.04184493e-05
2.1238444e-05
2.18513985e-05
2.23315541e-05
2.27115951e-05
2.30231479e-05
2.33042806e-05
2.36021244e-05
2.39473473e-05
2.42410471e-05
-0.00032642351
-0.000221780892
-0.000176574004
-0.000146112634
-0.000121669219
-0.000100771518
-8.23234196e-05
-6.56794501e-05
-5.03711675e-05
-3.65144773e-05
-2.47566644e-05
-1.50288749e-05
-6.70540379e-06
5.33405575e-07
6.82431221e-06
1.22634643e-05
1.69346002e-05
2.09093023e-05
2.42732183e-05
2.72005708e-05
2.95866467e-05
3.14880769e-05
3.30811481e-05
3.43169018e-05
3.52851712e-05
3.60471826e-05
3.66468971e-05
3.71230043e-05
3.75126156e-05
3.78541066e-05
3.81780193e-05
3.8449186e-05
-0.000386213022
-0.000266915265
-0.000210788414
-0.000168760898
-0.000135762927
-0.000109664108
-8.78521117e-05
-6.89315172e-05
-5.21828796e-05
-3.72966739e-05
-2.41970493e-05
-1.27466647e-05
-2.72751785e-06
6.04071763e-06
1.36901041e-05
2.03248482e-05
2.6036389e-05
3.09109929e-05
3.50378699e-05
3.85008882e-05
4.14022498e-05
4.37573194e-05
4.56285432e-05
4.71510178e-05
4.83629555e-05
4.93170019e-05
5.00673686e-05
5.06622723e-05
5.11447854e-05
5.15568971e-05
5.19302238e-05
5.22253029e-05
-0.000442025887
-0.000315681374
-0.000246466514
-0.000194679071
-0.000154291403
-0.000122039693
-9.54368966e-05
-7.29137016e-05
-5.34569842e-05
-3.64587466e-05
-2.15555892e-05
-8.48065964e-06
2.98935598e-06
1.30324353e-05
2.17902826e-05
2.93829999e-05
3.5921813e-05
4.15133296e-05
4.6235376e-05
5.00707339e-05
5.3299656e-05
5.60634807e-05
5.82579415e-05
6.00107469e-05
6.14106397e-05
6.25242494e-05
6.3410427e-05
6.41220364e-05
6.47074101e-05
6.52150331e-05
6.56821153e-05
6.60573216e-05
-0.00049065577
-0.000359350541
-0.000280091787
-0.000220370928
-0.000173455644
-0.000135075073
-0.000103461945
-7.69819977e-05
-5.44131334e-05
-3.49376606e-05
-1.8014018e-05
-3.25738759e-06
9.62026689e-06
2.08406372e-05
3.05810481e-05
3.89915681e-05
4.62062422e-05
5.23486842e-05
5.75292356e-05
6.18422414e-05
6.54205414e-05
6.83735669e-05
7.07719986e-05
7.27055788e-05
7.42586387e-05
7.55057704e-05
7.65132224e-05
7.73397462e-05
7.80398785e-05
7.86708659e-05
7.92764547e-05
7.97776537e-05
-0.000531925655
-0.000396359901
-0.000311284592
-0.000245353054
-0.000191929115
-0.00014797911
-0.000111621374
-8.11856899e-05
-5.53783211e-05
-3.32742097e-05
-1.42176902e-05
2.27288135e-06
1.65599831e-05
2.89245655e-05
3.95926569e-05
4.87540577e-05
5.65745252e-05
6.32033526e-05
6.87775973e-05
7.34250931e-05
7.72689375e-05
8.04237477e-05
8.29929495e-05
8.50734089e-05
8.67548042e-05
8.81187713e-05
8.92382893e-05
9.01779254e-05
9.09985106e-05
9.17666524e-05
9.25327927e-05
9.31834136e-05
-0.000566133021
-0.000427474303
-0.000338406775
-0.000267796715
-0.000209055403
-0.000160191467
-0.000119500717
-8.53394167e-05
-5.63984532e-05
-3.17025887e-05
-1.0525254e-05
7.68771053e-06
2.33650324e-05
3.68456511e-05
4.84055773e-05
5.82767326e-05
6.66600793e-05
7.37341458e-05
7.96606935e-05
8.45882527e-05
8.86543626e-05
9.19859496e-05
9.46995646e-05
9.69022745e-05
9.86919905e-05
0.000100157399
0.000101377574
0.000102422378
0.000103358467
0.000104261295
0.000105187346
0.00010598754
-0.000594147584
-0.000453436056
-0.000361224776
-0.000286858211
-0.000223988636
-0.000171079964
-0.000126662549
-8.91948629e-05
-5.74012901e-05
-3.02976565e-05
-7.12080738e-06
1.27311462e-05
2.97375269e-05
4.42860654e-05
5.66972794e-05
6.72423366e-05
7.61559824e-05
8.36454143e-05
8.98964068e-05
9.5077334e-05
9.93418193e-05
0.000102830179
0.000105670447
0.00010797925
0.000109862408
0.000111415225
0.000112722298
0.000113858177
0.000114894534
0.000115914353
0.00011697912
0.000117908841
-0.000616490688
-0.000474437537
-0.000379940353
-0.000302669315
-0.000236575161
-0.000180405806
-0.000132889405
-9.25997204e-05
-5.83167349e-05
-2.90716275e-05
-4.08813123e-06
1.72635278e-05
3.54978818e-05
5.10402898e-05
6.42477039e-05
7.54249418e-05
8.48365817e-05
9.27157531e-05
9.92702578e-05
0.000104686964
0.000109134766
0.00011276667
0.000115721247
0.000118123813
0.000120087331
0.000121712996
0.000123090226
0.000124297554
0.000125410698
0.000126518362
0.000127685804
0.000128710642
-0.000633726654
-0.000490848559
-0.000394799391
-0.000315366612
-0.000246804183
-0.000188073454
-0.000138060386
-9.54449934e-05
-5.90691983e-05
-2.79912615e-05
-1.43705122e-06
2.12363685e-05
4.05660379e-05
5.70042243e-05
7.09358589e-05
8.26927013e-05
9.25640687e-05
0.000100805045
0.000107642445
0.00011327928
0.000117897953
0.000121662671
0.000124721228
0.000127206479
0.00012923752
0.000130920524
0.000132348912
0.000133604446
0.000134765859
0.00013592558
0.000137151379
0.000138229118
-0.00064648285
-0.000503164085
-0.000406150272
-0.000325165852
-0.000254771383
-0.00019409094
-0.000142131441
-9.76638871e-05
-5.95903004e-05
-2.69999666e-05
8.70255514e-07
2.46665845e-05
4.49388416e-05
6.21571635e-05
7.67266657e-05
8.89994411e-05
9.92841462e-05
0.000107853398
0.000114949474
0.000120788654
0.000125564539
0.000129450623
0.000132602326
0.00013515868
0.000137243752
0.000138967677
0.000140427018
0.000141706021
0.00014288544
0.000144059473
0.000145297251
0.000146383954
-0.000655395376
-0.000511913698
-0.000414398573
-0.000332350047
-0.000260647833
-0.000198537654
-0.000145115101
-9.92258053e-05
-5.98246017e-05
-2.60321398e-05
2.89974975e-06
2.76146834e-05
4.86682377e-05
6.65414283e-05
8.1652933e-05
9.43693249e-05
0.000105013485
0.000113871249
0.000121196725
0.000127216453
0.000132132738
0.000136126296
0.00013935845
0.00014197297
0.000144097679
0.000145845653
0.000147315756
0.000148594024
0.000149762338
0.000150914936
0.000152121322
0.000153176217
-0.00066107931
-0.000517623468
-0.00041996974
-0.000337236929
-0.000264648356
-0.000201539269
-0.000147065161
-0.000100129919
-5.97330492e-05
-2.50240717e-05
4.72944987e-06
3.01653917e-05
5.18404306e-05
7.02413326e-05
8.57951178e-05
9.88779723e-05
0.00010982255
0.000118924024
0.000126444955
0.000132619296
0.000137655635
0.000141739905
0.000145037646
0.000147695976
0.000149845311
0.000151600708
0.000153062567
0.000154318102
0.000155449582
0.000156549868
0.00015768807
0.000158676926
-0.000664111607
-0.000520794665
-0.000423285258
-0.000340155571
-0.000267011258
-0.000203250975
-0.000148065308
-0.00010040147
-5.92957398e-05
-2.39223968e-05
6.43635125e-06
3.2411271e-05
5.45574042e-05
7.33636736e-05
8.92616047e-05
0.000102633137
0.000113817091
0.000123114682
0.000130794021
0.000137093949
0.000142227192
0.000146383084
0.000149729866
0.00015241675
0.000154575712
0.000156322953
0.000157759749
0.000158973987
0.000160047749
0.000161071475
0.000162113333
0.000163010328
-0.000665021447
-0.000521896172
-0.000424752473
-0.000341432502
-0.000267983062
-0.000203844621
-0.000148220133
-0.000100087551
-5.8512273e-05
-2.26889581e-05
8.08751123e-06
3.44406655e-05
5.69225055e-05
7.60217973e-05
9.21718811e-05
0.000105757574
0.000117121081
0.00012656703
0.00013436673
0.000140761821
0.000145967372
0.000150174586
0.000153553136
0.000156253268
0.00015840766
0.00016013297
0.000161530824
0.000162689377
0.000163690119
0.000164620393
0.000165547075
0.000166335354
-0.000664284011
-0.000521353346
-0.000424746318
-0.000341376158
-0.000267805825
-0.000203497383
-0.000147646515
-9.92511563e-05
-5.73994616e-05
-2.13021576e-05
9.73541225e-06
3.63302364e-05
5.90307005e-05
7.83241155e-05
9.46438341e-05
0.000108375553
0.000119862802
0.000129411658
0.000137294809
0.000143755072
0.000149008449
0.000153246806
0.000156640237
0.000159339192
0.000161476387
0.000163168405
0.000164516822
0.000165609771
0.000166527886
0.000167355064
0.000168156717
0.000168827943
-0.000662312278
-0.000519541523
-0.000423607953
-0.000340272367
-0.000266709098
-0.000202383625
-0.000146466124
-9.79656985e-05
-5.59880098e-05
-1.97561019e-05
1.14164934e-05
3.81412535e-05
6.09629585e-05
8.03668624e-05
9.67852544e-05
0.000110603395
0.000122164708
0.000131775325
0.000139707993
0.000146205528
0.000151483816
0.0001557345
0.000159127348
0.000161812412
0.000163921956
0.000165572118
0.00016686414
0.00016788593
0.000168717127
0.00016943811
0.000170112785
0.000170666011
-0.000659463003
-0.000516783319
-0.000421640264
-0.000338378395
-0.000264903648
-0.000200668416
-0.000144799516
-9.63099079e-05
-5.43187146e-05
-1.80582485e-05
1.31518925e-05
3.99187646e-05
6.27839142e-05
8.22304265e-05
9.86890319e-05
0.000112543738
0.000124136933
0.000133773866
0.000141726463
0.00014823673
0.00015351973
0.000157766277
0.000161145312
0.000163806078
0.000165880071
0.000167482741
0.000168714816
0.000169663849
0.000170408446
0.000171025595
0.000171577753
0.00017201794
-0.000656031484
-0.000513345748
-0.00041910735
-0.000335922004
-0.000262578264
-0.000198503059
-0.000142761188
-9.43630684e-05
-5.24382934e-05
-1.62260614e-05
1.49498237e-05
4.16929524e-05
6.45420033e-05
8.39783991e-05
0.00010043135
0.000114282957
0.000125873978
0.000135508239
0.00014345633
0.000149958959
0.000155229936
0.000159458877
0.000162813595
0.00016544229
0.000167475508
0.000169027876
0.000170199513
0.000171077543
0.000171739563
0.000172259444
0.00017269832
0.000173034735
-0.000652249862
-0.00050946917
-0.000416223319
-0.00033309785
-0.000259900288
-0.000196023548
-0.000140456102
-9.22008319e-05
-5.03951771e-05
-1.42828695e-05
1.68098714e-05
4.34833728e-05
6.62711672e-05
8.56570253e-05
0.000102071175
0.000115890685
0.000127453849
0.000137063134
0.000144987734
0.000151466856
0.000156712858
0.000160913984
0.000164236786
0.000166828312
0.000168818089
0.000170319874
0.000171433134
0.000172244536
0.000172830739
0.000173262849
0.000173600851
0.000173845546
-0.000648310398
-0.000505544273
-0.000413024145
-0.000330016552
-0.000257005421
-0.000193345736
-0.000137974671
-8.98903193e-05
-4.82344065e-05
-1.22521822e-05
1.87299977e-05
4.53080004e-05
6.79948343e-05
8.72927353e-05
0.000103649025
0.000117418907
0.000128937163
0.000138506052
0.000146393802
0.000152838207
0.000158050181
0.000162216609
0.000165502779
0.000168054597
0.000170000577
0.000171453623
0.00017251256
0.000173263598
0.000173782551
0.000174138152
0.000174389416
0.000174555917
-0.000644359121
-0.00050178599
-0.000409595052
-0.000326788354
-0.000254003905
-0.000190565103
-0.000135395206
-8.74936509e-05
-4.60038189e-05
-1.01714117e-05
2.06751079e-05
4.71288788e-05
6.97225145e-05
8.89474978e-05
0.000105226086
0.000118923599
0.000130379976
0.000139895509
0.000147735994
0.000154137386
0.000159309037
0.000163436409
0.000166683503
0.000169195085
0.000171098694
0.000172506396
0.000173516392
0.000174214461
0.000174675677
0.000174966776
0.000175145913
0.000175248203
-0.000640496259
-0.000498120276
-0.000406182427
-0.000323535247
-0.000250977066
-0.000187753916
-0.000132779602
-8.50589224e-05
-4.37371754e-05
-8.06463793e-06
2.26382244e-05
4.89661298e-05
7.14750455e-05
9.06224834e-05
0.000106806297
0.000120422662
0.000131810889
0.00014126749
0.000149055911
0.000155410501
0.00016053919
0.000164626131
0.000167834172
0.000170307036
0.000172171227
0.000173538193
0.000174505588
0.000175158683
0.000175571963
0.000175810584
0.000175931743
0.000175982857
-0.000636798772
-0.000494584536
-0.000402826593
-0.000320370913
-0.000247994257
-0.000184959174
-0.000130166382
-8.26130506e-05
-4.14414039e-05
-5.94910431e-06
2.4630182e-05
5.08468032e-05
7.32418295e-05
9.22816825e-05
0.000108380676
0.00012192431
0.000133247606
0.000142646229
0.000150382931
0.000156691051
0.000161777434
0.000165825241
0.00016899656
0.000171434189
0.00017326145
0.000174592049
0.000175524106
0.000176140567
0.000176515541
0.000176713259
0.000176789976
0.000176800967
-0.000633315258
-0.000491226191
-0.000399595102
-0.000317332049
-0.000245110554
-0.000182230309
-0.000127596867
-8.02021091e-05
-3.91860381e-05
-3.79687882e-06
2.66456607e-05
5.27497878e-05
7.50341147e-05
9.39659642e-05
0.00010998257
0.000123455093
0.000134714612
0.000144056379
0.000151742583
0.000158005645
0.000163051447
0.000167062204
0.000170198989
0.000172603924
0.000174402117
0.000175703832
0.000176605792
0.000177192563
0.000177537761
0.000177704588
0.000177749006
0.000177732285
-0.000630067799
-0.000488069531
-0.00039654245
-0.000314419223
-0.000242330281
-0.000179585938
-0.000125091043
-7.783283e-05
-3.69476918e-05
-1.67688443e-06
2.86568734e-05
5.4661861e-05
7.68376901e-05
9.56694831e-05
0.000111612073
0.000125019864
0.000136220592
0.000145509664
0.000153149033
0.000159370445
0.000164379037
0.000168356313
0.000171462668
0.000173839644
0.000175611959
0.000176889297
0.000177767987
0.000178332418
0.000178655859
0.000178800869
0.000178823132
0.000178787774
-0.00062705951
-0.00048512182
-0.000393674692
-0.000311654629
-0.000239674002
-0.000177043621
-0.000122665213
-7.55222766e-05
-3.47484934e-05
4.17798538e-07
3.06593882e-05
5.65752883e-05
7.86536569e-05
9.73995337e-05
0.000113276703
0.000126626129
0.000137773576
0.000147014823
0.000154611714
0.000160795496
0.000165770743
0.000169718419
0.000172798412
0.000175151796
0.000176902861
0.000178160938
0.000179022055
0.000179570352
0.000179878841
0.00018000969
0.000180018372
0.000179972037
-0.000624280443
-0.000482378509
-0.00039098805
-0.000309043185
-0.000237147551
-0.000174608905
-0.000120325605
-7.32782187e-05
-3.25984524e-05
2.47676302e-06
3.26335975e-05
5.84778403e-05
8.04893109e-05
9.91676335e-05
0.000114983735
0.000128278583
0.000139377531
0.000148575799
0.000156134742
0.000162285149
0.00016723114
0.000171153233
0.000174210901
0.00017654484
0.000178279003
0.000179522423
0.000180370882
0.000180908308
0.000181207528
0.000181330497
0.000181332541
0.000181281385
-0.000621711463
-0.000479825742
-0.000388471926
-0.000306578876
-0.000234747065
-0.000172279487
-0.00011807128
-7.11008415e-05
-3.04985059e-05
4.49888373e-06
3.45782207e-05
6.03555964e-05
8.23334223e-05
0.000100977337
0.000116735565
0.000129977478
0.000141031921
0.000150191941
0.00015771754
0.000163838926
0.00016875981
0.00017266032
0.000175699575
0.000178017957
0.000179739145
0.000180971937
0.000181811905
0.000182342806
0.000182637331
0.000182757359
0.000182758128
0.000182706856
-0.000619327882
-0.000477443548
-0.000386110147
-0.000304249184
-0.000232462466
-0.000170046912
-0.00011589451
-6.89817376e-05
-2.84368403e-05
6.50505982e-06
3.65273106e-05
6.2229245e-05
8.41645301e-05
0.000102791311
0.0001185074
0.000131707542
0.0001427261
0.000151855074
0.000159353487
0.000165451196
0.000170351691
0.000174234876
0.000177259643
0.000179566167
0.000181277938
0.000182503586
0.00018333853
0.000183866389
0.000184159768
0.000184280572
0.000184283995
0.000184235998
-0.000617102701
-0.00047520901
-0.000383883633
-0.000302038568
-0.000230281346
-0.000167901619
-0.000113788284
-6.69162285e-05
-2.64113313e-05
8.49367773e-06
3.84766621e-05
6.41161422e-05
8.59988226e-05
0.000104600661
0.000120289327
0.000133461294
0.000144453642
0.000153559025
0.000161036473
0.000167115825
0.000172000537
0.000175870445
0.000178884347
0.000181182315
0.000182887731
0.000184109122
0.000184941801
0.000185469287
0.000185764137
0.000185888356
0.000185897124
0.000185854667
-0.000615008688
-0.000473098318
-0.000381772215
-0.000299930135
-0.00022819034
-0.000165833872
-0.000111746771
-6.49031637e-05
-2.44278471e-05
1.04472632e-05
4.03989122e-05
6.60081495e-05
8.78590044e-05
0.000106428748
0.000122091629
0.00013524169
0.000146213964
0.000155301033
0.000162762197
0.000168827393
0.000173700079
0.000177560062
0.000180566098
0.000182858208
0.00018455972
0.000185779094
0.000186611575
0.000187140606
0.000187438724
0.000187568081
0.000187583863
0.000187548296
-0.000613019411
-0.000471087851
-0.00037975549
-0.000297906079
-0.000226174627
-0.000163831692
-0.000109760538
-6.29353175e-05
-2.24806591e-05
1.2371503e-05
4.23000357e-05
6.7900579e-05
8.97388792e-05
0.000108273696
0.000123907662
0.000137042047
0.000148000772
0.000157074742
0.000164523963
0.000170578781
0.000175442749
0.000179295694
0.000182296386
0.000184584845
0.000186284383
0.000187503432
0.000188337195
0.000188869063
0.000189171576
0.000189307058
0.000189330711
0.000189302662
-0.000611110149
-0.000469155171
-0.000377813883
-0.000295948821
-0.000224219322
-0.000161882737
-0.000107819523
-6.10046197e-05
-2.05629564e-05
1.42734375e-05
4.41862903e-05
6.97851423e-05
9.16204142e-05
0.00011012976
0.000125739939
0.000138862789
0.000149811633
0.000158875972
0.000166316442
0.000172363745
0.000177221526
0.000181069655
0.000184066931
0.000186353393
0.000188052358
0.00018927225
0.000190108248
0.000190643707
0.000190951186
0.000191093185
0.00019112493
0.00019110447
-0.000609258629
-0.000467279804
-0.000375929456
-0.000294041764
-0.00022231022
-0.000159974983
-0.000105913511
-5.91022969e-05
-1.86665575e-05
1.616217e-05
4.60667118e-05
7.16587838e-05
9.34861221e-05
0.000111986668
0.000127588683
0.000140702491
0.000151642886
0.000160699792
0.000168133865
0.000174175821
0.000179029341
0.000182874333
0.000185869628
0.000188155289
0.000189854645
0.000191076121
0.000191914881
0.000192454258
0.000192766834
0.00019291529
0.000192954861
0.000192941629
-0.000607445626
-0.000465443857
-0.000374086615
-0.000292170015
-0.000220434777
-0.00015809801
-0.000104033994
-5.72217707e-05
-1.67870742e-05
1.80391558e-05
4.79402911e-05
7.35280092e-05
9.53486186e-05
0.000113845116
0.000129444803
0.000142553011
0.000153487723
0.000162539724
0.000169969653
0.000176008204
0.00018085911
0.000184702342
0.000187696778
0.000189982514
0.000191682902
0.000192906379
0.000193748106
0.000194291403
0.000194608882
0.000194763388
0.000194810154
0.000194803464
-0.000605655164
-0.000463632262
-0.000372272377
-0.000290320502
-0.000218582253
-0.000156242849
-0.000102173556
-5.53572066e-05
-1.49203262e-05
1.99067322e-05
4.9807786e-05
7.539407e-05
9.720996e-05
0.000115704478
0.000131304621
0.000144410066
0.000155341633
0.000164390875
0.000171818479
0.000177855164
0.000182704741
0.000186547251
0.000189541635
0.000191828027
0.000193529811
0.000194755441
0.000195600082
0.000196147049
0.00019646899
0.000196628893
0.000196681966
0.000196680897
-0.000603874496
-0.000461832861
-0.000370476467
-0.000288481895
-0.000216743971
-0.00015440209
-0.000100326004
-5.35037476e-05
-1.30627955e-05
2.17670726e-05
5.16700028e-05
7.72567609e-05
9.90702826e-05
0.000117564802
0.000133166798
0.000146271232
0.000157201403
0.000166249426
0.000173676028
0.000179711969
0.000184561139
0.000188403655
0.000191398513
0.000193685892
0.000195389206
0.000196616931
0.00019746424
0.000198014448
0.000198340238
0.000198504721
0.000198563044
0.000198566516
-0.000602093968
-0.000460036593
-0.000368690902
-0.000286644624
-0.000214913512
-0.000152569729
-9.84862491e-05
-5.16574082e-05
-1.12115129e-05
2.3622211e-05
5.35281287e-05
7.91165785e-05
0.00010092951
0.000119425332
0.000135029895
0.00014813448
0.000159064458
0.000168112333
0.000175538857
0.000181574833
0.000186424223
0.00019026721
0.000193262841
0.000195551336
0.000197256139
0.000198485746
0.000199335337
0.000199888235
0.000200217156
0.000200385302
0.000200447729
0.000200454578
-0.000600306675
-0.000458237577
-0.000366905623
-0.000284804998
-0.000213086776
-0.000150740817
-9.66502837e-05
-4.9815123e-05
-9.36417557e-06
2.54737664e-05
5.53831742e-05
8.09740187e-05
0.000102787581
0.000121285385
0.000136892774
0.000149998307
0.000160928908
0.000169977348
0.000177404407
0.000183440925
0.000188290925
0.000192134643
0.000195131171
0.000197420762
0.000199126884
0.000200358051
0.000201209454
0.000201764422
0.000202095698
0.00020226653
0.000202331846
0.000202340999
-0.000598507688
-0.000456431344
-0.000365097849
-0.000282978752
-0.000211261786
-0.000148911901
-9.48154813e-05
-4.79748072e-05
-7.51914646e-06
2.73229214e-05
5.72359002e-05
8.28294823e-05
0.000104644462
0.000123144495
0.000138754686
0.00015186173
0.000162793502
0.00017184297
0.000179270951
0.000185308322
0.000190159149
0.000194003711
0.000197001134
0.000199291695
0.000200998884
0.000202231226
0.000203083924
0.000203640318
0.000203973162
0.000204145639
0.000204212411
0.000204223682
-0.000596696071
-0.000454616577
-0.000363279983
-0.000281153415
-0.000209434369
-0.000147080707
-9.29798196e-05
-4.61347684e-05
-5.67510348e-06
2.91706351e-05
5.90869428e-05
8.46833323e-05
0.000106500201
0.000125002491
0.000140615362
0.000153724333
0.000164657648
0.00017370844
0.000181137579
0.000187175976
0.000192027731
0.000195873152
0.000198871386
0.000201162731
0.000202870687
0.000204103791
0.00020495725
0.000205514412
0.000205848038
0.00020602127
0.00020608859
0.000206100809
-0.00059487221
-0.000452792859
-0.000361454611
-0.000279327876
-0.000207604089
-0.000145246858
-9.11427115e-05
-4.42944056e-05
-3.8315159e-06
3.10173125e-05
6.0936524e-05
8.65354889e-05
0.000108354501
0.00012685945
0.000142475224
0.000155586359
0.000166521394
0.000175573677
0.000183004114
0.000189043631
0.000193896348
0.000197742589
0.000200741515
0.000203033431
0.000204741845
0.000205975299
0.000206829001
0.000207386302
0.00020771996
0.000207893135
0.000207960398
0.000207972286
-0.000593037921
-0.000450962005
-0.000359621308
-0.000277503244
-0.000205771876
-0.000143411159
-8.93048757e-05
-4.24542734e-05
-1.98880614e-06
3.28626104e-05
6.27842356e-05
8.83850199e-05
0.000110205595
0.000128715287
0.000144336123
0.000157449209
0.000168385623
0.000177439325
0.000184871094
0.000190911766
0.000195765445
0.000199612454
0.000202611951
0.000204904239
0.000206612824
0.000207846247
0.00020869972
0.000209256584
0.000209589593
0.000209761963
0.000209828509
0.00020983899
-0.000591196095
-0.000449126826
-0.000357772783
-0.000275688811
-0.000203941149
-0.00014157571
-8.74680523e-05
-4.06156224e-05
-1.47693463e-07
3.47064358e-05
6.46308367e-05
9.02334759e-05
0.000112053304
0.000130568431
0.000146197577
0.000159313054
0.000170250774
0.000179305984
0.00018673926
0.000192781242
0.000197635982
0.000201483789
0.000204483809
0.000206776336
0.00020848487
0.000209717951
0.000210570789
0.000211126725
0.0002114585
0.000211629348
0.00021169426
0.00021170292
-0.000589352028
-0.000447291909
-0.00035592251
-0.000273877474
-0.000202114717
-0.000139743454
-8.56343885e-05
-3.87799694e-05
1.69094521e-06
3.65486945e-05
6.64773235e-05
9.20834511e-05
0.000113901048
0.000132418772
0.000148056691
0.0001611764
0.00017211663
0.000181174134
0.000188609508
0.000194653254
0.00019950938
0.00020335819
0.000206358825
0.000208651576
0.000210359941
0.000211592462
0.000212444355
0.000212998967
0.000213329021
0.000213497706
0.000213560108
0.000213566718
-0.000587512269
-0.00044546265
-0.000354082268
-0.000272068444
-0.000200295584
-0.000137918229
-8.38069582e-05
-3.69497628e-05
3.52507393e-06
3.83875126e-05
6.83214772e-05
9.39323457e-05
0.000115749893
0.00013427013
0.000149915831
0.000163040986
0.000173984956
0.000183045661
0.000190483841
0.00019652992
0.000201387875
0.000205238005
0.000208239456
0.000210532518
0.000212240696
0.000213472538
0.000214323273
0.00021487626
0.000215204211
0.000215370248
0.000215429536
0.000215433498
-0.00058568426
-0.000443645645
-0.000352258279
-0.000270268242
-0.000198488104
-0.000136104297
-8.1989369e-05
-3.51278994e-05
5.35236135e-06
4.02209284e-05
7.01613777e-05
9.57780507e-05
0.000117598753
0.000136124428
0.000151778471
0.000164909682
0.000175858269
0.000184923047
0.000192364813
0.000198413897
0.000203274236
0.000207126125
0.00021012871
0.000212422288
0.000214130374
0.000215361531
0.000216211008
0.000216762183
0.000217087762
0.0002172508
0.000217306519
0.000217307342
-0.00058387639
-0.000441848696
-0.00035045684
-0.000268484344
-0.000196697581
-0.00013430625
-8.01854599e-05
-3.33173541e-05
7.17069858e-06
4.20477435e-05
7.19969296e-05
9.76215999e-05
0.000119447956
0.000137981327
0.000153645215
0.000166783806
0.000177738367
0.000186808473
0.000194254922
0.00020030795
0.00020517146
0.000209025745
0.00021202996
0.000214324419
0.000216032657
0.000217263262
0.000218111514
0.000218660824
0.0002189839
0.000219143727
0.000219195575
0.000219192917
-0.000582097837
-0.000440080385
-0.000348685074
-0.000266724375
-0.000194929989
-0.000132529092
-7.83993861e-05
-3.15213867e-05
8.97770793e-06
4.38664402e-05
7.38274772e-05
9.94631761e-05
0.000121298229
0.000139841732
0.000155517153
0.000168664874
0.000179627234
0.000188704323
0.000196156895
0.0002022151
0.000207082821
0.000210940363
0.000213946904
0.00021624279
0.000217951591
0.000219181937
0.000220029153
0.000220576696
0.000220897289
0.000221053854
0.000221101701
0.00022109538
-0.000580358407
-0.000438349822
-0.000346950737
-0.000264996101
-0.000193191708
-0.000130778132
-7.66355255e-05
-2.97434407e-05
1.0770868e-05
4.56753768e-05
7.56522339e-05
0.000101302893
0.000123150599
0.00014170684
0.000157395307
0.000170554259
0.000181526825
0.000190613044
0.000198073567
0.000204138513
0.000209011771
0.000212873679
0.000215883461
0.000218181518
0.000219891479
0.000221122035
0.000221968575
0.000222514622
0.000222832929
0.000222986365
0.00022303028
0.000223020297
-0.000578668335
-0.00043666644
-0.000345261979
-0.000263307339
-0.00019148931
-0.000129058845
-7.48983765e-05
-2.79870387e-05
1.25476407e-05
4.74730221e-05
7.74708258e-05
0.000103141975
0.000125008009
0.000143577909
0.000159278804
0.000172452064
0.000183438515
0.000192536836
0.000200007689
0.000206081352
0.000210961807
0.000214829469
0.000217843648
0.000220144834
0.00022185675
0.000223088177
0.000223934595
0.000224479609
0.000224796025
0.000224946679
0.000224986967
0.000224973537
-0.000577037992
-0.000435039703
-0.000343627045
-0.000261665757
-0.000189829322
-0.000127376718
-7.31925041e-05
-2.62558685e-05
1.43051779e-05
4.92573127e-05
7.92819241e-05
0.000104979989
0.000126871527
0.00014545673
0.000161169208
0.000174360235
0.000185364769
0.000194478602
0.000201962481
0.000208047089
0.000212936621
0.000216811622
0.000219831537
0.000222136991
0.000223851839
0.000225084986
0.000225932029
0.000226476682
0.000226791826
0.000226940292
0.000226977535
0.000226961126
-0.000575477477
-0.000433478716
-0.000342053873
-0.000260078544
-0.000188217902
-0.000125736982
-7.15223694e-05
-2.45537692e-05
1.6040049e-05
5.10248194e-05
8.10811963e-05
0.000106810832
0.000128737003
0.00014734878
0.000163075722
0.000176284172
0.000187309745
0.000196442264
0.00020394179
0.000210039536
0.000214940035
0.000218824021
0.000221851106
0.00022416209
0.000225880992
0.000227116876
0.000227965483
0.000228510662
0.000228825395
0.000228972543
0.000229007635
0.000228989001
-0.000573996142
-0.000431991771
-0.000340549651
-0.000258551974
-0.000186660332
-0.000124144013
-6.98915347e-05
-2.28835818e-05
1.77500289e-05
5.2773814e-05
8.28672153e-05
0.00010863288
0.000130602174
0.000149253615
0.000165000673
0.000178226887
0.000189276666
0.000198430929
0.000205948688
0.000212061798
0.000216975221
0.000220869924
0.000223905724
0.00022622363
0.000227947868
0.000229187688
0.000230039008
0.000230585834
0.000230901277
0.000231048276
0.000231082458
0.000231062664
-0.000572602129
-0.000430585888
-0.000339120403
-0.000257090983
-0.00018516063
-0.000122600974
-6.83023175e-05
-2.12467919e-05
1.94344915e-05
5.45048143e-05
8.46423694e-05
0.000110449722
0.000132462886
0.000151159768
0.000166941131
0.000180193804
0.000191270305
0.000200447984
0.00020798597
0.000214116474
0.000219044708
0.000222951857
0.000225997969
0.000228324294
0.000230055288
0.00023130042
0.000232155809
0.000232705643
0.000233023192
0.000233171526
0.000233206392
0.000233186828
-0.00057130188
-0.00042926632
-0.000337770595
-0.000255698727
-0.000183721219
-0.000121109636
-6.67558124e-05
-1.96438314e-05
2.1093653e-05
5.62187769e-05
8.64086711e-05
0.000112264728
0.000134322387
0.000153066104
0.000168894076
0.000182184064
0.000193290312
0.000202493448
0.000210053968
0.000216204148
0.000221149282
0.000225070785
0.000228128981
0.0002304654
0.000232204765
0.000233456798
0.000234317851
0.00023487232
0.000235193663
0.000235345146
0.000235382662
0.000235365046
-0.000570099588
-0.000428035927
-0.000336502756
-0.00025437603
-0.000182342533
-0.00011967014
-6.52517585e-05
-1.80740717e-05
2.27284252e-05
5.79167076e-05
8.81670236e-05
0.000114079706
0.000136188601
0.000154980313
0.000170857136
0.000184191096
0.00019533199
0.000204564476
0.000212150802
0.00021832347
0.000223287957
0.000227226002
0.00023029829
0.000232646693
0.000234396262
0.000235657019
0.000236525583
0.00023708659
0.000237413726
0.000237570523
0.000237613043
0.000237599435
-0.000568996543
-0.000426894404
-0.000335317685
-0.000253120427
-0.000181022511
-0.000118280863
-6.37884101e-05
-1.6535605e-05
2.4340681e-05
5.96000669e-05
8.99180579e-05
0.000115894156
0.000138060645
0.000156903748
0.000172832713
0.000186215229
0.00019739434
0.000206659668
0.000214274873
0.000220472688
0.000225458885
0.000229415624
0.000232504024
0.000234866366
0.00023662808
0.000237899552
0.000238777684
0.000239347382
0.000239682612
0.00023984725
0.000239897545
0.000239890362
-0.000567990377
-0.000425837897
-0.000334216603
-0.00025192168
-0.000179753706
-0.000116937036
-6.23611327e-05
-1.50241197e-05
2.59321843e-05
6.12709569e-05
9.16634892e-05
0.000117708741
0.000139937988
0.000158836237
0.000174821461
0.000188256192
0.000199475607
0.000208776468
0.000216423137
0.000222648395
0.000227658387
0.000231635785
0.00023474223
0.00023712052
0.000238896505
0.000240180734
0.000241070741
0.000241651643
0.000241997614
0.000242172989
0.000242234218
0.000242236211
-0.000567074203
-0.000424859848
-0.000333197357
-0.000250756827
-0.000178519375
-0.000115625248
-6.09570468e-05
-1.35303668e-05
2.74938573e-05
6.29255516e-05
9.34014524e-05
0.000119522751
0.000141820775
0.000160775912
0.000176819312
0.000190310002
0.000201571765
0.000210910514
0.000218590809
0.000224845445
0.000229881054
0.000233880918
0.000237007325
0.000239403902
0.000241196922
0.000242493062
0.000243396761
0.00024399222
0.000244352179
0.000244541647
0.000244617281
0.000244631375
-0.000566233928
-0.00042394724
-0.000332189033
-0.000249682272
-0.000177347068
-0.000114347784
-5.95814416e-05
-1.20565825e-05
2.90814525e-05
6.45936115e-05
9.51498451e-05
0.000121348758
0.00014371928
0.000162726615
0.000178821664
0.000192370649
0.000203677861
0.000213055979
0.000220770895
0.00022705588
0.000232118114
0.000236141531
0.000239288982
0.00024170437
0.000243514545
0.000244830957
0.000245751914
0.000246363174
0.000246739563
0.000246946462
0.00024704109
0.000247072777
-0.000565448835
-0.000423078273
-0.000331186651
-0.000248646401
-0.000176187858
-0.000113071407
-5.8202403e-05
-1.05792744e-05
3.06556789e-05
6.62571022e-05
9.68971903e-05
0.000123175415
0.000145622129
0.000164684415
0.000180829502
0.000194435647
0.000205788374
0.000215205379
0.00022295452
0.000229269769
0.000234358887
0.000238406466
0.000241575992
0.000244011929
0.000245841697
0.000247177452
0.00024811761
0.000248748317
0.000249144839
0.000249373256
0.000249491568
0.000249545052
-0.000564692652
-0.000422224678
-0.000330205153
-0.000247589193
-0.000175014051
-0.00011178414
-5.68108991e-05
-9.08879822e-06
3.22401791e-05
6.79289548e-05
9.86473383e-05
0.000124996009
0.000147522932
0.000166664721
0.000182858556
0.000196501932
0.000207895507
0.000217348945
0.000225130098
0.000231473871
0.000236588771
0.000240660022
0.000243851737
0.000246308983
0.000248159729
0.000249516604
0.000250478441
0.000251131684
0.000251551988
0.00025180633
0.000251953261
0.000252031933
-0.000563927126
-0.000421347813
-0.000329200956
-0.000246487453
-0.000173798482
-0.000110458597
-5.53827761e-05
-7.56396784e-06
3.3856126e-05
6.96301695e-05
0.000100427576
0.000126846043
0.000149431835
0.000168630901
0.000184866379
0.000198541356
0.000209975225
0.000219464928
0.000227276932
0.000233647726
0.000238787102
0.00024288116
0.000246094747
0.000248573601
0.000250446282
0.000251825921
0.000252811747
0.0002534905
0.000253938264
0.000254223037
0.000254403853
0.000254512405
-0.000563101681
-0.000420402607
-0.000328123893
-0.000245305525
-0.000172506403
-0.000109062443
-5.38909995e-05
-5.98392911e-06
3.55178136e-05
7.13678727e-05
0.000102237113
0.000128717936
0.000151331162
0.000170563411
0.000186849796
0.000200558981
0.00021202464
0.000221542553
0.000229379264
0.000235772257
0.000240932341
0.000245046457
0.000248280172
0.00025077986
0.000252674639
0.000254078108
0.000255089852
0.000255796868
0.000256275659
0.000256595332
0.00025681539
0.000256958999
-0.000562152321
-0.000419361023
-0.000326903191
-0.000243992889
-0.000171096957
-0.000107559273
-5.23051512e-05
-4.32600536e-06
3.72386811e-05
7.31430085e-05
0.000104057992
0.0001305776
0.00015322242
0.000172497882
0.000188825437
0.000202553878
0.000214033457
0.000223565418
0.000231416189
0.000237823174
0.000242997629
0.000247127075
0.000250377636
0.000252896189
0.000254812304
0.000256239958
0.000257279014
0.000258016655
0.000258529772
0.000258888652
0.000259153259
0.000259337023
-0.000561015373
-0.000418291515
-0.000325368539
-0.000242461597
-0.000169515546
-0.000105902565
-5.05848554e-05
-2.55637912e-06
3.9047174e-05
7.49815617e-05
0.000105918399
0.000132455314
0.000155125842
0.000174417359
0.000190746005
0.000204479295
0.000215962607
0.00022549806
0.000233352971
0.000239765391
0.00024494716
0.000249086355
0.000252349604
0.000254884227
0.000256820169
0.000258271711
0.000259338908
0.000260109047
0.000260659368
0.000261061397
0.00026137554
0.000261604261
-0.000559602878
-0.00041698968
-0.000323543564
-0.000240665813
-0.000167701588
-0.000104039892
-4.86871725e-05
-6.40702193e-07
4.09694637e-05
7.69025413e-05
0.00010783244
0.000134359665
0.000157019744
0.000176291071
0.000192597308
0.00020631617
0.000217786693
0.000227310596
0.000235156338
0.000241562843
0.000246742535
0.000250883951
0.000254154106
0.000256700639
0.000258653746
0.000260127886
0.000261223191
0.000262026939
0.000262616642
0.0002630651
0.000263433132
0.00026371106
-0.000557822936
-0.00041529671
-0.000321382014
-0.000238542752
-0.000165585814
-0.000101911738
-4.65645028e-05
1.45747451e-06
4.30310544e-05
7.89201243e-05
0.000109801703
0.000136278857
0.000158888829
0.000178110257
0.000194369319
0.000208045884
0.000219478866
0.00022897034
0.00023678933
0.000243175207
0.000248340702
0.000252474575
0.000255744
0.000258296719
0.000260262982
0.000261757247
0.000262879555
0.000263717027
0.000264347338
0.000264844549
0.000265269843
0.000265600373
-0.000555571431
-0.000413107213
-0.000318786489
-0.000236006296
-0.000163092055
-9.94537434e-05
-4.41648322e-05
3.77814449e-06
4.52604308e-05
8.10518883e-05
0.000111833686
0.000138212125
0.000160726924
0.000179858513
0.00019603465
0.000209636388
0.000221003273
0.000230437766
0.000238209115
0.000244556789
0.000249693516
0.000253807977
0.000257067213
0.000259618794
0.000261592769
0.000263103361
0.000264250315
0.000265120405
0.000265791326
0.000266338334
0.000266822891
0.000267208214
-0.000552728634
-0.000410310356
-0.000315650837
-0.000232961436
-0.00016013876
-9.65976321e-05
-4.14332449e-05
6.36300247e-06
4.76865591e-05
8.33148342e-05
0.000113934431
0.00014015582
0.000162521866
0.000181515247
0.000197565291
0.000211054041
0.000222321527
0.000231670333
0.000239369586
0.000245658467
0.000250749302
0.0002548303
0.00025806799
0.000260609417
0.000262584104
0.000264105751
0.000265273544
0.000266173689
0.000266883714
0.000267479931
0.000268023945
0.000268464613
-0.000549162347
-0.000406783953
-0.000311861156
-0.000229307178
-0.00015663945
-9.32715875e-05
-3.83126447e-05
9.25471196e-06
5.03383433e-05
8.572506e-05
0.000116108369
0.000142103944
0.000164258444
0.000183057124
0.000198930897
0.000212262598
0.000223392428
0.000232622692
0.000240221927
0.00024642852
0.000251453882
0.00025548525
0.00025868817
0.000261208718
0.000263175497
0.000264701322
0.000265884509
0.000266810433
0.000267556266
0.000268199171
0.000268800394
0.000269293664
-0.000544730245
-0.000402396897
-0.00030729649
-0.000224937387
-0.000152503879
-8.94014684e-05
-3.47449231e-05
1.24958637e-05
5.32437628e-05
8.8297111e-05
0.000118357944
0.000144048236
0.000165919073
0.000184458533
0.00020009905
0.00021322395
0.000224173156
0.00023324814
0.000240716232
0.000246814386
0.000251752459
0.000255716101
0.000258869297
0.000261356629
0.000263305298
0.000264826816
0.000266018262
0.000266963879
0.000267740279
0.000268425278
0.00026907872
0.00026961577
-0.000539281899
-0.000397011248
-0.000301830777
-0.000219742468
-0.00014763975
-8.49124152e-05
-3.06723729e-05
1.61277945e-05
5.64289646e-05
9.1043377e-05
0.000120683349
0.000145978284
0.000167484271
0.000185692356
0.00020103629
0.000213899446
0.000224620849
0.000233500413
0.000240803484
0.000246764784
0.000251591842
0.000255467977
0.000258554922
0.000260995132
0.000262913842
0.000264420772
0.000265611344
0.00026656822
0.000267366717
0.000268084864
0.000268785148
0.000269376862
-0.000532661134
-0.000390484452
-0.000295335186
-0.000213611507
-0.000141954748
-7.97307044e-05
-2.60392933e-05
2.01892904e-05
5.99173223e-05
9.39735471e-05
0.000123082405
0.000147881825
0.000168933381
0.000186731075
0.000201709591
0.000214251703
0.00022469472
0.000233336082
0.000240438192
0.000246232588
0.000250923543
0.000254691183
0.00025769419
0.000260072178
0.000261947779
0.00026342836
0.000264607231
0.000265565159
0.000266375952
0.00026711693
0.000267849945
0.000268479443
-0.000524708784
-0.000382671916
-0.000287680793
-0.000206434755
-0.000135358877
-7.37858526e-05
-2.0793789e-05
2.47151635e-05
6.37284483e-05
9.70940987e-05
0.000125550539
0.000149745235
0.000170245549
0.0001875482
0.000202088188
0.000214246794
0.00022435856
0.000232717318
0.000239581372
0.000245177946
0.000249706987
0.000253344431
0.000256245004
0.000258544669
0.000260362739
0.000261803608
0.000262957937
0.000263904212
0.000264714567
0.000265465308
0.000266215395
0.00026685675
-0.000515265811
-0.000373429929
-0.000278741588
-0.000198106475
-0.000127767096
-6.70129907e-05
-1.48897946e-05
2.97346614e-05
6.78771066e-05
0.000100407763
0.000128080839
0.00015155415
0.000171400889
0.000188119959
0.000202145738
0.000213856831
0.000223583688
0.000231615157
0.000238204082
0.000243572066
0.000247913514
0.000251399052
0.000254178453
0.000256383132
0.000258128312
0.000259514751
0.00026062992
0.000261549534
0.000262343425
0.000263086055
0.000263834562
0.000264477533
-0.000504176738
-0.000362618852
-0.000268397833
-0.000188528144
-0.000119102299
-5.93555281e-05
-8.28937446e-06
3.52696226e-05
7.23719222e-05
0.000103912854
0.000130664018
0.000153294084
0.00017238173
0.000188427104
0.000201862643
0.000213062733
0.000222352101
0.000230012975
0.000236291162
0.000241401172
0.000245530509
0.000248843278
0.000251483217
0.000253576267
0.000255232747
0.00025654907
0.000257608944
0.000258484876
0.000259243874
0.000259957712
0.000260681424
0.000261305518
-0.000491293308
-0.000350106469
-0.000256539692
-0.000177612015
-0.000109298577
-5.07680623e-05
-9.65327281e-07
4.13322853e-05
7.72137419e-05
0.000107602286
0.000133288151
0.000154950872
0.000173173729
0.000188456656
0.000201228341
0.000211857003
0.000220659662
0.000227910019
0.000233845058
0.000238670557
0.00024256566
0.000245686659
0.000248170153
0.000250135615
0.000251687592
0.000252917434
0.000253904539
0.000254717812
0.000255420949
0.000256082077
0.000256753632
0.000257333981
-0.000476478042
-0.00033577114
-0.000243070951
-0.00016528519
-9.83051835e-05
-4.12199511e-05
7.09546849e-06
4.79223544e-05
8.23933092e-05
0.000111461974
0.000135937856
0.000156510638
0.000173766586
0.000188203274
0.000200243255
0.000210246139
0.00021851889
0.000225324482
0.00023088908
0.000235407962
0.000239050361
0.00024196345
0.000244275546
0.000246098714
0.000247530942
0.00024865778
0.000249553643
0.000250283718
0.000250907908
0.000251489654
0.00025207826
0.000252586706
-0.000459607117
-0.000319504601
-0.000227914506
-0.000151497911
-8.60931574e-05
-3.06996034e-05
1.58868642e-05
5.50220241e-05
8.78872999e-05
0.000115467965
0.000138592449
0.000157958914
0.000174154035
0.000187670026
0.000198920227
0.000208252671
0.000215961526
0.000222296587
0.000227471065
0.000231667899
0.000235044881
0.00023773879
0.000239868725
0.000241538761
0.000242839309
0.000243847743
0.000244632646
0.000245257641
0.000245776773
0.000246248854
0.000246720021
0.000247125372
-0.00044056944
-0.000301213059
-0.000211024525
-0.000136245468
-7.26520553e-05
-1.91959347e-05
2.53845304e-05
6.25916453e-05
9.36540068e-05
0.000119582915
0.000141223248
0.00015927881
0.00017433284
0.000186868081
0.000197284744
0.000205915729
0.000213039259
0.000218889229
0.000223663568
0.000227530899
0.00023063576
0.000233102711
0.000235040176
0.000236544629
0.000237699251
0.000238557383
0.000239215866
0.000239732221
0.00024012514
0.000240458166
0.000240775714
0.000241044064
-0.000419248876
-0.000280799258
-0.000192374932
-0.000119563919
-5.79339166e-05
-6.63766808e-06
3.55468747e-05
7.05679615e-05
9.9630542e-05
0.000123752684
0.000143790581
0.000160448753
0.000174301186
0.000185815636
0.000195374295
0.000203290692
0.000209823674
0.000215188322
0.000219564872
0.000223105713
0.000225940241
0.000228178877
0.000229916535
0.000231248154
0.00023229891
0.000233073463
0.000233547512
0.000233848638
0.000234077738
0.000234248635
0.000234380473
0.000234477919
-0.000395504061
-0.00025811445
-0.000171839627
-0.000101296797
-4.21235678e-05
6.54800263e-06
4.61253835e-05
7.87968849e-05
0.000105693917
0.000127877845
0.000146227562
0.00016143357
0.000174053447
0.000184535019
0.000193237442
0.00020044989
0.000206409466
0.000211309724
0.000215311013
0.000218548276
0.000221136625
0.000223175939
0.000224753494
0.000225930375
0.000226712427
0.000227241251
0.000227654045
0.000227894073
0.000227954717
0.000227909989
0.000227807626
0.000227700699
-0.00036931392
-0.000233137553
-0.00014957116
-8.15339827e-05
-2.55645132e-05
2.0094147e-05
5.70919141e-05
8.71118842e-05
0.000111700295
0.000131813717
0.000148443021
0.000162185184
0.000173578272
0.000183047826
0.00019092493
0.000197471021
0.00020289554
0.000207368016
0.000211027423
0.000213989327
0.000216351422
0.000218197302
0.000219599314
0.000220618572
0.000221309184
0.000221740478
0.000221939348
0.000221939558
0.000221796763
0.000221531534
0.00022117087
0.000220825184
-0.000340649217
-0.000205809488
-0.000125741879
-6.04226862e-05
-8.09036682e-06
3.38440326e-05
6.79725622e-05
9.53076435e-05
0.000117442908
0.000135512895
0.000150371175
0.000162656838
0.000172866479
0.000181382742
0.000188500016
0.00019444687
0.000199402995
0.000203511608
0.000206888606
0.000209629389
0.000211813983
0.000213510326
0.000214777505
0.000215667481
0.000216227476
0.000216502752
0.000216536044
0.000216360142
0.000216006424
0.000215490246
0.000214835054
0.000214218559
-0.000309513162
-0.000176410121
-0.000100546071
-3.87044178e-05
9.95104092e-06
4.81536706e-05
7.86920542e-05
0.000103073761
0.000122709792
0.000138698724
0.00015185052
0.000162764827
0.000171888425
0.000179555647
0.000186018254
0.000191467774
0.000196051907
0.000199886394
0.000203063578
0.00020565858
0.000207733832
0.000209342513
0.000210530486
0.000211338314
0.000211803327
0.000211960342
0.000211843104
0.000211483804
0.000210907953
0.000210121036
0.000209142575
0.000208226275
-0.000275799074
-0.000145528555
-7.36998886e-05
-1.64997e-05
2.77460478e-05
6.19531519e-05
8.87839591e-05
0.000110067525
0.000127188122
0.000141165217
0.000152734174
0.000162423415
0.000170614366
0.000177584408
0.000183537378
0.000188625114
0.000192962586
0.00019663844
0.000199722339
0.000202270104
0.000204327377
0.000205932296
0.000207117467
0.000207911739
0.000208340751
0.000208428988
0.000208201423
0.000207684194
0.000206896373
0.000205831632
0.000204503842
0.000203256945
-0.000239285995
-0.000113208603
-4.55480901e-05
5.78608102e-06
4.47199426e-05
7.44646669e-05
9.7507733e-05
0.000115736988
0.000130477242
0.000142638893
0.000152848646
0.000161540225
0.00016901629
0.000175490754
0.000181117409
0.00018600903
0.000190250048
0.000193904923
0.000197023653
0.000199645449
0.00020180129
0.000203515831
0.000204808772
0.000205695776
0.00020618929
0.000206299929
0.000206039118
0.000205420876
0.000204452116
0.000203109624
0.000201406644
0.000199787546
-0.000199685332
-7.9173214e-05
-1.72902074e-05
2.71749548e-05
6.0126906e-05
8.49732591e-05
0.000104202378
0.000119570007
0.00013222309
0.000142898955
0.000152077837
0.000160077744
0.000167113215
0.000173332923
0.000178843314
0.000183723104
0.000188032238
0.000191817331
0.000195114797
0.000197952562
0.000200351246
0.000202325417
0.000203884326
0.000205031053
0.000205762277
0.000206067523
0.000205930754
0.000205342928
0.000204286296
0.000202700302
0.000200574428
0.000198500594
-0.000156253142
-4.34456816e-05
1.01051257e-05
4.62733614e-05
7.25358108e-05
9.2417286e-05
0.000108133963
0.000121103381
0.000132173013
0.000141844697
0.000150423992
0.000158103932
0.000165011023
0.000171234515
0.000176842625
0.000181889913
0.000186421576
0.00019047575
0.000194083944
0.000197269955
0.000200049512
0.000202434267
0.000204434033
0.000206044602
0.000207254142
0.00020803743
0.000208321514
0.000208040374
0.00020712789
0.000205445932
0.000202878419
0.000200261918
-0.000107439577
-6.95967444e-06
3.45269875e-05
6.10016288e-05
8.03943541e-05
9.58112944e-05
0.00010878917
0.000120162982
0.000130370221
0.000139644191
0.000148116663
0.000155869652
0.00016295435
0.000169415518
0.000175301144
0.00018065791
0.000185531307
0.000189966759
0.000194008794
0.000197694248
0.000201043994
0.000204089593
0.000206880395
0.000209400998
0.000211624976
0.000213568917
0.000215047364
0.000215787734
0.000215620512
0.000214323555
0.000211483734
0.000208438564
-4.24567423e-05
2.91304683e-05
5.17420109e-05
6.76970978e-05
8.12780527e-05
9.37780273e-05
0.000105534356
0.000116609868
0.00012699448
0.000136678902
0.000145664955
0.000153946223
0.000161524759
0.000168436925
0.00017473722
0.000180479763
0.000185721578
0.000190529152
0.000194984015
0.00019915802
0.000203038009
0.00020657409
0.000209880009
0.000213282532
0.000217066073
0.000220849896
0.000223678521
0.000225483857
0.000227042893
0.000228190026
0.000227837373
0.000225776699
6.46118956e-05
6.4862557e-05
6.23756912e-05
6.80878492e-05
7.77930995e-05
8.91341699e-05
0.000100943362
0.000112572182
0.00012366298
0.000134102134
0.000143879898
0.000152904821
0.000161080033
0.000168463945
0.000175161271
0.000181237328
0.000186754595
0.000191794448
0.000196498783
0.000201024326
0.000205401644
0.000209573336
0.000213608503
0.000217814721
0.000222896229
0.00022975064
0.000238626387
0.000250127109
0.00026520607
0.000285366355
0.000314261718
0.000349257545
)
;

boundaryField
{
    inner_wall
    {
        type            zeroGradient;
    }
    outer_wall
    {
        type            zeroGradient;
    }
    top
    {
        type            zeroGradient;
    }
    bottom
    {
        type            fixedValue;
        value           uniform 0;
    }
    front
    {
        type            wedge;
    }
    back
    {
        type            wedge;
    }
}


// ************************************************************************* //
