/*--------------------------------*- C++ -*----------------------------------*\
| =========                 |                                                 |
| \\      /  F ield         | OpenFOAM: The Open Source CFD Toolbox           |
|  \\    /   O peration     | Version:  2506                                  |
|   \\  /    A nd           | Website:  www.openfoam.com                      |
|    \\/     M anipulation  |                                                 |
\*---------------------------------------------------------------------------*/
FoamFile
{
    version     2.0;
    format      ascii;
    arch        "LSB;label=32;scalar=64";
    class       volScalarField;
    location    "75";
    object      C;
}
// * * * * * * * * * * * * * * * * * * * * * * * * * * * * * * * * * * * * * //

dimensions      [0 0 0 0 0 0 0];

internalField   nonuniform List<scalar> 
3072
(
2.01206755e-08
-1.98998e-06
1.06138775e-05
0.000128281008
-5.6692899e-05
-0.00150480741
-0.00307242418
-0.000369193306
0.00920992551
0.020212747
0.01925565
0.00149134179
-0.0270370209
-0.0496754279
-0.0167652927
0.142044853
0.433092876
0.746489803
0.959218964
1.03538155
1.02864278
1.00650678
0.997312002
0.998059004
1.00141247
1.00478518
1.00579907
1.00132668
0.986360454
0.924844132
0.719936943
0.285543699
-4.27671715e-08
5.48869232e-06
3.67925213e-05
-0.000379997903
-0.00127903496
0.00161207716
0.0144023083
0.0351223197
0.0525912809
0.0573514561
0.0483675251
0.0255260031
-0.011248921
-0.047571684
-0.0249118665
0.139009631
0.443558901
0.764431072
0.971528621
1.03744115
1.0257083
1.00430051
0.996979685
0.998421623
1.00176943
1.00503815
1.00577616
1.00085171
0.985264635
0.922137596
0.7153529
0.281752608
2.11194951e-08
1.43389429e-05
-0.000147573787
-0.00107553118
0.00118642632
0.0171004527
0.0479789428
0.0783063251
0.0936135419
0.0920898928
0.0753579503
0.0465073904
0.00436162186
-0.0436054602
-0.031568757
0.133913038
0.446888163
0.772819022
0.977192338
1.03785507
1.02399101
1.00330032
0.996933869
0.998625721
1.00193929
1.00515605
1.00575181
1.00062991
0.984888334
0.921650325
0.715823253
0.285085325
5.08438775e-08
1.52990716e-05
-0.000319399669
-0.00141035595
0.00480953158
0.0324818767
0.0759803744
0.112069136
0.127910047
0.121833841
0.0941098549
0.0604522704
0.0155283365
-0.0405556361
-0.0333492053
0.139188652
0.462237684
0.790013398
0.986177062
1.03817413
1.02153132
1.00200338
0.996896726
0.998886981
1.0021554
1.00530439
1.00571745
1.00035082
0.984405877
0.920890393
0.71564106
0.288129921
-3.32762088e-08
1.8074691e-05
-0.000341603638
-0.00149804359
0.00548917436
0.0363806103
0.0845511946
0.123731196
0.146666128
0.132537044
0.0971225556
0.060664902
0.0134406208
-0.0426526957
-0.0237927198
0.168524343
0.503306798
0.822430632
0.999098667
1.0374831
1.01800106
1.00053531
0.996974408
0.999218215
1.0024129
1.00547444
1.0056515
0.999993177
0.983780916
0.919824833
0.715089732
0.291685144
-4.05235677e-07
2.43850705e-05
-0.000287970566
-0.00158080675
0.00349934995
0.0288842328
0.0703359522
0.10561359
0.121863198
0.109378781
0.0796937693
0.0465635494
-0.00142299322
-0.0479042093
0.00445537998
0.236126903
0.580842734
0.873890309
1.01547436
1.03466102
1.01297202
0.998897204
0.997230361
0.999666823
1.00276051
1.00569445
1.00552038
0.999449535
0.982761039
0.917742423
0.712728732
0.294018635
-9.13255155e-07
3.15281763e-05
-0.000188287754
-0.00152593778
0.000736985398
0.0164714087
0.0439839512
0.0686435265
0.0778231731
0.067827364
0.0485347226
0.0208096304
-0.0254494135
-0.043487491
0.0721770145
0.355772255
0.695257973
0.937525993
1.0298129
1.02817557
1.00687856
0.997544178
0.997759681
1.00023044
1.00321771
1.00596396
1.00527161
0.998628677
0.981163091
0.914196693
0.707863113
0.294422171
-2.933402e-06
3.44275162e-05
-7.40846558e-05
-0.00124622079
-0.00113876822
0.00587963527
0.0194614963
0.0319921096
0.0351849528
0.0297538353
0.0182778317
-0.010852622
-0.0438780522
0.00256978678
0.208149053
0.531911213
0.830645573
0.996142561
1.03456442
1.01787225
1.00115669
0.997045354
0.998551537
1.00087381
1.00379771
1.0062563
1.00482898
0.997436272
0.978807258
0.908778899
0.699912443
0.292309033
1.44229456e-08
3.77761123e-05
3.14558526e-05
-0.000801770282
-0.00164085403
7.16429566e-05
0.00446872098
0.00836213382
0.00897487688
0.00662286544
-0.00954956433
-0.0375107788
-0.0157717291
0.140064271
0.430081285
0.742156038
0.952800452
1.02974412
1.02629152
1.00650333
0.997653826
0.997605641
0.99943537
1.001573
1.00450837
1.00650262
1.00408986
0.995779659
0.975517143
0.901148973
0.688556625
0.287453124
-2.39290042e-05
5.80884161e-06
6.56720659e-05
-0.000384619835
-0.00122838608
-0.00157109727
-0.00115748859
-0.000898097005
-0.000791065921
-0.0120919374
-0.0326997587
-0.00892853188
0.133987041
0.403176079
0.706444033
0.928135318
1.02337251
1.030249
1.01064748
0.998732294
0.997184074
0.998728252
1.00020269
1.00237705
1.00533385
1.00657929
1.00293407
0.993570577
0.971101504
0.891000537
0.673657341
0.279874333
9.07654225e-05
0.000121452689
0.000214987689
4.76274319e-05
-0.000425249037
-0.00100327579
-0.00141458089
-0.00155115719
-0.0135580552
-0.0248115627
0.022328835
0.185590202
0.453615692
0.737475303
0.939532102
1.02567181
1.03115844
1.01153716
0.998962719
0.996987214
0.998511644
0.999610758
1.00087388
1.00339412
1.00618368
1.00630893
1.00124709
0.99073034
0.965344699
0.878064873
0.655256138
0.269803699
-0.000552777148
-0.000592755012
-0.000551844112
-0.000421779938
-0.000496230357
-0.000234955443
-0.00145129652
-0.013564741
0.00194434407
0.103868186
0.314197849
0.586150359
0.831671811
0.983725361
1.03572138
1.02849441
1.00824853
0.997710475
0.996902029
0.99870052
0.999525234
1.00004471
1.00175227
1.00465131
1.00685515
1.00549475
0.99895309
0.987190706
0.958005946
0.862139551
0.633580105
0.257634426
0.00331246437
0.00361945514
0.00378024675
0.00258094234
0.00171410796
-0.00356331213
0.0123031297
0.108069426
0.300805276
0.552524496
0.792250267
0.958679082
1.03287818
1.03908829
1.01856405
1.00130032
0.995880394
0.997341137
0.999311847
0.999699121
0.999628122
1.00061784
1.00306955
1.00596293
1.00707343
1.00398434
0.996042235
0.982887145
0.948837135
0.843148178
0.609064178
0.243882719
-0.0243329308
-0.0268995307
-0.0268613343
-0.00570785144
0.0710179098
0.226351063
0.445386105
0.678661362
0.873838632
0.99765305
1.04696203
1.04429851
1.02144684
1.00221904
0.994860137
0.995894578
0.998846488
1.00016074
0.999845296
0.999359144
0.999883122
1.00180929
1.00466557
1.00699477
1.00659855
1.00172891
0.992576465
0.977749688
0.937630629
0.821223848
0.582370156
0.229147869
0.328415908
0.423001546
0.559348561
0.719881477
0.865026679
0.975934692
1.04275344
1.06612287
1.05714083
1.03288748
1.00935473
0.995637691
0.992483753
0.995319403
0.998962676
1.00071529
1.00056652
0.999689161
0.999121511
0.999436163
1.0009016
1.00341773
1.00616114
1.00744954
1.00531283
0.998808884
0.988670992
0.971706626
0.924304349
0.796798058
0.554384947
0.214069407
1.02866101
1.04564869
1.05253087
1.04866148
1.03676764
1.02075458
1.00511519
0.993766978
0.988722004
0.989463427
0.993517832
0.997928093
1.00071845
1.00148844
1.00096156
1.00007264
0.999368637
0.99903257
0.999228333
1.00026037
1.00232549
1.00505553
1.00725648
1.00715894
1.00325505
0.995422437
0.984461769
0.964719454
0.909014541
0.770662101
0.526181208
0.199280443
0.996110661
0.993355293
0.99144305
0.990971767
0.991964883
0.994151816
0.996971645
0.99967401
1.00156946
1.00231194
1.00203307
1.00122181
1.00041413
0.999898275
0.999634024
0.999424591
0.999194896
0.999161798
0.999763081
1.00136168
1.00386715
1.00648051
1.00775982
1.00610786
1.00062392
0.991837558
0.980079358
0.956855867
0.892259353
0.743960632
0.498932835
0.185360214
1.00067348
1.00117634
1.00159266
1.00178955
1.00172839
1.0014154
1.00091154
1.00033747
0.999847378
0.999572002
0.999556303
0.999728158
0.999923201
0.999962511
0.999753559
0.999374293
0.999102048
0.999352937
1.00050979
1.00266031
1.00534547
1.00748338
1.00761083
1.00446178
0.997727805
0.988320741
0.97565318
0.948376798
0.874913428
0.718088198
0.473792954
0.172791401
0.99986979
0.999769889
0.999680596
0.999629713
0.999625659
0.999668413
0.999751255
0.999862227
0.999986308
1.00010574
1.00019561
1.00021693
1.00011809
0.999860099
0.999471608
0.999112855
0.999095777
0.999800811
1.00147225
1.00395777
1.00653557
1.00798114
1.00693641
1.0025108
0.994886046
0.985085289
0.971345942
0.939779631
0.858141017
0.694493717
0.451758168
0.161928164
1.00002671
1.00004776
1.00006815
1.0000818
1.00008409
1.00007124
1.0000456
1.00002015
1.0000149
1.000042
1.0000845
1.00008508
0.999964129
0.999676353
0.999288829
0.99903407
0.999279108
1.00037672
1.00242815
1.00506077
1.00736071
1.00806026
1.00597275
1.00055832
0.992351031
0.982281134
0.967379514
0.931741805
0.843185513
0.674441769
0.433551523
0.152979368
0.999994205
0.999989641
0.999985934
0.999984035
0.999981652
0.999976275
0.999971308
0.999979113
1.00001408
1.00007485
1.00012534
1.00009345
0.999904572
0.999549455
0.999157216
0.999020445
0.999521182
1.00094709
1.00325538
1.005902
1.00785999
1.00788335
1.00496397
0.998843196
0.990277976
0.980005348
0.964011932
0.924963483
0.831102746
0.658806205
0.419552697
0.146008807
1.0000012
1.00000231
1.00000407
1.00000581
1.00000422
0.999996572
0.999987752
0.999992841
1.00002732
1.00008591
1.00012352
1.00006057
0.999827811
0.999442395
0.999076002
0.999057375
0.999766292
1.00142817
1.00388745
1.00648235
1.00812632
1.00761764
1.00409702
0.997506397
0.988729873
0.978308517
0.961466457
0.919977279
0.82254357
0.647960903
0.409789244
0.140951522
0.999999646
0.999999473
1.00000003
1.00000091
0.999998706
0.99999085
0.999983226
0.999992151
1.00003249
1.00009444
1.0001254
1.00004098
0.999777881
0.999374445
0.999032731
0.999103383
0.999957988
1.00177281
1.00431403
1.00684674
1.00825684
1.00738471
1.00347523
0.99659637
0.987699207
0.977190925
0.95985657
0.917018591
0.817666493
0.641790441
0.403984684
0.137642793
0.999999989
1.00000011
1.00000098
1.00000206
0.999999804
0.999991648
0.999983989
0.999993926
1.00003619
1.00009866
1.00012474
1.00002757
0.999747675
0.999335875
0.999011451
0.999136327
1.00007531
1.00197483
1.00455664
1.00704712
1.00832129
1.00724696
1.00312701
0.996093785
0.987131211
0.976600487
0.959154349
0.916009268
0.816192669
0.639796565
0.401643364
0.135852413
0.999999905
0.999999957
1.00000075
1.00000181
0.999999539
0.999991325
0.999983675
0.999993974
1.00003704
1.00010006
1.00012487
1.00002339
0.999737201
0.999321735
0.999002983
0.999147495
1.00011787
1.00204959
1.00464829
1.00712696
1.00835767
1.00721822
1.00302924
0.995939162
0.986944092
0.976442144
0.959213235
0.916641177
0.817558919
0.641253205
0.402146656
0.135317926
0.99999992
0.999999979
1.00000078
1.00000188
0.99999974
0.999991591
0.999983707
0.999993437
1.000036
1.00009925
1.00012559
1.00002657
0.999742318
0.99932617
0.999002552
0.999138132
1.00009803
1.00202255
1.00462329
1.0071182
1.00838061
1.00728307
1.00313223
0.996055191
0.987042608
0.976589559
0.959815316
0.918508372
0.821113172
0.64535936
0.404819218
0.135752683
0.999999914
0.999999956
1.00000072
1.00000187
0.999999953
0.999992003
0.999983762
0.99999223
1.00003327
1.00009663
1.00012681
1.00003561
0.999759616
0.999344993
0.99900838
0.999113376
1.0000315
1.00191985
1.00451224
1.00704473
1.00839433
1.00741677
1.00338076
0.996360176
0.987318021
0.976897524
0.960739674
0.92122424
0.826217665
0.651325479
0.409011811
0.136880085
0.999999913
0.999999942
1.00000067
1.00000187
1.00000023
0.999992566
0.999983932
0.99999076
1.0000296
1.00009272
1.00012786
1.00004771
0.999784374
0.999373623
0.999020036
0.999081453
0.999937576
1.00176956
1.00434416
1.00692473
1.00839461
1.00758637
1.00371673
0.996787827
0.987717602
0.97730556
0.961807421
0.924356726
0.83221547
0.658476741
0.414223917
0.138499034
0.999999912
0.999999927
1.0000006
1.00000185
1.0000005
0.999993193
0.999984203
0.99998925
1.0000255
1.00008801
1.00012832
1.00006071
0.999812644
0.999408037
0.999036894
0.999049071
0.999832368
1.00159528
1.00414347
1.00677372
1.00837873
1.00776578
1.00409298
0.997280943
0.988187899
0.977755465
0.962886461
0.927594679
0.838602915
0.666257569
0.420024155
0.140429325
0.999999911
0.999999914
1.00000054
1.00000182
1.00000076
0.999993835
0.999984562
0.999987863
1.00002139
1.00008291
1.00012804
1.00007308
0.999841349
0.999444784
0.999057762
0.999020491
0.999727601
1.00141518
1.00393001
1.0066057
1.00834716
1.00793719
1.00447418
0.997794812
0.98868804
0.97821014
0.963895131
0.930723105
0.845008424
0.674247402
0.426081819
0.142529377
0.99999991
0.999999903
1.00000049
1.00000179
1.000001
0.99999445
0.999984977
0.999986677
1.00001752
1.00007779
1.00012706
1.00008399
0.999868447
0.999481183
0.999081046
0.998997611
0.999630554
1.00124184
1.00371875
1.00643273
1.00830311
1.00809075
1.00483684
0.998296698
0.989185985
0.978644979
0.964791646
0.933615684
0.851185123
0.682148635
0.43215509
0.144691403
0.999999909
0.999999894
1.00000044
1.00000175
1.00000119
0.999995014
0.999985416
0.999985712
1.00001405
1.0000729
1.00012557
1.00009319
0.999892937
0.999515519
0.999105169
0.998980597
0.99954479
1.00108283
1.00351996
1.00626445
1.00825134
1.00822277
1.00516735
0.998764889
0.989658583
0.979044888
0.965561557
0.936212149
0.856986712
0.689768835
0.438080981
0.146838836
0.999999907
0.999999886
1.00000039
1.00000171
1.00000136
0.999995512
0.999985848
0.999984953
1.00001105
1.00006843
1.00012378
1.0001007
0.999914338
0.999546685
0.999128729
0.998968709
0.999471491
1.00094212
1.00334007
1.00610801
1.00819691
1.00833346
1.00545939
0.999186567
0.99009022
0.979400924
0.966206578
0.93849708
0.86234171
0.696997649
0.443759511
0.148920686
0.999999905
0.999999879
1.00000035
1.00000168
1.00000149
0.999995938
0.999986248
0.999984373
1.00000852
1.00006451
1.0001219
1.00010664
0.999932431
0.999573944
0.999150555
0.998960837
0.999410468
1.00082126
1.00318266
1.00596827
1.00814437
1.00842512
1.00571145
0.999555605
0.990471557
0.979708345
0.966736636
0.940482372
0.8672304
0.703785465
0.449138879
0.150905877
0.999999903
0.999999873
1.00000032
1.00000165
1.0000016
0.999996291
0.9999866
0.999983934
1.00000645
1.00006119
1.00012012
1.00011126
0.999947333
0.999597034
0.999169853
0.998955802
0.999360682
1.00072012
1.00304903
1.00584803
1.00809729
1.00850097
1.00592511
0.999870724
0.990798345
0.9799655
0.967165067
0.942194983
0.871667384
0.71012661
0.454203709
0.152778798
0.9999999
0.999999868
1.00000029
1.00000162
1.00000168
0.999996576
0.999986893
0.999983603
1.0000048
1.00005847
1.00011855
1.0001148
0.999959309
0.999615984
0.99918616
0.998952564
0.999320746
1.00063748
1.00293888
1.00574831
1.00805809
1.00856429
1.00610367
1.00013397
0.991070313
0.980173161
0.967505948
0.943668751
0.875688694
0.716046223
0.458965526
0.15453549
0.999999898
0.999999863
1.00000027
1.0000016
1.00000175
0.999996801
0.999987125
0.999983351
1.00000351
1.00005631
1.00011725
1.00011752
0.999968735
0.999631069
0.999199336
0.998950302
0.999289132
1.00057148
1.00285065
1.00566869
1.008028
1.00861809
1.00625137
1.00034966
0.991290261
0.980334114
0.967772863
0.944939524
0.879343211
0.721591226
0.46345624
0.156181219
0.999999896
0.999999858
1.00000025
1.00000159
1.0000018
0.999996973
0.999987299
0.999983153
1.00000252
1.00005466
1.00011626
1.00011961
0.999976021
0.999642752
0.999209535
0.998948442
0.999264306
1.0005198
1.00278189
1.00560756
1.00800723
1.00866486
1.0063729
1.00052361
0.991463287
0.980452811
0.967978401
0.946042242
0.882686622
0.726823464
0.467723015
0.157728589
0.999999894
0.999999854
1.00000023
1.00000158
1.00000185
0.999997102
0.999987423
0.999982993
1.00000177
1.00005342
1.00011554
1.00012125
0.999981575
0.999651573
0.99921709
0.998946629
0.999244848
1.00047996
1.00272965
1.00556254
1.00799513
1.00870662
1.00647302
1.00066247
0.991596038
0.980534954
0.968133949
0.947009173
0.885776819
0.731813899
0.471823649
0.159195677
0.999999893
0.999999849
1.00000022
1.00000158
1.00000189
0.999997198
0.999987505
0.999982857
1.0000012
1.00005253
1.00011508
1.00012256
0.99998578
0.999658102
0.999222447
0.998944686
0.999229484
1.00044948
1.0026907
1.00553073
1.00799047
1.0087449
1.00655638
1.00077329
0.991696094
0.980587079
0.96824966
0.947868966
0.888670586
0.736638023
0.475822816
0.160604472
0.999999893
0.999999845
1.00000021
1.00000158
1.00000192
0.999997269
0.999987554
0.999982738
1.00000077
1.00005188
1.0001148
1.00012364
0.999988996
0.999662915
0.999226117
0.998942555
0.99921708
1.00042593
1.00266175
1.00550898
1.00799167
1.00878085
1.0066274
1.00086317
0.991771478
0.980616193
0.968334483
0.948646245
0.891421283
0.741372297
0.479789135
0.161979723
0.999999893
0.99999984
1.0000002
1.00000158
1.00000195
0.999997325
0.999987582
0.999982629
1.00000043
1.00005141
1.00011465
1.00012458
0.999991557
0.999666578
0.999228636
0.998940265
0.999206626
1.00040703
1.00263954
1.00549407
1.00799691
1.00881535
1.00669021
1.00093904
0.991830287
0.980629463
0.968396235
0.949361511
0.894077282
0.74609148
0.483792924
0.163348091
0.999999894
0.999999836
1.00000019
1.00000158
1.00000198
0.999997372
0.9999876
0.999982524
1.00000013
1.00005103
1.00011458
1.00012544
0.99999377
0.999669626
0.99923054
0.998937889
0.999197226
1.00039065
1.00262097
1.00548286
1.00800433
1.00884907
1.00674863
1.00100749
0.99188042
0.980633972
0.968441679
0.950031212
0.896680856
0.750866476
0.487903296
0.164734163
0.999999895
0.999999831
1.00000019
1.00000158
1.000002
0.999997418
0.999987616
0.999982421
0.999999847
1.00005066
1.00011451
1.00012628
0.99999591
0.999672556
0.99923234
0.998935533
0.999188087
1.00037482
1.00260316
1.00547235
1.00801207
1.0088825
1.00680612
1.00107465
0.991929373
0.980636545
0.968476608
0.950667905
0.899267336
0.755762579
0.492189179
0.166165191
0.999999897
0.999999827
1.00000018
1.00000159
1.00000203
0.999997471
0.999987641
0.999982317
0.999999534
1.00005023
1.0001144
1.00012714
0.999998221
0.999675818
0.99923451
0.998933316
0.999178523
1.00035778
1.00258345
1.00545975
1.00801837
1.008916
1.00686579
1.00114614
0.991984125
0.980643649
0.968505973
0.951280542
0.901864894
0.760838628
0.496716732
0.167666699
0.999999898
0.999999823
1.00000017
1.00000159
1.00000206
0.999997535
0.999987683
0.99998221
0.999999164
1.00004969
1.00011418
1.00012807
1.00000091
0.999679808
0.999237482
0.998931371
0.999167954
1.00033798
1.00255946
1.00544253
1.00802155
1.0089498
1.00693034
1.001227
0.992051075
0.980661365
0.968534029
0.951874826
0.90449469
0.766147342
0.501551301
0.16926477
0.9999999
0.999999818
1.00000015
1.00000158
1.0000021
0.999997616
0.99998775
0.9999821
0.999998711
1.00004898
1.0001138
1.00012907
1.00000418
0.999684892
0.999241665
0.998929847
0.999155899
1.00031407
1.00252908
1.00541838
1.00802004
1.00898399
1.00700207
1.00132162
0.992135971
0.980695338
0.968564471
0.952453485
0.907170648
0.771734489
0.506756462
0.170984732
0.999999903
0.999999814
1.00000014
1.00000157
1.00000213
0.999997718
0.999987849
0.999981988
0.999998155
1.00004804
1.00011321
1.00013017
1.00000817
0.999691392
0.999247433
0.998928916
0.999142004
1.00028494
1.00249053
1.00538528
1.00801239
1.00901848
1.0070828
1.00143371
0.992243778
0.980750688
0.968600524
0.953016523
0.909898974
0.777637394
0.512393492
0.172851756
0.999999905
0.99999981
1.00000012
1.00000156
1.00000217
0.999997846
0.999987988
0.999981877
0.999997482
1.00004685
1.00011236
1.00013136
1.00001298
0.999699531
0.999255086
0.998928768
0.999126081
1.00024981
1.00244243
1.00534161
1.00799728
1.00905301
1.00717377
1.00156605
0.992378498
0.980831855
0.96864502
0.953561524
0.912677803
0.783883527
0.518520861
0.174891684
0.999999909
0.999999807
1.00000011
1.00000155
1.00000221
0.999998001
0.99998817
0.99998177
0.999996687
1.00004539
1.00011123
1.00013262
1.00001864
0.999709436
0.999264838
0.998929604
0.999108131
1.00020829
1.0023839
1.00528617
1.00797363
1.00908711
1.00727557
1.00172046
0.992543007
0.980942451
0.968700473
0.954084119
0.915497185
0.790489248
0.525192643
0.177129388
0.999999912
0.999999804
1.00000008
1.00000152
1.00000226
0.999998182
0.9999884
0.999981673
0.999995774
1.00004363
1.00010978
1.00013389
1.00002512
0.999721153
0.999276831
0.998931637
0.999088328
1.00016034
1.00231458
1.00521824
1.00794056
1.00912011
1.00738811
1.00189764
0.9927389
0.981085076
0.968769115
0.954578556
0.918339331
0.797458619
0.532457988
0.179589503
0.999999916
0.999999802
1.00000006
1.00000149
1.00000231
0.999998391
0.999988678
0.999981595
0.999994753
1.00004159
1.00010798
1.00013514
1.00003236
0.999734628
0.999291113
0.998935074
0.999067018
1.00010633
1.00223465
1.00513766
1.00789754
1.00915121
1.00751061
1.00209712
0.9929663
0.981261067
0.968852848
0.955038353
0.921179096
0.804781951
0.540359603
0.182296262
0.999999921
0.9999998
1.00000003
1.00000146
1.00000235
0.999998623
0.999989005
0.999981542
0.999993644
1.00003929
1.00010585
1.00013628
1.00004021
0.999749705
0.999307622
0.99894009
0.999044703
1.00004702
1.00214491
1.00504493
1.00784442
1.00917951
1.00764154
1.00231704
0.993223612
0.981470144
0.96895307
0.955456998
0.92398478
0.81243419
0.548931687
0.185273181
0.999999927
0.999999799
1.00000001
1.00000142
1.00000239
0.999998873
0.999989376
0.999981522
0.999992477
1.00003677
1.00010339
1.00013727
1.00004849
0.999766116
0.99932616
0.998946792
0.999022012
0.999983626
1.00204689
1.00494135
1.00778165
1.00920415
1.00777862
1.00255413
0.993507248
0.98170999
0.96907033
0.955828665
0.926719423
0.820373323
0.558197214
0.188542355
0.999999933
0.999999798
0.999999976
1.00000137
1.00000243
0.999999137
0.999989785
0.999981542
0.999991287
1.00003409
1.00010066
1.00013802
1.00005694
0.999783442
0.999346328
0.998955153
0.998999679
0.999917807
1.00194294
1.00482923
1.0077105
1.00922445
1.0079189
1.00280347
0.993811355
0.981975779
0.969203827
0.956148865
0.929342756
0.828539312
0.568164914
0.192123478
0.99999994
0.999999799
0.999999946
1.00000132
1.00000247
0.999999406
0.999990219
0.999981601
0.999990115
1.00003135
1.00009772
1.00013851
1.00006526
0.999801091
0.999367474
0.998964946
0.998978475
0.999851687
1.00183632
1.00471204
1.00763323
1.00924013
1.00805884
1.00305857
0.994127657
0.982259809
0.969350801
0.956414946
0.931814032
0.836854394
0.57882679
0.196033115
0.999999947
0.999999801
0.999999916
1.00000126
1.0000025
0.99999967
0.999990662
0.999981699
0.999989003
1.00002864
1.00009471
1.00013873
1.00007314
0.999818357
0.999388722
0.998975698
0.998959109
0.999787717
1.0017311
1.00459441
1.00755325
1.00925149
1.00819452
1.00331143
0.994445469
0.98255132
0.969505909
0.956626282
0.934095536
0.845225245
0.590156812
0.200284919
0.999999954
0.999999803
0.999999887
1.00000121
1.00000252
0.99999992
0.999991096
0.999981823
0.999987992
1.00002609
1.00009178
1.00013871
1.00008027
0.999834452
0.999408973
0.99898666
0.998942141
0.999728564
1.00163207
1.00448213
1.00747519
1.00925961
1.00832186
1.00355275
0.994751802
0.982836452
0.969660639
0.956783982
0.936156202
0.853546416
0.602110215
0.204890793
0.999999961
0.999999805
0.999999859
1.00000116
1.00000254
1.00000014
0.999991494
0.999981958
0.999987119
1.00002383
1.00008913
1.00013855
1.00008637
0.999848537
0.999426965
0.998996823
0.998927922
0.999676971
1.00154459
1.00438203
1.00740493
1.00926648
1.00843677
1.00377204
0.995031458
0.983098298
0.969802797
0.956890057
0.937974768
0.861704631
0.614623013
0.209863408
0.999999967
0.999999807
0.999999834
1.00000111
1.00000255
1.00000033
0.999991829
0.999982078
0.999986418
1.000022
1.00008696
1.00013837
1.00009118
0.999859708
0.999441266
0.999004929
0.998916624
0.9996358
1.00147464
1.00430205
1.00734959
1.00927495
1.00853512
1.00395758
0.995266892
0.9833168
0.96991605
0.956946075
0.93954187
0.869582897
0.62761014
0.21521951
0.999999974
0.999999809
0.999999814
1.00000107
1.00000256
1.00000047
0.999992067
0.999982153
0.999985924
1.00002077
1.00008556
1.00013834
1.00009441
0.999866922
0.999450195
0.999009472
0.998908353
0.999608254
1.00142905
1.00425139
1.00731765
1.00928869
1.00861253
1.00409601
0.995437776
0.98346844
0.969979495
0.95695131
0.940860685
0.877065251
0.640962667
0.220984326
0.999999981
0.99999981
0.999999797
1.00000105
1.00000258
1.00000055
0.999992171
0.999982147
0.999985675
1.00002031
1.00008522
1.00013863
1.00009572
0.999869
0.999451873
0.999008794
0.998903306
0.999598054
1.00141567
1.00424068
1.00731888
1.00931199
1.00866396
1.00417187
0.995520482
0.983525851
0.969967347
0.956899924
0.941944973
0.884046145
0.6545476
0.227196172
0.999999988
0.999999808
0.999999787
1.00000105
1.0000026
1.00000056
0.999992108
0.999982034
0.999985714
1.00002079
1.00008619
1.00013937
1.00009472
0.999864743
0.999444444
0.99900134
0.998901928
0.999609438
1.00144326
1.00428164
1.00736414
1.00934957
1.00868357
1.00416726
0.9954876
0.983457361
0.969848165
0.956773815
0.942808909
0.890456814
0.668223322
0.23390706
0.999999994
0.999999806
0.99999978
1.00000107
1.00000262
1.0000005
0.999991865
0.999981801
0.999986079
1.00002238
1.00008869
1.00014061
1.00009087
0.999852742
0.999425949
0.998985812
0.998905507
0.999648024
1.0015221
1.00438725
1.00746469
1.00940552
1.0086637
1.00406115
0.995306853
0.983224351
0.969579236
0.956515214
0.943425885
0.896340511
0.681854872
0.241063805
1
0.999999802
0.999999779
1.00000111
1.00000266
1.00000033
0.999991393
0.999981435
0.999986915
1.00002542
1.00009309
1.00014219
1.0000829
0.999830457
0.999393511
0.998961182
0.998917574
0.999723638
1.00166746
1.00457411
1.00763201
1.00947964
1.00858868
1.00382308
0.99493815
0.982784876
0.969124552
0.956100687
0.943781497
0.901676721
0.695339688
0.248620585
1
0.999999797
0.999999783
1.00000118
1.00000269
1.00000004
0.99999064
0.999980959
0.999988451
1.00003035
1.00009972
1.00014362
1.00006882
0.999794566
0.999344133
0.998927757
0.998944801
0.999850507
1.0018988
1.00486085
1.00787591
1.0095661
1.00843416
1.00341259
0.994331584
0.982088091
0.968440279
0.955503073
0.943877751
0.906434791
0.708531378
0.256544563
1.00000001
0.999999791
0.999999795
1.00000128
1.00000273
0.999999563
0.999989552
0.999980451
0.999991055
1.00003774
1.00010873
1.00014371
1.0000455
0.999740777
0.999275111
0.99888853
0.998999284
1.00004984
1.00224142
1.00526773
1.00820155
1.00964825
1.0081612
1.00277421
0.993424872
0.981074903
0.967478077
0.954692009
0.943713608
0.910601607
0.721294026
0.26477622
1.00000001
0.999999783
0.999999818
1.00000142
1.00000274
0.999998843
0.999988084
0.999980093
0.9999953
1.00004828
1.00011996
1.00014012
1.00000799
0.999663411
0.999184669
0.998851412
0.999101989
1.00035311
1.00272785
1.00581471
1.00860421
1.0096913
1.00770864
1.00183136
0.992139501
0.979676121
0.966184548
0.953634664
0.943288727
0.914174729
0.733497188
0.27323573
1.00000001
0.999999773
0.999999855
1.0000016
1.00000269
0.999997793
0.999986223
0.999980236
1.00000203
1.00006269
1.00013246
1.00012858
0.999948909
0.999555911
0.999074461
0.998833616
0.999287622
1.00080508
1.00339678
1.00651549
1.00905921
1.00963062
1.00698268
1.00047915
0.990377285
0.9778121
0.964502624
0.952297301
0.942602912
0.917163073
0.74502238
0.281823325
1.00000002
0.999999762
0.99999991
1.00000182
1.00000254
0.999996309
0.999984035
0.999981496
1.00001237
1.00008143
1.00014368
1.00010188
0.999858355
0.999413044
0.998954642
0.998868554
0.999610589
1.00146531
1.00428755
1.00736485
1.0095049
1.00935459
1.00584333
0.998576257
0.988017564
0.975393475
0.962373827
0.950647602
0.941657138
0.919585605
0.755766263
0.290422201
1.00000002
0.999999751
0.999999989
1.00000208
1.0000022
0.999994288
0.999981739
0.999984859
1.00002769
1.00010405
1.00014821
1.00004875
0.999724553
0.999235066
0.998851904
0.999015392
1.00015111
1.00240558
1.00542638
1.0083156
1.00981596
1.00868063
1.0040878
0.995936965
0.984915905
0.972323552
0.959741672
0.948657536
0.940454611
0.921469169
0.765639646
0.298898319
1.00000002
0.99999974
1.00000009
1.00000235
1.00000159
0.999991657
0.99997981
0.99999176
1.00004923
1.00012809
1.00013616
0.999953362
0.99953732
0.99903705
0.998823067
0.999370747
1.00101662
1.00369477
1.00679473
1.00923731
1.00976277
1.0073245
1.00143368
0.992326766
0.980907593
0.96850463
0.956557447
0.946307373
0.939002563
0.922846762
0.774566194
0.307101289
1.00000002
0.999999732
1.00000023
1.00000262
1.00000057
0.999988431
0.999979111
1.00000405
1.00007735
1.00014721
1.0000914
0.999797148
0.999297172
0.998865724
0.998973407
1.00007655
1.00232722
1.00535743
1.00826776
1.00984995
1.00895678
1.00486726
0.997508352
0.987467665
0.975819893
0.963850211
0.952789021
0.943590841
0.937314538
0.923756084
0.782480216
0.31486517
1.00000001
0.999999729
1.0000004
1.00000283
0.999999021
0.999984802
0.999980995
1.00002367
1.00011007
1.00014885
0.999991346
0.999565966
0.999033509
0.998824212
0.999473176
1.00130879
1.00416395
1.00728545
1.00950999
1.009631
1.00678999
1.00073338
0.991857595
0.981062414
0.969498163
0.958305082
0.948433014
0.940521235
0.93541292
0.924238191
0.789323099
0.322006358
1.00000001
0.999999731
1.00000059
1.00000294
0.999996842
0.999981231
0.999987314
1.00005188
1.00014087
1.00011232
0.999811024
0.999267144
0.99883413
0.999098472
1.00055281
1.00321612
1.00644683
1.00908039
1.0098251
1.00771229
1.00239635
0.994208421
0.983995353
0.972850615
0.961851344
0.951874489
0.943529928
0.937137873
0.933331316
0.924336416
0.795041918
0.328330849
1.00000001
0.99999974
1.00000081
1.00000286
0.999993998
0.999978542
1.00000019
1.00008786
1.0001562
1.00000951
0.99953603
0.998959859
0.998880624
0.999962373
1.00243517
1.00575981
1.00870813
1.0098241
1.00799345
1.0028237
0.994696121
0.984545169
0.973524519
0.962709853
0.952919716
0.944661118
0.938180358
0.933511668
0.931116247
0.924095878
0.799607212
0.333767863
1
0.999999758
1.00000103
1.00000254
0.999990574
0.999977928
1.00002146
1.00012673
1.00013395
0.999812005
0.999188507
0.998795357
0.999465855
1.00171137
1.00514108
1.00840913
1.00976594
1.00784639
1.00221283
0.993410366
0.982626977
0.971222718
0.960356733
0.950806589
0.942959837
0.936903509
0.932557829
0.929747534
0.928826814
0.923546279
0.8028258
0.33782299
1
0.999999783
1.00000125
1.00000192
0.999986812
0.999980837
1.00005169
1.00015775
1.00004545
0.999508313
0.99886486
0.999046023
1.00094098
1.00445094
1.00811542
1.00971609
1.00743001
1.00070951
0.990387342
0.978126017
0.965685876
0.954407024
0.945031036
0.937777235
0.93252664
0.929002811
0.926912088
0.925981993
0.926533247
0.922731702
0.804675602
0.34035571
0.999999998
0.999999815
1.00000144
1.00000098
0.999983117
0.99998867
1.00008907
1.00016375
0.999863619
0.999131611
0.998769731
1.00007629
1.00351865
1.00769032
1.00973144
1.00699639
0.998617718
0.985836343
0.971114397
0.956900335
0.944830454
0.935567826
0.929055169
0.924872626
0.922508016
0.92151281
0.921550344
0.922369376
0.924307899
0.921680987
0.805112393
0.341293495
0.999999995
0.999999853
1.00000158
0.999999753
0.999980015
1.00000234
1.00012856
1.00012362
0.999578264
0.99878842
0.999210553
1.00219365
1.00689665
1.00983972
1.00700624
0.996677021
0.980514953
0.962272352
0.945572299
0.932503638
0.923503249
0.917990946
0.915066671
0.913941016
0.914047295
0.915063536
0.916803956
0.919086707
0.92225392
0.92040536
0.803844759
0.340177731
0.999999994
0.999999893
1.00000167
0.9999983
0.999978044
1.00002178
1.00016205
1.00001861
0.999214209
0.998665431
1.00050733
1.00535967
1.00982943
1.00801995
0.996220131
0.976067733
0.953247434
0.933502072
0.919717116
0.911772097
0.907992121
0.906621352
0.906490032
0.907101976
0.908397976
0.91039545
0.91308733
0.916349667
0.920471932
0.918884162
0.80059229
0.336685838
0.999999992
0.999999933
1.0000017
0.999996734
0.99997761
1.00004568
1.00018015
0.999841519
0.998840772
0.998985032
1.00280429
1.00888356
1.01006058
0.998888472
0.975115923
0.946651211
0.923152171
0.90947373
0.904570681
0.90454424
0.905803587
0.906549946
0.906552847
0.906339124
0.906649614
0.908028682
0.910644401
0.914292632
0.919041416
0.917039872
0.794913679
0.330410018
0.999999992
0.999999971
1.00000167
0.999995183
0.999978851
1.00007164
1.00017549
0.999604585
0.998557625
0.999897846
1.00586345
1.01142266
1.00519738
0.980907942
0.946139438
0.916718425
0.902955123
0.90360931
0.911084016
0.918142151
0.921179679
0.920065363
0.916206179
0.911792198
0.908686162
0.90787683
0.909476965
0.912975435
0.918010006
0.914698482
0.786165548
0.320892057
0.999999992
1
1.0000016
0.999993761
0.999981556
1.00009667
1.00014646
0.999340487
0.99845034
1.0013495
1.00902634
1.01164706
0.994664901
0.957048819
0.917687374
0.898486828
0.903805201
0.921546227
0.938898093
0.948589981
0.949225083
0.942166188
0.931281688
0.920586605
0.912838417
0.909152834
0.909322246
0.912387865
0.917426802
0.911483222
0.773229896
0.307462957
0.999999992
1.00000003
1.0000015
0.999992556
0.999985176
1.00011814
1.00009968
0.999093716
0.998531324
1.00300934
1.01149946
1.00946582
0.981601022
0.935094403
0.899466126
0.897208391
0.921146779
0.948926933
0.968893458
0.977445107
0.973380703
0.960067025
0.943166292
0.92761967
0.916455529
0.910682049
0.909803984
0.912481414
0.917092235
0.90663974
0.754251326
0.288870372
0.999999992
1.00000006
1.00000139
0.999991611
0.999988914
1.00013433
1.00004988
0.998906819
0.99870572
1.00433643
1.01282408
1.00682138
0.972510868
0.923661545
0.894136787
0.902238533
0.932316112
0.959291291
0.976654987
0.983547447
0.976077418
0.961481154
0.943971937
0.928259261
0.917138528
0.911444463
0.910561216
0.913298628
0.917458158
0.898205496
0.725600659
0.265562028
0.999999993
1.00000007
1.0000013
0.999990963
0.999991781
1.00014421
1.00001725
0.998813482
0.998803014
1.00475084
1.01301173
1.00670635
0.973782724
0.927483328
0.897339632
0.898775141
0.920753342
0.943080234
0.956174952
0.960526238
0.956704793
0.946656119
0.934452782
0.923398449
0.915598695
0.911815877
0.912130351
0.916303402
0.918615533
0.879910399
0.679615439
0.236377358
0.999999993
1.00000008
1.00000125
0.999990653
0.99999272
1.00014631
1.00002397
0.998850915
0.998678322
1.00375284
1.01194725
1.01053204
0.987550713
0.947455066
0.910201729
0.893409551
0.898169343
0.912309425
0.923370568
0.926806678
0.925016765
0.921390816
0.916301964
0.912046652
0.909978546
0.911306511
0.916389497
0.922225287
0.912554339
0.837194594
0.606963291
0.199168827
0.999999993
1.00000008
1.00000125
0.9999909
0.999990341
1.00013426
1.00009815
0.999108068
0.998307116
1.00130664
1.00888836
1.01421836
1.00688562
0.98253684
0.947544329
0.914378678
0.893245685
0.887380971
0.893839127
0.906787319
0.920298256
0.930176342
0.936060881
0.938324036
0.941653386
0.94387582
0.941317652
0.92369354
0.868528708
0.737380281
0.491506451
0.150685879
0.999999993
1.00000007
1.00000131
0.999992617
0.999981518
1.00009765
1.00020337
0.999580218
0.998331505
0.998696757
1.00313227
1.01077842
1.01673879
1.01510739
1.00258198
0.979716398
0.949703998
0.916389189
0.882924229
0.851377769
0.822919021
0.79812867
0.777057393
0.758261539
0.736768109
0.711034499
0.676761003
0.626825206
0.550138871
0.433299148
0.26905635
0.0782874798
0.999999993
1.00000002
1.00000139
0.999996318
0.999974723
1.00003522
1.00022438
1.00010483
0.999163424
0.997905752
0.997976276
1.00093795
1.00706124
1.01519147
1.02348947
1.03025024
1.03429934
1.03495867
1.03179903
1.02436315
1.01193089
0.993324709
0.96673457
0.929558816
0.878302593
0.808698919
0.716458128
0.598737519
0.456928468
0.300584031
0.15065038
0.033810012
0.999999995
0.999999952
1.0000011
1.00000086
0.999979372
0.999974513
1.0001065
1.00031048
1.00020297
0.999431222
0.998073358
0.996640515
0.995776718
0.995980804
0.997514384
1.00045905
1.00482089
1.01061243
1.01788877
1.02673515
1.03719877
1.04913664
1.06192164
1.07391387
1.08158016
1.07818304
1.05217323
0.986039518
0.857666907
0.648332145
0.36389589
0.0734658962
0.999999999
0.999999927
1.00000037
1.00000322
0.999995098
0.999962462
0.999962896
1.0000884
1.00033197
1.00055734
1.0005943
1.00033418
0.999756494
0.99890505
0.997854774
0.9966933
0.995522416
0.994477285
0.993762034
0.993703103
0.994821017
0.99791008
1.00408198
1.01465401
1.03061652
1.05118886
1.0707456
1.07347661
1.02667812
0.878130641
0.574104173
0.137663993
1
0.99999997
0.999999783
1.00000161
1.00000562
0.999995721
0.999959046
0.99991675
0.999910964
0.999970995
1.00009916
1.00027746
1.00047913
1.00067557
1.00083734
1.00093156
1.00091784
1.00074502
1.00035239
0.999683259
0.998727096
0.99762046
0.996848147
0.997570311
1.00199371
1.01336237
1.03442974
1.06206262
1.07488183
1.01394772
0.77091141
0.251171303
1
1.00000001
0.99999987
0.999999446
1.00000151
1.00000808
1.00001316
1.00000741
0.999986672
0.999953605
0.999914482
0.99987621
0.999845171
0.999827336
0.999828781
0.99985595
0.999915069
1.00000958
1.00013375
1.00025959
1.00031511
1.00016019
0.999594728
0.99849886
0.997297424
0.997925413
1.00498097
1.02494554
1.05749168
1.06910138
0.942764173
0.446253106
1
0.999999998
1.00000005
1.00000001
0.999999147
0.999997885
0.999998097
1.00000114
1.00000685
1.00001408
1.00002148
1.00002778
1.00003189
1.00003274
1.00002922
1.00002019
1.00000484
0.999983645
0.999960545
0.999946858
0.999965565
1.00004803
1.00020174
1.00032237
1.00008974
0.999126506
0.998030055
1.00054287
1.01467063
1.04431071
1.04582446
0.770400675
)
;

boundaryField
{
    inner_wall
    {
        type            zeroGradient;
    }
    outer_wall
    {
        type            fixedValue;
        value           uniform 0;
    }
    top
    {
        type            fixedValue;
        value           uniform 1;
    }
    bottom
    {
        type            inletOutlet;
        inletValue      uniform 0;
        value           nonuniform List<scalar> 
32
(
0
0
0
0
0
0
0
0
0
0
0.01925565
0.00149134179
-0.0270370209
-0.0496754279
-0.0167652927
0.142044853
0.433092876
0.746489803
0.959218964
1.03538155
1.02864278
1.00650678
0.997312002
0.998059004
1.00141247
1.00478518
1.00579907
1.00132668
0.986360454
0.924844132
0.719936943
0.285543699
)
;
    }
    front
    {
        type            wedge;
    }
    back
    {
        type            wedge;
    }
}


// ************************************************************************* //
