/*--------------------------------*- C++ -*----------------------------------*\
| =========                 |                                                 |
| \\      /  F ield         | OpenFOAM: The Open Source CFD Toolbox           |
|  \\    /   O peration     | Version:  2506                                  |
|   \\  /    A nd           | Website:  www.openfoam.com                      |
|    \\/     M anipulation  |                                                 |
\*---------------------------------------------------------------------------*/
FoamFile
{
    version     2.0;
    format      ascii;
    arch        "LSB;label=32;scalar=64";
    class       volScalarField;
    location    "533";
    object      p;
}
// * * * * * * * * * * * * * * * * * * * * * * * * * * * * * * * * * * * * * //

dimensions      [0 2 -2 0 0 0 0];

internalField   nonuniform List<scalar> 
3072
(
-0.000123967155
-9.4151526e-05
-9.04857025e-05
-8.44512043e-05
-7.46945491e-05
-6.2969808e-05
-5.10207635e-05
-3.99856123e-05
-2.77742572e-05
-1.40153784e-05
-7.56287947e-06
-7.76018476e-06
-7.62204289e-06
-6.310462e-06
-4.47204182e-06
-2.49540494e-06
-5.35728706e-07
1.32379036e-06
3.02537008e-06
4.52418701e-06
5.80686648e-06
7.01603878e-06
8.04229791e-06
8.74650099e-06
9.27238575e-06
9.6643523e-06
9.94257541e-06
1.01314838e-05
1.02633914e-05
1.03857707e-05
1.05659037e-05
1.08151624e-05
-0.000264310399
-0.00018645211
-0.000160138673
-0.000141512754
-0.000123474784
-0.000104850645
-8.64210153e-05
-6.86357459e-05
-5.08430048e-05
-3.39336302e-05
-2.18125395e-05
-1.4469992e-05
-8.57002249e-06
-3.29991491e-06
1.33040679e-06
5.32477505e-06
8.7433563e-06
1.1644883e-05
1.40880843e-05
1.61498281e-05
1.77775614e-05
1.92003243e-05
2.04184798e-05
2.12384729e-05
2.18514279e-05
2.23315834e-05
2.27116262e-05
2.30231797e-05
2.33043139e-05
2.36021563e-05
2.39473776e-05
2.42410756e-05
-0.000326423833
-0.000221781239
-0.000176574403
-0.000146113069
-0.000121669642
-0.000100771911
-8.23237603e-05
-6.56797566e-05
-5.03714255e-05
-3.65147113e-05
-2.47568788e-05
-1.50290656e-05
-6.70557117e-06
5.33267332e-07
6.82419643e-06
1.22633737e-05
1.69345271e-05
2.09092502e-05
2.42731781e-05
2.72005447e-05
2.95866337e-05
3.14880782e-05
3.30811543e-05
3.43169161e-05
3.52851908e-05
3.60472082e-05
3.66469265e-05
3.71230366e-05
3.75126487e-05
3.78541424e-05
3.81780595e-05
3.844923e-05
-0.000386212913
-0.000266915185
-0.000210788357
-0.000168760908
-0.000135763041
-0.000109664221
-8.78522641e-05
-6.89316185e-05
-5.2182998e-05
-3.72967444e-05
-2.41971404e-05
-1.27467182e-05
-2.7275858e-06
6.04068404e-06
1.3690064e-05
2.03248372e-05
2.60363779e-05
3.09110064e-05
3.50378861e-05
3.85009201e-05
4.14022784e-05
4.37573624e-05
4.56285897e-05
4.71510742e-05
4.83630142e-05
4.93170683e-05
5.00674361e-05
5.06623438e-05
5.11448564e-05
5.15569723e-05
5.1930304e-05
5.22253876e-05
-0.000442025393
-0.000315680785
-0.000246465756
-0.000194678211
-0.000154290661
-0.000122038977
-9.54362788e-05
-7.29131172e-05
-5.34564785e-05
-3.64582696e-05
-2.15551762e-05
-8.4802755e-06
2.98969232e-06
1.30327467e-05
2.17905597e-05
2.93832571e-05
3.59220468e-05
4.15135498e-05
4.62355829e-05
5.00709318e-05
5.32998418e-05
5.60636562e-05
5.82581124e-05
6.00109136e-05
6.1410804e-05
6.25244101e-05
6.34105864e-05
6.41221933e-05
6.47075661e-05
6.52151862e-05
6.5682265e-05
6.60574683e-05
-0.000490655542
-0.000359350228
-0.000280091305
-0.0002203704
-0.000173455024
-0.000135074552
-0.000103461329
-7.69814642e-05
-5.44125554e-05
-3.49371684e-05
-1.8013512e-05
-3.25695637e-06
9.62069872e-06
2.08410106e-05
3.05814171e-05
3.89918932e-05
4.62065599e-05
5.23489695e-05
5.75295137e-05
6.18424981e-05
6.54207931e-05
6.8373803e-05
7.07722299e-05
7.27058e-05
7.42588554e-05
7.55059812e-05
7.65134312e-05
7.73399528e-05
7.80400854e-05
7.86710701e-05
7.92766553e-05
7.97778509e-05
-0.000531925774
-0.000396360099
-0.000311284972
-0.000245353436
-0.000191929383
-0.000147979326
-0.000111621503
-8.11857779e-05
-5.5378335e-05
-3.32741967e-05
-1.42176201e-05
2.27297045e-06
1.65601125e-05
2.89247082e-05
3.95928264e-05
4.87542361e-05
5.65747199e-05
6.32035525e-05
6.87778065e-05
7.34253056e-05
7.72691561e-05
8.04239686e-05
8.29931745e-05
8.50736351e-05
8.67550328e-05
8.81190001e-05
8.92385189e-05
9.01781548e-05
9.09987403e-05
9.1766883e-05
9.25330251e-05
9.31836474e-05
-0.000566132801
-0.000427474173
-0.00033840675
-0.000267796776
-0.000209055529
-0.000160191566
-0.000119500843
-8.5339476e-05
-5.63985203e-05
-3.17025842e-05
-1.05252454e-05
7.68778227e-06
2.33651138e-05
3.68457816e-05
4.84057183e-05
5.82769093e-05
6.66602651e-05
7.37343561e-05
7.96609104e-05
8.45884859e-05
8.86546003e-05
9.19861981e-05
9.46998158e-05
9.69025332e-05
9.86922511e-05
0.000100157665
0.000101377841
0.000102422648
0.000103358736
0.000104261567
0.000105187622
0.000105987819
-0.000594146897
-0.000453435321
-0.000361223999
-0.000286857389
-0.000223987887
-0.000171079213
-0.000126661905
-8.91942309e-05
-5.74007474e-05
-3.02971249e-05
-7.12033745e-06
1.27316078e-05
2.97379488e-05
4.42864814e-05
5.66976707e-05
6.72427239e-05
7.61563549e-05
8.36457841e-05
8.98967679e-05
9.50776931e-05
9.93421733e-05
0.000102830532
0.000105670797
0.000107979598
0.000109862755
0.000111415571
0.000112722643
0.00011385852
0.000114894877
0.000115914694
0.000116979458
0.000117909178
-0.000616490125
-0.000474436921
-0.000379939638
-0.000302668586
-0.000236574309
-0.000180405013
-0.000132888552
-9.25989571e-05
-5.83159586e-05
-2.90709354e-05
-4.08744607e-06
1.72641447e-05
3.54984859e-05
5.10408426e-05
6.42482436e-05
7.54254445e-05
8.48370733e-05
9.27162189e-05
9.92707149e-05
0.000104687404
0.000109135199
0.000112767091
0.000115721663
0.000118124221
0.000120087735
0.000121713395
0.000123090623
0.000124297949
0.000125411092
0.000126518755
0.000127686195
0.000128711031
-0.000633726422
-0.000490848356
-0.00039479924
-0.000315366461
-0.000246804002
-0.000188073247
-0.000138060106
-9.54446939e-05
-5.90688339e-05
-2.79908894e-05
-1.43663476e-06
2.12367846e-05
4.05664806e-05
5.70046627e-05
7.09363116e-05
8.26931484e-05
9.25645227e-05
0.000100805493
0.000107642896
0.000113279726
0.0001178984
0.000121663114
0.000124721671
0.000127206918
0.000129237959
0.00013092096
0.000132349346
0.000133604879
0.000134766291
0.000135926011
0.00013715181
0.000138229549
-0.000646482434
-0.000503163715
-0.000406149968
-0.000325165584
-0.000254771189
-0.000194090722
-0.000142131256
-9.76636466e-05
-5.959006e-05
-2.69996692e-05
8.70564926e-07
2.46669388e-05
4.49392089e-05
6.21575617e-05
7.67270744e-05
8.89998692e-05
9.92845817e-05
0.000107853844
0.000114949925
0.000120789111
0.000125564998
0.000129451086
0.000132602789
0.000135159144
0.000137244216
0.000138968142
0.000140427482
0.000141706486
0.000142885904
0.000144059939
0.000145297718
0.000146384422
-0.000655394624
-0.000511912923
-0.000414397761
-0.000332349225
-0.00026064705
-0.000198536884
-0.000145114402
-9.92251188e-05
-5.98239756e-05
-2.60315199e-05
2.90032956e-06
2.76152609e-05
4.86687911e-05
6.65419806e-05
8.16534713e-05
9.43698622e-05
0.000105014014
0.000113871777
0.000121197248
0.000127216975
0.000132133257
0.000136126814
0.000139358966
0.000141973484
0.000144098193
0.000145846164
0.000147316266
0.000148594533
0.000149762846
0.000150915443
0.000152121827
0.000153176721
-0.000661078618
-0.000517622742
-0.000419968966
-0.000337236131
-0.000264647489
-0.000201538429
-0.000147064289
-0.000100129104
-5.97322325e-05
-2.50233125e-05
4.7301981e-06
3.01660933e-05
5.18411192e-05
7.02419867e-05
8.57957606e-05
9.88785905e-05
0.000109823159
0.000118924616
0.000126445541
0.00013261987
0.000137656203
0.000141740466
0.000145038203
0.000147696527
0.000149845859
0.000151601253
0.000153063109
0.000154318642
0.000155450122
0.000156550407
0.000157688608
0.000158677463
-0.000664111079
-0.000520794159
-0.000423284781
-0.000340155112
-0.000267010775
-0.000203250489
-0.000148064771
-0.00010040093
-5.92951554e-05
-2.39218156e-05
6.43695949e-06
3.24118712e-05
5.45580185e-05
7.33642783e-05
8.92622156e-05
0.000102633738
0.000113817694
0.000123115277
0.000130794615
0.000137094537
0.000142227778
0.000146383665
0.000149730446
0.000152417326
0.000154576286
0.000156323523
0.000157760318
0.000158974554
0.000160048315
0.00016107204
0.000162113897
0.000163010891
-0.00066502084
-0.000521895589
-0.000424751933
-0.000341431977
-0.000267982595
-0.000203844138
-0.000148219678
-0.000100087062
-5.8511787e-05
-2.26884396e-05
8.08803669e-06
3.44412145e-05
5.69230622e-05
7.60223681e-05
9.21724576e-05
0.000105758158
0.000117121668
0.00012656762
0.000134367321
0.000140762412
0.000145967963
0.000150175176
0.000153553726
0.000156253856
0.000158408247
0.000160133555
0.000161531408
0.000162689961
0.000163690702
0.000164620975
0.000165547657
0.000166335936
-0.000664283216
-0.00052135254
-0.000424745488
-0.000341375329
-0.000267805011
-0.000203496585
-0.000147645759
-9.92504167e-05
-5.73987597e-05
-2.13014652e-05
9.73607944e-06
3.63308983e-05
5.90313472e-05
7.83247585e-05
9.46444681e-05
0.000108376184
0.000119863427
0.00012941228
0.000137295428
0.000143755688
0.000149009063
0.000153247417
0.000156640846
0.000159339799
0.000161476993
0.000163169008
0.000164517424
0.000165610372
0.000166528486
0.000167355663
0.000168157316
0.000168828541
-0.000662311541
-0.000519540762
-0.000423607161
-0.000340271557
-0.00026670825
-0.000202382793
-0.000146465277
-9.79648875e-05
-5.5987201e-05
-1.97553312e-05
1.1417255e-05
3.81419837e-05
6.09636789e-05
8.03675592e-05
9.67859427e-05
0.000110604066
0.000122165373
0.000131775977
0.000139708641
0.000146206166
0.000151484451
0.000155735128
0.000159127974
0.000161813034
0.000163922576
0.000165572734
0.000166864755
0.000167886542
0.000168717739
0.000169438721
0.000170113395
0.000170666621
-0.000659462366
-0.000516782703
-0.000421639675
-0.000338377824
-0.00026490305
-0.000200667819
-0.00014479888
-9.63092734e-05
-5.43180504e-05
-1.80575906e-05
1.31525676e-05
3.99194305e-05
6.27845883e-05
8.22310908e-05
9.86896989e-05
0.000112544396
0.00012413759
0.000133774516
0.000141727111
0.000148237371
0.00015352037
0.000157766912
0.000161145945
0.000163806707
0.000165880698
0.000167483365
0.000168715439
0.00016966447
0.000170409067
0.000171026215
0.000171578372
0.000172018558
-0.000656030808
-0.000513345095
-0.00041910674
-0.000335921401
-0.000262577702
-0.000198502482
-0.000142760629
-9.43624862e-05
-5.24377118e-05
-1.62254602e-05
1.49504298e-05
4.16935708e-05
6.45426267e-05
8.39790287e-05
0.000100431983
0.000114283592
0.000125874615
0.000135508875
0.000143456966
0.000149959592
0.000155230569
0.000159459508
0.000162814226
0.000165442918
0.000167476134
0.000169028501
0.000170200137
0.000171078165
0.000171740185
0.000172260066
0.000172698941
0.000173035355
-0.000652249094
-0.000509468399
-0.00041622254
-0.000333097079
-0.000259899527
-0.000196022802
-0.000140455379
-9.22001216e-05
-5.0394488e-05
-1.4282188e-05
1.68105387e-05
4.34840359e-05
6.62718218e-05
8.56576767e-05
0.000102071822
0.000115891329
0.00012745449
0.000137063772
0.00014498837
0.000151467489
0.000156713489
0.000160914613
0.000164237414
0.000166828938
0.000168818714
0.000170320497
0.000171433756
0.000172245157
0.00017283136
0.000173263469
0.000173601471
0.000173846165
-0.00064830967
-0.000505543535
-0.000413023395
-0.000330015795
-0.000257004643
-0.000193344968
-0.000137973898
-8.98895685e-05
-4.82336607e-05
-1.22514597e-05
1.87307132e-05
4.53086973e-05
6.79955233e-05
8.72934088e-05
0.000103649693
0.000117419564
0.000128937816
0.000138506697
0.000146394444
0.000152838843
0.000158050815
0.000162217239
0.000165503407
0.000168055222
0.0001700012
0.000171454244
0.000172513179
0.000173264216
0.000173783169
0.000174138769
0.000174390033
0.000174556533
-0.000644358483
-0.000501785359
-0.000409594428
-0.000326787733
-0.00025400327
-0.000190564468
-0.00013539455
-8.74929999e-05
-4.60031529e-05
-1.01707531e-05
2.06757753e-05
4.71295373e-05
6.97231757e-05
8.89481504e-05
0.000105226739
0.000118924244
0.00013038062
0.000139896146
0.00014773663
0.000154138016
0.000159309666
0.000163437034
0.000166684126
0.000169195706
0.000171099312
0.000172507012
0.000173517007
0.000174215075
0.00017467629
0.000174967389
0.000175146525
0.000175248815
-0.000640495629
-0.000498119653
-0.000406181813
-0.00032353464
-0.000250976473
-0.000187753319
-0.00013277901
-8.50583207e-05
-4.37365726e-05
-8.06402625e-06
2.26388384e-05
4.89667475e-05
7.14756661e-05
9.06231058e-05
0.000106806921
0.000120423284
0.000131811511
0.00014126811
0.000149056531
0.000155411118
0.000160539806
0.000164626744
0.000167834785
0.000170307646
0.000172171836
0.000173538801
0.000174506195
0.000175159288
0.000175572568
0.000175811189
0.000175932347
0.00017598346
-0.000636798097
-0.000494583861
-0.000402825917
-0.000320370242
-0.000247993591
-0.000184958516
-0.000130165733
-8.26124089e-05
-4.14407685e-05
-5.94847407e-06
2.4630807e-05
5.0847424e-05
7.32424465e-05
9.2282297e-05
0.000108381289
0.00012192492
0.000133248214
0.000142646835
0.000150383535
0.000156691653
0.000161778035
0.000165825841
0.000168997158
0.000171434786
0.000173262045
0.000174592643
0.0001755247
0.000176141161
0.000176516133
0.000176713852
0.000176790568
0.00017680156
-0.000633314605
-0.000491225533
-0.000399594439
-0.000317331382
-0.000245109882
-0.000182229642
-0.000127596201
-8.02014533e-05
-3.91853868e-05
-3.79623837e-06
2.66462973e-05
5.27504156e-05
7.50347374e-05
9.39665792e-05
0.000109983182
0.000123455698
0.000134715215
0.000144056977
0.000151743179
0.000158006238
0.000163052039
0.000167062794
0.000170199577
0.000172604511
0.000174402702
0.000175704417
0.000176606375
0.000177193145
0.000177538343
0.00017770517
0.000177749587
0.000177732867
-0.000630067194
-0.00048806893
-0.000396541851
-0.000314418628
-0.000242329678
-0.000179585338
-0.000125090433
-7.78322251e-05
-3.6947081e-05
-1.67627889e-06
2.86574826e-05
5.46624645e-05
7.68382945e-05
9.56700816e-05
0.000111612671
0.000125020457
0.000136221183
0.000145510251
0.000153149619
0.000159371027
0.000164379618
0.000168356892
0.000171463245
0.000173840219
0.000175612533
0.000176889869
0.000177768558
0.000178332989
0.000178656429
0.000178801439
0.000178823702
0.000178788344
-0.000627058926
-0.000485121239
-0.000393674115
-0.000311654053
-0.000239673435
-0.000177043051
-0.000122664648
-7.55217075e-05
-3.47479242e-05
4.18370855e-07
3.0659962e-05
5.65758625e-05
7.86542313e-05
9.74001072e-05
0.000113277277
0.000126626701
0.000137774147
0.000147015393
0.000154612282
0.000160796062
0.000165771309
0.000169718983
0.000172798975
0.000175152358
0.000176903422
0.000178161497
0.000179022614
0.00017957091
0.000179879399
0.000180010247
0.000180018929
0.000179972594
-0.000624279852
-0.000482377918
-0.00039098746
-0.000309042599
-0.000237146966
-0.000174608325
-0.000120325029
-7.32776469e-05
-3.25978837e-05
2.47732783e-06
3.2634159e-05
5.84783993e-05
8.04898692e-05
9.91681898e-05
0.00011498429
0.000128279136
0.000139378083
0.00014857635
0.000156135292
0.000162285697
0.000167231687
0.000171153779
0.000174211446
0.000176545385
0.000178279547
0.000179522966
0.000180371424
0.00018090885
0.00018120807
0.000181331039
0.000181333084
0.000181281927
-0.000621710892
-0.00047982517
-0.000388471352
-0.0003065783
-0.000234746487
-0.000172278911
-0.000118070706
-7.11002716e-05
-3.04979389e-05
4.49944469e-06
3.45787772e-05
6.03561492e-05
8.23339736e-05
0.000100977884
0.00011673611
0.000129978021
0.000141032462
0.00015019248
0.000157718077
0.000163839462
0.000168760344
0.000172660853
0.000175700107
0.000178018489
0.000179739676
0.000180972467
0.000181812434
0.000182343334
0.000182637859
0.000182757887
0.000182758656
0.000182707384
-0.000619327341
-0.000477443009
-0.000386109609
-0.000304248648
-0.000232461926
-0.000170046374
-0.000115893967
-6.8981198e-05
-2.84362972e-05
6.50559917e-06
3.65278515e-05
6.22297816e-05
8.41650668e-05
0.000102791844
0.000118507932
0.000131708071
0.000142726629
0.000151855599
0.000159354011
0.000165451718
0.000170352212
0.000174235395
0.000177260161
0.000179566684
0.000181278455
0.000182504102
0.000183339045
0.000183866904
0.000184160282
0.000184281086
0.000184284509
0.000184236512
-0.00061710218
-0.00047520849
-0.000383883115
-0.000302038051
-0.000230280833
-0.000167901106
-0.000113787772
-6.69157155e-05
-2.64108181e-05
8.49419206e-06
3.84771772e-05
6.41166561e-05
8.59993366e-05
0.000104601174
0.00012028984
0.000133461805
0.000144454153
0.000153559534
0.000161036982
0.000167116332
0.000172001043
0.00017587095
0.000178884852
0.000181182818
0.000182888235
0.000184109624
0.000184942303
0.000185469788
0.000185764638
0.000185888856
0.000185897625
0.000185855167
-0.000615008174
-0.000473097805
-0.000381771703
-0.000299929625
-0.000228189831
-0.000165833366
-0.000111746266
-6.49026621e-05
-2.44273469e-05
1.04477614e-05
4.03994098e-05
6.60086455e-05
8.78595e-05
0.000106429242
0.000122092122
0.000135242183
0.000146214455
0.000155301524
0.000162762687
0.000168827882
0.000173700568
0.000177560549
0.000180566585
0.000182858694
0.000184560206
0.00018577958
0.00018661206
0.000187141091
0.000187439209
0.000187568566
0.000187584349
0.000187548782
-0.000613018914
-0.000471087353
-0.000379754991
-0.000297905581
-0.000226174128
-0.000163831194
-0.000109760041
-6.29348233e-05
-2.24801668e-05
1.23719928e-05
4.23005237e-05
6.79010649e-05
8.97393636e-05
0.000108274178
0.000123908143
0.000137042526
0.000148001251
0.00015707522
0.00016452444
0.000170579257
0.000175443224
0.000179296168
0.00018229686
0.000184585319
0.000186284856
0.000187503905
0.000188337668
0.000188869535
0.000189172048
0.000189307529
0.000189331182
0.000189303134
-0.000611109671
-0.000469154694
-0.000377813406
-0.000295948344
-0.000224218844
-0.00016188226
-0.000107819044
-6.10041427e-05
-2.05624782e-05
1.42739131e-05
4.4186766e-05
6.97856154e-05
9.1620887e-05
0.00011013023
0.000125740409
0.000138863257
0.0001498121
0.000158876438
0.000166316906
0.000172364208
0.000177221989
0.000181070116
0.000184067392
0.000186353853
0.000188052817
0.000189272709
0.000190108707
0.000190644166
0.000190951644
0.000191093644
0.000191125388
0.000191104928
-0.000609258169
-0.000467279344
-0.000375928997
-0.000294041306
-0.000222309763
-0.000159974526
-0.000105913054
-5.910184e-05
-1.86661005e-05
1.61626266e-05
4.60671685e-05
7.16592399e-05
9.34865779e-05
0.000111987123
0.000127589137
0.000140702944
0.000151643339
0.000160700244
0.000168134316
0.000174176271
0.000179029791
0.000182874781
0.000185870077
0.000188155737
0.000189855092
0.000191076568
0.000191915327
0.000192454704
0.00019276728
0.000192915736
0.000192955306
0.000192942074
-0.000607445179
-0.00046544341
-0.000374086169
-0.00029216957
-0.000220434333
-0.000158097568
-0.000104033552
-5.72213302e-05
-1.67866341e-05
1.80395948e-05
4.79407302e-05
7.35284475e-05
9.53490569e-05
0.000113845553
0.00012944524
0.000142553447
0.000153488159
0.000162540159
0.000169970088
0.000176008638
0.000180859544
0.000184702775
0.000187697211
0.000189982947
0.000191683335
0.000192906812
0.000193748538
0.000194291834
0.000194609313
0.00019476382
0.000194810586
0.000194803897
-0.000605654728
-0.000463631827
-0.000372271941
-0.000290320067
-0.000218581818
-0.000156242415
-0.000102173123
-5.53567748e-05
-1.49198955e-05
1.99071617e-05
4.98082145e-05
7.53944975e-05
9.72103869e-05
0.000115704904
0.000131305046
0.000144410491
0.000155342057
0.000164391298
0.000171818902
0.000177855587
0.000182705163
0.000186547673
0.000189542056
0.000191828449
0.000193530232
0.000194755862
0.000195600503
0.000196147469
0.00019646941
0.000196629313
0.000196682386
0.000196681317
-0.000603874072
-0.000461832437
-0.000370476043
-0.000288481471
-0.000216743546
-0.000154401666
-0.00010032558
-5.35033251e-05
-1.30623731e-05
2.17674935e-05
5.16704231e-05
7.72571793e-05
9.90707008e-05
0.000117565219
0.000133167214
0.000146271647
0.000157201818
0.000166249839
0.00017367644
0.000179712381
0.000184561551
0.000188404066
0.000191398923
0.000193686302
0.000195389615
0.00019661734
0.000197464649
0.000198014856
0.000198340647
0.00019850513
0.000198563453
0.000198566925
-0.000602093558
-0.000460036184
-0.000368690493
-0.000286644215
-0.000214913103
-0.000152569321
-9.8485841e-05
-5.16570005e-05
-1.12111054e-05
2.36226179e-05
5.35285354e-05
7.91169844e-05
0.000100929916
0.000119425736
0.000135030299
0.000148134884
0.000159064861
0.000168112735
0.000175539259
0.000181575234
0.000186424624
0.00019026761
0.000193263241
0.000195551736
0.000197256539
0.000198486145
0.000199335736
0.000199888634
0.000200217555
0.0002003857
0.000200448127
0.000200454976
-0.00060030628
-0.000458237183
-0.000366905229
-0.000284804606
-0.000213086383
-0.000150740425
-9.66498921e-05
-4.98147318e-05
-9.36378458e-06
2.5474157e-05
5.53835649e-05
8.09744093e-05
0.000102787971
0.000121285775
0.000136893163
0.000149998696
0.000160929297
0.000169977737
0.000177404795
0.000183441313
0.000188291313
0.000192135031
0.000195131559
0.000197421149
0.000199127271
0.000200358437
0.000201209841
0.000201764809
0.000202096085
0.000202266917
0.000202332233
0.000202341386
-0.000598507302
-0.000456430958
-0.000365097464
-0.000282978367
-0.000211261402
-0.000148911518
-9.48150981e-05
-4.79744244e-05
-7.5187643e-06
2.73233031e-05
5.72362814e-05
8.28298632e-05
0.000104644843
0.000123144875
0.000138755065
0.00015186211
0.000162793881
0.000171843349
0.00017927133
0.0001853087
0.000190159527
0.00019400409
0.000197001512
0.000199292073
0.000200999262
0.000202231604
0.000203084302
0.000203640695
0.000203973539
0.000204146016
0.000204212789
0.00020422406
-0.000596695692
-0.000454616197
-0.000363279603
-0.000281153036
-0.000209433989
-0.000147080327
-9.29794408e-05
-4.61343903e-05
-5.67472597e-06
2.91710117e-05
5.90873185e-05
8.46837069e-05
0.000106500575
0.000125002864
0.000140615736
0.000153724705
0.00016465802
0.000173708811
0.00018113795
0.000187176346
0.000192028101
0.000195873521
0.000198871755
0.0002011631
0.000202871056
0.000204104159
0.000204957618
0.00020551478
0.000205848406
0.000206021638
0.000206088958
0.000206101177
-0.000594871843
-0.000452792491
-0.000361454243
-0.000279327508
-0.00020760372
-0.00014524649
-9.11423437e-05
-4.42940383e-05
-3.83114893e-06
3.10176788e-05
6.093689e-05
8.65358541e-05
0.000108354866
0.000126859814
0.000142475587
0.000155586723
0.000166521757
0.000175574039
0.000183004476
0.000189043993
0.000193896709
0.00019774295
0.000200741875
0.000203033791
0.000204742206
0.000205975659
0.000206829362
0.000207386662
0.00020772032
0.000207893495
0.000207960757
0.000207972645
-0.000593037567
-0.000450961651
-0.000359620954
-0.000277502891
-0.000205771523
-0.000143410806
-8.93045229e-05
-4.24539209e-05
-1.98845356e-06
3.28629628e-05
6.27845883e-05
8.83853725e-05
0.000110205948
0.000128715639
0.000144336475
0.000157449561
0.000168385975
0.000177439676
0.000184871445
0.000190912118
0.000195765796
0.000199612805
0.000202612302
0.000204904589
0.000206613174
0.000207846598
0.00020870007
0.000209256935
0.000209589944
0.000209762314
0.000209828859
0.000209839341
-0.000591195747
-0.000449126478
-0.000357772436
-0.000275688464
-0.000203940803
-0.000141575364
-8.74677069e-05
-4.0615277e-05
-1.47348315e-07
3.4706781e-05
6.46311815e-05
9.02338206e-05
0.000112053648
0.000130568776
0.000146197921
0.000159313398
0.000170251118
0.000179306328
0.000186739604
0.000192781586
0.000197636326
0.000201484133
0.000204484153
0.00020677668
0.000208485214
0.000209718295
0.000210571133
0.000211127069
0.000211458843
0.000211629691
0.000211694603
0.000211703264
-0.000589351684
-0.000447291564
-0.000355922165
-0.00027387713
-0.000202114372
-0.00013974311
-8.56340446e-05
-3.87796261e-05
1.6912881e-06
3.65490366e-05
6.6477665e-05
9.20837918e-05
0.000113901389
0.000132419112
0.000148057031
0.000161176739
0.000172116969
0.000181174472
0.000188609846
0.000194653592
0.000199509717
0.000203358527
0.000206359162
0.000208651912
0.000210360277
0.000211592798
0.000212444692
0.000212999303
0.000213329358
0.000213498042
0.000213560444
0.000213567054
-0.000587511934
-0.000445462315
-0.000354081932
-0.000272068108
-0.000200295248
-0.000137917893
-8.38066224e-05
-3.69494274e-05
3.52540894e-06
3.8387847e-05
6.83218115e-05
9.39326795e-05
0.000115750227
0.000134270463
0.000149916164
0.000163041318
0.000173985288
0.000183045992
0.000190484172
0.000196530251
0.000201388205
0.000205238336
0.000208239786
0.000210532848
0.000212241026
0.000213472868
0.000214323603
0.00021487659
0.000215204541
0.000215370577
0.000215429865
0.000215433828
-0.000585683935
-0.000443645321
-0.000352257956
-0.000270267919
-0.000198487781
-0.000136103974
-8.19890459e-05
-3.51275765e-05
5.35268451e-06
4.02212514e-05
7.0161701e-05
9.57783739e-05
0.000117599077
0.000136124752
0.000151778795
0.000164910005
0.000175858592
0.00018492337
0.000192365136
0.00019841422
0.000203274559
0.000207126448
0.000210129033
0.000212422611
0.000214130697
0.000215361854
0.00021621133
0.000216762505
0.000217088085
0.000217251122
0.000217306841
0.000217307665
-0.00058387607
-0.000441848377
-0.000350456522
-0.000268484025
-0.000196697263
-0.000134305933
-8.01851427e-05
-3.33170365e-05
7.17101587e-06
4.20480612e-05
7.19972468e-05
9.76219172e-05
0.000119448273
0.000137981644
0.000153645532
0.000166784123
0.000177738684
0.00018680879
0.000194255239
0.000200308268
0.000205171777
0.000209026062
0.000212030277
0.000214324736
0.000216032974
0.000217263579
0.000218111831
0.000218661141
0.000218984217
0.000219144044
0.000219195892
0.000219193234
-0.000582097519
-0.000440080067
-0.000348684756
-0.000266724057
-0.00019492967
-0.000132528775
-7.83990684e-05
-3.15210697e-05
8.97802478e-06
4.38667565e-05
7.38277931e-05
9.94634913e-05
0.000121298544
0.000139842046
0.000155517467
0.000168665187
0.000179627547
0.000188704636
0.000196157208
0.000202215413
0.000207083134
0.000210940675
0.000213947216
0.000216243102
0.000217951903
0.000219182249
0.000220029464
0.000220577007
0.000220897601
0.000221054166
0.000221102013
0.000221095692
-0.000580358096
-0.000438349511
-0.000346950425
-0.000264995789
-0.000193191396
-0.00013077782
-7.66352138e-05
-2.97431293e-05
1.07711792e-05
4.56756874e-05
7.56525444e-05
0.000101303203
0.000123150909
0.00014170715
0.000157395617
0.000170554568
0.000181527134
0.000190613352
0.000198073876
0.000204138821
0.000209012079
0.000212873987
0.000215883769
0.000218181825
0.000219891786
0.000221122342
0.000221968883
0.000222514929
0.000222833236
0.000222986672
0.000223030587
0.000223020604
-0.000578668032
-0.000436666138
-0.000345261677
-0.000263307038
-0.000191489008
-0.000129058544
-7.48980752e-05
-2.79867376e-05
1.25479423e-05
4.74733235e-05
7.74711276e-05
0.000103142277
0.000125008312
0.00014357821
0.000159279106
0.000172452366
0.000183438817
0.000192537138
0.000200007991
0.000206081654
0.000210962109
0.000214829771
0.00021784395
0.000220145136
0.000221857052
0.000223088479
0.000223934897
0.000224479911
0.000224796327
0.000224946981
0.000224987269
0.000224973839
-0.000577037693
-0.000435039404
-0.000343626747
-0.000261665459
-0.000189829025
-0.000127376421
-7.31922074e-05
-2.62555714e-05
1.43054747e-05
4.925761e-05
7.92822211e-05
0.000104980286
0.000126871824
0.000145457027
0.000161169505
0.000174360532
0.000185365067
0.000194478899
0.000201962778
0.000208047387
0.000212936918
0.00021681192
0.000219831835
0.000222137289
0.000223852137
0.000225085284
0.000225932326
0.00022647698
0.000226792124
0.00022694059
0.000226977833
0.000226961423
-0.000575477178
-0.000433478418
-0.000342053575
-0.000260078245
-0.000188217603
-0.000125736684
-7.15220713e-05
-2.45534716e-05
1.60403465e-05
5.10251164e-05
8.10814931e-05
0.000106811128
0.000128737299
0.000147349075
0.000163076018
0.000176284467
0.00018731004
0.000196442559
0.000203942085
0.00021003983
0.000214940329
0.000218824315
0.0002218514
0.000224162384
0.000225881286
0.00022711717
0.000227965777
0.000228510956
0.000228825689
0.000228972836
0.000229007929
0.000228989295
-0.000573995849
-0.000431991478
-0.000340549358
-0.00025855168
-0.000186660038
-0.000124143719
-6.98912406e-05
-2.2883288e-05
1.77503226e-05
5.27741073e-05
8.28675085e-05
0.000108633172
0.000130602466
0.000149253908
0.000165000965
0.000178227178
0.000189276957
0.00019843122
0.000205948979
0.000212062089
0.000216975512
0.000220870215
0.000223906015
0.000226223921
0.000227948159
0.000229187978
0.000230039298
0.000230586125
0.000230901567
0.000231048567
0.000231082748
0.000231062954
-0.000572601843
-0.000430585602
-0.000339120117
-0.000257090698
-0.000185160345
-0.000122600689
-6.83020319e-05
-2.12465063e-05
1.94347775e-05
5.45051004e-05
8.46426558e-05
0.000110450008
0.000132463172
0.000151160054
0.000166941417
0.000180194091
0.000191270592
0.00020044827
0.000207986257
0.000214116761
0.000219044995
0.000222952143
0.000225998256
0.000228324581
0.000230055574
0.000231300706
0.000232156095
0.00023270593
0.000233023479
0.000233171813
0.000233206679
0.000233187115
-0.000571301596
-0.000429266037
-0.000337770311
-0.000255698444
-0.000183720937
-0.000121109354
-6.67555303e-05
-1.96435489e-05
2.10939353e-05
5.62190596e-05
8.64089538e-05
0.000112265011
0.00013432267
0.000153066387
0.000168894359
0.000182184348
0.000193290595
0.000202493732
0.000210054252
0.000216204432
0.000221149566
0.000225071068
0.000228129265
0.000230465683
0.000232205048
0.000233457082
0.000234318135
0.000234872603
0.000235193947
0.00023534543
0.000235382946
0.00023536533
-0.000570099304
-0.000428035643
-0.000336502472
-0.000254375745
-0.000182342249
-0.000119669856
-6.52514747e-05
-1.80737881e-05
2.27287084e-05
5.79169906e-05
8.81673064e-05
0.000114079989
0.000136188883
0.000154980595
0.000170857418
0.000184191378
0.000195332272
0.000204564758
0.000212151083
0.000218323751
0.000223288239
0.000227226283
0.000230298571
0.000232646975
0.000234396543
0.0002356573
0.000236525864
0.000237086871
0.000237414007
0.000237570804
0.000237613324
0.000237599716
-0.000568996263
-0.000426894123
-0.000335317404
-0.000253120146
-0.000181022229
-0.000118280581
-6.37881286e-05
-1.65353239e-05
2.43409622e-05
5.96003476e-05
8.99183385e-05
0.000115894436
0.000138060925
0.000156904027
0.000172832993
0.000186215509
0.000197394619
0.000206659948
0.000214275152
0.000220472967
0.000225459164
0.000229415903
0.000232504303
0.000234866644
0.000236628359
0.000237899831
0.000238777963
0.00023934766
0.00023968289
0.000239847529
0.000239897824
0.000239890641
-0.000567990103
-0.000425837623
-0.000334216328
-0.000251921406
-0.000179753432
-0.000116936761
-6.2360858e-05
-1.50238449e-05
2.59324595e-05
6.12712323e-05
9.16637648e-05
0.000117709016
0.000139938263
0.000158836512
0.000174821737
0.000188256468
0.000199475883
0.000208776744
0.000216423413
0.000222648671
0.000227658663
0.000231636061
0.000234742506
0.000237120796
0.000238896781
0.00024018101
0.000241071017
0.000241651919
0.00024199789
0.000242173265
0.000242234495
0.000242236487
-0.00056707393
-0.000424859575
-0.000333197084
-0.000250756555
-0.000178519103
-0.000115624976
-6.09567752e-05
-1.35300949e-05
2.74941301e-05
6.29258249e-05
9.34017258e-05
0.000119523025
0.000141821048
0.000160776186
0.000176819586
0.000190310276
0.000201572039
0.000210910787
0.000218591083
0.000224845719
0.000229881328
0.000233881192
0.000237007599
0.000239404176
0.000241197197
0.000242493337
0.000243397035
0.000243992495
0.000244352453
0.000244541921
0.000244617555
0.000244631649
-0.000566233654
-0.000423946966
-0.000332188759
-0.000249681998
-0.000177346793
-0.00011434751
-5.95811678e-05
-1.20563091e-05
2.9081726e-05
6.45938849e-05
9.51501184e-05
0.000121349031
0.000143719553
0.000162726888
0.000178821937
0.000192370921
0.000203678134
0.000213056252
0.000220771168
0.000227056152
0.000232118386
0.000236141804
0.000239289255
0.000241704642
0.000243514817
0.000244831229
0.000245752187
0.000246363447
0.000246739835
0.000246946735
0.000247041362
0.000247073049
-0.000565448563
-0.000423078001
-0.000331186379
-0.000248646129
-0.000176187586
-0.000113071134
-5.82021308e-05
-1.05790022e-05
3.06559509e-05
6.6257374e-05
9.6897462e-05
0.000123175687
0.0001456224
0.000164684686
0.000180829773
0.000194435918
0.000205788645
0.00021520565
0.000222954791
0.00022927004
0.000234359158
0.000238406737
0.000241576263
0.0002440122
0.000245841968
0.000247177723
0.000248117881
0.000248748588
0.00024914511
0.000249373527
0.000249491839
0.000249545323
-0.000564692383
-0.00042222441
-0.000330204885
-0.000247588926
-0.000175013783
-0.000111783873
-5.68106313e-05
-9.08853074e-06
3.22404471e-05
6.79292226e-05
9.86476064e-05
0.000124996277
0.0001475232
0.000166664989
0.000182858825
0.000196502201
0.000207895776
0.000217349213
0.000225130367
0.00023147414
0.00023658904
0.000240660291
0.000243852006
0.000246309252
0.000248159998
0.000249516873
0.00025047871
0.000251131953
0.000251552257
0.000251806599
0.00025195353
0.000252032202
-0.000563926859
-0.000421347547
-0.00032920069
-0.000246487186
-0.000173798217
-0.000110458331
-5.53825104e-05
-7.56370149e-06
3.3856392e-05
6.9630436e-05
0.000100427842
0.000126846309
0.000149432101
0.000168631168
0.000184866646
0.000198541623
0.000209975492
0.000219465195
0.000227277199
0.000233647994
0.000238787369
0.000242881427
0.000246095015
0.000248573868
0.000250446549
0.000251826188
0.000252812014
0.000253490768
0.000253938531
0.000254223304
0.000254404121
0.000254512673
-0.000563101413
-0.000420402339
-0.000328123625
-0.000245305258
-0.000172506134
-0.000109062175
-5.3890731e-05
-5.98366109e-06
3.55180815e-05
7.13681403e-05
0.00010223738
0.000128718203
0.000151331429
0.000170563678
0.000186850063
0.000200559247
0.000212024906
0.000221542819
0.00022937953
0.000235772524
0.000240932608
0.000245046723
0.000248280439
0.000250780126
0.000252674905
0.000254078375
0.000255090118
0.000255797134
0.000256275926
0.000256595599
0.000256815657
0.000256959265
-0.000562152056
-0.000419360757
-0.000326902925
-0.000243992623
-0.000171096691
-0.000107559006
-5.23048841e-05
-4.32573835e-06
3.7238948e-05
7.31432752e-05
0.000104058258
0.000130577866
0.000153222686
0.000172498148
0.000188825703
0.000202554144
0.000214033723
0.000223565684
0.000231416455
0.000237823439
0.000242997894
0.000247127341
0.000250377902
0.000252896455
0.00025481257
0.000256240224
0.00025727928
0.00025801692
0.000258530038
0.000258888918
0.000259153525
0.000259337288
-0.000561015103
-0.000418291248
-0.000325368277
-0.000242461336
-0.000169515285
-0.000105902303
-5.05845925e-05
-2.55611621e-06
3.90474376e-05
7.49818253e-05
0.000105918663
0.000132455578
0.000155126106
0.000174417623
0.000190746269
0.000204479559
0.000215962871
0.000225498324
0.000233353235
0.000239765655
0.000244947424
0.000249086619
0.000252349868
0.000254884491
0.000256820434
0.000258271975
0.000259339173
0.000260109312
0.000260659632
0.000261061662
0.000261375804
0.000261604525
-0.000559602611
-0.000416989414
-0.000323543301
-0.00024066555
-0.000167701327
-0.00010403963
-4.86869112e-05
-6.40440165e-07
4.09697255e-05
7.69028036e-05
0.000107832703
0.000134359927
0.000157020006
0.000176291334
0.000192597571
0.000206316433
0.000217786956
0.00022731086
0.000235156601
0.000241563107
0.000246742799
0.000250884215
0.00025415437
0.000256700903
0.00025865401
0.00026012815
0.000261223455
0.000262027203
0.000262616906
0.000263065364
0.000263433396
0.000263711324
-0.00055782267
-0.000415296444
-0.000321381749
-0.000238542488
-0.00016558555
-0.000101911474
-4.65642388e-05
1.45773808e-06
4.30313179e-05
7.89203875e-05
0.000109801966
0.00013627912
0.000158889092
0.00017811052
0.000194369581
0.000208046147
0.000219479129
0.000228970603
0.000236789593
0.00024317547
0.000248340965
0.000252474838
0.000255744263
0.000258296982
0.000260263245
0.00026175751
0.000262879819
0.00026371729
0.000264347601
0.000264844812
0.000265270106
0.000265600636
-0.000555571169
-0.00041310695
-0.000318786226
-0.000236006032
-0.000163091791
-9.94534796e-05
-4.41645685e-05
3.77840817e-06
4.52606943e-05
8.10521517e-05
0.000111833949
0.000138212388
0.000160727187
0.000179858776
0.000196034913
0.000209636651
0.000221003536
0.000230438029
0.000238209377
0.000244557051
0.000249693778
0.000253808239
0.000257067476
0.000259619057
0.000261593032
0.000263103624
0.000264250577
0.000265120668
0.000265791589
0.000266338597
0.000266823153
0.000267208477
-0.000552728373
-0.000410310095
-0.000315650577
-0.000232961176
-0.000160138499
-9.65973709e-05
-4.14329831e-05
6.36326418e-06
4.76868212e-05
8.33150962e-05
0.000113934693
0.000140156082
0.000162522128
0.000181515509
0.000197565554
0.000211054303
0.000222321789
0.000231670595
0.000239369848
0.00024565873
0.000250749564
0.000254830562
0.000258068252
0.000260609679
0.000262584366
0.000264106013
0.000265273806
0.000266173951
0.000266883976
0.000267480194
0.000268024207
0.000268464875
-0.000549162086
-0.000406783692
-0.000311860895
-0.000229306917
-0.000156639189
-9.32713267e-05
-3.83123842e-05
9.25497284e-06
5.03386041e-05
8.57253211e-05
0.00011610863
0.000142104205
0.000164258705
0.000183057385
0.000198931159
0.00021226286
0.00022339269
0.000232622954
0.000240222189
0.000246428782
0.000251454144
0.000255485512
0.000258688431
0.00026120898
0.000263175759
0.000264701583
0.000265884771
0.000266810695
0.000267556527
0.000268199433
0.000268800656
0.000269293926
-0.000544729983
-0.000402396635
-0.000307296229
-0.000224937125
-0.000152503617
-8.9401207e-05
-3.47446617e-05
1.2496125e-05
5.32440241e-05
8.82973722e-05
0.000118358205
0.000144048497
0.000165919334
0.000184458795
0.000200099311
0.000213224211
0.000224173417
0.000233248401
0.000240716494
0.000246814647
0.00025175272
0.000255716363
0.000258869559
0.000261356891
0.000263305559
0.000264827077
0.000266018524
0.000266964141
0.000267740541
0.00026842554
0.000269078982
0.000269616032
-0.000539281638
-0.000397010987
-0.000301830516
-0.000219742206
-0.000147639488
-8.49121535e-05
-3.06721112e-05
1.61280561e-05
5.64292262e-05
9.10436385e-05
0.000120683611
0.000145978545
0.000167484532
0.000185692617
0.000201036551
0.000213899708
0.000224621111
0.000233500675
0.000240803745
0.000246765046
0.000251592103
0.000255468239
0.000258555183
0.000260995393
0.000262914103
0.000264421033
0.000265611606
0.000266568481
0.000267366979
0.000268085126
0.000268785409
0.000269377124
-0.000532660873
-0.000390484191
-0.000295334925
-0.000213611246
-0.000141954487
-7.97304434e-05
-2.6039032e-05
2.01895516e-05
5.99175836e-05
9.39738084e-05
0.000123082666
0.000147882086
0.000168933643
0.000186731336
0.000201709852
0.000214251964
0.000224694981
0.000233336344
0.000240438454
0.000246232849
0.000250923804
0.000254691444
0.000257694451
0.000260072439
0.00026194804
0.000263428622
0.000264607493
0.00026556542
0.000266376213
0.000267117191
0.000267850206
0.000268479704
-0.000524708524
-0.000382671656
-0.000287680532
-0.000206434495
-0.000135358616
-7.37855918e-05
-2.07935283e-05
2.47154244e-05
6.37287091e-05
9.70943597e-05
0.0001255508
0.000149745496
0.00017024581
0.000187548461
0.000202088449
0.000214247055
0.000224358821
0.000232717579
0.000239581633
0.000245178207
0.000249707249
0.000253344692
0.000256245266
0.00025854493
0.000260363
0.000261803869
0.000262958198
0.000263904474
0.000264714829
0.000265465569
0.000266215656
0.000266857011
-0.00051526555
-0.000373429668
-0.000278741327
-0.000198106214
-0.000127766835
-6.70127298e-05
-1.48895337e-05
2.97349223e-05
6.78773675e-05
0.000100408024
0.0001280811
0.000151554411
0.00017140115
0.00018812022
0.000202145999
0.000213857092
0.000223583949
0.000231615418
0.000238204343
0.000243572327
0.000247913775
0.000251399313
0.000254178714
0.000256383393
0.000258128573
0.000259515012
0.000260630181
0.000261549795
0.000262343686
0.000263086317
0.000263834823
0.000264477795
-0.000504176477
-0.000362618591
-0.000268397572
-0.000188527883
-0.000119102038
-5.9355267e-05
-8.28911343e-06
3.52698837e-05
7.23721832e-05
0.000103913116
0.000130664279
0.000153294345
0.000172381991
0.000188427365
0.000201862904
0.000213062994
0.000222352362
0.000230013236
0.000236291423
0.000241401433
0.00024553077
0.00024884354
0.000251483479
0.000253576529
0.000255233009
0.000256549331
0.000257609206
0.000258485137
0.000259244135
0.000259957973
0.000260681685
0.000261305779
-0.000491293047
-0.000350106208
-0.000256539431
-0.000177611754
-0.000109298316
-5.07678012e-05
-9.65066156e-07
4.13325464e-05
7.7214003e-05
0.000107602547
0.000133288412
0.000154951133
0.000173173991
0.000188456917
0.000201228602
0.000211857264
0.000220659923
0.00022791028
0.000233845319
0.000238670818
0.000242565921
0.000245686921
0.000248170414
0.000250135876
0.000251687854
0.000252917695
0.0002539048
0.000254718073
0.00025542121
0.000256082338
0.000256753894
0.000257334242
-0.000476477781
-0.000335770879
-0.00024307069
-0.000165284929
-9.83049225e-05
-4.12196901e-05
7.09572956e-06
4.79226155e-05
8.23935704e-05
0.000111462236
0.000135938117
0.000156510899
0.000173766848
0.000188203535
0.000200243517
0.000210246401
0.000218519152
0.000225324743
0.000230889341
0.000235408223
0.000239050622
0.000241963712
0.000244275808
0.000246098975
0.000247531203
0.000248658041
0.000249553905
0.00025028398
0.00025090817
0.000251489915
0.000252078522
0.000252586967
-0.000459606856
-0.00031950434
-0.000227914244
-0.00015149765
-8.60928962e-05
-3.06993423e-05
1.58871254e-05
5.50222853e-05
8.7887561e-05
0.000115468226
0.000138592711
0.000157959176
0.000174154296
0.000187670287
0.000198920488
0.000208252932
0.000215961787
0.000222296849
0.000227471327
0.000231668161
0.000235045142
0.000237739051
0.000239868986
0.000241539022
0.00024283957
0.000243848004
0.000244632907
0.000245257903
0.000245777034
0.000246249115
0.000246720282
0.000247125634
-0.000440569179
-0.000301212798
-0.000211024263
-0.000136245206
-7.26517941e-05
-1.91956734e-05
2.53847916e-05
6.25919066e-05
9.3654268e-05
0.000119583176
0.000141223509
0.000159279072
0.000174333102
0.000186868342
0.000197285005
0.000205915991
0.00021303952
0.000218889491
0.00022366383
0.00022753116
0.000230636021
0.000233102973
0.000235040437
0.000236544891
0.000237699512
0.000238557644
0.000239216127
0.000239732483
0.000240125401
0.000240458427
0.000240775976
0.000241044326
-0.000419248615
-0.000280798997
-0.000192374671
-0.000119563658
-5.79336553e-05
-6.63740677e-06
3.5547136e-05
7.05682228e-05
9.96308034e-05
0.000123752945
0.000143790842
0.000160449015
0.000174301447
0.000185815897
0.000195374556
0.000203290954
0.000209823936
0.000215188583
0.000219565133
0.000223105974
0.000225940502
0.000228179139
0.000229916797
0.000231248415
0.000232299171
0.000233073724
0.000233547774
0.0002338489
0.000234078
0.000234248897
0.000234380735
0.000234478181
-0.0003955038
-0.000258114189
-0.000171839366
-0.000101296536
-4.21233064e-05
6.54826403e-06
4.61256449e-05
7.87971463e-05
0.000105694179
0.000127878107
0.000146227824
0.000161433831
0.000174053709
0.000184535281
0.000193237704
0.000200450151
0.000206409728
0.000211309986
0.000215311275
0.000218548537
0.000221136887
0.000223176201
0.000224753756
0.000225930637
0.000226712689
0.000227241512
0.000227654307
0.000227894335
0.000227954979
0.00022791025
0.000227807888
0.00022770096
-0.000369313659
-0.000233137291
-0.000149570899
-8.15337212e-05
-2.55642518e-05
2.00944085e-05
5.70921756e-05
8.71121458e-05
0.000111700557
0.000131813978
0.000148443283
0.000162185446
0.000173578534
0.000183048088
0.000190925191
0.000197471283
0.000202895801
0.000207368278
0.000211027685
0.000213989589
0.000216351684
0.000218197564
0.000219599576
0.000220618834
0.000221309446
0.00022174074
0.00022193961
0.00022193982
0.000221797025
0.000221531795
0.000221171132
0.000220825446
-0.000340648955
-0.000205809226
-0.000125741617
-6.04224246e-05
-8.09010526e-06
3.38442942e-05
6.79728238e-05
9.53079051e-05
0.00011744317
0.000135513156
0.000150371436
0.0001626571
0.00017286674
0.000181383003
0.000188500277
0.000194447132
0.000199403257
0.000203511869
0.000206888868
0.000209629651
0.000211814245
0.000213510587
0.000214777767
0.000215667743
0.000216227738
0.000216503013
0.000216536306
0.000216360404
0.000216006686
0.000215490508
0.000214835316
0.000214218821
-0.0003095129
-0.000176409859
-0.00010054581
-3.87041562e-05
9.95130254e-06
4.81539323e-05
7.86923159e-05
0.000103074022
0.000122710053
0.000138698985
0.000151850782
0.000162765088
0.000171888687
0.000179555909
0.000186018516
0.000191468036
0.000196052168
0.000199886655
0.00020306384
0.000205658842
0.000207734093
0.000209342774
0.000210530748
0.000211338576
0.000211803589
0.000211960604
0.000211843365
0.000211484066
0.000210908215
0.000210121298
0.000209142837
0.000208226537
-0.000275798813
-0.000145528293
-7.36996269e-05
-1.64994383e-05
2.77463094e-05
6.19534136e-05
8.87842208e-05
0.000110067787
0.000127188384
0.000141165479
0.000152734435
0.000162423677
0.000170614627
0.00017758467
0.00018353764
0.000188625376
0.000192962848
0.000196638702
0.000199722601
0.000202270366
0.000204327639
0.000205932557
0.000207117728
0.000207912001
0.000208341013
0.00020842925
0.000208201685
0.000207684456
0.000206896635
0.000205831894
0.000204504104
0.000203257207
-0.000239285734
-0.000113208341
-4.55478283e-05
5.78634277e-06
4.47202044e-05
7.44649287e-05
9.75079948e-05
0.00011573725
0.000130477503
0.000142639155
0.000152848908
0.000161540487
0.000169016551
0.000175491016
0.000181117671
0.000186009292
0.00019025031
0.000193905185
0.000197023915
0.000199645711
0.000201801552
0.000203516093
0.000204809034
0.000205696038
0.000206189552
0.000206300191
0.00020603938
0.000205421138
0.000204452378
0.000203109886
0.000201406906
0.000199787808
-0.00019968507
-7.91729522e-05
-1.72899457e-05
2.71752165e-05
6.01271678e-05
8.49735209e-05
0.00010420264
0.000119570269
0.000132223352
0.000142899217
0.000152078098
0.000160078006
0.000167113477
0.000173333185
0.000178843576
0.000183723366
0.0001880325
0.000191817593
0.000195115059
0.000197952824
0.000200351508
0.000202325679
0.000203884588
0.000205031315
0.000205762539
0.000206067785
0.000205931016
0.00020534319
0.000204286558
0.000202700564
0.00020057469
0.000198500856
-0.00015625288
-4.34454198e-05
1.01053875e-05
4.62736232e-05
7.25360726e-05
9.24175478e-05
0.000108134225
0.000121103643
0.000132173275
0.000141844959
0.000150424254
0.000158104193
0.000165011284
0.000171234776
0.000176842886
0.000181890175
0.000186421838
0.000190476012
0.000194084206
0.000197270217
0.000200049774
0.000202434529
0.000204434295
0.000206044864
0.000207254404
0.000208037692
0.000208321776
0.000208040636
0.000207128152
0.000205446194
0.000202878681
0.00020026218
-0.000107439315
-6.9594126e-06
3.45272494e-05
6.10018907e-05
8.03946159e-05
9.58115563e-05
0.000108789432
0.000120163244
0.000130370483
0.000139644453
0.000148116925
0.000155869913
0.000162954612
0.00016941578
0.000175301406
0.000180658172
0.000185531569
0.000189967021
0.000194009056
0.00019769451
0.000201044256
0.000204089855
0.000206880657
0.00020940126
0.000211625239
0.000213569179
0.000215047626
0.000215787996
0.000215620774
0.000214323817
0.000211483996
0.000208438826
-4.24564804e-05
2.91307302e-05
5.17422727e-05
6.76973597e-05
8.12783146e-05
9.37782891e-05
0.000105534618
0.00011661013
0.000126994742
0.000136679164
0.000145665217
0.000153946485
0.000161525021
0.000168437187
0.000174737482
0.000180480025
0.00018572184
0.000190529414
0.000194984277
0.000199158282
0.000203038271
0.000206574352
0.000209880271
0.000213282794
0.000217066335
0.000220850158
0.000223678783
0.000225484119
0.000227043155
0.000228190288
0.000227837635
0.000225776961
6.46121575e-05
6.48628188e-05
6.2375953e-05
6.8088111e-05
7.77933614e-05
8.91344318e-05
0.000100943624
0.000112572444
0.000123663242
0.000134102396
0.00014388016
0.000152905083
0.000161080295
0.000168464207
0.000175161533
0.00018123759
0.000186754857
0.00019179471
0.000196499046
0.000201024588
0.000205401906
0.000209573598
0.000213608765
0.000217814983
0.000222896491
0.000229750902
0.000238626649
0.000250127371
0.000265206332
0.000285366617
0.000314261981
0.000349257807
)
;

boundaryField
{
    inner_wall
    {
        type            zeroGradient;
    }
    outer_wall
    {
        type            zeroGradient;
    }
    top
    {
        type            zeroGradient;
    }
    bottom
    {
        type            fixedValue;
        value           uniform 0;
    }
    front
    {
        type            wedge;
    }
    back
    {
        type            wedge;
    }
}


// ************************************************************************* //
