/*--------------------------------*- C++ -*----------------------------------*\
| =========                 |                                                 |
| \\      /  F ield         | OpenFOAM: The Open Source CFD Toolbox           |
|  \\    /   O peration     | Version:  2506                                  |
|   \\  /    A nd           | Website:  www.openfoam.com                      |
|    \\/     M anipulation  |                                                 |
\*---------------------------------------------------------------------------*/
FoamFile
{
    version     2.0;
    format      ascii;
    arch        "LSB;label=32;scalar=64";
    class       volScalarField;
    location    "415";
    object      C;
}
// * * * * * * * * * * * * * * * * * * * * * * * * * * * * * * * * * * * * * //

dimensions      [0 0 0 0 0 0 0];

internalField   nonuniform List<scalar> 
3072
(
2.18695592e-09
-3.19049659e-07
-1.42370575e-06
2.03545411e-05
6.17386891e-05
-8.37290597e-05
-0.000701996271
-0.00179366865
-0.00319857576
-0.00503792662
-0.0081916991
-0.0184299994
-0.0375131485
-0.0524393146
-0.0157891906
0.143533636
0.433827432
0.746603443
0.959136815
1.03533394
1.02864893
1.00650002
0.997222876
0.997935542
1.00161477
1.00593947
1.00793752
1.0019675
0.978394171
0.897920189
0.675215048
0.260131033
-1.56220008e-09
2.15934335e-07
1.13082572e-05
-1.64757641e-05
-0.000250055381
-0.000374724143
0.000748958324
0.00377634802
0.00753546394
0.00946427284
0.00658397745
-0.00352244686
-0.0257050597
-0.0514718203
-0.0240854047
0.140494912
0.444259922
0.764514417
0.971443682
1.03740217
1.02571842
1.00428928
0.996881969
0.998303004
1.00201912
1.00628431
1.00796295
1.001308
0.976722218
0.894388199
0.669921941
0.25604953
9.41953886e-09
2.54105119e-06
-2.21380572e-06
-0.000160615689
-0.000193453641
0.00165881973
0.00665156275
0.0125104607
0.0156327042
0.0155082212
0.0137039663
0.0070733233
-0.0142668467
-0.0486417252
-0.0308983463
0.135395865
0.447578269
0.772889473
0.977107663
1.03782077
1.02400255
1.00328612
0.996831665
0.998511164
1.00221612
1.00644929
1.0079586
1.00100086
0.976127939
0.89366029
0.670133941
0.258831358
1.36323559e-08
3.49043479e-06
-2.14868183e-05
-0.000260546649
0.000181832865
0.00404389006
0.0110834531
0.0161106817
0.0165736088
0.0157929038
0.0142007654
0.0120569377
-0.00631373077
-0.0463087106
-0.0327407662
0.140645168
0.462881976
0.790058762
0.986093732
1.03814684
1.02154459
1.00198491
0.996788637
0.998778422
1.00246813
1.00665756
1.00794814
1.00061349
0.975368409
0.892576358
0.669615872
0.261252788
8.61112663e-10
3.86440779e-06
-2.32988614e-05
-0.000279309112
0.000251348163
0.00462010919
0.0123427048
0.0172867991
0.0176508681
0.0167225125
0.0131388588
0.0119317288
-0.0074681978
-0.0476702033
-0.0229734659
0.169879056
0.503829009
0.822434644
0.999021024
1.03746589
1.01801559
1.00051031
0.99685898
0.999119966
1.00277465
1.00690221
1.00790309
1.00010858
0.974395759
0.891126468
0.668727754
0.264127074
-1.02288118e-07
4.15958276e-06
-1.51986149e-05
-0.000267629522
3.10576998e-05
0.00349325396
0.0100173781
0.0148578603
0.0167228023
0.0145824474
0.0118427879
0.00885252755
-0.0162392797
-0.0505722168
0.00561095418
0.237218093
0.581161055
0.873844867
1.01541069
1.03465729
1.01298627
0.99886157
0.997105406
0.999587987
1.00319783
1.0072274
1.00778726
0.999326428
0.972836525
0.888444588
0.66595565
0.265824023
-1.3688831e-08
4.44797345e-06
-1.89339713e-06
-0.000224105157
-0.000231012757
0.00173705031
0.00587717013
0.00946171514
0.0107762304
0.00905316983
0.00846231668
0.000484632278
-0.0319088494
-0.0435557642
0.0734224613
0.356447202
0.695353012
0.937450767
1.02977392
1.02818557
1.00688852
0.997492191
0.997624402
1.00018799
1.00377038
1.00764093
1.00753413
0.998125011
0.970423828
0.88400496
0.660587606
0.265691908
-1.05345282e-06
2.92797497e-06
9.76721945e-06
-0.000155225329
-0.000344878234
0.000378416786
0.00222801398
0.00406350605
0.00430732717
0.00433377046
0.00290757939
-0.0168609683
-0.0443903464
0.00373205033
0.209004155
0.532145297
0.830594794
0.996079102
1.03455532
1.01789064
1.00115554
0.996970481
0.998409745
1.00089706
1.00451951
1.00811689
1.00704001
0.996351264
0.966904485
0.877345652
0.652041228
0.263194349
3.24223527e-06
6.62604348e-06
2.33176154e-05
-7.3434169e-05
-0.000284794738
-0.000225026702
0.000251540642
0.00070222547
0.000949293468
0.00118299049
-0.0114442088
-0.0369480296
-0.0145053809
0.140920197
0.430346679
0.742119993
0.952727475
1.02972089
1.02630456
1.00652032
0.997632683
0.997502625
0.999300845
1.00170896
1.00546524
1.008574
1.00615645
0.993846137
0.962047649
0.868115896
0.640024402
0.258140846
-1.910124e-05
-1.95346539e-05
-1.57975446e-06
-3.78850395e-05
-0.000174211266
-0.000296777332
-0.000309439671
-0.000381042666
-0.000115440834
-0.0109172289
-0.0312580401
-0.00773620091
0.134624711
0.403334736
0.706386248
0.928062718
1.02334773
1.03025785
1.01066663
0.99873728
0.997133193
0.998597431
1.00010681
1.0026946
1.00659668
1.00885723
1.00469718
0.990449826
0.955628695
0.856037659
0.624452185
0.2505782
9.7159848e-05
0.000106062202
0.000130355126
0.000113832325
5.2788624e-05
-7.18417728e-05
-0.000138598028
-0.000183351168
-0.0122849302
-0.0238024198
0.0229470107
0.185823631
0.453605015
0.73739134
0.939475569
1.02565859
1.03116784
1.01155361
0.998975905
0.996969723
0.998422374
0.999466071
1.00087419
1.00398296
1.00781237
1.00873313
1.0024638
0.986015948
0.947427668
0.840909879
0.605440419
0.240755856
-0.000544728414
-0.000596493261
-0.000618368046
-0.00048499722
-0.000440319921
4.20045753e-06
-0.00108702591
-0.0132273899
0.00216069859
0.103936166
0.314155827
0.586070587
0.83161275
0.983704464
1.03572475
1.02850453
1.00826036
0.997723854
0.996901354
0.998647647
0.99939655
0.999925336
1.00193754
1.00561078
1.00887269
1.00792302
0.999288917
0.980427531
0.937238427
0.822634664
0.58330274
0.229076009
0.00332049503
0.00362477373
0.00374926247
0.00251521309
0.00163708359
-0.0036331774
0.0122385269
0.108002907
0.300739026
0.552470228
0.7922192
0.958672066
1.03288512
1.03909692
1.01856946
1.00130657
0.995891923
0.997348438
0.999283315
0.999599165
0.999480092
1.00059846
1.00355402
1.00737697
1.00943388
1.00617473
0.995081945
0.97360917
0.924894842
0.801270799
0.558561574
0.216052107
-0.0243178003
-0.026884841
-0.026857083
-0.00571889418
0.0709975914
0.226332645
0.445373976
0.678657049
0.87384182
0.997661317
1.04697113
1.04430426
1.02144779
1.00221808
0.994863236
0.99590555
0.998858127
1.00014742
0.999770622
0.999216477
0.999770936
1.00199944
1.00556669
1.00889636
1.00916006
1.00334205
0.989859954
0.965535363
0.910320675
0.777104921
0.531953788
0.202266637
0.328394672
0.422991544
0.559343604
0.71987844
0.865025443
0.975935134
1.04275495
1.06612457
1.05714179
1.03288692
1.00935241
0.995634433
0.992482012
0.995323035
0.998974173
1.00072936
1.00056284
0.999634209
0.998994565
0.999286795
1.00091802
1.00394259
1.00756309
1.0097871
1.00783146
0.999440107
0.983753484
0.956243424
0.893606319
0.750721761
0.504415396
0.188327095
1.02866541
1.0456512
1.05253227
1.04866233
1.03676818
1.02075491
1.00511536
0.993766956
0.98872158
0.989462329
0.993516275
0.997927646
1.00072231
1.00149942
1.00097665
1.00007591
0.999330019
0.998924505
0.99906909
1.00017499
1.00258415
1.00602069
1.00917343
1.00978336
1.00541191
0.994663575
0.976987856
0.945863217
0.875101312
0.723042643
0.477031134
0.174820167
0.99610943
0.993354584
0.991442632
0.990971521
0.991964814
0.994151947
0.996971852
0.99967391
1.00156855
1.00231021
1.00203189
1.00122431
1.00042369
0.999913817
0.999643399
0.999401355
0.999108251
0.999008594
0.999619689
1.0014309
1.00447012
1.00793551
1.01011907
1.00879419
1.00208485
0.989354608
0.969852044
0.934668333
0.855488383
0.69529677
0.45094445
0.162267611
1.00067368
1.00117644
1.00159271
1.00178963
1.0017286
1.0014157
1.00091161
1.00033679
0.999845691
0.999570266
0.999557327
0.999735699
0.99993823
0.999976998
0.99974561
0.999312505
0.99896788
0.999183302
1.00044577
1.00296639
1.00635032
1.0094043
1.01026932
1.00696277
0.99821788
0.983923709
0.962677368
0.923128605
0.835786368
0.668902609
0.427238051
0.151089209
0.999869627
0.9997698
0.999680543
0.99962976
0.99962588
0.999668656
0.999751022
0.99986097
0.999984292
1.00010502
1.00019998
1.00022938
1.00013527
0.999866128
0.999437533
0.999010047
0.998928774
0.999653537
1.0015438
1.00454798
1.00794034
1.01028282
1.00972493
1.00462138
0.994251708
0.978767255
0.955832722
0.911915713
0.817239278
0.645270135
0.406809358
0.141577891
1.00002665
1.00004772
1.00006813
1.0000819
1.00008436
1.00007142
1.00004507
1.00001847
1.00001298
1.00004288
1.00009235
1.00010102
0.999979708
0.999668852
0.99922619
0.998896859
0.999100129
1.00028469
1.00266546
1.00593684
1.0091131
1.01062973
1.00874574
1.00216376
0.990587883
0.974215153
0.949710446
0.90181813
0.801097852
0.625574696
0.39027107
0.133890018
0.999994122
0.999989597
0.999985913
0.999984149
0.999981935
0.99997637
0.99997051
0.999977175
1.0000125
1.00007741
1.00013606
1.00011116
0.999916059
0.999527059
0.999069184
0.99885961
0.999347794
1.00092641
1.00365717
1.00702758
1.00988114
1.01061476
1.00763232
0.999934199
0.987518308
0.970503647
0.944675579
0.893573014
0.788363353
0.610574141
0.377900524
0.128051009
1.00000112
1.00000227
1.00000405
1.00000594
1.00000451
0.999996597
0.999986767
0.999990773
1.00002615
1.00008988
1.00013626
1.0000788
0.999834554
0.999406946
0.998968714
0.998882966
0.999607504
1.00147652
1.00442744
1.00779973
1.01033428
1.01043316
1.00663434
0.998161894
0.985200375
0.967760459
0.940986558
0.88768433
0.779593641
0.600525651
0.369646088
0.12397409
0.999999575
0.999999435
1.00000002
1.00000105
0.999998998
0.999990828
0.999982126
0.999990028
1.00003165
1.00009939
1.00013939
1.00005912
0.999780682
0.999329528
0.998912796
0.998922327
0.999814297
1.00187464
1.00495264
1.00829283
1.01058066
1.01023797
1.00590311
0.996947754
0.983667483
0.965999564
0.938730014
0.884314099
0.774841915
0.59521644
0.365182545
0.121488406
0.999999921
1.00000008
1.00000096
1.0000022
1.0000001
0.999991605
0.999982834
0.999991782
1.00003553
1.00010415
1.00013937
1.00004552
0.999748045
0.999285479
0.998884606
0.998952458
0.99994186
1.00210876
1.00525166
1.00856391
1.01070533
1.01011524
1.00549168
0.996287045
0.982858171
0.965132739
0.937809381
0.883289555
0.773731359
0.594079503
0.363994907
0.120370098
0.99999984
0.999999921
1.00000074
1.00000195
0.999999833
0.999991282
0.999982511
0.999991823
1.00003643
1.00010568
1.00013969
1.00004127
0.999736758
0.999269475
0.998873779
0.998962704
0.999987995
1.00219442
1.00536193
1.00866624
1.01076011
1.01009166
1.00538085
0.996106328
0.982652012
0.964999301
0.937989803
0.884205586
0.775617731
0.596347469
0.365467196
0.120371849
0.999999858
0.999999944
1.00000076
1.00000202
1.00000004
0.999991567
0.999982573
0.999991287
1.00003531
1.00010471
1.00014026
1.00004455
0.999742445
0.999274984
0.998874496
0.998953508
0.999965758
1.00216077
1.00532539
1.0086426
1.0107703
1.01015632
1.00551182
0.996298979
0.98290058
0.965397453
0.938963993
0.886568709
0.779784825
0.601196048
0.368936918
0.121231835
0.999999855
0.999999923
1.0000007
1.000002
1.00000025
0.999992013
0.999982693
0.999990094
1.0000324
1.00010166
1.00014104
1.00005378
0.99976138
0.999297183
0.998884264
0.998929948
0.999892593
1.00203862
1.00518053
1.00852654
1.01074782
1.01028458
1.00581558
0.996750457
0.983441647
0.966110612
0.940429728
0.889915233
0.785543047
0.607826394
0.373780634
0.12269966
0.999999858
0.999999911
1.00000064
1.00000198
1.00000052
0.999992618
0.999982949
0.999988653
1.00002851
1.00009718
1.00014145
1.00006605
0.999788326
0.999330572
0.998901741
0.998900284
0.999790058
1.0018616
1.00496514
1.00834629
1.01069577
1.01044263
1.00621965
0.997362744
0.984171833
0.967011387
0.942135271
0.893753502
0.792207825
0.615573231
0.379529264
0.124592805
0.99999986
0.999999897
1.00000058
1.00000195
1.00000079
0.999993287
0.999983315
0.999987187
1.00002419
1.00009183
1.00014114
1.00007913
0.999818929
0.999370359
0.998925497
0.998871185
0.999676094
1.00165784
1.00471086
1.00812563
1.01061747
1.01060392
1.00666568
0.998053833
0.984998376
0.967989906
0.943892197
0.897725718
0.799253844
0.623889911
0.385778385
0.126747886
0.999999863
0.999999886
1.00000052
1.00000191
1.00000105
0.999993969
0.99998377
0.999985858
1.00001987
1.0000861
1.00014003
1.00009145
0.99984983
0.99941251
0.998953666
0.998846718
0.999563558
1.00144875
1.00444293
1.00788508
1.01051863
1.01075134
1.00711125
0.998761807
0.9858523
0.968971437
0.945577257
0.901582584
0.806294836
0.632365143
0.392219908
0.129036863
0.999999866
0.999999876
1.00000046
1.00000187
1.00000127
0.999994619
0.999984278
0.999984739
1.00001584
1.00008039
1.00013824
1.00010218
0.999878839
0.999453964
0.998984132
0.998828479
0.999460232
1.00124883
1.00417992
1.00764143
1.01040681
1.01087668
1.00752935
0.999443501
0.986683572
0.969906518
0.947120369
0.905173889
0.813073906
0.640709093
0.398629802
0.131362481
0.999999869
0.999999868
1.0000004
1.00000182
1.00000146
0.999995212
0.999984802
0.999983844
1.00001223
1.00007498
1.00013597
1.00011112
0.999904919
0.999492825
0.999014987
0.998816311
0.999369736
1.00106655
1.00393414
1.00740738
1.01029002
1.01097822
1.00790541
1.00007196
0.987458994
0.970765433
0.948489652
0.908424146
0.819438606
0.648735533
0.404858498
0.133655991
0.999999871
0.999999862
1.00000035
1.00000177
1.00000162
0.999995733
0.999985308
0.999983155
1.00000912
1.00007005
1.00013346
1.00011831
0.999927595
0.999527909
0.999044622
0.998809184
0.999293073
1.00090612
1.00371302
1.00719187
1.01017558
1.01105813
1.00823366
1.00063265
0.988158538
0.971532137
0.949677635
0.911309467
0.825314315
0.65633889
0.410815766
0.135872025
0.999999874
0.999999856
1.00000031
1.00000173
1.00000175
0.999996177
0.999985772
0.999982639
1.00000652
1.00006575
1.00013096
1.00012391
0.999946681
0.999558458
0.999071747
0.998805757
0.999229778
1.00076897
1.00352039
1.00700062
1.01006947
1.01112037
1.00851392
1.00111987
0.988772146
0.972199942
0.950690982
0.913838317
0.830680519
0.663473206
0.416456632
0.137983443
0.999999876
0.999999852
1.00000028
1.00000169
1.00000185
0.999996545
0.999986176
0.999982258
1.0000044
1.00006213
1.00012865
1.0001282
0.999962339
0.999584246
0.999095535
0.998804691
0.999178526
1.00065461
1.00335736
1.00683657
1.00997593
1.01116935
1.0087493
1.00153394
0.989297163
0.972768659
0.951543879
0.916037909
0.835552829
0.670135618
0.421770204
0.139977271
0.999999878
0.999999847
1.00000025
1.00000166
1.00000192
0.999996841
0.999986511
0.999981976
1.00000271
1.00005916
1.00012664
1.00013146
0.999974883
0.999605358
0.999115541
0.998804857
0.999137673
1.00056145
1.00322315
1.00670046
1.00989749
1.01120911
1.00894459
1.00187915
0.989736252
0.973242651
0.952254002
0.917944934
0.839969618
0.676353458
0.426770636
0.141851203
0.99999988
0.999999843
1.00000023
1.00000164
1.00000199
0.999997074
0.999986777
0.999981763
1.0000014
1.00005682
1.000125
1.00013393
0.999984732
0.999622142
0.999131687
0.998805411
0.999105489
1.00048716
1.00311559
1.00659123
1.00983507
1.01124297
1.00910533
1.00216222
0.990095902
0.973629606
0.952840347
0.919599924
0.8439831
0.682175361
0.431490957
0.143611366
0.999999882
0.99999984
1.00000021
1.00000162
1.00000204
0.999997252
0.999986977
0.999981597
1.00000038
1.00005502
1.00012373
1.00013583
0.999992335
0.999635141
0.999144219
0.998805804
0.999080291
1.00042902
1.00303154
1.00650643
1.00978818
1.01127342
1.00923723
1.00239144
0.990385269
0.973939613
0.953322032
0.921043724
0.847652975
0.68766451
0.435978234
0.145270583
0.999999883
0.999999836
1.00000019
1.00000161
1.00000208
0.999997386
0.99998712
0.99998146
0.999999617
1.00005368
1.00012281
1.00013731
0.999998126
0.99964497
0.999153575
0.998805747
0.999060562
1.00038414
1.00296728
1.0064427
1.00975532
1.01130212
1.00934586
1.00257583
0.990615153
0.974184313
0.953717536
0.922315209
0.851041539
0.692892895
0.440289236
0.146846648
0.999999885
0.999999832
1.00000018
1.00000161
1.00000212
0.999997486
0.999987217
0.999981343
0.99999904
1.0000527
1.00012218
1.0001385
1.00000251
0.999652269
0.999160312
0.998805147
0.999044967
1.0003497
1.0029189
1.00639615
1.00973425
1.01133011
1.00943646
1.0027246
0.990797199
0.974376183
0.954044245
0.923449924
0.854210134
0.697936759
0.444486925
0.148360881
0.999999886
0.999999828
1.00000017
1.0000016
1.00000215
0.99999756
0.999987277
0.999981237
0.999998601
1.00005199
1.00012179
1.00013949
1.00000587
0.99965768
0.999165046
0.998804043
0.999032344
1.00032299
1.00288242
1.00636263
1.00972232
1.01135794
1.00951387
1.00284687
0.990943297
0.974527952
0.954318181
0.924479355
0.857216647
0.702873085
0.448637731
0.149837071
0.999999888
0.999999824
1.00000016
1.0000016
1.00000218
0.999997618
0.999987315
0.999981137
0.999998252
1.00005147
1.00012155
1.00014037
1.00000855
0.999661824
0.999168418
0.998802564
0.999021674
1.00030145
1.00285397
1.00633796
1.00971666
1.01138579
1.00958251
1.00295136
0.991065134
0.97465216
0.954553858
0.925430604
0.860113805
0.707776954
0.45280947
0.151300701
0.99999989
0.99999982
1.00000015
1.00000161
1.0000022
0.999997667
0.99998734
0.999981041
0.99999795
1.00005104
1.00012139
1.00014117
1.00001087
0.999665292
0.99917106
0.998800883
0.999012059
1.00028271
1.00282987
1.00631808
1.0097144
1.01141365
1.00964641
1.00304626
0.991173881
0.974760812
0.954764213
0.926326296
0.862947989
0.712719441
0.457068636
0.152775242
0.999999892
0.999999816
1.00000014
1.00000161
1.00000223
0.999997716
0.999987364
0.999980946
0.999997656
1.00005062
1.00012125
1.00014196
1.00001311
0.999668627
0.999173573
0.998799201
0.999002717
1.00026461
1.00280671
1.00629917
1.00971274
1.01144134
1.00970916
1.00313909
0.991279956
0.974865147
0.954960598
0.927184624
0.86575832
0.717765914
0.461481386
0.154286577
0.999999894
0.999999812
1.00000013
1.00000161
1.00000226
0.999997771
0.999987397
0.999980851
0.999997336
1.00005015
1.00012105
1.00014276
1.00001553
0.999672319
0.999176511
0.998797723
0.998992979
1.00024522
1.00278137
1.0062777
1.00970904
1.01146859
1.00977392
1.00323668
0.991392901
0.974975515
0.955152864
0.9280196
0.868576462
0.722975249
0.466111122
0.155858932
0.999999897
0.999999808
1.00000012
1.00000161
1.00000229
0.999997837
0.999987448
0.999980756
0.999996959
1.00004956
1.00012073
1.00014361
1.00001833
0.9996768
0.999180376
0.998796663
0.998982282
1.00022283
1.0027511
1.00625047
1.00970086
1.01149504
1.00984341
1.00334506
0.99152132
0.975101355
0.955349529
0.928841427
0.87142681
0.728400219
0.471020364
0.157517005
0.9999999
0.999999804
1.00000011
1.0000016
1.00000232
0.999997921
0.999987527
0.999980661
0.999996499
1.00004878
1.00012022
1.00014451
1.00002172
0.999682464
0.999185636
0.998796242
0.998970172
1.00019599
1.00271342
1.00621461
1.00968591
1.01152023
1.00991991
1.00346945
0.9916728
0.975251138
0.955557888
0.929656758
0.874326296
0.734086734
0.476269856
0.159284756
0.999999903
0.999999801
1.0000001
1.00000159
1.00000235
0.999998027
0.999987641
0.999980569
0.999995937
1.00004777
1.00011948
1.00014548
1.00002585
0.999689659
0.999192722
0.9987967
0.998956323
1.00016351
1.00266629
1.00616762
1.00966217
1.01154358
1.01000512
1.00361413
0.991853748
0.975432231
0.955784063
0.930468879
0.877283888
0.7400724
0.481918086
0.161185964
0.999999907
0.999999797
1.00000008
1.00000158
1.00000239
0.999998158
0.999987798
0.999980482
0.999995258
1.00004649
1.00011844
1.0001465
1.0000308
0.99969862
0.999201967
0.998798277
0.998940583
1.00012456
1.00260817
1.00610754
1.00962787
1.01156441
1.01010014
1.00378226
0.992069169
0.975650694
0.956033
0.931277942
0.880300216
0.746385181
0.488020814
0.163245012
0.999999911
0.999999794
1.00000006
1.00000156
1.00000243
0.999998317
0.999988001
0.999980406
0.999994459
1.00004492
1.00011708
1.00014754
1.00003661
0.999709479
0.999213607
0.998801212
0.998922992
1.00007875
1.00253808
1.00603296
1.0095816
1.01158192
1.01020535
1.00397575
0.99232247
0.975911084
0.956308497
0.932081357
0.883367517
0.753042176
0.494629586
0.165485356
0.999999915
0.999999792
1.00000004
1.00000153
1.00000247
0.999998502
0.999988255
0.999980346
0.999993543
1.00004304
1.00011536
1.00014856
1.00004325
0.999722274
0.999227785
0.99880574
0.998903766
1.0000261
1.00245568
1.00594312
1.00952234
1.01159519
1.01032042
1.00419516
0.992615292
0.976216245
0.956613198
0.932874284
0.88646983
0.76004847
0.501791242
0.167930206
0.99999992
0.99999979
1.00000002
1.0000015
1.00000251
0.999998715
0.999988561
0.99998031
0.999992524
1.00004087
1.00011327
1.00014949
1.00005063
0.999736936
0.999244536
0.998812071
0.998883294
0.999967052
1.00236127
1.00583794
1.00944956
1.0116033
1.01044428
1.00443958
0.992947289
0.976567013
0.956948478
0.933650187
0.889583369
0.7673957
0.509546467
0.170602378
0.999999925
0.999999789
0.99999999
1.00000146
1.00000255
0.99999895
0.999988918
0.999980307
0.999991421
1.00003843
1.0001108
1.00015028
1.0000586
0.999753285
0.999263767
0.998820365
0.99886211
0.999902508
1.00225588
1.0057182
1.00936334
1.01160538
1.0105751
1.00470653
0.993315863
0.976961809
0.957314191
0.934401385
0.892677171
0.775060432
0.517927825
0.173523987
0.999999931
0.999999789
0.999999962
1.00000141
1.00000258
0.999999204
0.999989322
0.999980342
0.999990265
1.00003576
1.00010797
1.00015086
1.00006697
0.99977102
0.999285229
0.998830686
0.998840868
0.999833815
1.00214134
1.00558565
1.00926459
1.01160081
1.01071039
1.00499184
0.993715857
0.977396145
0.957708222
0.935119604
0.895714155
0.78300254
0.526957159
0.17671578
0.999999937
0.99999979
0.999999933
1.00000136
1.00000261
0.99999947
0.999989764
0.99998042
0.999989091
1.00003294
1.00010486
1.00015117
1.00007547
0.999789683
0.999308446
0.998842931
0.998820296
0.999762819
1.00202043
1.00544328
1.0091553
1.01158939
1.01084705
1.0052895
0.994139276
0.977862102
0.958125906
0.935796473
0.898652824
0.791164061
0.536642706
0.180196206
0.999999944
0.999999792
0.999999903
1.0000013
1.00000264
0.99999974
0.999990231
0.999980541
0.999987941
1.00003005
1.00010154
1.0001512
1.0000838
0.999808633
0.999332668
0.998856752
0.998801126
0.999691817
1.00189695
1.00529542
1.00903879
1.01157165
1.01098156
1.0055918
0.994575149
0.978347951
0.958559394
0.936423936
0.901449825
0.799469366
0.546976715
0.18398071
0.99999995
0.999999794
0.999999873
1.00000124
1.00000266
1.00000001
0.999990707
0.999980701
0.999986856
1.00002721
1.00009815
1.00015094
1.00009165
0.999827115
0.999356899
0.998871523
0.998783979
0.999623426
1.00177554
1.00514778
1.00891981
1.01154903
1.01111028
1.00588946
0.99500963
0.978838028
0.9589971
0.936994485
0.904063277
0.807827133
0.557934209
0.188081907
0.999999957
0.999999797
0.999999844
1.00000119
1.00000267
1.00000025
0.99999117
0.999980885
0.999985875
1.00002454
1.00009487
1.00015047
1.00009871
0.999844296
0.999379913
0.998886301
0.998769281
0.99956044
1.00166162
1.00500736
1.00880463
1.01152412
1.01122964
1.00617192
0.995426197
0.979312792
0.959423211
0.93750096
0.906456226
0.816133552
0.569472309
0.192510641
0.999999964
0.999999801
0.999999818
1.00000113
1.00000268
1.00000048
0.999991595
0.999981074
0.999985032
1.00002218
1.00009191
1.0001499
1.00010472
0.999859296
0.99940031
0.998899859
0.9987572
0.999505688
1.00156119
1.00488233
1.00870099
1.01150073
1.0113364
1.00642752
0.995805816
0.979748924
0.95981726
0.937935863
0.908599713
0.824276335
0.581529763
0.197278286
0.999999971
0.999999804
0.999999794
1.00000108
1.00000269
1.00000067
0.999991952
0.99998124
0.999984358
1.00002028
1.0000895
1.00014938
1.00010945
0.999871178
0.99941652
0.998910697
0.998747677
0.999462081
1.00148086
1.00478209
1.00861818
1.01148389
1.01142757
1.00664342
0.996126778
0.980119188
0.960153603
0.938290027
0.910474729
0.832138501
0.594025167
0.202399775
0.999999977
0.999999807
0.999999773
1.00000104
1.0000027
1.00000081
0.999992205
0.999981346
0.999983883
1.00001899
1.00008793
1.00014913
1.00011262
0.99987886
0.999426703
0.998917029
0.998740557
0.999432859
1.0014282
1.00471751
1.00856713
1.01147984
1.01150019
1.00680517
0.996364143
0.980391939
0.960400808
0.938550702
0.91207275
0.839602693
0.606854257
0.207897639
0.999999983
0.999999809
0.999999757
1.00000102
1.00000271
1.00000089
0.999992317
0.999981355
0.999983641
1.0000185
1.00008752
1.00014935
1.00011393
0.999881119
0.999428801
0.998916894
0.998735749
0.999421809
1.00141189
1.00470108
1.00856039
1.01149576
1.01155084
1.00689606
0.996489044
0.980530532
0.960521115
0.938698702
0.913393902
0.846559919
0.619889515
0.213806268
0.99999999
0.999999808
0.999999746
1.00000102
1.00000273
1.0000009
0.999992254
0.999981235
0.999983671
1.000019
1.00008855
1.0001502
1.000113
0.9998767
0.999420781
0.998908448
0.998733465
0.999433318
1.00144165
1.00474663
1.00861186
1.0115395
1.01157538
1.00689671
0.996468091
0.980492748
0.96046949
0.938701399
0.914437595
0.852934424
0.632994014
0.220172692
0.999999996
0.999999806
0.99999974
1.00000104
1.00000276
1.00000083
0.999992002
0.999980973
0.999984008
1.00002063
1.00009125
1.00015175
1.0001093
0.999864115
0.999400476
0.998890106
0.998734837
0.999473368
1.00152905
1.00486956
1.00873608
1.01161824
1.01156747
1.00678383
0.996261822
0.980227549
0.960186989
0.938485173
0.915163243
0.858753169
0.646031789
0.226945687
1
0.999999802
0.999999738
1.00000108
1.0000028
1.00000067
0.999991509
0.99998055
0.999984798
1.00002377
1.00009604
1.00015391
1.00010153
0.999840633
0.999364602
0.998860356
0.998743236
0.999552546
1.00169161
1.00509025
1.00894909
1.01173554
1.01151214
1.00652259
0.995819761
0.979677264
0.95961879
0.938007576
0.915540396
0.863984585
0.658898985
0.234081334
1.00000001
0.999999798
0.999999741
1.00000115
1.00000284
1.00000038
0.99999072
0.99997998
0.999986269
1.00002889
1.00010329
1.00015622
1.00008763
0.999802628
0.999309634
0.998819008
0.998765437
0.999686512
1.00195204
1.00543222
1.00926601
1.01188907
1.01138425
1.00606539
0.995077806
0.978770964
0.958697938
0.9372188
0.915551125
0.868585377
0.671450885
0.241547166
1.00000001
0.999999791
0.999999752
1.00000125
1.00000289
0.999999913
0.999989572
0.999979335
0.999988801
1.00003659
1.00011326
1.00015753
1.0000643
0.999745322
0.999232151
0.998768579
0.998814142
0.999899065
1.00234062
1.00592235
1.00969823
1.01206503
1.01114127
1.00534489
0.993953701
0.97742373
0.957348206
0.936062572
0.915172841
0.872527996
0.683551588
0.249285546
1.00000002
0.999999782
0.999999773
1.0000014
1.00000292
0.999999195
0.999988013
0.99997879
0.999992991
1.00004766
1.00012586
1.00015547
1.00002624
0.999662247
0.999129413
0.998716665
0.998911895
1.00022622
1.00289739
1.00658951
1.01024794
1.01222946
1.01071343
1.00426522
0.992340373
0.975532423
0.955481902
0.934476011
0.91438146
0.875794099
0.695069821
0.257219617
1.00000002
0.999999772
0.999999808
1.00000158
1.0000029
0.999998139
0.999986018
0.999978695
0.999999727
1.00006293
1.00014028
1.00014564
0.999965432
0.999545641
0.99900193
0.998680779
0.999096873
1.00072043
1.00367223
1.00745878
1.01089699
1.01231407
1.00998961
1.00269045
0.990098641
0.97297251
0.952999684
0.932390679
0.913151116
0.878375654
0.705885268
0.265253684
1.00000002
0.99999976
0.999999861
1.00000182
1.00000278
0.999996633
0.999983636
0.999979674
1.00001023
1.00008301
1.000154
1.00012045
0.999870812
0.999388601
0.998858885
0.998696223
0.999430405
1.00145384
1.00472028
1.00853835
1.01158723
1.01219425
1.0087976
1.00043036
0.987049147
0.969595174
0.949790957
0.929734409
0.911455447
0.880274209
0.715891953
0.273276008
1.00000002
0.999999748
0.999999937
1.00000209
1.00000249
0.99999456
0.999981071
0.999982748
1.00002601
1.00010768
1.00016159
1.00006779
0.999728766
0.99918932
0.998726955
0.998827386
1.00000554
1.00251785
1.00608876
1.009794
1.01218789
1.0116565
1.00687773
0.997223061
0.982963773
0.965225054
0.945735037
0.9264336
0.909268922
0.881499297
0.724997605
0.281158686
1.00000002
0.999999736
1.00000004
1.0000024
1.00000191
0.999991831
0.999978791
0.999989426
1.00004851
1.00013463
1.00015273
0.999970243
0.999526432
0.998961023
0.998665789
0.999182633
1.00095193
1.00400993
1.00778344
1.01110076
1.01244298
1.01035258
1.00385047
0.992717509
0.97755982
0.959661326
0.940704915
0.922417136
0.906569285
0.882067485
0.733122839
0.288758576
1.00000002
0.999999727
1.00000018
1.0000027
1.00000093
0.999988441
0.999977664
1.0000017
1.00007838
1.00015757
1.00011027
0.999806522
0.999261086
0.998750576
0.998790088
0.999927102
1.00242505
1.0059913
1.0096987
1.01215986
1.0118935
1.00774097
0.999182574
0.986460903
0.970501113
0.952684703
0.934574884
0.917622312
0.903341047
0.882001917
0.740199527
0.295918171
1.00000002
0.999999721
1.00000035
1.00000295
0.999999397
0.999984559
0.999979087
1.00002174
1.00011394
1.00016355
1.00000945
0.999558593
0.998959716
0.99866716
0.999292351
1.00127735
1.00455517
1.00838894
1.01149022
1.01237089
1.0097755
1.00302446
0.992162497
0.977900532
0.961412293
0.944073623
0.927233282
0.912003065
0.899579932
0.881332219
0.74616793
0.302463721
1.00000001
0.999999722
1.00000054
1.0000031
0.999997206
0.999980633
0.999985009
1.00005111
1.00014879
1.00013065
0.999821651
0.999229503
0.998712199
0.998915839
1.00044619
1.00344263
1.00731416
1.01080638
1.01237252
1.01066242
1.00491286
0.995108458
0.981907468
0.96641538
0.94991477
0.933633257
0.918601441
0.905540578
0.89529814
0.880094954
0.750975967
0.308212201
1.00000001
0.999999729
1.00000077
1.00000307
0.999994305
0.99997749
0.999997728
1.00008933
1.00016907
1.00002818
0.999527517
0.998876627
0.998713913
0.99981252
1.0025435
1.0064522
1.01024641
1.01221771
1.01085296
1.0053226
0.995658959
0.982629661
0.967437476
0.951397577
0.935693077
0.921239825
0.908658825
0.898255692
0.890529924
0.878334898
0.754597004
0.313097526
1.00000001
0.999999745
1.000001
1.0000028
0.999990762
0.999976358
1.00001931
1.00013175
1.00015151
0.99982349
0.999144619
0.998658146
0.99929387
1.0017248
1.00568655
1.00979624
1.01203467
1.01057983
1.00449368
0.993947082
0.97999591
0.964133716
0.947860889
0.932402582
0.918595997
0.906898788
0.897471659
0.890220805
0.885335232
0.876088358
0.756849522
0.316654756
1
0.999999769
1.00000123
1.00000222
0.999986811
0.999978757
1.00005062
1.00016752
1.000065
0.999499886
0.998769575
0.99887198
1.00087078
1.00484846
1.00935079
1.01186089
1.00998884
1.0025535
0.989942021
0.973728085
0.955952781
0.938491223
0.922705979
0.90937212
0.898765409
0.890809356
0.885220622
0.881570661
0.879804822
0.873416869
0.757721007
0.318754003
0.999999999
0.9999998
1.00000143
1.00000131
0.999982857
0.999986202
1.00009008
1.00017876
0.999878748
0.999086574
0.998619418
0.999936248
1.00374877
1.00873847
1.01172996
1.00933922
0.999814931
0.983781869
0.963646096
0.942376837
0.922489306
0.90558834
0.892377287
0.882892604
0.876758478
0.873409413
0.872209639
0.872498205
0.874049839
0.870373586
0.757179181
0.319329726
0.999999996
0.999999837
1.00000159
1.0000001
0.99997944
0.999999737
1.00013272
1.00014285
0.999578393
0.998691643
0.999034037
1.00223822
1.00769129
1.01165604
1.00916975
0.997196293
0.976391598
0.950388785
0.923678837
0.899823873
0.880789167
0.867152096
0.858596675
0.854383188
0.853593584
0.855355592
0.858859519
0.863283143
0.868263291
0.867027606
0.754970356
0.317956814
0.999999994
0.999999877
1.00000169
0.999998639
0.999977125
1.00001942
1.0001702
1.00003892
0.999185991
0.99851377
1.00038694
1.00581436
1.01138049
1.01014757
0.996468889
0.97016028
0.936373506
0.902059698
0.872517562
0.850212004
0.835405089
0.827252653
0.824520352
0.826021518
0.830754692
0.837699788
0.84588564
0.854370237
0.86268293
0.86342424
0.750849792
0.314338042
0.999999993
0.999999917
1.00000174
0.999997049
0.999976356
1.00004402
1.00019263
0.99985765
0.998771978
0.998799275
1.00288059
1.00997588
1.0122083
0.999708648
0.969066138
0.926393105
0.882413546
0.845552191
0.819091686
0.802537743
0.794028882
0.791722069
0.7943254
0.800842076
0.810310586
0.821735878
0.834069794
0.846227704
0.857569435
0.859569519
0.744423923
0.308097701
0.999999992
0.999999956
1.00000172
0.999995457
0.999977306
1.00007107
1.0001919
0.999610201
0.998442476
0.999727502
1.00630257
1.01323647
1.00713026
0.977327812
0.927200893
0.871950352
0.826025281
0.794829166
0.776610689
0.76751663
0.764574546
0.766338539
0.772121951
0.781533093
0.794015601
0.808642538
0.824202376
0.83936328
0.85319516
0.855388836
0.735110218
0.2988148
0.999999992
0.99999999
1.00000166
0.999993985
0.999979788
1.00009748
1.00016573
0.999330168
0.998293249
1.00125997
1.0099463
1.01399167
0.994964405
0.945318255
0.879452832
0.82130706
0.783545696
0.763384133
0.753932503
0.750319891
0.750282471
0.753071818
0.759182449
0.769169929
0.782881103
0.79932858
0.817011949
0.834296763
0.849858851
0.85061683
0.721879269
0.285874095
0.999999992
1.00000002
1.00000157
0.999992726
0.999983262
1.00012038
1.00012047
0.999065192
0.998345519
1.00304894
1.01289134
1.01193517
0.979061168
0.913382891
0.840806071
0.789353793
0.763902666
0.752253748
0.746958952
0.745683509
0.746042815
0.748194603
0.753563912
0.76323887
0.777235891
0.794479318
0.813234706
0.83158964
0.84765999
0.844639515
0.702998934
0.268117404
0.999999992
1.00000004
1.00000147
0.999991733
0.999986917
1.00013783
1.0000711
0.998862523
0.998506351
1.00449745
1.01452654
1.00912148
0.967564357
0.895325583
0.824176653
0.780311027
0.761316404
0.751199456
0.745748931
0.745124598
0.745235575
0.747613713
0.753264047
0.763217241
0.77741006
0.794719296
0.813398539
0.831718854
0.847187487
0.835612822
0.675102206
0.245999284
0.999999993
1.00000006
1.00000138
0.999991048
0.999989743
1.00014853
1.00003848
0.998761061
0.998600268
1.00495021
1.01474453
1.00893995
0.969136436
0.901521052
0.834368119
0.790200656
0.768864362
0.758275917
0.751712073
0.749390207
0.750544636
0.75411847
0.760972386
0.771418621
0.785150195
0.80121432
0.818603063
0.836401925
0.848583198
0.817588215
0.631085974
0.218486109
0.999999993
1.00000007
1.00000133
0.999990723
0.999990661
1.0001507
1.0000454
0.998803665
0.998480112
1.00384591
1.01329912
1.0128427
0.986390506
0.933339563
0.871663541
0.822390068
0.793713878
0.780264012
0.773269441
0.768577945
0.767076726
0.770300936
0.776540394
0.786061241
0.798469828
0.813578344
0.830713868
0.846228507
0.844090358
0.776836386
0.562295948
0.183610004
0.999999993
1.00000007
1.00000133
0.999990992
0.9999883
1.00013731
1.00011979
0.999089051
0.998137958
1.00117318
1.00950844
1.01616142
1.00906592
0.981159943
0.936700206
0.888122686
0.847836792
0.82241569
0.81199437
0.812718535
0.81938384
0.827481524
0.835523654
0.842520999
0.851743371
0.860269193
0.863842808
0.852133212
0.803616658
0.682435559
0.453708114
0.138375021
0.999999993
1.00000006
1.00000139
0.999992811
0.999979671
1.00009742
1.0002219
0.999595892
0.998241985
0.998465988
1.00304578
1.01144391
1.01865633
1.01809214
1.00549245
0.980679979
0.946663362
0.907643078
0.867440209
0.828843423
0.793619588
0.762762442
0.73657566
0.713812077
0.689713833
0.66261614
0.628332333
0.580109704
0.507623329
0.398583432
0.246628608
0.0713711128
0.999999993
1.00000001
1.00000143
0.999996657
0.99997358
1.00003197
1.00023258
1.000135
0.999171799
0.997797234
0.997704177
1.00061184
1.00695214
1.01562488
1.02470854
1.03233309
1.03715698
1.03838815
1.03555072
1.0281936
1.01563201
0.996732478
0.969725509
0.932041722
0.880211458
0.809988423
0.717097865
0.598720233
0.456291775
0.299454489
0.149339251
0.0332153015
0.999999995
0.999999943
1.00000109
1.00000122
0.999979374
0.999971126
1.00010323
1.00032333
1.00024179
0.999473479
0.998063462
0.996517095
0.995503103
0.995558009
0.996974579
0.9998496
1.00418944
1.00999813
1.01731945
1.02622836
1.03676433
1.04877916
1.0616425
1.07371239
1.08145418
1.07812889
1.05218525
0.986108478
0.857777531
0.648459164
0.363999218
0.0734940786
0.999999999
0.999999923
1.00000034
1.00000339
0.999995829
0.999961893
0.999957872
1.00008124
1.00033348
1.00058111
1.00064862
1.00041856
0.999863504
0.999024314
0.997976472
0.996809939
0.995629165
0.994571523
0.993842671
0.993769974
0.994874463
0.997950694
1.00411049
1.01467124
1.03062343
1.05118661
1.07073568
1.07346105
1.02665972
0.878113181
0.574092305
0.137661417
1
0.999999971
0.999999757
1.00000156
1.00000601
0.999996927
0.999959637
0.999913655
0.999901604
0.999954834
1.00007759
1.00025278
1.00045362
1.00065096
1.00081473
1.00091152
1.00090058
1.00073053
1.00034057
0.999673944
0.998720113
0.99761563
0.996845285
0.99756921
1.00199413
1.01336404
1.03443231
1.06206569
1.07488491
1.01395026
0.770912906
0.25117156
1
1.00000001
0.999999874
0.999999392
1.00000137
1.00000823
1.00001433
1.00001006
0.999990772
0.999958716
0.999920055
0.999881774
0.999850403
0.999832055
0.999832908
0.999859474
0.999918008
1.00001197
1.00013563
1.000261
1.00031609
1.00016078
0.99959496
0.998498793
0.997297116
0.997924928
1.00498039
1.02494493
1.05749115
1.06910101
0.942763997
0.446253091
1
0.999999998
1.00000005
1.00000003
0.999999154
0.999997751
0.999997694
1.00000043
1.00000591
1.00001302
1.00002039
1.00002674
1.00003094
1.0000319
1.00002849
1.00001957
1.00000434
0.999983239
0.999960231
0.999946629
0.999965416
1.00004795
1.00020173
1.00032241
1.00008982
0.999126618
0.998030174
1.00054298
1.01467071
1.04431075
1.04582447
0.770400674
)
;

boundaryField
{
    inner_wall
    {
        type            zeroGradient;
    }
    outer_wall
    {
        type            fixedValue;
        value           uniform 0;
    }
    top
    {
        type            fixedValue;
        value           uniform 1;
    }
    bottom
    {
        type            inletOutlet;
        inletValue      uniform 0;
        value           nonuniform List<scalar> 
32
(
0
0
0
0
0
0
0
0
0
0
-0.0081916991
-0.0184299994
-0.0375131485
-0.0524393146
-0.0157891906
0.143533636
0.433827432
0.746603443
0.959136815
1.03533394
1.02864893
1.00650002
0.997222876
0.997935542
1.00161477
1.00593947
1.00793752
1.0019675
0.978394171
0.897920189
0.675215048
0.260131033
)
;
    }
    front
    {
        type            wedge;
    }
    back
    {
        type            wedge;
    }
}


// ************************************************************************* //
