/*--------------------------------*- C++ -*----------------------------------*\
| =========                 |                                                 |
| \\      /  F ield         | OpenFOAM: The Open Source CFD Toolbox           |
|  \\    /   O peration     | Version:  2506                                  |
|   \\  /    A nd           | Website:  www.openfoam.com                      |
|    \\/     M anipulation  |                                                 |
\*---------------------------------------------------------------------------*/
FoamFile
{
    version     2.0;
    format      ascii;
    arch        "LSB;label=32;scalar=64";
    class       volScalarField;
    location    "59";
    object      C;
}
// * * * * * * * * * * * * * * * * * * * * * * * * * * * * * * * * * * * * * //

dimensions      [0 0 0 0 0 0 0];

internalField   nonuniform List<scalar> 
3072
(
-4.41484554e-08
-1.52304617e-07
4.47066649e-07
2.41342195e-06
-1.67705297e-05
-2.6708425e-05
6.08123695e-05
0.000188145452
0.0001713848
-3.94463137e-05
-0.000290827879
-0.000431287311
-0.000453243897
-0.000421546696
-0.000379284277
-0.000353524463
-0.000379961755
-0.000507677109
-0.000720611743
-0.000792677745
-0.000183315202
0.00145458258
0.00455095609
0.00991806824
0.017549101
0.0262032395
0.0353033423
0.0457755473
0.0572069004
0.0653864282
0.0649502675
0.04851678
9.17643257e-08
5.45625733e-07
1.1168894e-06
-1.80286259e-05
2.92077963e-05
0.000190567591
8.40199641e-05
-0.000517918154
-0.00114694278
-0.00119994074
-0.000608255661
0.000268683606
0.00109950005
0.00175493992
0.00218757458
0.00231105998
0.00216837198
0.00194913302
0.00208003571
0.00289296865
0.00481892271
0.00864173932
0.014758314
0.022707225
0.030786891
0.0371283807
0.0412596457
0.0447015397
0.0485377732
0.0516679115
0.0563890615
0.059381179
-7.52860291e-08
8.15977094e-07
-1.01992807e-05
2.12167569e-05
0.00016775828
-0.000226301803
-0.00116307978
-0.0010703282
0.000895964261
0.00360652797
0.00541595362
0.00552928842
0.00394866551
0.000974160619
-0.00248024
-0.00483633815
-0.00507362303
-0.00276123734
0.00158272204
0.00738135818
0.0139129265
0.0207240231
0.0276494753
0.0339626367
0.039292787
0.0438689769
0.048721284
0.0547569934
0.0610677313
0.066248689
0.0676906854
0.0516207306
-1.36559084e-06
-5.5102977e-06
1.88674346e-07
0.0001183594
-0.000234773486
-0.00124717997
-0.000101243456
0.00444791681
0.0086191924
0.00791615454
0.0013718218
-0.0085247744
-0.0173209861
-0.0196133005
-0.0124178622
0.00171693027
0.0182516545
0.0332566109
0.0442593456
0.0506940741
0.053531645
0.0545546523
0.0554046223
0.0572364537
0.0603510889
0.0648355233
0.071625091
0.0806443142
0.0896003705
0.0939546712
0.0839057546
0.0454713016
3.81144391e-06
5.17760531e-06
6.64782356e-05
-8.66060212e-05
-0.00105750597
3.74341826e-05
0.0061575385
0.011505777
0.00749110113
-0.00628970548
-0.0212636173
-0.0254103986
-0.0100111853
0.0217153263
0.0559529028
0.0813794916
0.0947408245
0.097432625
0.0933528883
0.0869539455
0.0815150795
0.0785998716
0.0792333643
0.083855249
0.0908216647
0.0971925216
0.104685552
0.117135035
0.131711619
0.135493077
0.110179751
0.0511509737
2.51893874e-05
4.80302493e-05
-9.1791032e-06
-0.000722551542
-0.000570829799
0.00521411797
0.0128578159
0.00964634364
-0.0071702391
-0.0237326743
-0.0209831836
0.0105888957
0.0603269321
0.104062262
0.124764096
0.122455863
0.107080748
0.0906264563
0.0828585881
0.0877964721
0.101952017
0.118950906
0.134788973
0.14987509
0.162734893
0.167833211
0.169400218
0.176666937
0.193793099
0.195662383
0.14882015
0.0633499929
4.3708426e-05
1.35900421e-05
-0.000420829362
-0.000957088473
0.00264443885
0.0116909355
0.0136569808
-0.00117901842
-0.0199424896
-0.0178629615
0.0182099168
0.0764524845
0.126202707
0.143603946
0.127763479
0.0965805204
0.0704048389
0.065523713
0.0896523251
0.13798879
0.194693639
0.245592242
0.285929905
0.310249399
0.313164425
0.306292548
0.298927684
0.289545715
0.276525688
0.244386177
0.181841125
0.0872461564
1.65012493e-05
-0.000219868833
-0.000896846127
0.000302885815
0.00786619643
0.0155165404
0.00786975026
-0.011773001
-0.0172505686
0.0124593104
0.0716533673
0.129955106
0.155553552
0.137282924
0.0943644346
0.0561647512
0.0456835647
0.0783080689
0.156484987
0.261325333
0.356490093
0.411015142
0.4128383
0.374122234
0.322803199
0.286713018
0.268074584
0.263231372
0.251160088
0.220650505
0.179360926
0.0999479056
-7.06070063e-05
-0.000601720337
-0.000889857093
0.00324771082
0.0129464958
0.0150272542
-0.000103182799
-0.0142039662
0.00104993629
0.0522365571
0.117214133
0.16005677
0.156533784
0.114344831
0.0652250254
0.0362601986
0.0418980673
0.0906528779
0.179605636
0.286240036
0.379483186
0.434324812
0.441465946
0.40810128
0.362733275
0.32686104
0.283726522
0.245752124
0.218469169
0.195793955
0.164826232
0.0887268556
-0.000185932879
-0.000963668502
-0.000117498268
0.00708442557
0.0162039511
0.011452948
-0.00548107763
-0.00692996934
0.0276294711
0.0898816757
0.149322959
0.171154085
0.144328223
0.0922494144
0.0478832461
0.028754601
0.0413827605
0.0910362285
0.175378997
0.273998757
0.359063654
0.415807319
0.443112221
0.449795846
0.439805603
0.399948773
0.328788497
0.265303106
0.221863211
0.187485395
0.150967877
0.0783309139
-0.000281458357
-0.00119331785
0.00125173149
0.0108118576
0.017328023
0.00714211976
-0.00616915715
0.00694465017
0.0552298857
0.120192059
0.168004572
0.169040138
0.126422803
0.0726897268
0.0356633328
0.0256449945
0.0520046369
0.128400418
0.250213928
0.370493904
0.437264976
0.44393807
0.420459987
0.389601644
0.350644509
0.296142071
0.233653585
0.190436465
0.17030556
0.158974709
0.140601801
0.0827699452
-0.000322720377
-0.00130080265
0.00281011048
0.0138451146
0.017041958
0.0038304501
-0.00289899298
0.0227546883
0.0785576931
0.140395918
0.174363174
0.158735547
0.108543925
0.0586152676
0.0288966086
0.0251566497
0.0601302446
0.148378779
0.277740984
0.396503857
0.451449365
0.435391705
0.382689342
0.331661095
0.288993038
0.254741338
0.226783383
0.200608959
0.170819552
0.160150719
0.158079201
0.108638923
-0.000300631218
-0.00137079108
0.00416541867
0.0161100969
0.0163644913
0.0020667177
0.00199058074
0.0360868736
0.0939093878
0.149212501
0.170842023
0.145582489
0.0953896791
0.0520832816
0.0278811951
0.024174456
0.0500335238
0.119025073
0.230205872
0.350052769
0.429258256
0.456698944
0.448634826
0.423328933
0.40042302
0.387115413
0.371746361
0.326839452
0.257434199
0.199899163
0.185773583
0.143531374
-0.00021985779
-0.00148447323
0.00502535001
0.0178372519
0.0161384732
0.00154729846
0.00589925473
0.0436203732
0.0991335809
0.146893902
0.160737245
0.133831449
0.0888068487
0.0517149928
0.0302565235
0.0231843082
0.036456375
0.0902991377
0.200212125
0.333385744
0.421708325
0.446511717
0.437113693
0.420664268
0.406184816
0.395080527
0.375835223
0.311491478
0.22977791
0.202279057
0.190427918
0.115039287
-0.000134344524
-0.00166593032
0.0051003556
0.0192418798
0.0171205699
0.00176192636
0.00678876309
0.0433377541
0.0932310369
0.134093026
0.146275129
0.125354003
0.0887908966
0.0559681702
0.0342969021
0.0226789264
0.0192625137
0.0389788167
0.114645088
0.251717251
0.389677214
0.448100815
0.419903102
0.36495798
0.31988182
0.285585225
0.254364925
0.22351297
0.202098129
0.198627353
0.180654717
0.100921002
0.000111460562
-0.00191497955
0.00425584079
0.0200895161
0.0199199924
0.00323878001
0.0040322763
0.0347052723
0.0770882615
0.112032558
0.126422347
0.115377231
0.0885726431
0.0590365343
0.0363652271
0.0240920636
0.0170157291
0.029900136
0.113381291
0.278413243
0.426457269
0.454218731
0.391728066
0.329327448
0.289525399
0.260645617
0.240533894
0.230875657
0.228060861
0.221640797
0.194147463
0.117107705
-0.000197941213
-0.00208615343
0.00275961368
0.0196621144
0.0240040689
0.00765649711
0.000584417232
0.0200040738
0.0527668182
0.0820292346
0.0984938498
0.0978671727
0.0825133831
0.0588826865
0.0365418621
0.0258448796
0.0214888539
0.0171963366
0.0454648603
0.156303761
0.326502577
0.450456714
0.462852435
0.407581661
0.361773632
0.338790944
0.335049924
0.340656463
0.344476356
0.332538793
0.287715824
0.173057462
0.000399788691
-0.00254912583
0.00124831535
0.0178140059
0.0277106956
0.0157766237
0.0018998221
0.00630546924
0.0256353336
0.0475110006
0.0633627683
0.0688652541
0.0638176634
0.0499887473
0.0328140453
0.0236107148
0.0245475593
0.022453442
0.0164495943
0.0454516631
0.149958883
0.302272946
0.423743821
0.47478372
0.482648547
0.482848075
0.482071253
0.475214206
0.455220004
0.416106627
0.34540263
0.200554949
0.00391328406
-0.00209647359
-0.0011054525
0.0136282804
0.0283249384
0.0252183451
0.0113367034
0.00348545884
0.00709086096
0.0174209947
0.0280450153
0.0343264768
0.0346135587
0.0301464446
0.0241393739
0.0202454908
0.0211010725
0.0256029805
0.0252737268
0.0159651516
0.0164299943
0.0629500697
0.168968733
0.303434937
0.421895981
0.498277417
0.530070279
0.528430877
0.500941645
0.441642814
0.343599699
0.19029041
-0.0221466138
-0.00181980406
0.00146222483
0.0108093447
0.0248931242
0.0301659495
0.0237413263
0.0134709825
0.00662754003
0.00498003038
0.00661411276
0.0092928912
0.011804523
0.0138725693
0.0156360058
0.0175566392
0.0199467943
0.0222546365
0.0226174541
0.0179909371
0.0196517526
0.0679928434
0.187034343
0.338312139
0.460555925
0.524337901
0.536664167
0.513853039
0.467698152
0.40463179
0.319743416
0.177032109
0.023596039
-0.0174736217
-0.0116828931
0.00377441899
0.0207317048
0.0332811074
0.0377202253
0.0352543847
0.0297475554
0.0244788262
0.0209543363
0.019107652
0.0184790079
0.0183633209
0.018238008
0.0180265347
0.0180396859
0.0185889479
0.0189916132
0.0176895038
0.0161035975
0.0246423462
0.065009249
0.161094327
0.30844371
0.450406179
0.529934307
0.553203553
0.546572956
0.503003897
0.409152012
0.252058454
0.3368218
0.0953589925
-0.00610039213
-0.032547548
-0.029499151
-0.0167766291
-0.00318379475
0.00755855543
0.0146908392
0.0189889754
0.0212092429
0.0215461442
0.0202135529
0.017879698
0.0157904633
0.0150686101
0.0162383026
0.0188360839
0.0211264062
0.0218491478
0.0254824103
0.0470343158
0.107318931
0.215046796
0.349662241
0.467708721
0.536121612
0.558837968
0.564067924
0.545710741
0.451228244
0.260952129
0.574398806
0.444261688
0.318751268
0.223625792
0.155551229
0.107845685
0.0749061467
0.0526575239
0.0380259763
0.0287555335
0.0237402863
0.0225738271
0.0249587246
0.0302059505
0.0370698022
0.0442105297
0.0502076052
0.053270284
0.0524674837
0.0518282955
0.0643775497
0.109685158
0.200596652
0.325612637
0.446953477
0.526376549
0.558043359
0.566869214
0.571726486
0.560046136
0.464332247
0.223450912
0.56412299
0.544898989
0.53157995
0.519719919
0.504720558
0.484632211
0.45960211
0.430534333
0.398469051
0.364991655
0.332004391
0.3013413
0.273555588
0.248428494
0.225201033
0.202274905
0.177520316
0.150386175
0.126988954
0.123206674
0.157664915
0.237652151
0.348842102
0.456873971
0.527340626
0.554662906
0.564148361
0.572180903
0.57769793
0.57536391
0.503437728
0.217616526
0.542234506
0.530519173
0.527837209
0.525851468
0.523676131
0.522199453
0.521314221
0.521108631
0.521800717
0.522150783
0.518499446
0.506093656
0.481823514
0.445132293
0.39706755
0.340134077
0.280308384
0.23118595
0.213936594
0.24845601
0.335096086
0.440550211
0.51534759
0.541847403
0.546434102
0.555472598
0.568821426
0.577542444
0.581328296
0.583725912
0.550051709
0.284575838
0.531124168
0.531594399
0.527543081
0.51707846
0.509050801
0.505723257
0.504829989
0.505283878
0.509485151
0.516913428
0.524960171
0.526523971
0.506657011
0.454393305
0.375236133
0.297516505
0.269420731
0.32848663
0.438243463
0.510641136
0.522361335
0.51837999
0.524443253
0.534747582
0.547238783
0.562750783
0.574415082
0.578331842
0.580428497
0.579376607
0.54615223
0.318549678
0.527537376
0.532604575
0.51814794
0.503165561
0.499938766
0.502955398
0.506997958
0.50907823
0.518610612
0.528564954
0.505812922
0.44660652
0.387863033
0.373846445
0.411166502
0.45900958
0.485546638
0.496719717
0.504256646
0.506314108
0.505002979
0.509110848
0.522169265
0.540452801
0.55830425
0.57066803
0.573782603
0.568745179
0.560992781
0.546718518
0.495784866
0.296367172
0.527201172
0.5305151
0.508688286
0.499300882
0.503105843
0.505967481
0.505509712
0.49307113
0.468184499
0.449298248
0.446608746
0.455418808
0.471547334
0.489490761
0.500494116
0.499489958
0.490736437
0.482671137
0.480796278
0.486330095
0.49831009
0.515016398
0.53451602
0.554211564
0.570520824
0.579336647
0.576773944
0.560325026
0.529939365
0.485470242
0.413190364
0.240065459
0.527868128
0.52710556
0.504657037
0.500948372
0.503417536
0.497402851
0.488570368
0.486356662
0.491891612
0.499805197
0.50591794
0.50814312
0.504796226
0.496832099
0.487408829
0.479945337
0.476192459
0.476429894
0.480834352
0.489840423
0.503605416
0.521531613
0.542095024
0.563031238
0.581820321
0.59594194
0.60203707
0.593781334
0.560145808
0.486853591
0.361169255
0.16967742
0.528247256
0.525251295
0.503165809
0.50240466
0.508666053
0.513229764
0.519634318
0.52584342
0.528264925
0.526134196
0.520354974
0.512918018
0.505758011
0.499891455
0.49530645
0.491498552
0.488234217
0.485988913
0.485896259
0.48947715
0.498246158
0.513062167
0.533376474
0.556881468
0.580111285
0.600098637
0.615891673
0.62709067
0.626312981
0.586346166
0.452998606
0.173306555
0.528400347
0.524934608
0.50328846
0.507913749
0.523482481
0.535283124
0.541753824
0.541949409
0.537315003
0.531475787
0.527304459
0.525344428
0.524334398
0.522666466
0.519417513
0.514498254
0.508320635
0.501730663
0.495858355
0.492297995
0.493126013
0.500448612
0.515503433
0.537655862
0.56376403
0.588679676
0.607841272
0.621373553
0.633767721
0.63683467
0.567946513
0.276220607
0.52824779
0.52633983
0.50473169
0.512810381
0.534619775
0.547581283
0.548533573
0.5411482
0.532407107
0.527949704
0.52883798
0.532855944
0.537224289
0.539964707
0.539970225
0.536762903
0.530481599
0.521863723
0.512232939
0.50331686
0.497324957
0.496893241
0.504389598
0.520881193
0.545166101
0.572916903
0.59696132
0.611330742
0.618327522
0.624311951
0.593539
0.359656908
0.527702295
0.52942406
0.506611435
0.513587021
0.539616965
0.554189712
0.550016209
0.534230848
0.518127917
0.509235928
0.508980572
0.51550018
0.525896929
0.536882906
0.54553273
0.549975954
0.548800973
0.54194914
0.531010374
0.518514352
0.507185471
0.500154166
0.500729676
0.511152764
0.531653361
0.559469515
0.58737989
0.604775941
0.606468651
0.60406619
0.593021761
0.40314864
0.526593473
0.533628073
0.510141617
0.510385143
0.537333479
0.557179252
0.554635506
0.535044587
0.510809474
0.491948208
0.483263978
0.485722162
0.497346295
0.514046922
0.531582857
0.546664195
0.556213478
0.55715718
0.5492693
0.535832907
0.520765218
0.507736842
0.501195536
0.504940696
0.520821197
0.54775435
0.579653112
0.603522135
0.604466983
0.587392714
0.578258059
0.421723977
0.524940364
0.537764462
0.5168953
0.506645079
0.527463579
0.55304649
0.559929908
0.54631606
0.522035039
0.497419392
0.48038725
0.475330574
0.48175388
0.49531196
0.511981126
0.530282012
0.549101465
0.562065695
0.562677114
0.552366139
0.536570986
0.519439945
0.506173223
0.50211116
0.51122866
0.534895135
0.569493756
0.602877932
0.613219509
0.587079231
0.558669633
0.444078984
0.523020597
0.540158441
0.526773492
0.507623688
0.515220898
0.538818119
0.556608852
0.55612691
0.541374654
0.520519695
0.501611017
0.491583459
0.492841719
0.500632587
0.508336875
0.51694024
0.533537677
0.555514036
0.567726438
0.564520049
0.551506302
0.533332025
0.515445763
0.503994591
0.504717577
0.521851897
0.555476401
0.597058655
0.623683197
0.601623232
0.536089031
0.440969474
0.521413486
0.539473787
0.537895655
0.514826945
0.509921706
0.521366314
0.540718502
0.552561544
0.551321765
0.540813394
0.527072481
0.516733961
0.515031345
0.520655237
0.523669723
0.519197625
0.521070254
0.542050954
0.56379927
0.56994596
0.562697877
0.546553058
0.526967697
0.510218127
0.502797128
0.511122241
0.539390855
0.584413523
0.627219349
0.622140507
0.52238879
0.401164357
0.520612078
0.536112874
0.546211722
0.526401474
0.513895279
0.513579138
0.522992844
0.536602578
0.545131271
0.545833304
0.54110179
0.535451755
0.533764738
0.538018099
0.542186884
0.533569161
0.518928847
0.52880881
0.553037514
0.567723867
0.568067342
0.556516739
0.538087244
0.51885988
0.505293117
0.504600931
0.524141687
0.566739588
0.62047288
0.639706986
0.531115738
0.348435527
0.52044611
0.532295857
0.54862087
0.538685388
0.522825359
0.516799572
0.517018767
0.523267993
0.531886298
0.538487589
0.541668682
0.542877462
0.544839615
0.549152857
0.553318001
0.54719605
0.525646285
0.521491587
0.539565686
0.558556098
0.566334845
0.56110303
0.546295782
0.527395624
0.510524887
0.502638883
0.512273722
0.547428761
0.604915197
0.648590653
0.563839663
0.32032825
0.52092459
0.529414757
0.546140289
0.547554112
0.532889462
0.523810699
0.521001668
0.521881594
0.525871713
0.531637
0.537622046
0.543274812
0.548961939
0.55470359
0.558604116
0.552950274
0.534530239
0.521767743
0.528344145
0.545297268
0.557677269
0.558960454
0.54952844
0.533416938
0.516077776
0.503926393
0.504968793
0.529868401
0.584271853
0.646427274
0.606397546
0.330711665
0.522321847
0.527349889
0.541252608
0.550783862
0.541741894
0.53056805
0.52643632
0.526794212
0.529070238
0.532762829
0.537799518
0.543864949
0.550371157
0.55622642
0.559317035
0.554412798
0.539779844
0.525553192
0.523273067
0.532785938
0.544762441
0.550364073
0.546508553
0.534909523
0.519557902
0.506123834
0.501673823
0.516556306
0.562857986
0.634418318
0.641327183
0.359566076
0.525265947
0.525373932
0.534936898
0.547706199
0.547409799
0.537518318
0.530784959
0.530180839
0.532962195
0.536868749
0.541271132
0.546128363
0.551082685
0.555132489
0.556477578
0.552199077
0.541497715
0.529275215
0.522957595
0.525428146
0.532720593
0.538221809
0.537776416
0.530843092
0.51919446
0.506892036
0.500362079
0.508257236
0.544629488
0.616915917
0.66022693
0.385715783
0.530746462
0.523228612
0.527631364
0.536403422
0.544005383
0.542760972
0.537504535
0.534244389
0.534546841
0.53725086
0.540921414
0.544669882
0.547907026
0.549960851
0.549843877
0.546387414
0.539368235
0.53100286
0.524836598
0.523047365
0.524626889
0.526513949
0.526129707
0.522256144
0.514605519
0.505004562
0.498835579
0.503565298
0.531715886
0.599553912
0.664172531
0.415837174
0.540556802
0.52218202
0.522210931
0.522656252
0.526107356
0.529971612
0.5319109
0.532326469
0.532625225
0.533651046
0.535429722
0.537531324
0.539396007
0.540468912
0.540224678
0.538248479
0.534555593
0.529756239
0.525055936
0.521321188
0.518524457
0.51621824
0.514098727
0.511510322
0.507062452
0.500700367
0.496478223
0.500875187
0.523539441
0.584992304
0.661198628
0.459406507
0.555696767
0.530946867
0.523382018
0.520904102
0.518697159
0.516392489
0.51464696
0.513962514
0.51400534
0.514701761
0.51600827
0.51773778
0.519562282
0.521090333
0.521947362
0.521850299
0.520664111
0.518451346
0.515576304
0.511985499
0.507911933
0.504417975
0.502349216
0.501159791
0.499067831
0.495547855
0.494061546
0.500107124
0.520243529
0.575279272
0.656254558
0.500180733
0.566485641
0.584667912
0.597927803
0.602992669
0.601725337
0.596303558
0.587611925
0.575792434
0.561054907
0.544813952
0.529852998
0.517389826
0.507838124
0.501079744
0.496664553
0.493983918
0.492416831
0.491456799
0.490679941
0.490272062
0.490638365
0.491936428
0.493787301
0.494885278
0.494216119
0.492731149
0.49428679
0.502950918
0.522168797
0.571718397
0.653197361
0.514845046
0.659672613
0.686403048
0.685569492
0.672949325
0.660668974
0.65312709
0.650128374
0.650269362
0.652549627
0.654761472
0.65381314
0.646995333
0.634630125
0.618457878
0.600494669
0.582481569
0.565669017
0.550791146
0.538125053
0.527693527
0.519347619
0.512658418
0.507082995
0.502477456
0.499216518
0.498748793
0.503396297
0.513922382
0.531043287
0.575130379
0.654291449
0.498416882
0.739054102
0.693377289
0.64935162
0.614925595
0.596696132
0.587529917
0.582504995
0.581117845
0.583973324
0.591291127
0.602238059
0.617268082
0.632801627
0.645004511
0.651506873
0.651607693
0.645934307
0.63588609
0.623111338
0.609132143
0.595142
0.581901086
0.569847544
0.559398414
0.551195504
0.546226701
0.545152346
0.546365393
0.551522446
0.586560351
0.659871382
0.474257518
0.732669562
0.661575021
0.604640504
0.582106153
0.577394866
0.566064388
0.55153295
0.54174962
0.539260645
0.542918111
0.551164578
0.56272425
0.578514255
0.598124315
0.619006302
0.637916918
0.652170229
0.660290577
0.66207402
0.658281342
0.650206849
0.639291808
0.626886129
0.614197507
0.602333375
0.592246908
0.583796744
0.574969353
0.57123927
0.602837502
0.667520095
0.419265527
0.71667811
0.63896001
0.587025747
0.594409556
0.588686196
0.556174378
0.52942319
0.521620918
0.528827793
0.541719353
0.553698124
0.563724491
0.574055266
0.587376724
0.604563102
0.62394548
0.642870962
0.65878801
0.669881641
0.67531704
0.675178345
0.670219519
0.661543879
0.650351779
0.637812239
0.624799066
0.610787711
0.595238972
0.58902375
0.624229135
0.670920164
0.351664834
0.703982538
0.620360077
0.595481443
0.618994215
0.587293965
0.536115083
0.512487192
0.52150415
0.550506799
0.581615256
0.602506175
0.611465331
0.61468156
0.617843644
0.627144685
0.640052827
0.653625183
0.665929457
0.675701302
0.682047546
0.684451291
0.682804666
0.677354145
0.668562148
0.656910632
0.642475022
0.624649311
0.606989143
0.607868217
0.65448871
0.651716371
0.303939912
0.693956083
0.611941229
0.617155899
0.634983711
0.586324444
0.534153164
0.514747536
0.531152947
0.571862424
0.617122402
0.650868881
0.668106774
0.673463672
0.673765188
0.672594357
0.672809059
0.674725101
0.6781857
0.681999524
0.685157208
0.686647776
0.685601613
0.681323913
0.673281608
0.661141956
0.645187619
0.62849399
0.622129197
0.643038909
0.676538406
0.583757427
0.279311441
0.686409404
0.611268154
0.637481169
0.655302944
0.607995952
0.55610953
0.52723077
0.529650099
0.560610957
0.606487037
0.650731674
0.681537611
0.695826579
0.697968049
0.694949949
0.691700398
0.689067241
0.687700833
0.687322035
0.687158091
0.686209946
0.683455114
0.67807976
0.669811784
0.659500645
0.650062882
0.647323686
0.657243982
0.671352913
0.64126701
0.494265393
0.284812868
0.680927459
0.613957228
0.658141398
0.686641104
0.651222948
0.604407889
0.565178829
0.543202319
0.543861586
0.564996999
0.598978207
0.635826061
0.666874973
0.687423818
0.697391216
0.700064489
0.699983025
0.698737738
0.696868532
0.694510777
0.691420591
0.687340035
0.682264918
0.676720328
0.671872532
0.669049403
0.667728419
0.661029442
0.631400694
0.559254866
0.455828977
0.319693785
0.677853685
0.617744352
0.678544174
0.723959261
0.708716181
0.679192976
0.645569238
0.612607389
0.586162984
0.570142832
0.566368915
0.574240834
0.591018356
0.61257112
0.634357132
0.652424534
0.66442601
0.671491645
0.675560385
0.676915183
0.676102494
0.673427653
0.669091724
0.663177918
0.655376616
0.644487509
0.627945602
0.602462061
0.567664442
0.530502108
0.487004923
0.320319052
0.676807669
0.621539781
0.696184668
0.75850987
0.762561789
0.754834767
0.742166702
0.724412058
0.703082592
0.679436804
0.65488218
0.630878498
0.6089429
0.590441178
0.576494308
0.567849586
0.564596313
0.565152452
0.567574194
0.570986392
0.57318388
0.573405514
0.571903407
0.568510996
0.563114959
0.555691148
0.546492014
0.53609092
0.523600732
0.498457703
0.419838967
0.198049797
0.677769857
0.625123265
0.70869265
0.78020867
0.789127134
0.788525439
0.788577179
0.78853472
0.788605658
0.789013904
0.789668635
0.789860449
0.789135471
0.787068659
0.783300709
0.777534236
0.769532091
0.759143447
0.746402003
0.731790566
0.716950846
0.702253173
0.687090335
0.671272903
0.654466662
0.636014808
0.614449093
0.586381295
0.544363253
0.473434386
0.347637381
0.134614507
0.680551402
0.626286664
0.709966203
0.780777711
0.775145781
0.755182509
0.739554221
0.729132629
0.723942354
0.722152409
0.72242494
0.724467922
0.727990573
0.732950369
0.739348149
0.747181595
0.75643511
0.767056737
0.778941803
0.791912792
0.805700693
0.819912118
0.833901673
0.846631341
0.856635837
0.862028566
0.860428926
0.848213886
0.817667179
0.749819722
0.601266763
0.287580422
0.684943206
0.62582772
0.703063631
0.774993304
0.760493586
0.730703906
0.713047815
0.704907808
0.701804636
0.70026989
0.698811924
0.69719329
0.695612872
0.694335504
0.693911063
0.694638326
0.696712639
0.700283463
0.705532088
0.712720006
0.722222257
0.734540602
0.750240029
0.769689282
0.792489054
0.816636102
0.837835753
0.849585702
0.843251444
0.801803424
0.673308648
0.329658539
0.690801181
0.625284858
0.689750509
0.767572692
0.753486567
0.720623819
0.706944265
0.706495564
0.710020415
0.711881184
0.710026162
0.704741097
0.697699557
0.69110178
0.686318838
0.684057048
0.684358365
0.686855666
0.691046134
0.696477012
0.702843472
0.710088111
0.718618084
0.729613983
0.745102209
0.767070698
0.794865081
0.821390859
0.831772787
0.807714625
0.716928436
0.412148998
0.697311872
0.626619802
0.671235248
0.75790034
0.754246104
0.721471975
0.710959583
0.716629888
0.724073283
0.725141871
0.718000189
0.704538819
0.688141424
0.672223908
0.659905018
0.65297636
0.651919996
0.656050422
0.66406842
0.674598321
0.68648542
0.698753435
0.710469612
0.720957303
0.730693384
0.742568252
0.76167594
0.789964136
0.814010697
0.797598029
0.702645517
0.463831612
0.704049699
0.631716883
0.649601487
0.741998513
0.759462856
0.730461544
0.719207885
0.727068224
0.736980009
0.738022498
0.727514014
0.707581583
0.68242609
0.656514865
0.633466585
0.61689909
0.60925199
0.610990033
0.620584858
0.635505704
0.653442135
0.672914848
0.692912963
0.712058191
0.728296354
0.740235864
0.750476844
0.767638416
0.795888841
0.801434701
0.696122265
0.424782653
0.710887871
0.640537884
0.63008409
0.71512754
0.761882301
0.745430009
0.731543447
0.736788134
0.747987455
0.752552801
0.745579733
0.727752326
0.702260882
0.672477739
0.640821226
0.610461409
0.587548655
0.57739858
0.5809765
0.595275521
0.615761362
0.639077262
0.663904558
0.689912124
0.715842299
0.738281693
0.753133346
0.762066506
0.778410796
0.800200675
0.721144052
0.377752858
0.717259453
0.650754311
0.621103676
0.676377236
0.749147651
0.759344859
0.748893195
0.749272087
0.758367215
0.766055621
0.766538933
0.759288511
0.745461261
0.724538338
0.694756111
0.654053912
0.610412737
0.577796653
0.564297784
0.569561024
0.587326916
0.610918155
0.636697637
0.664220868
0.69405375
0.72504842
0.752114114
0.767625672
0.773220862
0.789765309
0.756405617
0.378778449
0.723303478
0.659574661
0.626538997
0.640608923
0.710580793
0.752796273
0.76148557
0.763839999
0.770332803
0.778321013
0.783458576
0.784312823
0.781671465
0.77646925
0.760469786
0.721940332
0.665734598
0.611731597
0.576715229
0.566322987
0.575434654
0.595204923
0.61914707
0.645199864
0.674110919
0.706726907
0.741198111
0.769945463
0.779820879
0.7806055
0.781970803
0.427254252
0.729517576
0.666897326
0.639991247
0.624938099
0.66285875
0.713521515
0.744825007
0.760646453
0.771181493
0.780232502
0.787351289
0.791745503
0.793262092
0.791593963
0.780437164
0.750023004
0.700154566
0.644598919
0.601526734
0.58073581
0.580680771
0.593865493
0.61330798
0.635945196
0.66203741
0.692718622
0.727682232
0.763901199
0.787879965
0.780549706
0.7928072
0.488762415
0.736930578
0.674991549
0.652169635
0.63078946
0.634262055
0.663302454
0.69576878
0.720385184
0.737178054
0.748649186
0.756065338
0.759616032
0.758927599
0.752843843
0.738326195
0.712526474
0.67768699
0.641414459
0.612820981
0.597601724
0.595949292
0.604217779
0.618364016
0.636403784
0.658674972
0.686364058
0.719280459
0.755513846
0.789872418
0.788737487
0.795668255
0.539265617
0.745443326
0.685637309
0.659394242
0.644499645
0.634285481
0.637404982
0.650656972
0.666161132
0.679124902
0.688038093
0.692727183
0.693222852
0.689437562
0.680973177
0.667962259
0.652089511
0.63581555
0.622126533
0.613466178
0.610802995
0.613584193
0.620583999
0.630987046
0.64500433
0.663684454
0.688100553
0.718198414
0.751924089
0.787559495
0.799111045
0.798328528
0.571559396
0.754295235
0.697974631
0.665067096
0.653029567
0.645572796
0.64063049
0.639616111
0.64160455
0.644527784
0.646758885
0.6474596
0.646359139
0.643563284
0.639343318
0.634745672
0.63071466
0.627858633
0.626575011
0.627045465
0.629287423
0.633315599
0.639355088
0.647986282
0.660115071
0.676713581
0.698396549
0.724950997
0.754645699
0.787553635
0.805077154
0.804822319
0.592852607
0.751797658
0.711390333
0.678247567
0.661499419
0.654209545
0.650370465
0.647923491
0.646425019
0.645607808
0.645163966
0.644865221
0.644636664
0.644537273
0.64475068
0.644933961
0.645113396
0.645505675
0.646392615
0.648099858
0.651000199
0.655519053
0.662130002
0.671327266
0.683563686
0.699146517
0.718111298
0.740176442
0.764125662
0.79139397
0.809865894
0.811144626
0.606513594
0.712848764
0.704094562
0.687936836
0.673855948
0.664462704
0.658811611
0.655493346
0.653581659
0.652578458
0.652228094
0.65232283
0.653065446
0.654374433
0.656218393
0.658843064
0.662273272
0.666509711
0.671569816
0.677492076
0.684332094
0.692155024
0.701031945
0.711035815
0.722233814
0.734676551
0.748385362
0.76346018
0.779502435
0.799094626
0.814697456
0.816550058
0.612328348
0.793585529
0.781155253
0.773518371
0.767827374
0.763413562
0.760241044
0.758196445
0.757185084
0.757182051
0.758121543
0.75987387
0.761967811
0.764157987
0.766283149
0.768240386
0.769977224
0.771487004
0.772798086
0.773987663
0.775120727
0.776268306
0.777522241
0.7790028
0.780867476
0.783325493
0.786654086
0.79135557
0.797606931
0.808736064
0.819720026
0.820607148
0.60971306
0.844739432
0.866578838
0.857720833
0.841119031
0.826984645
0.817270888
0.812024381
0.811150488
0.813732032
0.817993188
0.822275333
0.82571944
0.828201029
0.829950894
0.831224939
0.83215771
0.832654967
0.832556858
0.831693256
0.829989383
0.827448095
0.824163403
0.820331105
0.816254842
0.812353458
0.809169509
0.807528016
0.807986955
0.814516743
0.823100711
0.822840041
0.598606558
0.933896528
0.877443908
0.822266315
0.794514461
0.784220141
0.78554843
0.796477747
0.811886903
0.824202424
0.82883301
0.826615626
0.82120918
0.816048789
0.81324456
0.813654006
0.817466238
0.823352449
0.830111502
0.836575082
0.841618102
0.844349458
0.844290342
0.841458863
0.836349943
0.82984347
0.823098536
0.817591426
0.814494577
0.818826046
0.826092616
0.823154633
0.57591891
0.987759087
0.845588725
0.796375558
0.785225352
0.786503937
0.80179369
0.826943255
0.840074305
0.828006678
0.798958975
0.768742961
0.746695064
0.734545066
0.730836408
0.733956654
0.743049082
0.75819797
0.778199097
0.800454487
0.821580671
0.838323881
0.848479119
0.851423398
0.848095979
0.840540734
0.831314958
0.823098275
0.818072527
0.822415304
0.828908184
0.820883582
0.535448146
0.972866412
0.823918012
0.799909985
0.789122867
0.790553385
0.812858417
0.838291689
0.821475058
0.765629227
0.714339289
0.689381664
0.685575389
0.691960493
0.701352362
0.710676521
0.718849113
0.730907589
0.750305711
0.777031889
0.807090945
0.834190768
0.852694949
0.859953372
0.85690837
0.847092848
0.835013333
0.824857565
0.819549901
0.82625077
0.831381329
0.814647934
0.472254613
0.945938658
0.823037766
0.80988643
0.789349705
0.790599999
0.815501326
0.833879578
0.786742077
0.712038461
0.684152668
0.697093344
0.722013693
0.747539969
0.7691538
0.783613476
0.790045292
0.790559847
0.793560308
0.806142071
0.82778866
0.851026525
0.8670062
0.870806518
0.863199313
0.849005976
0.834207239
0.823332644
0.820068758
0.832249605
0.830703978
0.803424875
0.392668547
0.927355035
0.834004996
0.821163537
0.78950429
0.789710672
0.812914982
0.826978507
0.767364364
0.696265728
0.699802956
0.734195821
0.768351628
0.80568226
0.838898481
0.860229036
0.870089929
0.867027375
0.860492836
0.860564524
0.869163987
0.879896319
0.884256863
0.877917187
0.862654125
0.844180906
0.82842125
0.819879856
0.824113142
0.839671382
0.828839375
0.769843308
0.336795489
0.919013736
0.853552363
0.832724892
0.790340078
0.788270642
0.807991547
0.822537122
0.765140534
0.698353052
0.71385159
0.752947005
0.792562752
0.841750793
0.881675478
0.903198177
0.91164845
0.910347574
0.904897097
0.900740693
0.899305232
0.896588647
0.887682737
0.871331087
0.85089056
0.832116584
0.820582863
0.820939652
0.834488301
0.84527546
0.819010976
0.705875618
0.344873475
0.918354578
0.878761616
0.842898644
0.791792577
0.786917885
0.802249689
0.819284489
0.773386554
0.706558873
0.717261895
0.758205993
0.801401589
0.853581572
0.892504928
0.908943826
0.913181813
0.912761038
0.909125551
0.903654183
0.896112217
0.884730953
0.868508588
0.849247599
0.831443109
0.820488956
0.820659203
0.832500918
0.847225348
0.841639935
0.787537171
0.631197856
0.375886725
0.921978487
0.905522938
0.849849887
0.793088426
0.785709435
0.795848611
0.816851547
0.787869188
0.716762764
0.714715776
0.753662051
0.79325346
0.84339832
0.883351151
0.897893342
0.896687176
0.891232782
0.884525361
0.876526659
0.866329155
0.853596207
0.839614065
0.827543244
0.821451168
0.824381688
0.835842282
0.848764603
0.847824573
0.814432408
0.734601154
0.589006415
0.370871969
0.927665323
0.928001765
0.852075801
0.793464165
0.784720734
0.789855059
0.8120238
0.80461152
0.733075454
0.70950514
0.74262758
0.774982649
0.817264648
0.860429273
0.882025257
0.88259992
0.873941122
0.863368445
0.853120548
0.84359773
0.835386642
0.829998118
0.829382424
0.834547634
0.843721549
0.850777756
0.84536034
0.817053621
0.763454218
0.692350972
0.600772746
0.363774825
0.934828394
0.94112015
0.849471161
0.792525997
0.783476024
0.785199899
0.804437016
0.818657352
0.75807172
0.707494515
0.7289819
0.755584045
0.782789135
0.821875226
0.853713482
0.867141731
0.866709774
0.86024359
0.852808944
0.846897823
0.843677188
0.84355495
0.845859811
0.848114205
0.845665772
0.832669023
0.805335101
0.76685742
0.729110559
0.70056762
0.645513921
0.396464516
0.944761154
0.943860941
0.84357124
0.790357465
0.781652466
0.782445783
0.796268079
0.825297389
0.790254493
0.716228418
0.714380448
0.741190396
0.755089958
0.777424274
0.806943313
0.830479367
0.843249129
0.847704967
0.84773366
0.846107293
0.843993572
0.841102203
0.835919916
0.826206336
0.810169287
0.788480526
0.766343717
0.753048423
0.754799144
0.75751395
0.700413053
0.439334487
0.958554143
0.939517037
0.836767088
0.78731526
0.779509984
0.781701209
0.790917762
0.823483517
0.821646994
0.743158094
0.702598533
0.726018283
0.741627347
0.748347565
0.763094272
0.781489175
0.79704376
0.80731351
0.812503715
0.813630534
0.811434502
0.806174853
0.798011748
0.787754616
0.777715795
0.772070723
0.775704747
0.790644412
0.810668021
0.816385932
0.764301471
0.507162873
0.974372064
0.932667189
0.831058585
0.783848611
0.777852386
0.78303287
0.790389628
0.817910382
0.841412047
0.786787363
0.708671831
0.70415461
0.729966426
0.738314011
0.740785523
0.747132532
0.755700185
0.763598519
0.769204941
0.772096994
0.772601937
0.771529238
0.770153194
0.770226417
0.773708261
0.781966603
0.794641191
0.809243051
0.823038697
0.83471829
0.822508693
0.609398032
0.98797021
0.926935359
0.827504537
0.78061435
0.777409271
0.786365013
0.794213537
0.815089165
0.846527604
0.829096815
0.747612067
0.69403752
0.703609655
0.725159552
0.733967779
0.736299956
0.737971387
0.74035533
0.743181723
0.746012431
0.748708867
0.751472758
0.754685152
0.758608951
0.76304585
0.767223901
0.770480653
0.774399316
0.785991947
0.816276826
0.847284963
0.660853517
0.996300501
0.924651205
0.826596005
0.778476164
0.778036721
0.790771353
0.800456208
0.817282566
0.845138381
0.850386423
0.797596865
0.723157287
0.690035624
0.698109074
0.715417761
0.727736802
0.734395281
0.737609404
0.739172471
0.740198071
0.741264434
0.742483025
0.743538211
0.743783937
0.742485646
0.739358735
0.735604171
0.735705124
0.749870292
0.79309726
0.851886998
0.679664278
0.999782633
0.927022358
0.82885212
0.778076724
0.778542951
0.794374775
0.806611852
0.82175987
0.843985319
0.85547964
0.8294824
0.768875506
0.712412268
0.687956143
0.689958452
0.703563
0.719262059
0.73301225
0.7434191
0.750208988
0.753647251
0.754266045
0.752648091
0.749233437
0.744140866
0.737222837
0.729246606
0.724839519
0.736335321
0.783976845
0.860620325
0.72703185
1.00089947
0.933106316
0.835145521
0.779881534
0.777698005
0.794946325
0.809896175
0.82421999
0.840970434
0.851099258
0.839665219
0.801835217
0.751702429
0.710937189
0.690659295
0.689836866
0.702591245
0.722673041
0.744442197
0.76302862
0.775003802
0.779331166
0.777458382
0.771813444
0.763570871
0.751945867
0.737453868
0.727153783
0.737379401
0.792574538
0.880905766
0.772698078
1.00161168
0.942616963
0.84720558
0.785671281
0.775750786
0.790632234
0.80711557
0.820669493
0.832398422
0.83894787
0.834051121
0.814431951
0.783523577
0.751055872
0.727216028
0.71765492
0.722762288
0.739022886
0.760524392
0.780569204
0.793782396
0.7980412
0.794560083
0.785588149
0.772101972
0.754627209
0.73723051
0.730042628
0.750396113
0.821607295
0.913727212
0.781714774
1.00272698
0.955857302
0.867549552
0.799877318
0.776636752
0.782124943
0.795990424
0.808840028
0.818539221
0.824079651
0.824113076
0.817921517
0.806425746
0.792758762
0.78128663
0.775555843
0.776744604
0.783343587
0.791902732
0.798413003
0.799862242
0.795236962
0.785306979
0.771583046
0.755956708
0.741659499
0.734487137
0.744256969
0.78763503
0.875893829
0.948279789
0.732381725
1.00399062
0.972016459
0.898227612
0.829863561
0.791582039
0.779410794
0.781426302
0.788798652
0.797038301
0.803912167
0.808238017
0.809629673
0.808729591
0.806421195
0.803296902
0.799969402
0.79658817
0.792785549
0.787932833
0.781568385
0.773714445
0.764919584
0.756110996
0.748555326
0.744182035
0.746324189
0.760881978
0.797013016
0.862029396
0.940893914
0.957455647
0.667022364
1.00451035
0.988709758
0.938830685
0.88309426
0.839719758
0.810990208
0.793620644
0.78370579
0.778453188
0.776076852
0.775409549
0.775628104
0.775858341
0.77545597
0.774388828
0.772666417
0.770452221
0.76804837
0.765874831
0.764402372
0.764075341
0.765316164
0.768734359
0.775563054
0.788115136
0.809755804
0.843578312
0.889110685
0.938491163
0.972509006
0.937651066
0.628407789
1.00374125
1.0021705
0.98276224
0.955906571
0.930170492
0.907914747
0.889565104
0.874811678
0.863186305
0.854268302
0.847690898
0.843145724
0.840368083
0.839131694
0.839260735
0.840580577
0.842952727
0.846241876
0.850295304
0.85496368
0.860196767
0.866207752
0.873597387
0.883207307
0.895498064
0.909749126
0.924490137
0.941033842
0.96709946
1.00509058
0.992213965
0.657323725
1.0016101
1.00650951
1.00977024
1.01023549
1.00909337
1.00714152
1.00476456
1.00217247
0.999552494
0.997082213
0.994890536
0.993052762
0.991593172
0.990491305
0.989694935
0.989136329
0.988746289
0.988466346
0.988258409
0.988113395
0.98806319
0.988190948
0.98860096
0.989261305
0.989671723
0.988670606
0.985520386
0.983896387
0.997454827
1.04284227
1.08034411
0.823647405
)
;

boundaryField
{
    inner_wall
    {
        type            zeroGradient;
    }
    outer_wall
    {
        type            fixedValue;
        value           uniform 0;
    }
    top
    {
        type            fixedValue;
        value           uniform 1;
    }
    bottom
    {
        type            inletOutlet;
        inletValue      uniform 0;
        value           nonuniform List<scalar> 
32
(
0
0
0
0
0
0
0
0
0
0
0
0
0
0
0
0
0
0
0
0
-0.000183315202
0.00145458258
0.00455095609
0.00991806824
0.017549101
0.0262032395
0.0353033423
0.0457755473
0.0572069004
0.0653864282
0.0649502675
0.04851678
)
;
    }
    front
    {
        type            wedge;
    }
    back
    {
        type            wedge;
    }
}


// ************************************************************************* //
