/*--------------------------------*- C++ -*----------------------------------*\
| =========                 |                                                 |
| \\      /  F ield         | OpenFOAM: The Open Source CFD Toolbox           |
|  \\    /   O peration     | Version:  2506                                  |
|   \\  /    A nd           | Website:  www.openfoam.com                      |
|    \\/     M anipulation  |                                                 |
\*---------------------------------------------------------------------------*/
// * * * * * * * * * * * * * * * * * * * * * * * * * * * * * * * * * * * * * //
FoamFile
{
    version         2;
    format          ascii;
    arch            "LSB;label=32;scalar=64";
    class           volVectorField;
    location        "57";
    object          U;
}

dimensions      [ 0 1 -1 0 0 0 0 ];

internalField   nonuniform List<vector> 
3072
(
(0.00709774 1.05402 0.158175)
(-0.0112995 0.140264 0.139493)
(0.001877 0.0163658 0.154662)
(-0.00488662 0.00180011 0.149228)
(-0.00452811 0.000166755 0.147868)
(-0.00558044 9.91885e-06 0.145501)
(-0.00678183 -4.8366e-06 0.142668)
(-0.00806924 -3.45757e-05 0.139398)
(-0.00962842 -0.000138483 0.135627)
(-0.0117181 -0.000390247 0.131299)
(-0.0145638 -0.000800903 0.12636)
(-0.0183008 -0.00101058 0.120835)
(-0.022371 0.000347281 0.1149)
(-0.0256922 0.00658613 0.108349)
(-0.0275776 0.0239738 0.101041)
(-0.0255992 0.0619063 0.0928208)
(-0.0150118 0.132243 0.0815251)
(0.00648665 0.249026 0.0617315)
(0.0342403 0.435099 0.021159)
(0.0683676 0.672184 -0.038365)
(0.0963281 0.822693 -0.102223)
(0.118031 0.90785 -0.164679)
(0.132717 0.95326 -0.221382)
(0.139864 0.974874 -0.270088)
(0.139332 0.979831 -0.309858)
(0.131733 0.967162 -0.340483)
(0.117515 0.927681 -0.361901)
(0.0973053 0.846828 -0.37302)
(0.0726654 0.713892 -0.369961)
(0.0464744 0.532923 -0.343569)
(0.0231243 0.323515 -0.275378)
(0.00419308 0.107585 -0.132206)
(0.0808742 2.24287 0.225192)
(-0.0578092 0.55704 0.174437)
(0.0134161 0.108776 0.216847)
(-0.022018 0.0200517 0.205707)
(-0.0164917 0.00346097 0.204796)
(-0.0220298 0.000516723 0.201157)
(-0.0266811 -4.61521e-05 0.196969)
(-0.0320625 -8.41742e-05 0.19258)
(-0.0386585 0.000775833 0.188294)
(-0.0468414 0.00456298 0.184341)
(-0.0562887 0.0157101 0.180521)
(-0.0655068 0.0413987 0.174305)
(-0.0719105 0.0903603 0.163986)
(-0.0726038 0.170386 0.148443)
(-0.0648898 0.284954 0.123005)
(-0.0465465 0.429219 0.0835501)
(-0.0172542 0.586942 0.0300349)
(0.0202586 0.728353 -0.0318714)
(0.0585667 0.833397 -0.0916871)
(0.0920499 0.902638 -0.14679)
(0.117878 0.941631 -0.194709)
(0.13566 0.960825 -0.23399)
(0.145289 0.968975 -0.263787)
(0.146971 0.971503 -0.283718)
(0.141238 0.969858 -0.294066)
(0.128893 0.959404 -0.295881)
(0.110678 0.926551 -0.290806)
(0.0882242 0.850594 -0.280442)
(0.0633776 0.715734 -0.264325)
(0.0374242 0.527045 -0.236431)
(0.0154447 0.312255 -0.182714)
(0.00086248 0.101262 -0.0832824)
(0.187402 2.95322 0.185628)
(-0.091343 0.991843 0.147443)
(0.0267156 0.237296 0.18461)
(-0.0363893 0.0507589 0.174035)
(-0.0255776 0.0098528 0.172882)
(-0.035272 0.00189902 0.170369)
(-0.0423704 0.00139177 0.168937)
(-0.0502678 0.00497491 0.168658)
(-0.058889 0.0159572 0.169094)
(-0.0671891 0.0413331 0.168688)
(-0.0729914 0.090051 0.164523)
(-0.0734595 0.169785 0.152768)
(-0.0660523 0.282414 0.130575)
(-0.0488625 0.420573 0.0965384)
(-0.0216308 0.567161 0.0506055)
(0.0131892 0.697317 -0.00324881)
(0.0492884 0.791369 -0.0573019)
(0.08221 0.852818 -0.107138)
(0.110556 0.890324 -0.15219)
(0.133114 0.912279 -0.191398)
(0.148864 0.925103 -0.223385)
(0.157597 0.932977 -0.24715)
(0.159128 0.938358 -0.262215)
(0.154164 0.942553 -0.268625)
(0.14342 0.945273 -0.267079)
(0.127829 0.941861 -0.259024)
(0.108394 0.918894 -0.246592)
(0.0860262 0.854088 -0.231678)
(0.061789 0.727898 -0.213932)
(0.0374705 0.541876 -0.188532)
(0.0163157 0.323349 -0.144448)
(0.00199639 0.105057 -0.0653262)
(0.231845 3.1733 0.157845)
(-0.130582 1.1383 0.188301)
(0.021848 0.295175 0.190631)
(-0.0523812 0.0695838 0.18236)
(-0.0379752 0.0155282 0.178433)
(-0.0480438 0.00560975 0.176779)
(-0.0550451 0.00981676 0.177337)
(-0.0620378 0.0261157 0.178591)
(-0.0676738 0.0609037 0.178186)
(-0.0690905 0.122136 0.172422)
(-0.0637086 0.214306 0.157435)
(-0.049522 0.334194 0.130509)
(-0.0260715 0.468973 0.0912534)
(0.00527199 0.598475 0.041817)
(0.0404437 0.699731 -0.0129086)
(0.0750407 0.769742 -0.0679693)
(0.10706 0.817224 -0.119508)
(0.135112 0.850142 -0.16472)
(0.157938 0.873941 -0.201781)
(0.174498 0.891622 -0.229648)
(0.183969 0.904726 -0.247848)
(0.186366 0.914207 -0.25637)
(0.181939 0.920955 -0.255771)
(0.171475 0.925988 -0.247099)
(0.156028 0.92975 -0.231742)
(0.136658 0.929111 -0.211529)
(0.114394 0.911953 -0.188814)
(0.0900009 0.855196 -0.166025)
(0.0642074 0.735777 -0.14413)
(0.0385534 0.551749 -0.120559)
(0.0164403 0.330499 -0.0882906)
(0.00163255 0.107561 -0.0378082)
(0.146724 2.89073 0.192782)
(-0.181394 0.920052 0.228815)
(-0.0243013 0.255146 0.203246)
(-0.0755737 0.0697555 0.196683)
(-0.0569886 0.0211329 0.194093)
(-0.0623729 0.0162267 0.19492)
(-0.0662152 0.0329031 0.196067)
(-0.0695068 0.0714479 0.19441)
(-0.0685624 0.137087 0.186041)
(-0.0601006 0.231379 0.167038)
(-0.0426508 0.34777 0.135103)
(-0.01609 0.471382 0.0904521)
(0.0173064 0.583211 0.0359222)
(0.0542019 0.667541 -0.0237029)
(0.0917344 0.730936 -0.082896)
(0.12732 0.780966 -0.13714)
(0.158629 0.821516 -0.182982)
(0.183703 0.853812 -0.218158)
(0.2014 0.878242 -0.241749)
(0.211253 0.895517 -0.25397)
(0.213379 0.906856 -0.255595)
(0.208227 0.913718 -0.247882)
(0.19708 0.917564 -0.232374)
(0.180868 0.919818 -0.210757)
(0.160817 0.921292 -0.184747)
(0.138118 0.919415 -0.156218)
(0.113776 0.902763 -0.127381)
(0.0884419 0.848451 -0.100594)
(0.0625642 0.732503 -0.0773454)
(0.0373312 0.551404 -0.0568998)
(0.0158246 0.331491 -0.0362198)
(0.00159349 0.108198 -0.0125281)
(0.160081 2.99466 0.304374)
(-0.208325 1.1029 0.244031)
(-0.0475396 0.414897 0.176186)
(-0.0891269 0.134888 0.180523)
(-0.0664187 0.0459703 0.191522)
(-0.0689597 0.0397304 0.199634)
(-0.0707601 0.0732131 0.201512)
(-0.0698588 0.137556 0.193448)
(-0.0615939 0.229587 0.172279)
(-0.0440509 0.340445 0.136508)
(-0.017126 0.454938 0.0869658)
(0.0173431 0.556933 0.0269629)
(0.0566069 0.639586 -0.0382395)
(0.0971941 0.712575 -0.102383)
(0.135411 0.776863 -0.160002)
(0.168453 0.82991 -0.206864)
(0.194284 0.869455 -0.240496)
(0.211817 0.895632 -0.260223)
(0.221256 0.910863 -0.266872)
(0.222867 0.918503 -0.261904)
(0.217518 0.921515 -0.247208)
(0.206303 0.921892 -0.224886)
(0.190502 0.920866 -0.196934)
(0.171216 0.919347 -0.165149)
(0.149484 0.917515 -0.13122)
(0.126295 0.91208 -0.096883)
(0.102452 0.891271 -0.0641261)
(0.0784453 0.833034 -0.0351698)
(0.054567 0.715475 -0.0119556)
(0.0318568 0.536711 0.00444925)
(0.0130708 0.322375 0.0131232)
(0.00115595 0.10529 0.0107255)
(0.297194 3.78059 0.319203)
(-0.00639569 2.334 0.334483)
(0.032899 1.32039 0.218409)
(-0.0208118 0.495354 0.186738)
(-0.0370573 0.136902 0.197546)
(-0.0548111 0.079271 0.207253)
(-0.0632283 0.125546 0.203246)
(-0.0619897 0.213667 0.18246)
(-0.0491961 0.322504 0.14429)
(-0.0253829 0.436031 0.090477)
(0.00755636 0.542637 0.0245738)
(0.046469 0.642703 -0.0476554)
(0.0864918 0.738986 -0.118113)
(0.123298 0.822175 -0.179916)
(0.153964 0.883823 -0.228434)
(0.1771 0.921274 -0.261517)
(0.192256 0.938112 -0.278961)
(0.200256 0.941523 -0.282009)
(0.201528 0.938719 -0.272544)
(0.196736 0.934435 -0.252814)
(0.1871 0.930485 -0.225313)
(0.173622 0.926858 -0.192331)
(0.157226 0.923141 -0.155801)
(0.138753 0.919154 -0.117358)
(0.118982 0.913973 -0.078528)
(0.0986566 0.902794 -0.0409375)
(0.0783233 0.872925 -0.00648448)
(0.0582666 0.804152 0.0226138)
(0.0389356 0.679974 0.0439106)
(0.0214647 0.503818 0.0548029)
(0.00795687 0.300732 0.051512)
(0.000359835 0.0980013 0.0273325)
(0.310795 4.12942 0.103743)
(0.131486 3.20351 0.281716)
(0.108133 2.1168 0.303361)
(0.039927 0.878913 0.270736)
(-0.0118407 0.233734 0.253372)
(-0.0453003 0.129129 0.240798)
(-0.0598562 0.193237 0.214835)
(-0.0576117 0.303826 0.171206)
(-0.0403302 0.427448 0.110628)
(-0.0115556 0.554326 0.0366713)
(0.0242878 0.687285 -0.0444667)
(0.0602896 0.812305 -0.121339)
(0.0915712 0.910537 -0.186583)
(0.116035 0.972007 -0.236852)
(0.133514 0.997109 -0.271307)
(0.144556 0.99446 -0.29027)
(0.150399 0.976969 -0.294614)
(0.151794 0.957039 -0.285626)
(0.148919 0.942264 -0.265118)
(0.142532 0.934059 -0.235686)
(0.133105 0.92987 -0.199997)
(0.121224 0.926532 -0.160327)
(0.107552 0.922186 -0.11849)
(0.0927245 0.915947 -0.0760201)
(0.0773411 0.905706 -0.034427)
(0.0618857 0.884943 0.00457361)
(0.0468528 0.840422 0.0389553)
(0.0326643 0.756259 0.0663266)
(0.0197711 0.624615 0.0838807)
(0.00953709 0.454719 0.0881709)
(0.0023755 0.269013 0.0742332)
(-0.000338571 0.0873454 0.0352954)
(0.182397 3.52842 -0.0549672)
(-0.00170332 2.91704 0.271346)
(0.0487145 1.93453 0.390311)
(-0.0206391 0.757705 0.364345)
(-0.0512572 0.237476 0.324453)
(-0.0747328 0.194502 0.28059)
(-0.0793097 0.297192 0.223295)
(-0.0662288 0.438513 0.150208)
(-0.039534 0.595707 0.0646367)
(-0.00582599 0.76325 -0.0256245)
(0.0260055 0.91132 -0.107446)
(0.0514592 1.01744 -0.174903)
(0.0702305 1.07656 -0.227438)
(0.0831665 1.09255 -0.265631)
(0.0912884 1.07482 -0.28994)
(0.09517 1.03639 -0.300684)
(0.0961308 0.992263 -0.298026)
(0.0944395 0.956007 -0.282463)
(0.0906976 0.934488 -0.255636)
(0.0849618 0.925717 -0.220195)
(0.077286 0.922854 -0.179095)
(0.0680114 0.919947 -0.134898)
(0.057675 0.913976 -0.089575)
(0.0468312 0.903137 -0.0447575)
(0.0359813 0.883784 -0.00209952)
(0.0256576 0.84804 0.0365277)
(0.01625 0.78503 0.0690947)
(0.00828718 0.686111 0.0930815)
(0.00235789 0.551808 0.10549)
(-0.00130004 0.394329 0.102721)
(-0.00207298 0.231244 0.0805649)
(-0.000713604 0.0748517 0.0351678)
(0.115292 3.00786 -0.00803283)
(-0.139598 2.06097 0.312241)
(-0.0660357 1.22781 0.430919)
(-0.11324 0.468089 0.415214)
(-0.11982 0.243538 0.36287)
(-0.123171 0.315865 0.292026)
(-0.107413 0.477726 0.203304)
(-0.0771976 0.664827 0.103311)
(-0.0409668 0.851005 0.00466698)
(-0.00870182 1.0055 -0.0809772)
(0.0160509 1.11453 -0.150938)
(0.0351588 1.18002 -0.207422)
(0.0498139 1.20516 -0.251218)
(0.0599328 1.19412 -0.281707)
(0.0650627 1.15319 -0.298672)
(0.0653657 1.0917 -0.302769)
(0.0617354 1.02329 -0.294781)
(0.0559716 0.964298 -0.275182)
(0.0493238 0.926383 -0.24485)
(0.0422093 0.909188 -0.205902)
(0.0345592 0.902945 -0.161472)
(0.0264239 0.89765 -0.114609)
(0.0181305 0.887406 -0.0676488)
(0.0100424 0.868378 -0.0224136)
(0.0025142 0.835524 0.0193343)
(-0.00359376 0.782558 0.0557191)
(-0.00792015 0.703511 0.0845122)
(-0.0104285 0.597008 0.1033)
(-0.0103503 0.46881 0.109464)
(-0.00835702 0.330195 0.100281)
(-0.00447924 0.192576 0.0737065)
(-0.000792407 0.0622958 0.0297064)
(0.073264 2.59891 0.100385)
(-0.184355 1.26867 0.36296)
(-0.133944 0.661936 0.450159)
(-0.168653 0.331036 0.432462)
(-0.166548 0.360038 0.364619)
(-0.153623 0.544223 0.265447)
(-0.120627 0.758473 0.149327)
(-0.0786632 0.945381 0.037726)
(-0.0401558 1.08052 -0.0547573)
(-0.00929295 1.18116 -0.12839)
(0.0169611 1.25922 -0.190082)
(0.0398603 1.30794 -0.240637)
(0.0578973 1.32079 -0.276721)
(0.069262 1.29887 -0.296499)
(0.0728702 1.24774 -0.301301)
(0.0692193 1.17339 -0.294329)
(0.0594053 1.08425 -0.278676)
(0.046408 0.995797 -0.255535)
(0.0329905 0.926919 -0.224534)
(0.0208715 0.886454 -0.185851)
(0.0102945 0.866643 -0.141639)
(0.000971225 0.852786 -0.0951536)
(-0.00713932 0.833832 -0.0492708)
(-0.0139321 0.803261 -0.0062037)
(-0.0190071 0.756403 0.0322354)
(-0.0218782 0.690437 0.0640378)
(-0.0223851 0.604286 0.0871102)
(-0.0204079 0.500825 0.0995148)
(-0.016318 0.386755 0.0995591)
(-0.0106193 0.27018 0.0862141)
(-0.00482755 0.157427 0.0597347)
(-0.000608155 0.051055 0.0224394)
(0.0324268 2.27355 0.236286)
(-0.183611 0.74151 0.429304)
(-0.146908 0.427655 0.480264)
(-0.175482 0.418211 0.440851)
(-0.167988 0.620778 0.345798)
(-0.144332 0.877785 0.214223)
(-0.103295 1.08117 0.0763654)
(-0.0618316 1.18422 -0.0381277)
(-0.024448 1.23582 -0.119961)
(0.0105898 1.29957 -0.184792)
(0.0422335 1.36571 -0.241015)
(0.0685901 1.40185 -0.28383)
(0.0875578 1.39781 -0.307535)
(0.0982267 1.36354 -0.311478)
(0.100404 1.31098 -0.299215)
(0.0941537 1.24334 -0.276331)
(0.0803675 1.15741 -0.248553)
(0.0612013 1.0557 -0.219413)
(0.0402436 0.95529 -0.188662)
(0.0210349 0.877772 -0.15398)
(0.00519527 0.828756 -0.114632)
(-0.00729325 0.795357 -0.0727279)
(-0.0167784 0.761829 -0.0314472)
(-0.0232662 0.718732 0.00649907)
(-0.0269206 0.662137 0.0390117)
(-0.0278522 0.590925 0.0642374)
(-0.0260329 0.506737 0.0806007)
(-0.0217908 0.413609 0.0869117)
(-0.0159401 0.316808 0.0826064)
(-0.00944391 0.2211 0.0680558)
(-0.00382361 0.12936 0.0449208)
(-0.000355852 0.0421812 0.0160321)
(0.0535686 2.26006 0.392133)
(-0.181943 0.470342 0.474158)
(-0.107996 0.340941 0.495038)
(-0.132525 0.553351 0.434525)
(-0.112896 0.880882 0.314622)
(-0.080464 1.19799 0.157599)
(-0.040715 1.38715 0.00309155)
(-0.00895984 1.39789 -0.111021)
(0.0200744 1.3644 -0.183353)
(0.0507327 1.39046 -0.242254)
(0.0776083 1.43147 -0.292544)
(0.0973645 1.43249 -0.325133)
(0.109805 1.39384 -0.335248)
(0.116446 1.34066 -0.324388)
(0.117212 1.29098 -0.296732)
(0.111994 1.24615 -0.257995)
(0.100164 1.19317 -0.215207)
(0.0816909 1.11581 -0.175059)
(0.0586149 1.01296 -0.140573)
(0.0350108 0.905872 -0.109602)
(0.0146035 0.818569 -0.0781292)
(-0.00116356 0.754532 -0.0448371)
(-0.0124509 0.700671 -0.0116922)
(-0.0196894 0.644815 0.0184383)
(-0.0233452 0.581496 0.0431891)
(-0.0237858 0.509735 0.0610119)
(-0.0215153 0.431451 0.0708657)
(-0.0172438 0.349822 0.0723259)
(-0.0119082 0.267983 0.0656859)
(-0.00659353 0.188086 0.0520568)
(-0.00243586 0.110955 0.0333112)
(-0.000173713 0.0364366 0.011645)
(0.205407 3.09073 0.479147)
(-0.0694177 1.1433 0.557946)
(0.0190997 0.602811 0.507533)
(0.00555567 0.67848 0.427698)
(0.0182787 0.993677 0.292182)
(0.0469664 1.3573 0.118956)
(0.0709421 1.58138 -0.0425419)
(0.0718884 1.55662 -0.147275)
(0.0742609 1.46596 -0.213589)
(0.0865766 1.45412 -0.272316)
(0.0950829 1.44302 -0.319191)
(0.098012 1.38476 -0.344112)
(0.0991759 1.30515 -0.346512)
(0.0996385 1.23571 -0.329059)
(0.0994188 1.19028 -0.294459)
(0.0975823 1.16792 -0.246716)
(0.0925838 1.15476 -0.192243)
(0.0825755 1.12657 -0.139363)
(0.0667208 1.06208 -0.0953097)
(0.0468363 0.96253 -0.0620785)
(0.0269693 0.853103 -0.0359149)
(0.0105616 0.757672 -0.0119698)
(-0.00140203 0.679473 0.0111344)
(-0.00930244 0.609026 0.0318521)
(-0.013467 0.538861 0.0482403)
(-0.0145341 0.466552 0.0588952)
(-0.0132414 0.392654 0.0631777)
(-0.01042 0.318622 0.0611487)
(-0.00695232 0.2456 0.053484)
(-0.00368831 0.173983 0.0413483)
(-0.00130611 0.103589 0.0261515)
(-0.000100672 0.0342377 0.00917294)
(0.318774 4.04638 0.311659)
(0.176331 2.70973 0.515172)
(0.211497 1.80198 0.522442)
(0.226304 1.38972 0.453298)
(0.213824 1.40541 0.313123)
(0.204895 1.63932 0.134775)
(0.178532 1.75232 -0.0198492)
(0.130601 1.61878 -0.115841)
(0.102367 1.50682 -0.18982)
(0.0867241 1.46328 -0.258523)
(0.0696611 1.38227 -0.307123)
(0.0550521 1.27387 -0.332997)
(0.0465307 1.17671 -0.339086)
(0.0425843 1.10559 -0.325846)
(0.0427097 1.06427 -0.293664)
(0.0450074 1.05281 -0.245242)
(0.0479647 1.06309 -0.186309)
(0.0493641 1.07491 -0.125065)
(0.0468526 1.06112 -0.0705277)
(0.0393156 1.00405 -0.0288728)
(0.0282698 0.910395 -0.000374636)
(0.016658 0.804939 0.0192486)
(0.0069038 0.707225 0.0343013)
(0.000193669 0.62138 0.046528)
(-0.00376378 0.542813 0.0553956)
(-0.00538264 0.467506 0.0600296)
(-0.00533793 0.393853 0.0600223)
(-0.00427933 0.321387 0.0555875)
(-0.0028529 0.249737 0.0473649)
(-0.00154518 0.178366 0.0361764)
(-0.000622713 0.106879 0.0228153)
(-0.000107835 0.0354608 0.0079562)
(0.253349 3.93247 0.0248265)
(0.183572 3.28323 0.289431)
(0.26247 2.7211 0.457751)
(0.307455 2.27748 0.457663)
(0.285674 2.08573 0.341808)
(0.235772 2.00662 0.189705)
(0.161467 1.78355 0.0665535)
(0.0997662 1.5669 -0.0335641)
(0.0622462 1.49656 -0.134043)
(0.0251729 1.40062 -0.213087)
(-0.00587744 1.27409 -0.268221)
(-0.0263331 1.16693 -0.30578)
(-0.0383043 1.08004 -0.324233)
(-0.0431502 1.01077 -0.321309)
(-0.0423475 0.964515 -0.297014)
(-0.0364396 0.947813 -0.253977)
(-0.0268264 0.959825 -0.197479)
(-0.0153598 0.987492 -0.134913)
(-0.00444752 1.00737 -0.0746502)
(0.00360504 0.99577 -0.0242248)
(0.00698769 0.942983 0.0122875)
(0.00630168 0.858431 0.0353871)
(0.00393358 0.762133 0.0492814)
(0.00170536 0.668764 0.0576094)
(0.000121328 0.582635 0.0620606)
(-0.0005913 0.502282 0.0629982)
(-0.000732841 0.425147 0.0604683)
(-0.000605512 0.349204 0.0547509)
(-0.000458418 0.273054 0.0462096)
(-0.000386587 0.1959 0.0352091)
(-0.000329393 0.117673 0.0220686)
(-0.000133092 0.0390842 0.0073922)
(0.181686 3.41786 -0.089298)
(-0.0348023 2.88515 0.185364)
(0.140223 2.81634 0.401581)
(0.155862 2.5786 0.4384)
(0.130335 2.26897 0.374451)
(0.0796813 1.91112 0.271659)
(0.0292811 1.62471 0.156324)
(-0.00391986 1.52867 0.0309986)
(-0.041527 1.42747 -0.0742844)
(-0.0767163 1.30698 -0.157209)
(-0.103256 1.2107 -0.225542)
(-0.122507 1.12888 -0.276877)
(-0.135061 1.0497 -0.307802)
(-0.140607 0.974374 -0.31666)
(-0.139641 0.912361 -0.303674)
(-0.131692 0.874705 -0.270991)
(-0.117767 0.867343 -0.222849)
(-0.0992558 0.885728 -0.165469)
(-0.0781683 0.914014 -0.106021)
(-0.0572436 0.930659 -0.0514877)
(-0.0393589 0.9183 -0.00719893)
(-0.0258268 0.871888 0.0245818)
(-0.0166246 0.799899 0.0446453)
(-0.0106093 0.716266 0.0560709)
(-0.00656011 0.630797 0.0615721)
(-0.00378397 0.54725 0.0627868)
(-0.00207338 0.465451 0.0605485)
(-0.00115624 0.383803 0.055228)
(-0.000782273 0.300852 0.0470018)
(-0.000637323 0.216016 0.0359437)
(-0.000507056 0.129706 0.0222348)
(-0.00014499 0.043051 0.00695873)
(0.132048 3.13906 -0.052946)
(-0.167312 2.39924 0.185565)
(-0.0491591 2.45036 0.371778)
(-0.0776135 2.26227 0.442411)
(-0.0849899 1.93524 0.413191)
(-0.0975985 1.66592 0.319414)
(-0.105223 1.54795 0.195901)
(-0.123318 1.46623 0.0785647)
(-0.148904 1.36245 -0.021003)
(-0.171735 1.28388 -0.110616)
(-0.192527 1.22052 -0.187089)
(-0.210155 1.15581 -0.247122)
(-0.223243 1.08324 -0.288579)
(-0.230274 1.00407 -0.310035)
(-0.229922 0.925219 -0.311092)
(-0.222037 0.857495 -0.29277)
(-0.206493 0.811644 -0.257826)
(-0.184493 0.793185 -0.210864)
(-0.157929 0.798428 -0.157742)
(-0.129189 0.814527 -0.10447)
(-0.100912 0.82439 -0.0561533)
(-0.0754543 0.814068 -0.0162868)
(-0.0542949 0.778134 0.0136065)
(-0.038035 0.720207 0.0338182)
(-0.0259704 0.648864 0.0461493)
(-0.0174074 0.570701 0.0524729)
(-0.0113889 0.488906 0.0540762)
(-0.00728305 0.404332 0.0515378)
(-0.00460103 0.317044 0.0450256)
(-0.00274361 0.227405 0.034592)
(-0.00129236 0.136363 0.0208606)
(-0.000159842 0.0452085 0.00592801)
(0.110254 2.98269 0.0601563)
(-0.217998 2.0199 0.254693)
(-0.168978 1.9876 0.39909)
(-0.207308 1.83931 0.454092)
(-0.200225 1.66553 0.414407)
(-0.192353 1.57637 0.320006)
(-0.191902 1.51841 0.212747)
(-0.204437 1.43523 0.111872)
(-0.220403 1.36512 0.0157271)
(-0.23674 1.31558 -0.0737813)
(-0.253313 1.2712 -0.151758)
(-0.269332 1.22276 -0.216238)
(-0.282809 1.1654 -0.265841)
(-0.291637 1.09642 -0.299126)
(-0.293776 1.01648 -0.314933)
(-0.288118 0.930723 -0.313023)
(-0.274277 0.84806 -0.294504)
(-0.252582 0.77855 -0.261933)
(-0.224686 0.729681 -0.219413)
(-0.192821 0.702941 -0.17179)
(-0.15958 0.692563 -0.123831)
(-0.127429 0.687521 -0.0794828)
(-0.0982657 0.67586 -0.0414177)
(-0.0733836 0.649179 -0.0109658)
(-0.0532935 0.604527 0.0116113)
(-0.0377718 0.544185 0.0268078)
(-0.0260678 0.472865 0.0354357)
(-0.01737 0.394124 0.0380742)
(-0.0107844 0.310231 0.0350542)
(-0.00585168 0.222961 0.0269376)
(-0.00230893 0.133873 0.0153184)
(-0.000279184 0.0444104 0.0034953)
(0.113226 2.93138 0.201497)
(-0.220615 1.7763 0.365987)
(-0.186254 1.6829 0.456942)
(-0.226209 1.62614 0.464137)
(-0.219673 1.59381 0.405524)
(-0.219033 1.57284 0.319429)
(-0.226336 1.51569 0.228751)
(-0.237755 1.44847 0.135936)
(-0.249564 1.39955 0.0432488)
(-0.262768 1.36145 -0.0427634)
(-0.277141 1.32695 -0.119146)
(-0.291885 1.29289 -0.184891)
(-0.305507 1.25566 -0.239531)
(-0.316121 1.21031 -0.282154)
(-0.321642 1.15238 -0.311382)
(-0.319895 1.07989 -0.325959)
(-0.310109 0.99444 -0.325338)
(-0.291931 0.901271 -0.310008)
(-0.266036 0.808269 -0.281745)
(-0.234374 0.723961 -0.243651)
(-0.199443 0.6549 -0.1997)
(-0.163933 0.603375 -0.154027)
(-0.130241 0.566432 -0.110357)
(-0.100089 0.536856 -0.0715093)
(-0.0744118 0.505932 -0.0392361)
(-0.053424 0.466662 -0.0143908)
(-0.0368401 0.415493 0.00276303)
(-0.0240616 0.352883 0.0123088)
(-0.0143285 0.281526 0.014802)
(-0.00712439 0.204373 0.0115923)
(-0.00237345 0.12362 0.00525632)
(-0.000216056 0.0411799 -0.000136126)
(0.131624 2.95898 0.326932)
(-0.199334 1.66447 0.480966)
(-0.151149 1.54769 0.521801)
(-0.197121 1.5743 0.486148)
(-0.200162 1.60381 0.415979)
(-0.211775 1.58981 0.335611)
(-0.224439 1.53662 0.249902)
(-0.236068 1.48292 0.158703)
(-0.247153 1.4387 0.0682187)
(-0.258941 1.39942 -0.0152514)
(-0.271669 1.36441 -0.0894645)
(-0.285109 1.33519 -0.154508)
(-0.298424 1.3109 -0.211218)
(-0.31015 1.28735 -0.259818)
(-0.318418 1.25856 -0.299491)
(-0.321208 1.21877 -0.328662)
(-0.316674 1.16383 -0.345616)
(-0.30396 1.09202 -0.349105)
(-0.282843 1.00444 -0.338601)
(-0.254209 0.90516 -0.314796)
(-0.220021 0.800668 -0.279777)
(-0.182906 0.698675 -0.236835)
(-0.14574 0.606276 -0.190062)
(-0.111098 0.527909 -0.143708)
(-0.0808357 0.463843 -0.101512)
(-0.0558809 0.410066 -0.066166)
(-0.0363019 0.360041 -0.0391197)
(-0.0216024 0.307577 -0.0206714)
(-0.0111602 0.248998 -0.0100927)
(-0.00440725 0.183479 -0.00561208)
(-0.000800912 0.112239 -0.004303)
(0.000180514 0.0376131 -0.00252453)
(0.14939 3.01552 0.417407)
(-0.175053 1.64077 0.579882)
(-0.105691 1.50791 0.584109)
(-0.161621 1.57954 0.519703)
(-0.172181 1.62442 0.442366)
(-0.18952 1.61239 0.361442)
(-0.203043 1.57109 0.274074)
(-0.214674 1.52543 0.181687)
(-0.225653 1.4786 0.0915221)
(-0.236753 1.431 0.00935736)
(-0.24843 1.38681 -0.0629137)
(-0.260816 1.35111 -0.126302)
(-0.273645 1.3266 -0.18291)
(-0.285987 1.3113 -0.234291)
(-0.296385 1.29987 -0.280642)
(-0.303034 1.28588 -0.32084)
(-0.304099 1.26327 -0.352893)
(-0.297984 1.22701 -0.374452)
(-0.283731 1.1735 -0.383287)
(-0.261176 1.10112 -0.377774)
(-0.231224 1.01068 -0.357483)
(-0.195812 0.905662 -0.32359)
(-0.157662 0.791923 -0.278989)
(-0.119833 0.676822 -0.228015)
(-0.0851666 0.56774 -0.17576)
(-0.0558019 0.470194 -0.127128)
(-0.0328735 0.386061 -0.0858778)
(-0.0165179 0.312947 -0.0540074)
(-0.00613395 0.245538 -0.0315984)
(-0.000691528 0.178429 -0.017067)
(0.00101467 0.108608 -0.00785833)
(0.000371134 0.0363271 -0.00165493)
(0.150847 3.04594 0.477896)
(-0.156464 1.65253 0.657244)
(-0.0672699 1.51195 0.641283)
(-0.132869 1.59629 0.558342)
(-0.145149 1.64055 0.474062)
(-0.162608 1.63541 0.388039)
(-0.174051 1.6085 0.297225)
(-0.184116 1.5711 0.20364)
(-0.194141 1.5231 0.113451)
(-0.204569 1.46683 0.0319779)
(-0.215603 1.40969 -0.0387446)
(-0.22739 1.36092 -0.100135)
(-0.239876 1.32695 -0.155334)
(-0.252548 1.30843 -0.20715)
(-0.264414 1.30108 -0.256845)
(-0.274114 1.29864 -0.304079)
(-0.280056 1.29475 -0.347259)
(-0.280565 1.28342 -0.383846)
(-0.274156 1.25921 -0.41071)
(-0.259827 1.21758 -0.42457)
(-0.237378 1.15563 -0.422657)
(-0.207689 1.0728 -0.403512)
(-0.172724 0.971232 -0.367674)
(-0.135323 0.85553 -0.318023)
(-0.0987047 0.732083 -0.259529)
(-0.065873 0.608061 -0.198401)
(-0.0390701 0.490129 -0.140784)
(-0.0194364 0.382835 -0.0914526)
(-0.00697153 0.287147 -0.0529333)
(-0.000703528 0.200411 -0.0254487)
(0.00108588 0.118584 -0.00780441)
(0.000192997 0.0391066 0.000901535)
(0.151838 3.06846 0.530051)
(-0.153463 1.64853 0.706845)
(-0.036547 1.52009 0.690966)
(-0.11301 1.6102 0.596216)
(-0.121427 1.65263 0.504613)
(-0.137558 1.65491 0.409911)
(-0.145477 1.64004 0.314656)
(-0.1519 1.61257 0.221031)
(-0.159109 1.56848 0.132325)
(-0.168025 1.5077 0.0524599)
(-0.178426 1.4388 -0.0163127)
(-0.190004 1.37549 -0.0753648)
(-0.202437 1.32871 -0.128451)
(-0.215324 1.30188 -0.179314)
(-0.228027 1.29168 -0.230023)
(-0.239644 1.29212 -0.280942)
(-0.249043 1.29704 -0.331135)
(-0.254842 1.30049 -0.378563)
(-0.255494 1.29635 -0.420111)
(-0.249526 1.27831 -0.451736)
(-0.235885 1.24068 -0.469004)
(-0.214355 1.17973 -0.467971)
(-0.185836 1.09477 -0.44633)
(-0.152395 0.988498 -0.404432)
(-0.116993 0.866323 -0.345762)
(-0.0829457 0.735079 -0.276571)
(-0.0532386 0.601696 -0.204663)
(-0.0299319 0.472292 -0.137628)
(-0.0138434 0.351397 -0.0812299)
(-0.00450918 0.240962 -0.0386076)
(-0.000443303 0.139975 -0.0107334)
(-2.35487e-05 0.0456643 0.00200031)
(0.203505 3.24425 0.581194)
(-0.15951 1.66088 0.741613)
(0.0011699 1.47604 0.725215)
(-0.0957072 1.58639 0.631118)
(-0.0963845 1.64802 0.531387)
(-0.113391 1.66644 0.425289)
(-0.118549 1.66264 0.323046)
(-0.121034 1.64324 0.22969)
(-0.124162 1.60582 0.14522)
(-0.130628 1.54542 0.0696425)
(-0.14036 1.46841 0.00456237)
(-0.152229 1.39225 -0.0512205)
(-0.16512 1.33333 -0.101771)
(-0.178424 1.29765 -0.151175)
(-0.191671 1.28235 -0.201781)
(-0.204329 1.28144 -0.254266)
(-0.215733 1.28932 -0.308261)
(-0.224957 1.30102 -0.362497)
(-0.230734 1.31102 -0.414563)
(-0.231544 1.31243 -0.460629)
(-0.225873 1.29732 -0.495544)
(-0.212649 1.25842 -0.513567)
(-0.191716 1.19123 -0.50966)
(-0.164132 1.09566 -0.481085)
(-0.132171 0.976268 -0.428728)
(-0.0989616 0.840806 -0.35756)
(-0.0678412 0.697828 -0.275897)
(-0.0416083 0.554667 -0.193568)
(-0.0219305 0.416625 -0.119639)
(-0.00911129 0.286992 -0.060657)
(-0.00233202 0.166767 -0.020193)
(-0.000295131 0.0543521 0.000224395)
(0.285447 3.70351 0.571207)
(-0.091139 2.00477 0.795443)
(0.0525651 1.47206 0.759669)
(-0.0387983 1.49929 0.674025)
(-0.0512858 1.59405 0.562136)
(-0.0745221 1.65479 0.441573)
(-0.0816928 1.67783 0.327509)
(-0.0847949 1.66599 0.231293)
(-0.086519 1.63144 0.152547)
(-0.0918367 1.57262 0.0843544)
(-0.102207 1.49038 0.0251294)
(-0.115706 1.40449 -0.0262497)
(-0.129985 1.33664 -0.0740144)
(-0.144265 1.29463 -0.122149)
(-0.158212 1.27502 -0.172613)
(-0.171569 1.27134 -0.225879)
(-0.184061 1.2786 -0.281833)
(-0.195227 1.29336 -0.339942)
(-0.20423 1.31189 -0.398818)
(-0.209763 1.32829 -0.455535)
(-0.21022 1.3339 -0.505201)
(-0.204044 1.31853 -0.541206)
(-0.190228 1.27324 -0.556391)
(-0.168852 1.19341 -0.544936)
(-0.141333 1.08071 -0.504454)
(-0.11031 0.942662 -0.43745)
(-0.0791292 0.790033 -0.351436)
(-0.0510717 0.633242 -0.257434)
(-0.0285879 0.479691 -0.167343)
(-0.0128295 0.333228 -0.0912322)
(-0.00373997 0.194942 -0.0356998)
(-0.000397638 0.0637436 -0.00384571)
(0.3194 4.17873 0.454672)
(0.0473819 2.77986 0.795622)
(0.129312 1.87346 0.813474)
(0.0900512 1.549 0.744025)
(0.0418509 1.53885 0.619445)
(0.00202396 1.62027 0.478818)
(-0.0168608 1.68758 0.345693)
(-0.0298804 1.69123 0.239366)
(-0.0390015 1.65063 0.162945)
(-0.0488426 1.58765 0.102526)
(-0.0635255 1.4999 0.0499957)
(-0.0806905 1.40752 0.00281698)
(-0.0978043 1.33536 -0.0430031)
(-0.113887 1.29118 -0.0909847)
(-0.12889 1.26976 -0.142132)
(-0.142923 1.26381 -0.196377)
(-0.156062 1.26888 -0.253616)
(-0.16825 1.28319 -0.313899)
(-0.179079 1.30534 -0.376897)
(-0.18762 1.33161 -0.440957)
(-0.192393 1.35421 -0.502174)
(-0.191648 1.36152 -0.554003)
(-0.183835 1.34072 -0.587981)
(-0.168201 1.28194 -0.595606)
(-0.145307 1.18205 -0.570977)
(-0.117161 1.04609 -0.513274)
(-0.0869044 0.885577 -0.427997)
(-0.0580665 0.714249 -0.326197)
(-0.0336964 0.543356 -0.221834)
(-0.0157185 0.379043 -0.12832)
(-0.00480636 0.222703 -0.0556869)
(-0.000375641 0.0730047 -0.00940564)
(0.277204 4.28701 0.267878)
(0.136167 3.46175 0.670783)
(0.215582 2.58131 0.827087)
(0.220926 1.95133 0.819906)
(0.162492 1.68318 0.704556)
(0.108212 1.66201 0.548138)
(0.0740147 1.72123 0.393787)
(0.0440989 1.72641 0.271815)
(0.0179354 1.6684 0.190737)
(-0.00365539 1.59049 0.133514)
(-0.0267316 1.49471 0.0851677)
(-0.0497682 1.39918 0.039755)
(-0.0704716 1.3286 -0.00695563)
(-0.0886061 1.28697 -0.0569502)
(-0.104666 1.26647 -0.110212)
(-0.119197 1.25933 -0.166153)
(-0.132619 1.26185 -0.224667)
(-0.145203 1.27379 -0.28627)
(-0.156909 1.29607 -0.351603)
(-0.167178 1.3277 -0.420406)
(-0.174811 1.36297 -0.490201)
(-0.178069 1.39035 -0.55529)
(-0.175079 1.39434 -0.606769)
(-0.16446 1.35997 -0.634086)
(-0.145974 1.27828 -0.627907)
(-0.120938 1.14993 -0.583517)
(-0.09215 0.985257 -0.503365)
(-0.0632427 0.800247 -0.397435)
(-0.0377132 0.610467 -0.280934)
(-0.0181064 0.42606 -0.17028)
(-0.00572776 0.250344 -0.0791653)
(-0.000439201 0.0820544 -0.0161426)
(0.240342 4.07572 0.0989169)
(0.0954869 3.61124 0.484828)
(0.228325 3.06328 0.775072)
(0.272933 2.45404 0.852298)
(0.234315 2.03185 0.774701)
(0.189558 1.86039 0.625829)
(0.151196 1.82502 0.46383)
(0.107525 1.77144 0.33215)
(0.0661875 1.67599 0.244356)
(0.0318766 1.57695 0.183462)
(0.000106115 1.47363 0.133021)
(-0.0278595 1.3811 0.0845719)
(-0.0509346 1.31848 0.0334051)
(-0.070193 1.28322 -0.0211212)
(-0.0865602 1.2654 -0.077841)
(-0.100947 1.25777 -0.136133)
(-0.114091 1.25772 -0.196048)
(-0.126481 1.26634 -0.258502)
(-0.138335 1.28651 -0.324951)
(-0.149409 1.32001 -0.396466)
(-0.158803 1.36392 -0.47222)
(-0.164926 1.40813 -0.547913)
(-0.165768 1.4358 -0.615029)
(-0.15947 1.42758 -0.661724)
(-0.145073 1.36823 -0.675581)
(-0.123156 1.25261 -0.647664)
(-0.0960521 1.08805 -0.576449)
(-0.067396 0.891485 -0.469757)
(-0.04108 0.682559 -0.343265)
(-0.0201973 0.476259 -0.216069)
(-0.00658587 0.279272 -0.105604)
(-0.000509183 0.0913518 -0.023985)
(0.234873 3.83612 0.00427899)
(-0.0319554 3.34857 0.347253)
(0.176745 3.14427 0.690921)
(0.226659 2.75772 0.819266)
(0.216687 2.35939 0.795649)
(0.200985 2.0984 0.679324)
(0.169761 1.93981 0.531584)
(0.124716 1.79256 0.405266)
(0.0806301 1.65616 0.314426)
(0.0419561 1.54229 0.246337)
(0.00785558 1.43901 0.188526)
(-0.0199513 1.35873 0.132269)
(-0.0419861 1.30913 0.0738898)
(-0.0598224 1.28183 0.0136923)
(-0.0748642 1.26693 -0.0470986)
(-0.0880977 1.25881 -0.107864)
(-0.100219 1.25614 -0.169035)
(-0.111793 1.26096 -0.231875)
(-0.123178 1.27764 -0.298463)
(-0.134356 1.31039 -0.37102)
(-0.144708 1.35942 -0.450391)
(-0.152859 1.41705 -0.534048)
(-0.156789 1.46648 -0.614571)
(-0.154303 1.48506 -0.67967)
(-0.14378 1.45132 -0.71443)
(-0.125004 1.35316 -0.705616)
(-0.0996993 1.19308 -0.646895)
(-0.0713725 0.987548 -0.542702)
(-0.0443133 0.759871 -0.408295)
(-0.0222223 0.530479 -0.265213)
(-0.00745145 0.310401 -0.134752)
(-0.000590184 0.10127 -0.0329091)
(0.221441 3.68309 -0.0135464)
(-0.125998 3.00054 0.273091)
(0.110627 2.98729 0.586656)
(0.113291 2.80555 0.749439)
(0.136512 2.49219 0.779447)
(0.142591 2.19784 0.700547)
(0.122267 1.95155 0.581185)
(0.0900094 1.74968 0.470551)
(0.0559873 1.60284 0.380442)
(0.0238487 1.4909 0.3061)
(-0.00374448 1.40094 0.239582)
(-0.0254972 1.34008 0.174276)
(-0.0426105 1.30462 0.108618)
(-0.0566594 1.28421 0.0434071)
(-0.0687507 1.27119 -0.0206008)
(-0.0796795 1.26207 -0.0831595)
(-0.0899984 1.25659 -0.144985)
(-0.100175 1.25738 -0.207546)
(-0.110575 1.26968 -0.273323)
(-0.121324 1.29969 -0.34543)
(-0.132045 1.35069 -0.426251)
(-0.141619 1.4182 -0.515219)
(-0.148128 1.48684 -0.606604)
(-0.149167 1.532 -0.688558)
(-0.142522 1.52656 -0.744478)
(-0.127112 1.45061 -0.757075)
(-0.103857 1.2999 -0.714497)
(-0.0759267 1.08845 -0.616367)
(-0.0479712 0.842606 -0.476259)
(-0.0244714 0.588987 -0.317868)
(-0.00842085 0.344042 -0.166711)
(-0.000691853 0.111955 -0.0430063)
(0.205833 3.59007 0.016378)
(-0.168778 2.73053 0.255666)
(0.0283262 2.72484 0.511906)
(-0.00592633 2.65221 0.696253)
(0.0381863 2.39781 0.749294)
(0.0470862 2.10436 0.698369)
(0.0426451 1.84605 0.607516)
(0.0287675 1.6588 0.512413)
(0.00997672 1.53267 0.425899)
(-0.00906835 1.43908 0.348528)
(-0.0251882 1.37241 0.275395)
(-0.0379229 1.33134 0.203566)
(-0.0483154 1.30697 0.133208)
(-0.0573543 1.2907 0.0651796)
(-0.0655939 1.27797 -0.000254336)
(-0.0735853 1.26714 -0.0633775)
(-0.0816594 1.25866 -0.124916)
(-0.0900846 1.25528 -0.186373)
(-0.0991682 1.26262 -0.250392)
(-0.109114 1.28826 -0.320676)
(-0.119772 1.3383 -0.400899)
(-0.130314 1.41185 -0.492476)
(-0.13904 1.49631 -0.591828)
(-0.14348 1.5668 -0.688448)
(-0.140931 1.59169 -0.765098)
(-0.129401 1.543 -0.801061)
(-0.108762 1.40769 -0.778572)
(-0.0815447 1.1946 -0.690842)
(-0.0525527 0.931632 -0.547874)
(-0.0272572 0.652415 -0.374808)
(-0.00960532 0.380499 -0.202003)
(-0.000824813 0.123495 -0.0545185)
(0.19925 3.54687 0.0727845)
(-0.195768 2.52829 0.284931)
(-0.0376503 2.43905 0.501553)
(-0.0872854 2.3797 0.665663)
(-0.0490108 2.16279 0.715422)
(-0.0376241 1.91061 0.682118)
(-0.0286371 1.70436 0.610342)
(-0.0282654 1.56552 0.527428)
(-0.0331472 1.47096 0.446475)
(-0.0393799 1.40374 0.368905)
(-0.0447446 1.3604 0.292863)
(-0.0491633 1.33403 0.218403)
(-0.0532757 1.31593 0.146695)
(-0.0575421 1.30085 0.0783692)
(-0.0622148 1.28689 0.0133042)
(-0.067408 1.27372 -0.0490071)
(-0.0731881 1.26207 -0.109223)
(-0.0797862 1.2545 -0.168755)
(-0.0874334 1.25653 -0.230175)
(-0.0963624 1.27644 -0.297448)
(-0.106626 1.32263 -0.375193)
(-0.117741 1.39798 -0.466662)
(-0.128344 1.49377 -0.570722)
(-0.136085 1.58683 -0.679063)
(-0.137946 1.64295 -0.77507)
(-0.13105 1.62666 -0.835716)
(-0.113969 1.51434 -0.83744)
(-0.0882526 1.30608 -0.765555)
(-0.058358 1.02841 -0.623867)
(-0.0308524 0.722146 -0.437265)
(-0.0111131 0.420473 -0.241559)
(-0.000996876 0.136068 -0.0678374)
(0.205633 3.55949 0.142398)
(-0.207312 2.39013 0.341382)
(-0.0644031 2.17962 0.528671)
(-0.127125 2.0948 0.649718)
(-0.0966918 1.91605 0.686317)
(-0.0846691 1.73024 0.658233)
(-0.0702664 1.59077 0.596688)
(-0.0627537 1.49763 0.523345)
(-0.0590221 1.43334 0.447801)
(-0.0567291 1.39075 0.371612)
(-0.0548364 1.36446 0.295613)
(-0.0535637 1.34625 0.221617)
(-0.0532479 1.33013 0.15104)
(-0.0540078 1.31395 0.0842387)
(-0.0558425 1.29765 0.0208998)
(-0.0587279 1.28164 -0.0394775)
(-0.0626464 1.26671 -0.0975624)
(-0.0676826 1.25505 -0.154562)
(-0.0740011 1.25164 -0.212806)
(-0.0818539 1.2648 -0.276198)
(-0.0914805 1.30443 -0.3499)
(-0.10277 1.37695 -0.438678)
(-0.114812 1.47834 -0.543918)
(-0.125602 1.58922 -0.660222)
(-0.132066 1.6755 -0.77298)
(-0.130606 1.69598 -0.858464)
(-0.118277 1.61564 -0.888182)
(-0.0954295 1.42171 -0.838626)
(-0.0653348 1.13447 -0.704295)
(-0.0354207 0.800349 -0.506596)
(-0.0130345 0.465243 -0.286639)
(-0.00120902 0.150017 -0.0834806)
(0.225579 3.61975 0.20981)
(-0.205629 2.32658 0.40824)
(-0.0540066 1.98252 0.568155)
(-0.130479 1.87126 0.646869)
(-0.103587 1.73353 0.666438)
(-0.0948601 1.60924 0.635284)
(-0.0811742 1.52086 0.578344)
(-0.0719452 1.46103 0.510919)
(-0.0646008 1.42113 0.438824)
(-0.0582737 1.39651 0.364274)
(-0.0528593 1.38009 0.289763)
(-0.0487095 1.36499 0.217731)
(-0.0459959 1.3481 0.149473)
(-0.0447127 1.32943 0.085143)
(-0.0447878 1.31003 0.0243201)
(-0.046171 1.29083 -0.0335541)
(-0.0488011 1.2726 -0.0890754)
(-0.0526901 1.25707 -0.143253)
(-0.0579394 1.24838 -0.19809)
(-0.0647985 1.25423 -0.257169)
(-0.0736365 1.28509 -0.325751)
(-0.0846924 1.35018 -0.409637)
(-0.0976 1.45049 -0.512532)
(-0.110893 1.57221 -0.632369)
(-0.121779 1.68462 -0.757845)
(-0.126289 1.74406 -0.866558)
(-0.11997 1.70497 -0.926874)
(-0.101708 1.53806 -0.906551)
(-0.0729468 1.25045 -0.787832)
(-0.0409594 0.889677 -0.583755)
(-0.0154484 0.516729 -0.338681)
(-0.00146547 0.165889 -0.102073)
(0.254961 3.71485 0.260043)
(-0.193955 2.34182 0.471074)
(-0.0205953 1.86135 0.60864)
(-0.112417 1.72604 0.650907)
(-0.0828002 1.62212 0.655685)
(-0.0799615 1.54143 0.618127)
(-0.0690953 1.48606 0.562378)
(-0.0606494 1.44943 0.497194)
(-0.052761 1.42711 0.42652)
(-0.0454875 1.41374 0.353238)
(-0.039228 1.40211 0.280494)
(-0.0343235 1.38734 0.210726)
(-0.0308695 1.36841 0.145011)
(-0.0288544 1.34663 0.0833558)
(-0.0282335 1.3238 0.0252582)
(-0.0289516 1.30124 -0.0298946)
(-0.0309409 1.27976 -0.0827022)
(-0.0341962 1.26066 -0.134036)
(-0.038761 1.24716 -0.185554)
(-0.0448492 1.24578 -0.240346)
(-0.0528859 1.26659 -0.303352)
(-0.0633761 1.32042 -0.380822)
(-0.0764971 1.4128 -0.478272)
(-0.0914698 1.53665 -0.596964)
(-0.106057 1.66764 -0.729831)
(-0.11647 1.76429 -0.857941)
(-0.117721 1.77386 -0.949348)
(-0.105121 1.64873 -0.964375)
(-0.0799854 1.37488 -0.871172)
(-0.0471336 0.992504 -0.668528)
(-0.0183483 0.577393 -0.398976)
(-0.00176728 0.184455 -0.124253)
(0.283453 3.82183 0.286749)
(-0.178747 2.4316 0.521362)
(0.0231089 1.81566 0.640165)
(-0.08596 1.64655 0.655777)
(-0.0459705 1.56089 0.651404)
(-0.0512032 1.50745 0.605967)
(-0.0414441 1.47301 0.5502)
(-0.0346452 1.45256 0.484937)
(-0.0275196 1.44204 0.414585)
(-0.0208874 1.43528 0.342287)
(-0.0153061 1.42584 0.271205)
(-0.0109942 1.41047 0.203539)
(-0.0080036 1.38937 0.140171)
(-0.00632261 1.36462 0.0810126)
(-0.00591445 1.3385 0.0255088)
(-0.00674713 1.31268 -0.0270117)
(-0.00877083 1.28813 -0.077216)
(-0.0119598 1.26587 -0.125901)
(-0.0163197 1.24823 -0.174432)
(-0.0220135 1.24036 -0.22535)
(-0.0294372 1.25101 -0.282974)
(-0.039221 1.29132 -0.353395)
(-0.051972 1.37009 -0.443206)
(-0.0676285 1.48689 -0.556547)
(-0.0847573 1.62595 -0.690874)
(-0.100138 1.75287 -0.832417)
(-0.108948 1.81374 -0.952176)
(-0.103784 1.74459 -1.00625)
(-0.0845212 1.50304 -0.948759)
(-0.0531235 1.10965 -0.758661)
(-0.0215358 0.649725 -0.468146)
(-0.0021146 0.206618 -0.150498)
(0.298215 3.91811 0.289862)
(-0.159507 2.58061 0.550854)
(0.0617083 1.84051 0.65701)
(-0.0539864 1.61544 0.663092)
(-0.00146815 1.52994 0.646922)
(-0.0157001 1.49156 0.597809)
(-0.00321534 1.47053 0.540148)
(0.00143964 1.4611 0.474302)
(0.00776574 1.45808 0.404218)
(0.0133076 1.45516 0.333023)
(0.0175786 1.44693 0.26362)
(0.0205383 1.43117 0.19794)
(0.0222252 1.40868 0.136701)
(0.0227212 1.38184 0.0797721)
(0.0221039 1.35319 0.0265818)
(0.020425 1.32466 -0.0235623)
(0.0177234 1.29745 -0.0713987)
(0.0140245 1.27251 -0.117714)
(0.00935305 1.25154 -0.163679)
(0.00356599 1.23834 -0.211352)
(-0.00367247 1.23992 -0.264282)
(-0.0129362 1.26644 -0.327922)
(-0.0250955 1.32829 -0.409111)
(-0.0406936 1.4304 -0.514066)
(-0.059193 1.56596 -0.644383)
(-0.0782562 1.71129 -0.792202)
(-0.0931576 1.81893 -0.934158)
(-0.0971797 1.81532 -1.027)
(-0.0848953 1.62661 -1.0136)
(-0.0581072 1.23904 -0.84953)
(-0.0248621 0.735352 -0.545735)
(-0.00276506 0.233103 -0.181161)
(0.297827 3.9861 0.277773)
(-0.141455 2.74493 0.554234)
(0.0871473 1.92598 0.659156)
(-0.0153261 1.62271 0.668863)
(0.0356626 1.51815 0.637786)
(0.0277181 1.48335 0.589834)
(0.038802 1.4706 0.529884)
(0.0447877 1.4681 0.464057)
(0.0506877 1.46941 0.395002)
(0.0552685 1.46865 0.325566)
(0.0581816 1.46139 0.258281)
(0.0595295 1.44601 0.19479)
(0.0594822 1.42343 0.135695)
(0.0582507 1.39599 0.0808538)
(0.0560058 1.36622 0.0297251)
(0.0528525 1.33615 -0.0183502)
(0.0488578 1.30716 -0.0641137)
(0.044057 1.28023 -0.108345)
(0.0384443 1.25672 -0.152094)
(0.0319348 1.23946 -0.19708)
(0.0242972 1.23378 -0.246171)
(0.0150548 1.24807 -0.303938)
(0.00324367 1.29253 -0.376758)
(-0.0120079 1.3755 -0.471797)
(-0.0309446 1.49774 -0.593962)
(-0.0522349 1.64735 -0.741162)
(-0.0719714 1.7899 -0.897201)
(-0.0844045 1.853 -1.02397)
(-0.0802145 1.73549 -1.05891)
(-0.0609664 1.37585 -0.934588)
(-0.0280883 0.834799 -0.629856)
(-0.00359348 0.26437 -0.216541)
(0.294648 4.03141 0.267957)
(-0.145452 2.87784 0.537241)
(0.1027 2.04033 0.642915)
(0.0226271 1.66578 0.658853)
(0.0656012 1.52445 0.623207)
(0.0736732 1.47948 0.576115)
(0.0843025 1.46814 0.516902)
(0.0926405 1.46861 0.452437)
(0.0991432 1.4718 0.385712)
(0.103366 1.47203 0.319183)
(0.105272 1.46572 0.254928)
(0.105134 1.45159 0.194271)
(0.103287 1.43043 0.1377)
(0.100091 1.40423 0.0850737)
(0.0958481 1.37529 0.0359186)
(0.0907662 1.3455 -0.0103357)
(0.0849765 1.31623 -0.0543205)
(0.0785512 1.28849 -0.0967622)
(0.0714817 1.26346 -0.138589)
(0.0636776 1.24329 -0.181237)
(0.0549382 1.23205 -0.227079)
(0.0448301 1.23642 -0.279914)
(0.0326447 1.26552 -0.345371)
(0.0175353 1.3287 -0.430546)
(-0.00148603 1.43176 -0.542408)
(-0.0240182 1.57312 -0.683754)
(-0.0471039 1.73423 -0.84576)
(-0.065293 1.85543 -0.998048)
(-0.0701589 1.82041 -1.07976)
(-0.0598513 1.51325 -1.00622)
(-0.0310978 0.947431 -0.716563)
(-0.004378 0.300525 -0.256594)
(0.299411 4.11862 0.270841)
(-0.152563 3.02312 0.510377)
(0.107074 2.17795 0.595112)
(0.0554331 1.73833 0.624993)
(0.0936159 1.54741 0.596936)
(0.116187 1.47838 0.552618)
(0.130949 1.45945 0.497518)
(0.142582 1.45834 0.437082)
(0.150959 1.46132 0.374668)
(0.155823 1.4619 0.312613)
(0.157484 1.4568 0.252666)
(0.156435 1.44491 0.19586)
(0.153183 1.42677 0.142553)
(0.148224 1.40387 0.092613)
(0.141991 1.378 0.0456632)
(0.13482 1.35073 0.00125039)
(0.126931 1.32319 -0.0410801)
(0.118416 1.29631 -0.0819084)
(0.109313 1.27115 -0.121987)
(0.0995647 1.24945 -0.162524)
(0.0890197 1.23435 -0.205507)
(0.0773296 1.2311 -0.254069)
(0.0638484 1.24739 -0.312953)
(0.0476541 1.2926 -0.388965)
(0.0279077 1.37538 -0.490277)
(0.00445179 1.50087 -0.623028)
(-0.0207639 1.66503 -0.784789)
(-0.0428854 1.82798 -0.953171)
(-0.0570177 1.87557 -1.07451)
(-0.0537483 1.64354 -1.05723)
(-0.0344522 1.07178 -0.800163)
(-0.00547661 0.341462 -0.301328)
(0.305673 4.30524 0.25465)
(-0.0848406 3.38315 0.48558)
(0.113488 2.52326 0.537275)
(0.108875 1.94305 0.5734)
(0.133551 1.63693 0.55601)
(0.159883 1.50206 0.516246)
(0.179428 1.45238 0.46767)
(0.194624 1.43869 0.414493)
(0.205573 1.43719 0.359085)
(0.212155 1.43705 0.303567)
(0.214736 1.43357 0.249545)
(0.213834 1.42507 0.197905)
(0.210035 1.41155 0.148924)
(0.203943 1.39386 0.102512)
(0.196099 1.37317 0.0584139)
(0.186922 1.35058 0.0163295)
(0.17672 1.32692 -0.0240004)
(0.165664 1.30281 -0.0628953)
(0.153923 1.27917 -0.100969)
(0.141519 1.25747 -0.139278)
(0.128343 1.2402 -0.179498)
(0.114098 1.23153 -0.224158)
(0.0981819 1.23776 -0.277125)
(0.0797385 1.26751 -0.344636)
(0.057974 1.33108 -0.435702)
(0.0329097 1.43882 -0.559409)
(0.00611672 1.5961 -0.717534)
(-0.0191636 1.78254 -0.894197)
(-0.0399592 1.90158 -1.04474)
(-0.0434921 1.76077 -1.08192)
(-0.0376492 1.20759 -0.874399)
(-0.00733243 0.388689 -0.351457)
(0.295972 4.45201 0.157962)
(0.0561438 3.89987 0.404527)
(0.1773 3.1993 0.49354)
(0.215978 2.5063 0.535991)
(0.223515 2.00221 0.523353)
(0.236669 1.7023 0.482465)
(0.252199 1.54562 0.434914)
(0.265467 1.47109 0.386443)
(0.275359 1.43777 0.337841)
(0.281785 1.42247 0.289864)
(0.2846 1.41327 0.243277)
(0.283776 1.40456 0.198449)
(0.279594 1.39404 0.155426)
(0.27255 1.38107 0.114089)
(0.263151 1.36578 0.0742608)
(0.251821 1.34851 0.035769)
(0.238933 1.32964 -0.00152278)
(0.22483 1.30949 -0.037821)
(0.209634 1.28854 -0.0735608)
(0.193462 1.26796 -0.109502)
(0.176307 1.24979 -0.146861)
(0.157927 1.23745 -0.187551)
(0.137875 1.23603 -0.234778)
(0.115585 1.25304 -0.29443)
(0.0906625 1.29961 -0.376334)
(0.0634005 1.39065 -0.491952)
(0.0351584 1.53871 -0.645976)
(0.00772405 1.73432 -0.825471)
(-0.0169031 1.90528 -0.993554)
(-0.0307081 1.86058 -1.07631)
(-0.0370509 1.35518 -0.932071)
(-0.0110988 0.446822 -0.407885)
(0.265369 4.33788 -0.02071)
(0.087881 4.07626 0.216043)
(0.222699 3.72636 0.407175)
(0.314382 3.2183 0.493013)
(0.34613 2.69882 0.500752)
(0.366389 2.27079 0.468263)
(0.382977 1.96136 0.421288)
(0.392902 1.75542 0.371687)
(0.397396 1.62453 0.323942)
(0.398412 1.54236 0.279264)
(0.396436 1.48961 0.237585)
(0.391303 1.45373 0.198402)
(0.383055 1.42705 0.161166)
(0.371954 1.4051 0.125411)
(0.358293 1.38531 0.0907791)
(0.342368 1.36621 0.0570311)
(0.324467 1.3469 0.0240168)
(0.30485 1.32696 -0.00834077)
(0.283589 1.30628 -0.0402112)
(0.261019 1.28542 -0.0719594)
(0.237299 1.26578 -0.104649)
(0.21239 1.25004 -0.140019)
(0.186126 1.24228 -0.181197)
(0.158471 1.24917 -0.234253)
(0.129714 1.28261 -0.309747)
(0.100543 1.36097 -0.420347)
(0.0716394 1.50189 -0.571604)
(0.042981 1.70068 -0.750888)
(0.0138152 1.90001 -0.925268)
(-0.0118628 1.94026 -1.03861)
(-0.0275689 1.51249 -0.962705)
(-0.0175525 0.523013 -0.469578)
(0.197758 4.0809 -0.0659001)
(-0.11987 3.7501 0.114555)
(0.159827 3.67982 0.272251)
(0.286882 3.507 0.358248)
(0.380089 3.23162 0.402487)
(0.459491 2.91279 0.410472)
(0.517352 2.60556 0.392223)
(0.552413 2.33904 0.36048)
(0.56947 2.12113 0.324129)
(0.57407 1.94854 0.287499)
(0.569723 1.8137 0.252291)
(0.558666 1.70841 0.219002)
(0.542507 1.62546 0.187526)
(0.522405 1.55905 0.157489)
(0.499154 1.50468 0.128478)
(0.47329 1.45896 0.100175)
(0.445194 1.4193 0.07237)
(0.415201 1.38385 0.0449023)
(0.383715 1.35143 0.017543)
(0.351031 1.32161 -0.0101359)
(0.317453 1.2951 -0.0391064)
(0.2832 1.27315 -0.0711909)
(0.248893 1.25934 -0.109913)
(0.215348 1.2603 -0.161693)
(0.183496 1.28832 -0.237188)
(0.153765 1.36258 -0.347947)
(0.124981 1.50072 -0.497102)
(0.0943761 1.69786 -0.671186)
(0.0597455 1.90662 -0.84182)
(0.0212989 2.00153 -0.966509)
(-0.0063254 1.67155 -0.949035)
(-0.0242292 0.62381 -0.527001)
(0.149777 3.98276 0.0526802)
(-0.230836 3.47516 -0.00179591)
(0.00145662 3.36216 0.0212738)
(0.0955691 3.29129 0.117393)
(0.24764 3.20277 0.19215)
(0.392711 3.0711 0.238762)
(0.511141 2.90639 0.263568)
(0.599593 2.72481 0.273237)
(0.659066 2.54029 0.272073)
(0.693443 2.36267 0.263039)
(0.707556 2.19784 0.248798)
(0.70587 2.04872 0.231478)
(0.692169 1.91626 0.212377)
(0.669515 1.80024 0.1922)
(0.640275 1.69965 0.171441)
(0.606222 1.61304 0.150433)
(0.56883 1.53883 0.129198)
(0.529265 1.47549 0.107581)
(0.488576 1.42182 0.085207)
(0.447724 1.37705 0.0613371)
(0.407526 1.34121 0.0347344)
(0.36905 1.3163 0.00323304)
(0.333943 1.30604 -0.0367351)
(0.302026 1.31352 -0.0922079)
(0.272644 1.34898 -0.171875)
(0.24452 1.4293 -0.282478)
(0.214196 1.566 -0.422262)
(0.17704 1.74885 -0.578119)
(0.130428 1.94101 -0.729165)
(0.0768885 2.05834 -0.848132)
(0.0282371 1.81774 -0.865907)
(-0.020294 0.749148 -0.549065)
(0.264075 4.3324 0.130856)
(0.0196229 4.12794 0.00405265)
(0.169553 3.97857 -0.0904917)
(0.30226 3.79647 -0.0960755)
(0.412862 3.61421 -0.0619394)
(0.527402 3.45556 -0.00961202)
(0.63924 3.31872 0.0495135)
(0.73558 3.1879 0.106625)
(0.81039 3.0526 0.155424)
(0.863248 2.91116 0.193318)
(0.896159 2.7648 0.220182)
(0.911547 2.61611 0.236985)
(0.911666 2.46826 0.245058)
(0.898496 2.32435 0.245954)
(0.874321 2.18713 0.241017)
(0.841741 2.05876 0.23131)
(0.80295 1.94094 0.21758)
(0.759897 1.83497 0.200154)
(0.71436 1.74194 0.179049)
(0.667931 1.66289 0.153815)
(0.622088 1.59911 0.123195)
(0.578028 1.55241 0.085051)
(0.536487 1.52574 0.0363072)
(0.496285 1.52291 -0.0272392)
(0.458464 1.55552 -0.108039)
(0.419893 1.63112 -0.206286)
(0.374206 1.74497 -0.319161)
(0.316647 1.88162 -0.439246)
(0.245862 2.01961 -0.55481)
(0.165465 2.11875 -0.650542)
(0.0823756 1.94436 -0.686614)
(0.000537982 0.88686 -0.482405)
(0.291331 4.49055 -0.0323472)
(0.0190789 4.14828 -0.178722)
(0.179797 3.72633 -0.248265)
(0.310415 3.33428 -0.267197)
(0.415695 3.04649 -0.244593)
(0.523946 2.86465 -0.194499)
(0.631206 2.76309 -0.132015)
(0.730105 2.72237 -0.066759)
(0.818522 2.72034 -0.0034858)
(0.89715 2.73715 0.055819)
(0.963381 2.74938 0.109728)
(1.01617 2.7468 0.156947)
(1.05536 2.72645 0.196562)
(1.08155 2.68871 0.228229)
(1.09547 2.63572 0.251893)
(1.09781 2.57057 0.267648)
(1.08965 2.49677 0.275732)
(1.07215 2.41796 0.276356)
(1.04644 2.33776 0.269629)
(1.01384 2.25983 0.255088)
(0.975541 2.18779 0.232134)
(0.932006 2.1252 0.200343)
(0.882998 2.07575 0.158866)
(0.82818 2.04338 0.106648)
(0.765406 2.02935 0.04296)
(0.691902 2.03357 -0.0319666)
(0.605278 2.05535 -0.115783)
(0.505581 2.09276 -0.202131)
(0.394248 2.14115 -0.284084)
(0.274365 2.18736 -0.353264)
(0.151693 2.03685 -0.390898)
(0.0223436 0.992496 -0.297138)
(0.270167 4.37214 -0.0912327)
(-0.0736938 3.74039 -0.290585)
(0.147928 3.09026 -0.411772)
(0.268739 2.59996 -0.44837)
(0.353704 2.29032 -0.421799)
(0.433887 2.11912 -0.359366)
(0.506973 2.03423 -0.283852)
(0.57014 1.99756 -0.208135)
(0.626534 1.98732 -0.137574)
(0.678788 1.99008 -0.0737682)
(0.731839 2.01438 -0.015894)
(0.785438 2.05701 0.0369369)
(0.837883 2.11218 0.0854264)
(0.887706 2.17135 0.129596)
(0.933015 2.22724 0.169129)
(0.971994 2.27483 0.203574)
(1.00325 2.31129 0.232382)
(1.02549 2.33549 0.255042)
(1.03775 2.34763 0.271036)
(1.03942 2.34889 0.279807)
(1.02945 2.34116 0.280935)
(1.00687 2.32678 0.274186)
(0.971213 2.30837 0.259453)
(0.921823 2.28871 0.236945)
(0.857913 2.27018 0.207202)
(0.778846 2.25474 0.171178)
(0.684924 2.24407 0.130573)
(0.576024 2.23907 0.0881545)
(0.452646 2.24133 0.046749)
(0.318824 2.24746 0.00989066)
(0.181379 2.07727 -0.0176802)
(0.0279639 1.02203 -0.0263089)
(0.265214 4.3354 -0.11701)
(-0.000777239 3.4818 -0.406205)
(0.182472 2.72624 -0.572419)
(0.29954 2.25448 -0.601181)
(0.360082 2.03331 -0.54869)
(0.407398 1.95856 -0.462134)
(0.449067 1.9469 -0.370011)
(0.484335 1.95337 -0.284905)
(0.515178 1.95976 -0.21021)
(0.543729 1.96114 -0.145974)
(0.570633 1.95775 -0.0909145)
(0.596451 1.95179 -0.0432391)
(0.621702 1.94387 -0.000966793)
(0.64726 1.93958 0.0378081)
(0.673621 1.94374 0.0744639)
(0.700503 1.9577 0.109732)
(0.726978 1.98048 0.143886)
(0.751601 2.00982 0.176843)
(0.77263 2.04296 0.208305)
(0.788052 2.07726 0.237971)
(0.795639 2.11051 0.265558)
(0.793278 2.14107 0.290654)
(0.77887 2.16786 0.312847)
(0.750485 2.19036 0.331795)
(0.706692 2.20849 0.347137)
(0.646685 2.22264 0.358526)
(0.570526 2.23362 0.365769)
(0.479064 2.24267 0.368714)
(0.374112 2.25247 0.367746)
(0.260273 2.25455 0.363065)
(0.143075 2.04452 0.345603)
(0.0180253 0.961889 0.236148)
(0.264601 4.23334 -0.214739)
(0.0372706 3.14522 -0.568872)
(0.201475 2.38119 -0.712971)
(0.293451 2.03679 -0.70494)
(0.321215 1.9612 -0.619878)
(0.340585 1.98974 -0.513835)
(0.361554 2.03331 -0.414583)
(0.382015 2.0629 -0.328971)
(0.402128 2.07603 -0.25549)
(0.422349 2.07725 -0.191434)
(0.4421 2.07097 -0.134675)
(0.460441 2.06012 -0.0837171)
(0.476613 2.04659 -0.0377746)
(0.489985 2.03011 0.0036359)
(0.500549 2.01038 0.0410953)
(0.508882 1.98951 0.0756569)
(0.515642 1.97037 0.108565)
(0.52135 1.95575 0.141163)
(0.526183 1.94792 0.174799)
(0.529834 1.94838 0.210711)
(0.531356 1.95784 0.249947)
(0.529172 1.97628 0.293174)
(0.521243 2.00307 0.340503)
(0.505201 2.03687 0.391344)
(0.478714 2.07574 0.444271)
(0.439999 2.11717 0.497083)
(0.388185 2.15843 0.547021)
(0.323572 2.19717 0.591061)
(0.247799 2.23191 0.626382)
(0.165283 2.23443 0.648797)
(0.082918 1.95851 0.629828)
(-0.00140758 0.849313 0.41429)
(0.271581 4.05123 -0.337112)
(0.0482853 2.7885 -0.721963)
(0.193993 2.12805 -0.812733)
(0.249024 1.9659 -0.757557)
(0.251483 2.01259 -0.647123)
(0.255828 2.08531 -0.535455)
(0.265652 2.12886 -0.440167)
(0.27739 2.14489 -0.359874)
(0.290213 2.14554 -0.289839)
(0.303602 2.13917 -0.226985)
(0.316672 2.1297 -0.16969)
(0.328633 2.11854 -0.116942)
(0.338974 2.10613 -0.0679507)
(0.34737 2.09255 -0.0220148)
(0.353399 2.07759 0.0213594)
(0.356624 2.0603 0.0624005)
(0.356758 2.04014 0.101363)
(0.353969 2.01732 0.138869)
(0.348769 1.99319 0.176127)
(0.341802 1.97015 0.215014)
(0.333571 1.95156 0.257912)
(0.324126 1.94139 0.307363)
(0.312846 1.9436 0.365424)
(0.298383 1.96117 0.432884)
(0.278902 1.99502 0.508652)
(0.252563 2.04312 0.58949)
(0.218072 2.10062 0.670346)
(0.175138 2.16087 0.745173)
(0.125114 2.21278 0.807467)
(0.0721796 2.19407 0.8448)
(0.0234001 1.82242 0.805566)
(-0.0195312 0.705447 0.481842)
(0.272988 3.8297 -0.467597)
(0.034255 2.48178 -0.84234)
(0.167841 1.99633 -0.866298)
(0.181046 1.99411 -0.772074)
(0.171955 2.0935 -0.650977)
(0.169633 2.15676 -0.543774)
(0.171723 2.17876 -0.455028)
(0.176137 2.18079 -0.378933)
(0.182044 2.17668 -0.310759)
(0.188607 2.17136 -0.248141)
(0.195055 2.16546 -0.189931)
(0.200851 2.15839 -0.135386)
(0.205656 2.14961 -0.083867)
(0.209234 2.13889 -0.0347563)
(0.211373 2.12639 0.0125169)
(0.211859 2.11231 0.0583468)
(0.210262 2.09589 0.102971)
(0.206278 2.07584 0.146537)
(0.199838 2.05123 0.189502)
(0.191161 2.02249 0.233136)
(0.180669 1.99221 0.279807)
(0.168762 1.96546 0.332819)
(0.155569 1.94913 0.395676)
(0.140775 1.95034 0.470802)
(0.123649 1.9739 0.55817)
(0.103327 2.01992 0.654337)
(0.0792338 2.08285 0.752678)
(0.0513684 2.15186 0.844463)
(0.0192495 2.20171 0.919555)
(-0.00685364 2.12711 0.957312)
(-0.0287264 1.62719 0.869726)
(-0.0232738 0.564104 0.447419)
(0.260594 3.5944 -0.589627)
(0.0011512 2.24573 -0.916449)
(0.130286 1.95588 -0.881107)
(0.101669 2.05052 -0.763632)
(0.0929791 2.15046 -0.642419)
(0.0841313 2.19347 -0.541084)
(0.0784694 2.20349 -0.456892)
(0.0754455 2.20334 -0.383706)
(0.0742801 2.20261 -0.317218)
(0.0741699 2.20282 -0.25525)
(0.074503 2.20255 -0.196825)
(0.0748632 2.20019 -0.14141)
(0.0749978 2.19478 -0.0885439)
(0.074767 2.186 -0.0376996)
(0.0740284 2.174 0.0117875)
(0.0726296 2.15899 0.0605246)
(0.0704116 2.14081 0.108688)
(0.0671393 2.11867 0.156295)
(0.0625096 2.09167 0.203592)
(0.0562373 2.05995 0.251597)
(0.0481301 2.02585 0.30254)
(0.0381019 1.99448 0.359837)
(0.0261805 1.97332 0.427345)
(0.0125323 1.97047 0.507911)
(-0.00271232 1.99183 0.601638)
(-0.0192957 2.03827 0.704587)
(-0.0366734 2.10405 0.809276)
(-0.0536556 2.17229 0.906017)
(-0.0689309 2.18597 0.97971)
(-0.071511 1.9912 0.988219)
(-0.0623934 1.38344 0.822678)
(-0.0203824 0.440669 0.353843)
(0.230307 3.36895 -0.685899)
(-0.0389496 2.08236 -0.940835)
(0.0834389 1.96067 -0.870044)
(0.020879 2.09175 -0.740596)
(0.0147822 2.17991 -0.622579)
(-0.00307379 2.21398 -0.524698)
(-0.0166185 2.22135 -0.443811)
(-0.0276986 2.22199 -0.373531)
(-0.0363649 2.22369 -0.309263)
(-0.0431072 2.22699 -0.248769)
(-0.0483607 2.22979 -0.191168)
(-0.0524737 2.22995 -0.136059)
(-0.0556697 2.22606 -0.0830882)
(-0.0581582 2.21746 -0.0318569)
(-0.0601925 2.20382 0.0180001)
(-0.0618121 2.18531 0.0668994)
(-0.0631075 2.16269 0.115363)
(-0.064419 2.13619 0.163806)
(-0.0662841 2.10629 0.212931)
(-0.0694001 2.07432 0.264134)
(-0.0744728 2.04324 0.319758)
(-0.0820074 2.01795 0.382909)
(-0.0920872 2.0049 0.456653)
(-0.104225 2.01079 0.542678)
(-0.117427 2.0403 0.63994)
(-0.130393 2.0929 0.744082)
(-0.14149 2.1566 0.847423)
(-0.147765 2.19202 0.936791)
(-0.141984 2.1074 0.983589)
(-0.118168 1.76922 0.928003)
(-0.0736474 1.12234 0.686256)
(-0.0134656 0.342051 0.242317)
(0.190089 3.16848 -0.744605)
(-0.0775515 1.97739 -0.920535)
(0.0220093 1.96754 -0.839334)
(-0.0540632 2.10527 -0.704279)
(-0.0686222 2.19118 -0.588826)
(-0.0941846 2.22619 -0.49331)
(-0.116403 2.23413 -0.415384)
(-0.135708 2.23394 -0.348385)
(-0.151805 2.23374 -0.287538)
(-0.164798 2.23467 -0.230379)
(-0.1749 2.2351 -0.175877)
(-0.182399 2.23294 -0.123619)
(-0.187574 2.22659 -0.0733098)
(-0.190726 2.21522 -0.024622)
(-0.192201 2.1988 0.0228882)
(-0.192385 2.1783 0.0698395)
(-0.191779 2.15483 0.117032)
(-0.190995 2.12956 0.165437)
(-0.190844 2.10403 0.216343)
(-0.192208 2.08042 0.271478)
(-0.195834 2.06185 0.332948)
(-0.202091 2.05247 0.402935)
(-0.210728 2.05711 0.483016)
(-0.220764 2.07987 0.573288)
(-0.230487 2.12082 0.671458)
(-0.237479 2.16974 0.771781)
(-0.238057 2.1961 0.862703)
(-0.225502 2.13923 0.921718)
(-0.192556 1.91669 0.909665)
(-0.137635 1.47565 0.776044)
(-0.0679014 0.871296 0.496031)
(-0.00673551 0.264319 0.140578)
(0.150663 2.99907 -0.75549)
(-0.113394 1.90663 -0.866598)
(-0.0580431 1.9497 -0.783368)
(-0.129401 2.09346 -0.652231)
(-0.160945 2.18488 -0.539633)
(-0.194127 2.227 -0.447251)
(-0.223855 2.23949 -0.372483)
(-0.250275 2.23917 -0.309529)
(-0.272677 2.23474 -0.253678)
(-0.290803 2.22913 -0.202111)
(-0.304665 2.22251 -0.153394)
(-0.314492 2.21417 -0.106791)
(-0.320686 2.20358 -0.0617777)
(-0.323809 2.19071 -0.0178067)
(-0.324573 2.17612 0.0258512)
(-0.323772 2.16046 0.0701747)
(-0.322204 2.14466 0.116285)
(-0.320712 2.13012 0.165471)
(-0.320118 2.11852 0.219191)
(-0.321121 2.11188 0.278999)
(-0.324086 2.1126 0.346355)
(-0.32884 2.12309 0.422284)
(-0.334489 2.14455 0.506752)
(-0.33921 2.17429 0.597806)
(-0.340058 2.20133 0.690231)
(-0.332761 2.20105 0.773549)
(-0.31153 2.13264 0.829447)
(-0.270179 1.94702 0.830518)
(-0.206504 1.61254 0.745402)
(-0.126953 1.15149 0.557317)
(-0.0505322 0.650859 0.297612)
(-0.00374971 0.201025 0.0626176)
(0.113488 2.85816 -0.708741)
(-0.152889 1.83605 -0.781237)
(-0.144953 1.91438 -0.694195)
(-0.222169 2.05177 -0.578064)
(-0.267848 2.14879 -0.473705)
(-0.309692 2.20425 -0.387116)
(-0.345694 2.22944 -0.317203)
(-0.377121 2.23686 -0.259685)
(-0.403652 2.23498 -0.210366)
(-0.425131 2.22852 -0.166215)
(-0.441589 2.21996 -0.125268)
(-0.453313 2.21071 -0.0861878)
(-0.460871 2.20173 -0.0479227)
(-0.465027 2.19387 -0.00944037)
(-0.466641 2.18776 0.0303461)
(-0.466502 2.18271 0.0724794)
(-0.465416 2.1796 0.118181)
(-0.464042 2.17922 0.168717)
(-0.462843 2.18233 0.225291)
(-0.461953 2.18948 0.288842)
(-0.460994 2.20048 0.359757)
(-0.458961 2.2134 0.437332)
(-0.453977 2.22285 0.519027)
(-0.443107 2.21771 0.599423)
(-0.422469 2.17924 0.669001)
(-0.387609 2.08171 0.713185)
(-0.334625 1.89855 0.713008)
(-0.262846 1.61579 0.649585)
(-0.177934 1.24863 0.514478)
(-0.093605 0.847141 0.32542)
(-0.0296459 0.472702 0.135721)
(-0.00241147 0.149373 0.0124371)
(0.0818539 2.73946 -0.601361)
(-0.202775 1.77076 -0.644579)
(-0.242153 1.85305 -0.567423)
(-0.336433 1.96749 -0.473159)
(-0.399543 2.06075 -0.386104)
(-0.452399 2.12804 -0.311977)
(-0.49514 2.17212 -0.251388)
(-0.530509 2.19916 -0.201925)
(-0.559427 2.21483 -0.160481)
(-0.582622 2.22342 -0.124291)
(-0.600612 2.2279 -0.0911318)
(-0.613904 2.23029 -0.0592552)
(-0.623024 2.23194 -0.0272621)
(-0.628496 2.23357 0.00606131)
(-0.63081 2.23497 0.0419173)
(-0.630279 2.23669 0.0813304)
(-0.627169 2.23854 0.125328)
(-0.621532 2.24005 0.174737)
(-0.61313 2.2402 0.229998)
(-0.601337 2.23701 0.290895)
(-0.585068 2.22696 0.356168)
(-0.562738 2.2042 0.422945)
(-0.532294 2.15981 0.486119)
(-0.491333 2.0816 0.537821)
(-0.437596 1.95547 0.567357)
(-0.369985 1.76937 0.56237)
(-0.289967 1.52007 0.512193)
(-0.203157 1.22037 0.413891)
(-0.119861 0.900923 0.279651)
(-0.0530391 0.599467 0.140124)
(-0.0125997 0.338042 0.0343591)
(-0.000975111 0.10888 -0.0121382)
(0.0557822 2.64042 -0.428992)
(-0.261683 1.70658 -0.448374)
(-0.347822 1.76666 -0.392424)
(-0.469115 1.83472 -0.327385)
(-0.55657 1.89779 -0.266927)
(-0.62674 1.95269 -0.214434)
(-0.68086 1.99849 -0.170593)
(-0.722895 2.03601 -0.134207)
(-0.755168 2.06647 -0.103423)
(-0.77944 2.09094 -0.0763689)
(-0.796883 2.11008 -0.051379)
(-0.808334 2.12413 -0.0270351)
(-0.814359 2.13308 -0.00211973)
(-0.814888 2.13713 0.0243852)
(-0.809738 2.13804 0.0531999)
(-0.799058 2.13535 0.0851525)
(-0.782553 2.12795 0.120809)
(-0.759662 2.11427 0.160264)
(-0.729706 2.09207 0.203136)
(-0.691854 2.05821 0.248245)
(-0.645237 2.00849 0.293303)
(-0.589119 1.93755 0.334636)
(-0.523194 1.83918 0.367012)
(-0.447952 1.70732 0.383819)
(-0.365125 1.53806 0.377945)
(-0.278185 1.33266 0.343816)
(-0.192668 1.10045 0.280611)
(-0.11596 0.859139 0.195741)
(-0.0559862 0.629762 0.105831)
(-0.0184809 0.426089 0.0315188)
(-0.00154273 0.246721 -0.0122845)
(0.000851937 0.0808408 -0.0190193)
(0.0338202 2.5657 -0.200072)
(-0.317023 1.65026 -0.198718)
(-0.442914 1.67571 -0.167922)
(-0.592546 1.68353 -0.135794)
(-0.706108 1.68746 -0.107338)
(-0.796901 1.68766 -0.0834339)
(-0.865899 1.68512 -0.0638802)
(-0.917124 1.68066 -0.0478622)
(-0.953433 1.6749 -0.0344087)
(-0.977215 1.66829 -0.0225801)
(-0.990162 1.66106 -0.0115714)
(-0.993307 1.6533 -0.000675461)
(-0.98735 1.64484 0.0107595)
(-0.972991 1.63493 0.0231568)
(-0.950281 1.62198 0.0368313)
(-0.918876 1.60527 0.0520467)
(-0.878369 1.58373 0.0688348)
(-0.828172 1.55597 0.0870044)
(-0.767974 1.52033 0.10605)
(-0.697609 1.47482 0.125039)
(-0.617445 1.41723 0.142496)
(-0.52868 1.3453 0.156392)
(-0.433705 1.25715 0.16421)
(-0.336315 1.15183 0.163229)
(-0.241631 1.03025 0.151209)
(-0.155565 0.895928 0.127503)
(-0.083915 0.755081 0.0942808)
(-0.0314002 0.614843 0.057061)
(-0.000301483 0.479408 0.0232604)
(0.0113171 0.346327 -0.00167754)
(0.0084948 0.209851 -0.0143685)
(0.00200614 0.0699413 -0.011487)
(0.0215611 2.53084 0.0641626)
(-0.339791 1.61956 0.0814147)
(-0.477095 1.63302 0.0840941)
(-0.632379 1.62557 0.0785203)
(-0.749647 1.61854 0.0683834)
(-0.842221 1.61053 0.056113)
(-0.911617 1.60155 0.0433923)
(-0.962262 1.59143 0.0311488)
(-0.99734 1.58013 0.01979)
(-1.01946 1.56764 0.00940726)
(-1.03036 1.554 -9.87161e-05)
(-1.03112 1.53919 -0.00893868)
(-1.02261 1.52288 -0.017361)
(-1.00537 1.50345 -0.0255071)
(-0.979199 1.48048 -0.0335417)
(-0.94377 1.45361 -0.0415792)
(-0.898508 1.42224 -0.0497339)
(-0.842985 1.38557 -0.0579157)
(-0.776868 1.34262 -0.06592)
(-0.700177 1.2922 -0.0733442)
(-0.613546 1.233 -0.0795368)
(-0.518588 1.16376 -0.0835498)
(-0.418198 1.08353 -0.0841964)
(-0.316749 0.992158 -0.080213)
(-0.219889 0.890768 -0.0706636)
(-0.133821 0.782196 -0.0555341)
(-0.0641908 0.670686 -0.0364474)
(-0.0149607 0.56009 -0.0168474)
(0.0112146 0.450329 -0.000724132)
(0.0174798 0.33463 0.00983348)
(0.011002 0.206464 0.0138082)
(0.00285304 0.0693407 0.00843405)
(0.0387039 2.57537 0.317728)
(-0.294364 1.6603 0.349637)
(-0.401969 1.71984 0.322892)
(-0.534048 1.78251 0.280272)
(-0.629512 1.84706 0.233913)
(-0.704236 1.90567 0.189314)
(-0.76033 1.95483 0.149235)
(-0.802614 1.99353 0.114258)
(-0.834149 2.02208 0.0838042)
(-0.857203 2.04127 0.0567758)
(-0.873185 2.05193 0.0319774)
(-0.882838 2.05478 0.00826159)
(-0.886183 2.05066 -0.0154259)
(-0.883223 2.04214 -0.0398274)
(-0.874149 2.03051 -0.0656565)
(-0.858521 2.01518 -0.0934785)
(-0.835901 1.99553 -0.123622)
(-0.80572 1.97032 -0.156115)
(-0.767316 1.93769 -0.190502)
(-0.720031 1.89491 -0.225692)
(-0.663304 1.8383 -0.259668)
(-0.596909 1.76319 -0.289308)
(-0.52128 1.66423 -0.310278)
(-0.437791 1.53641 -0.31729)
(-0.349067 1.37678 -0.304892)
(-0.259269 1.18707 -0.269201)
(-0.174008 0.976213 -0.210619)
(-0.100121 0.760478 -0.136642)
(-0.0446263 0.558474 -0.0622998)
(-0.0121835 0.380801 -0.00479814)
(0.000602198 0.222933 0.0244695)
(0.00115548 0.0735093 0.0213892)
(0.0631313 2.66014 0.52408)
(-0.231187 1.72399 0.573824)
(-0.294269 1.82447 0.519289)
(-0.397129 1.94695 0.44171)
(-0.466715 2.05149 0.363376)
(-0.52193 2.12728 0.292662)
(-0.564383 2.17439 0.232801)
(-0.598117 2.19852 0.183233)
(-0.625091 2.2064 0.141719)
(-0.646599 2.20384 0.10569)
(-0.663321 2.19528 0.0728718)
(-0.67573 2.18381 0.0414544)
(-0.684183 2.17148 0.0100087)
(-0.688752 2.15936 -0.0227272)
(-0.689321 2.14756 -0.0574265)
(-0.686421 2.13714 -0.0950411)
(-0.680102 2.12807 -0.136354)
(-0.670319 2.12004 -0.18197)
(-0.656775 2.11218 -0.232144)
(-0.638823 2.10258 -0.28649)
(-0.615442 2.08775 -0.343633)
(-0.585215 2.0619 -0.400689)
(-0.546442 2.01636 -0.452771)
(-0.497375 1.93955 -0.492721)
(-0.436565 1.81835 -0.511227)
(-0.363919 1.64175 -0.498045)
(-0.281426 1.40691 -0.444904)
(-0.194752 1.12583 -0.350719)
(-0.11348 0.82727 -0.227773)
(-0.0493075 0.547099 -0.104332)
(-0.010974 0.306794 -0.0154367)
(-0.000541126 0.0987292 0.0169039)
(0.0945051 2.76956 0.665323)
(-0.171934 1.79049 0.736979)
(-0.186687 1.90383 0.664681)
(-0.266896 2.0576 0.559664)
(-0.315859 2.16779 0.457709)
(-0.357032 2.22707 0.369211)
(-0.390283 2.24525 0.296661)
(-0.418242 2.23725 0.237686)
(-0.441526 2.21546 0.188374)
(-0.460414 2.18812 0.145188)
(-0.475029 2.15999 0.105505)
(-0.485594 2.13363 0.0675336)
(-0.492462 2.11033 0.030069)
(-0.49615 2.09065 -0.00779919)
(-0.497314 2.07416 -0.0469912)
(-0.496455 2.06022 -0.088256)
(-0.494188 2.04944 -0.132498)
(-0.491086 2.04255 -0.1807)
(-0.48758 2.04046 -0.233861)
(-0.483795 2.04397 -0.292792)
(-0.479345 2.05313 -0.357754)
(-0.473127 2.0661 -0.427852)
(-0.463244 2.07746 -0.500286)
(-0.446989 2.07629 -0.569569)
(-0.420879 2.04467 -0.626768)
(-0.381474 1.95834 -0.659093)
(-0.32602 1.79208 -0.650669)
(-0.25429 1.53155 -0.586083)
(-0.171735 1.18885 -0.459006)
(-0.0906129 0.809273 -0.285644)
(-0.0288183 0.451562 -0.113896)
(-0.00221781 0.142416 -0.00611544)
(0.132308 2.90942 0.736396)
(-0.123124 1.86016 0.84069)
(-0.0870136 1.9492 0.76649)
(-0.1559 2.11419 0.641606)
(-0.189397 2.21727 0.525438)
(-0.220559 2.25604 0.426613)
(-0.246947 2.25018 0.346681)
(-0.269744 2.22182 0.281627)
(-0.288791 2.18631 0.226409)
(-0.304092 2.15177 0.177042)
(-0.315729 2.12134 0.130979)
(-0.323938 2.09542 0.0867504)
(-0.329081 2.07316 0.043504)
(-0.331603 2.05348 0.000617272)
(-0.332105 2.03551 -0.0425032)
(-0.33114 2.01847 -0.086452)
(-0.329279 2.00238 -0.131896)
(-0.327207 1.98771 -0.179666)
(-0.325672 1.97559 -0.230866)
(-0.325382 1.96808 -0.286917)
(-0.326743 1.96803 -0.349337)
(-0.329497 1.97845 -0.419184)
(-0.332527 2.00078 -0.496172)
(-0.333835 2.03226 -0.577681)
(-0.330603 2.06223 -0.657872)
(-0.319089 2.06799 -0.726691)
(-0.295019 2.01247 -0.768589)
(-0.253727 1.84974 -0.761363)
(-0.19356 1.54666 -0.6793)
(-0.119917 1.11737 -0.507598)
(-0.0490081 0.638446 -0.271484)
(-0.00401383 0.197892 -0.0557026)
(0.174927 3.0801 0.741205)
(-0.0803144 1.92817 0.9024)
(0.00569033 1.96932 0.829144)
(-0.0649546 2.13113 0.69629)
(-0.0820478 2.22802 0.573758)
(-0.105482 2.25583 0.469139)
(-0.125553 2.23898 0.384492)
(-0.142677 2.20341 0.314991)
(-0.156591 2.16556 0.255106)
(-0.167484 2.13271 0.200818)
(-0.175615 2.10635 0.149813)
(-0.181353 2.08518 0.100895)
(-0.185117 2.06715 0.0534107)
(-0.187313 2.05047 0.00685847)
(-0.188302 2.03399 -0.0392653)
(-0.188346 2.01766 -0.0854908)
(-0.187737 2.00115 -0.132259)
(-0.186916 1.98398 -0.179956)
(-0.186552 1.96606 -0.229233)
(-0.187483 1.94838 -0.281416)
(-0.190467 1.93387 -0.338666)
(-0.195828 1.92734 -0.403543)
(-0.203099 1.93436 -0.477828)
(-0.210934 1.9587 -0.561015)
(-0.217359 1.99908 -0.649264)
(-0.220095 2.04485 -0.735169)
(-0.216379 2.0692 -0.807427)
(-0.201656 2.0202 -0.84815)
(-0.170929 1.82318 -0.827429)
(-0.122533 1.42204 -0.704257)
(-0.0623017 0.854559 -0.454025)
(-0.00695208 0.26305 -0.130754)
(0.220076 3.29133 0.687404)
(-0.0354288 2.026 0.926906)
(0.0790048 1.95646 0.860789)
(0.0219455 2.11498 0.73211)
(0.0139079 2.21591 0.606786)
(-0.00297822 2.24466 0.499017)
(-0.0167361 2.22815 0.410632)
(-0.0279572 2.19332 0.337353)
(-0.0365148 2.15692 0.273783)
(-0.0428054 2.12607 0.216036)
(-0.0473343 2.10172 0.161929)
(-0.050593 2.08208 0.11038)
(-0.0529848 2.06492 0.0607723)
(-0.0547886 2.04875 0.0125516)
(-0.0561939 2.03306 -0.0349182)
(-0.0573346 2.01795 -0.0822767)
(-0.0583324 2.00313 -0.129846)
(-0.0594548 1.9875 -0.177582)
(-0.0611987 1.96966 -0.225483)
(-0.064227 1.94901 -0.274327)
(-0.069181 1.92729 -0.326337)
(-0.0764179 1.90954 -0.385114)
(-0.0857561 1.90326 -0.454357)
(-0.096369 1.91542 -0.535623)
(-0.106948 1.94859 -0.626314)
(-0.116062 1.99819 -0.719284)
(-0.122516 2.0501 -0.804299)
(-0.124442 2.07129 -0.868897)
(-0.117081 1.98676 -0.892256)
(-0.0971222 1.67786 -0.830452)
(-0.0620261 1.08187 -0.615197)
(-0.0127561 0.338724 -0.22187)
(0.255643 3.53661 0.588392)
(0.0109967 2.18848 0.90165)
(0.134452 1.93837 0.868513)
(0.113443 2.06185 0.753228)
(0.104098 2.17905 0.627225)
(0.0947254 2.22404 0.517066)
(0.0868833 2.21865 0.42549)
(0.0813426 2.1905 0.348768)
(0.0779668 2.15721 0.282241)
(0.0761718 2.12697 0.222337)
(0.0753133 2.10182 0.166836)
(0.0748486 2.0809 0.114486)
(0.0744037 2.06264 0.0645101)
(0.0737507 2.04587 0.016248)
(0.0728023 2.03024 -0.0310716)
(0.0713992 2.01569 -0.0780304)
(0.0692908 2.00167 -0.12479)
(0.0661276 1.98671 -0.171101)
(0.061483 1.96881 -0.2167)
(0.055023 1.94676 -0.262156)
(0.0466598 1.92188 -0.309697)
(0.036589 1.89919 -0.363321)
(0.0252085 1.88692 -0.427609)
(0.0129823 1.89358 -0.505335)
(0.000284807 1.92325 -0.594968)
(-0.0126807 1.97211 -0.689683)
(-0.0258196 2.02849 -0.778726)
(-0.0381898 2.07342 -0.850523)
(-0.0486855 2.06013 -0.892244)
(-0.0516917 1.86208 -0.87483)
(-0.0470887 1.3014 -0.718996)
(-0.0170392 0.427181 -0.312463)
(0.271547 3.79651 0.458866)
(0.0481994 2.43666 0.820517)
(0.178135 1.9691 0.84652)
(0.201745 1.98707 0.757544)
(0.195102 2.10474 0.636314)
(0.191792 2.17869 0.523489)
(0.191047 2.19856 0.428769)
(0.191586 2.18646 0.349276)
(0.193427 2.16138 0.280525)
(0.196238 2.13387 0.219216)
(0.199368 2.10828 0.163223)
(0.202231 2.08562 0.111109)
(0.204437 2.06552 0.0618561)
(0.20568 2.04731 0.0146679)
(0.205853 2.03086 -0.0310366)
(0.204657 2.01548 -0.0756215)
(0.2016 1.99972 -0.119114)
(0.196217 1.98169 -0.161287)
(0.188305 1.95987 -0.202212)
(0.178121 1.9343 -0.243062)
(0.166363 1.90773 -0.286639)
(0.153882 1.88601 -0.337125)
(0.141228 1.877 -0.398714)
(0.128274 1.88771 -0.473419)
(0.114156 1.9205 -0.559104)
(0.0976301 1.97063 -0.649039)
(0.0777762 2.02709 -0.733384)
(0.0544709 2.075 -0.801561)
(0.0283361 2.08868 -0.843725)
(0.00535991 1.97676 -0.844464)
(-0.0171044 1.49528 -0.743505)
(-0.0173083 0.527822 -0.378373)
(0.271192 4.03878 0.319902)
(0.0618541 2.76629 0.688419)
(0.207248 2.10553 0.781024)
(0.275083 1.94599 0.734288)
(0.284321 2.00107 0.629674)
(0.289523 2.08516 0.518056)
(0.297463 2.1364 0.420261)
(0.305448 2.15279 0.338129)
(0.313335 2.14721 0.267924)
(0.321372 2.13089 0.20626)
(0.329127 2.11056 0.150887)
(0.33589 2.08949 0.100262)
(0.341145 2.06894 0.053252)
(0.34453 2.04918 0.00901194)
(0.345733 2.02971 -0.0331093)
(0.34421 2.00927 -0.0732229)
(0.339571 1.98657 -0.111226)
(0.33188 1.96105 -0.14735)
(0.321771 1.93356 -0.182692)
(0.310341 1.9069 -0.219526)
(0.298759 1.88565 -0.261105)
(0.287707 1.87547 -0.310884)
(0.276867 1.88144 -0.371153)
(0.264746 1.90596 -0.441581)
(0.249021 1.947 -0.518509)
(0.227326 1.99781 -0.595327)
(0.198085 2.04866 -0.663915)
(0.160996 2.08942 -0.716476)
(0.117401 2.10709 -0.746712)
(0.0713006 2.04075 -0.746121)
(0.0254318 1.64671 -0.67722)
(-0.0127347 0.634493 -0.389799)
(0.264364 4.23338 0.191337)
(0.0482595 3.15173 0.522716)
(0.214035 2.38271 0.665935)
(0.320048 2.02474 0.667517)
(0.35824 1.93947 0.593306)
(0.381806 1.96707 0.49421)
(0.403208 2.01526 0.398306)
(0.421091 2.0501 0.314643)
(0.436138 2.06629 0.243115)
(0.449735 2.06783 0.181397)
(0.462052 2.05979 0.127291)
(0.472496 2.04598 0.0790505)
(0.480455 2.02884 0.0353488)
(0.485421 2.00924 -0.00439253)
(0.486915 1.98612 -0.0403705)
(0.485197 1.96028 -0.0732329)
(0.481129 1.93368 -0.10408)
(0.475885 1.90932 -0.134599)
(0.470642 1.89077 -0.166941)
(0.466171 1.88164 -0.203398)
(0.462398 1.88479 -0.245815)
(0.458111 1.90157 -0.295032)
(0.451069 1.93122 -0.350252)
(0.438309 1.9706 -0.408831)
(0.416801 2.01454 -0.466539)
(0.384278 2.05678 -0.51821)
(0.33972 2.09124 -0.558658)
(0.283555 2.1134 -0.58356)
(0.217632 2.11974 -0.589977)
(0.146244 2.0757 -0.575331)
(0.0729767 1.75349 -0.52152)
(-0.000459834 0.735426 -0.321641)
(0.264196 4.33466 0.0845621)
(0.00997551 3.51274 0.344931)
(0.193426 2.76639 0.508331)
(0.323931 2.27896 0.546708)
(0.396175 2.03515 0.508139)
(0.450407 1.9432 0.434907)
(0.495098 1.92286 0.353605)
(0.529378 1.92705 0.276926)
(0.55534 1.93422 0.208942)
(0.576073 1.93685 0.149986)
(0.59305 1.93362 0.0993905)
(0.606585 1.92559 0.0560397)
(0.617362 1.91424 0.0185604)
(0.626037 1.90027 -0.0148128)
(0.633823 1.88833 -0.045962)
(0.641844 1.88238 -0.0764959)
(0.650733 1.88515 -0.107806)
(0.660402 1.89782 -0.140939)
(0.670001 1.92004 -0.176431)
(0.677938 1.95018 -0.214134)
(0.681999 1.98559 -0.253262)
(0.679398 2.02307 -0.292386)
(0.667306 2.05921 -0.329279)
(0.643279 2.09072 -0.361376)
(0.605492 2.11491 -0.385954)
(0.553124 2.12998 -0.40047)
(0.486401 2.13527 -0.402933)
(0.406708 2.13148 -0.392253)
(0.316268 2.12061 -0.368327)
(0.219294 2.08417 -0.331844)
(0.118369 1.8146 -0.280115)
(0.0129951 0.808631 -0.170995)
(0.267064 4.3459 0.0596205)
(-0.0747433 3.74597 0.222218)
(0.156222 3.1342 0.336403)
(0.292058 2.65252 0.378019)
(0.388625 2.32875 0.364459)
(0.476443 2.13433 0.319106)
(0.552678 2.02588 0.261082)
(0.613139 1.96804 0.201658)
(0.660324 1.93828 0.145879)
(0.699221 1.92415 0.0954638)
(0.73254 1.91777 0.0503551)
(0.764171 1.92462 0.00959745)
(0.794782 1.94457 -0.0280371)
(0.824222 1.97598 -0.063721)
(0.852194 2.01466 -0.0980624)
(0.877578 2.05619 -0.131183)
(0.89885 2.09675 -0.162893)
(0.914521 2.13327 -0.19277)
(0.922871 2.16346 -0.220033)
(0.922294 2.18576 -0.24345)
(0.911328 2.19929 -0.261768)
(0.888474 2.20389 -0.273624)
(0.852842 2.20001 -0.277604)
(0.804059 2.18879 -0.272392)
(0.741973 2.1719 -0.256992)
(0.666885 2.15115 -0.230789)
(0.579466 2.12877 -0.193996)
(0.481207 2.10737 -0.147497)
(0.373863 2.08983 -0.0931711)
(0.260218 2.06163 -0.0334428)
(0.143008 1.82358 0.0224094)
(0.0204891 0.835623 0.0403312)
(0.283392 4.46183 0.00612531)
(-1.68726e-05 4.12762 0.0817462)
(0.187949 3.74946 0.148369)
(0.336707 3.38944 0.180603)
(0.454504 3.1034 0.179658)
(0.569675 2.89709 0.156996)
(0.67762 2.75556 0.122941)
(0.770681 2.66405 0.0837994)
(0.848519 2.60937 0.0432565)
(0.913538 2.57861 0.00359193)
(0.968035 2.56291 -0.0340614)
(1.0114 2.55001 -0.069314)
(1.04365 2.53406 -0.101803)
(1.06533 2.51276 -0.13096)
(1.077 2.48527 -0.156399)
(1.07884 2.45154 -0.177633)
(1.07102 2.41206 -0.194252)
(1.05377 2.36768 -0.205814)
(1.02706 2.31958 -0.21177)
(0.991415 2.26912 -0.211486)
(0.947589 2.21788 -0.204171)
(0.895888 2.16764 -0.188844)
(0.836754 2.12041 -0.164515)
(0.770651 2.07863 -0.130055)
(0.697948 2.04432 -0.0843456)
(0.617514 2.01816 -0.0269304)
(0.529026 2.00176 0.0414998)
(0.432501 1.99596 0.119203)
(0.329134 2.00166 0.201149)
(0.222988 1.99553 0.280838)
(0.116824 1.76083 0.334414)
(0.0142253 0.786411 0.252538)
(0.282947 4.39253 -0.0704277)
(-0.058199 4.09136 -0.0753269)
(0.178707 3.83137 -0.0412106)
(0.326592 3.59285 -0.0459555)
(0.445804 3.38521 -0.0582647)
(0.564844 3.20593 -0.0707092)
(0.673061 3.04972 -0.0852696)
(0.760475 2.90935 -0.101821)
(0.826179 2.77944 -0.118307)
(0.8728 2.65831 -0.133211)
(0.903091 2.54514 -0.145589)
(0.919297 2.43947 -0.154984)
(0.922924 2.34105 -0.161116)
(0.91543 2.2498 -0.163839)
(0.897935 2.16567 -0.163189)
(0.87174 2.08858 -0.159209)
(0.838297 2.01847 -0.151815)
(0.798413 1.95531 -0.1407)
(0.753184 1.89911 -0.125462)
(0.703648 1.84992 -0.105765)
(0.650895 1.80784 -0.0808851)
(0.596105 1.77295 -0.0497443)
(0.540403 1.74596 -0.0109972)
(0.484818 1.72821 0.0372355)
(0.429557 1.72343 0.0971767)
(0.375939 1.73928 0.169427)
(0.321359 1.77766 0.25412)
(0.262251 1.83432 0.349025)
(0.196554 1.8968 0.448534)
(0.126393 1.91166 0.539999)
(0.0570163 1.63528 0.576422)
(-0.00596825 0.673274 0.387623)
(0.277005 4.31175 -0.073751)
(-0.135077 3.81189 -0.164965)
(0.121623 3.30699 -0.208588)
(0.179642 2.89147 -0.241033)
(0.259258 2.56308 -0.247806)
(0.354595 2.3134 -0.239543)
(0.438888 2.12765 -0.226502)
(0.504239 1.99062 -0.21235)
(0.552399 1.88959 -0.197768)
(0.586158 1.81479 -0.182951)
(0.607284 1.75891 -0.168261)
(0.617235 1.71672 -0.1537)
(0.617484 1.68449 -0.138946)
(0.609412 1.65962 -0.123633)
(0.594298 1.64021 -0.107385)
(0.573077 1.62488 -0.0900758)
(0.546661 1.61261 -0.0713833)
(0.515955 1.60269 -0.0508814)
(0.481578 1.59451 -0.0281997)
(0.44476 1.58898 -0.00307259)
(0.406462 1.58604 0.0250443)
(0.36722 1.58537 0.0569769)
(0.32771 1.58595 0.0941361)
(0.288414 1.58719 0.139092)
(0.249938 1.59176 0.196199)
(0.212925 1.6097 0.271312)
(0.176657 1.65536 0.368015)
(0.138615 1.73369 0.482875)
(0.0963895 1.821 0.603652)
(0.0515218 1.82209 0.704361)
(0.011891 1.47706 0.710455)
(-0.0177122 0.550554 0.420765)
(0.283079 4.28213 -0.0645691)
(-0.110648 3.65858 -0.218372)
(0.11544 3.00912 -0.325989)
(0.16805 2.49289 -0.368302)
(0.233405 2.13142 -0.374448)
(0.30933 1.90401 -0.358402)
(0.373506 1.7737 -0.330594)
(0.421315 1.70513 -0.2983)
(0.455911 1.67193 -0.265579)
(0.480103 1.65712 -0.234227)
(0.495275 1.65076 -0.204659)
(0.502312 1.64753 -0.17655)
(0.502089 1.64478 -0.149258)
(0.495404 1.64133 -0.122119)
(0.482901 1.63675 -0.094596)
(0.465104 1.63094 -0.0663181)
(0.442495 1.62392 -0.0370888)
(0.415543 1.61604 -0.00669185)
(0.385055 1.60757 0.0249654)
(0.35106 1.59712 0.058529)
(0.314336 1.58519 0.0943106)
(0.276032 1.57331 0.132632)
(0.237276 1.56307 0.174196)
(0.19912 1.55544 0.220695)
(0.162623 1.55249 0.276314)
(0.128693 1.563 0.349034)
(0.0975611 1.60422 0.447119)
(0.0679016 1.68463 0.569827)
(0.037847 1.76851 0.699703)
(0.00830812 1.72742 0.795148)
(-0.0133192 1.31403 0.756499)
(-0.014381 0.456158 0.392304)
(0.280878 4.26714 -0.0819933)
(-0.0762748 3.51585 -0.287731)
(0.12365 2.76377 -0.431443)
(0.185581 2.21078 -0.488581)
(0.235221 1.88837 -0.488939)
(0.289971 1.73817 -0.45646)
(0.334351 1.68757 -0.409754)
(0.365532 1.68233 -0.359923)
(0.387482 1.69136 -0.311833)
(0.402777 1.7005 -0.2668)
(0.412087 1.7051 -0.224562)
(0.41567 1.70475 -0.184325)
(0.4139 1.7005 -0.145224)
(0.407189 1.69355 -0.106546)
(0.395906 1.68485 -0.0677523)
(0.380395 1.67504 -0.0284542)
(0.360865 1.66436 0.0115462)
(0.337504 1.65256 0.0519995)
(0.310765 1.63965 0.0927436)
(0.281095 1.62544 0.133661)
(0.249016 1.60963 0.174799)
(0.215289 1.59237 0.216455)
(0.180809 1.57472 0.259293)
(0.146482 1.55851 0.304878)
(0.113198 1.54735 0.357314)
(0.0818153 1.55118 0.425303)
(0.0531643 1.58778 0.519447)
(0.0273665 1.66262 0.64069)
(0.00379734 1.72589 0.767236)
(-0.0134214 1.62692 0.84192)
(-0.0242248 1.16634 0.749679)
(-0.00875132 0.390525 0.349452)
(0.279596 4.2317 -0.120706)
(-0.0591746 3.31976 -0.375222)
(0.132892 2.49631 -0.531868)
(0.192908 1.97818 -0.586454)
(0.225264 1.7503 -0.569668)
(0.260261 1.69526 -0.518045)
(0.287481 1.70912 -0.45671)
(0.305404 1.7344 -0.396394)
(0.317738 1.75009 -0.339864)
(0.326152 1.75358 -0.28703)
(0.330609 1.74835 -0.237023)
(0.331 1.73839 -0.188921)
(0.327515 1.72645 -0.141946)
(0.320443 1.71409 -0.0954958)
(0.310066 1.70201 -0.0490931)
(0.296657 1.69037 -0.00235825)
(0.28047 1.67905 0.0451171)
(0.261676 1.66777 0.093501)
(0.24038 1.65593 0.142478)
(0.216691 1.64275 0.191402)
(0.190836 1.62745 0.239602)
(0.163271 1.60945 0.286679)
(0.134681 1.58911 0.332831)
(0.105823 1.56837 0.379468)
(0.0773728 1.55225 0.430837)
(0.0499318 1.55252 0.49605)
(0.0244389 1.58617 0.586343)
(0.00197463 1.65185 0.702392)
(-0.0167329 1.68323 0.81706)
(-0.0238381 1.52368 0.859758)
(-0.0258142 1.0422 0.718504)
(-0.00560636 0.344348 0.310258)
(0.278433 4.16848 -0.171418)
(-0.0506312 3.08882 -0.468918)
(0.138327 2.24151 -0.624196)
(0.186038 1.81638 -0.660772)
(0.201757 1.70372 -0.621549)
(0.221719 1.72362 -0.554038)
(0.236513 1.7634 -0.483891)
(0.245244 1.78399 -0.417893)
(0.25088 1.784 -0.356153)
(0.254181 1.7722 -0.29771)
(0.254805 1.75611 -0.241706)
(0.252601 1.73977 -0.18742)
(0.247721 1.72475 -0.134276)
(0.240387 1.7113 -0.0817931)
(0.230822 1.69926 -0.0295089)
(0.219197 1.68842 0.0229604)
(0.20568 1.67866 0.0758306)
(0.190409 1.66951 0.129302)
(0.173496 1.66019 0.183327)
(0.155002 1.6496 0.237422)
(0.134989 1.63646 0.290699)
(0.113638 1.61968 0.342241)
(0.0913238 1.5991 0.391698)
(0.0685241 1.57671 0.44022)
(0.0456213 1.55882 0.492198)
(0.0229434 1.55858 0.556861)
(0.00132787 1.59073 0.644763)
(-0.0172128 1.64372 0.75394)
(-0.0312119 1.63449 0.849466)
(-0.0317195 1.42209 0.855282)
(-0.0241621 0.938704 0.675639)
(-0.00472857 0.308671 0.2754)
(0.277011 4.08421 -0.230906)
(-0.0459538 2.84682 -0.560198)
(0.138944 2.02667 -0.699686)
(0.16674 1.72821 -0.709698)
(0.169604 1.71729 -0.648972)
(0.179422 1.77342 -0.571368)
(0.185504 1.80594 -0.497112)
(0.187931 1.80642 -0.428144)
(0.188915 1.78984 -0.363041)
(0.188571 1.76881 -0.30075)
(0.186458 1.74925 -0.240606)
(0.182466 1.73265 -0.182104)
(0.176686 1.71859 -0.12482)
(0.169257 1.70632 -0.0683403)
(0.16035 1.69526 -0.0122289)
(0.150139 1.68525 0.0439817)
(0.138688 1.67625 0.100674)
(0.126088 1.66809 0.157998)
(0.112441 1.66019 0.215811)
(0.097842 1.65137 0.273589)
(0.0823722 1.63997 0.330382)
(0.0661363 1.62443 0.385072)
(0.0493024 1.6043 0.437072)
(0.0320492 1.58191 0.487525)
(0.0144318 1.56477 0.541077)
(-0.00359343 1.56663 0.60682)
(-0.0212915 1.59783 0.693575)
(-0.0356954 1.63194 0.79352)
(-0.0433229 1.57764 0.864414)
(-0.0398001 1.32251 0.831791)
(-0.0236363 0.848772 0.62419)
(-0.00459909 0.277923 0.241776)
(0.27346 3.97481 -0.297263)
(-0.0475553 2.60248 -0.643136)
(0.134532 1.86085 -0.754623)
(0.137919 1.69955 -0.736221)
(0.134053 1.75753 -0.659046)
(0.136827 1.81556 -0.576832)
(0.136689 1.82692 -0.501087)
(0.134862 1.80957 -0.430486)
(0.132604 1.78427 -0.363253)
(0.129645 1.76119 -0.298445)
(0.125604 1.74279 -0.23551)
(0.120369 1.72817 -0.174088)
(0.113965 1.71581 -0.113879)
(0.106479 1.70461 -0.0545494)
(0.0980502 1.69412 0.00429555)
(0.0887526 1.68428 0.0630827)
(0.0786832 1.67529 0.122236)
(0.0679744 1.66724 0.181983)
(0.0567317 1.65968 0.242175)
(0.0450626 1.65143 0.302171)
(0.0330806 1.64062 0.361002)
(0.0208768 1.6255 0.41748)
(0.00848909 1.60571 0.47106)
(-0.00418418 1.58427 0.523156)
(-0.0174727 1.57017 0.578989)
(-0.0316383 1.57644 0.647234)
(-0.0456472 1.60417 0.732656)
(-0.056139 1.61202 0.8198)
(-0.0563344 1.5108 0.861438)
(-0.0469929 1.22293 0.791044)
(-0.0246042 0.766401 0.564311)
(-0.00445851 0.249665 0.207324)
(0.26767 3.84398 -0.365364)
(-0.054731 2.36965 -0.711508)
(0.126135 1.74707 -0.788665)
(0.102323 1.7102 -0.745081)
(0.0988224 1.80012 -0.657574)
(0.0951037 1.84167 -0.574165)
(0.0905886 1.83329 -0.498034)
(0.0856678 1.80562 -0.426642)
(0.0807973 1.77753 -0.358233)
(0.0757214 1.75543 -0.291875)
(0.0701058 1.73917 -0.227109)
(0.0638193 1.72647 -0.163719)
(0.0568512 1.71533 -0.101527)
(0.0492611 1.70472 -0.0402625)
(0.0411496 1.69442 0.0204471)
(0.0325479 1.68457 0.0809951)
(0.0235402 1.67548 0.141747)
(0.0142734 1.66726 0.202901)
(0.00480963 1.65946 0.264288)
(-0.00453513 1.65083 0.325245)
(-0.0136625 1.63947 0.384719)
(-0.0226532 1.62379 0.441644)
(-0.0315302 1.60416 0.495876)
(-0.0407082 1.58514 0.549622)
(-0.0508416 1.57664 0.608634)
(-0.0620563 1.58745 0.679818)
(-0.0724437 1.60568 0.761652)
(-0.0775613 1.57925 0.830635)
(-0.0709281 1.43152 0.838578)
(-0.0529601 1.12074 0.732892)
(-0.0260595 0.687675 0.4957)
(-0.00402216 0.222878 0.171519)
(0.259382 3.69631 -0.430761)
(-0.0653898 2.15725 -0.761356)
(0.114154 1.67919 -0.804101)
(0.0627558 1.73902 -0.740888)
(0.0657035 1.833 -0.648353)
(0.0540587 1.85505 -0.564985)
(0.0467386 1.83373 -0.489007)
(0.039111 1.80104 -0.417491)
(0.0318369 1.77236 -0.348593)
(0.0248354 1.75163 -0.281421)
(0.0177849 1.73715 -0.215601)
(0.0105353 1.72581 -0.15103)
(0.00306007 1.71542 -0.0876215)
(-0.00461042 1.70514 -0.0251781)
(-0.0124867 1.69498 0.0366409)
(-0.0205747 1.68521 0.0981903)
(-0.0287533 1.67608 0.159784)
(-0.0368654 1.66756 0.221516)
(-0.0447697 1.65903 0.283121)
(-0.0522114 1.64916 0.343903)
(-0.0590751 1.63626 0.402826)
(-0.0654617 1.61957 0.459258)
(-0.0717005 1.60103 0.513875)
(-0.0785381 1.58687 0.569886)
(-0.0866507 1.58562 0.632767)
(-0.0954782 1.59728 0.705494)
(-0.101901 1.59638 0.778659)
(-0.0994425 1.52812 0.822527)
(-0.084853 1.33717 0.793282)
(-0.0579978 1.01401 0.656694)
(-0.0268109 0.610611 0.418865)
(-0.00317215 0.197159 0.135098)
(0.247264 3.53625 -0.488991)
(-0.0769019 1.97 -0.790626)
(0.0977983 1.64548 -0.805061)
(0.0221835 1.76945 -0.72626)
(0.0339002 1.8541 -0.633235)
(0.0134905 1.86179 -0.549749)
(0.00402675 1.83336 -0.474396)
(-0.00627693 1.79805 -0.403299)
(-0.0158263 1.76897 -0.334542)
(-0.0246856 1.74892 -0.267283)
(-0.0331225 1.73541 -0.201195)
(-0.0413143 1.72489 -0.136233)
(-0.0493371 1.71505 -0.0723602)
(-0.0572081 1.70512 -0.00941881)
(-0.0649715 1.6952 0.0528673)
(-0.0726064 1.68554 0.114773)
(-0.0800053 1.67624 0.176506)
(-0.0870121 1.66702 0.238023)
(-0.0934464 1.65708 0.298943)
(-0.0991385 1.64522 0.358583)
(-0.104081 1.63055 0.416265)
(-0.108577 1.61387 0.472096)
(-0.113308 1.59901 0.527831)
(-0.119105 1.59225 0.587148)
(-0.126035 1.59654 0.653345)
(-0.132082 1.59996 0.723156)
(-0.132405 1.56771 0.779439)
(-0.12104 1.45256 0.790624)
(-0.0962133 1.22545 0.723)
(-0.0609658 0.901807 0.562911)
(-0.0261156 0.534421 0.335805)
(-0.0024282 0.172257 0.0995004)
(0.229275 3.3687 -0.535169)
(-0.0893437 1.80964 -0.79961)
(0.0745782 1.63094 -0.795993)
(-0.0156704 1.7912 -0.701758)
(-0.000412258 1.86624 -0.612486)
(-0.0262545 1.8662 -0.528832)
(-0.0391023 1.83441 -0.454402)
(-0.0518912 1.79746 -0.384208)
(-0.0636372 1.76733 -0.316237)
(-0.074325 1.74673 -0.249619)
(-0.084134 1.73315 -0.184034)
(-0.0932562 1.7229 -0.119443)
(-0.1018 1.71347 -0.0558207)
(-0.109815 1.70391 0.00696024)
(-0.1174 1.69416 0.0690889)
(-0.124533 1.68436 0.130715)
(-0.131092 1.6744 0.191884)
(-0.136944 1.66384 0.252419)
(-0.141975 1.65198 0.311918)
(-0.146188 1.63832 0.369954)
(-0.149855 1.62343 0.42654)
(-0.153585 1.60989 0.482769)
(-0.158146 1.60197 0.541041)
(-0.163773 1.60211 0.603781)
(-0.169021 1.6037 0.669594)
(-0.169973 1.58434 0.727985)
(-0.160983 1.50898 0.757112)
(-0.138305 1.34738 0.729633)
(-0.102319 1.09605 0.626754)
(-0.0601432 0.785143 0.4547)
(-0.0235536 0.459585 0.250766)
(-0.00194403 0.148226 0.0666387)
(0.20554 3.20092 -0.564439)
(-0.102543 1.67589 -0.789793)
(0.0436972 1.61906 -0.776343)
(-0.0474159 1.80021 -0.671618)
(-0.0424413 1.87248 -0.584266)
(-0.0661684 1.87015 -0.502187)
(-0.0836278 1.83757 -0.429135)
(-0.0990623 1.79974 -0.360402)
(-0.112871 1.768 -0.293834)
(-0.12523 1.74549 -0.228536)
(-0.136275 1.73042 -0.164156)
(-0.146193 1.7194 -0.10062)
(-0.155127 1.70976 -0.0379097)
(-0.163182 1.70014 0.0240338)
(-0.170438 1.69018 0.08527)
(-0.176897 1.67978 0.145858)
(-0.182513 1.66874 0.205723)
(-0.187277 1.6568 0.26468)
(-0.191283 1.64394 0.322561)
(-0.194834 1.63091 0.379519)
(-0.198474 1.61965 0.436389)
(-0.202794 1.61282 0.49475)
(-0.207853 1.6114 0.555975)
(-0.212318 1.61005 0.618704)
(-0.212802 1.59286 0.675381)
(-0.204264 1.53449 0.710376)
(-0.182329 1.41027 0.702957)
(-0.14624 1.21105 0.635999)
(-0.100425 0.95226 0.507674)
(-0.0544777 0.6673 0.339218)
(-0.0192957 0.387648 0.170088)
(-0.00144081 0.125388 0.0386648)
(0.177708 3.0382 -0.573167)
(-0.114618 1.56106 -0.761867)
(0.00310245 1.59479 -0.742423)
(-0.0773009 1.79726 -0.637977)
(-0.0872118 1.87312 -0.548689)
(-0.111154 1.87316 -0.469511)
(-0.131405 1.84292 -0.398711)
(-0.149296 1.80581 -0.33214)
(-0.164965 1.77257 -0.267662)
(-0.178721 1.74708 -0.204384)
(-0.190726 1.72884 -0.141934)
(-0.201167 1.7154 -0.0801945)
(-0.210212 1.70421 -0.0191527)
(-0.21802 1.69362 0.0411865)
(-0.224759 1.68298 0.100832)
(-0.230517 1.672 0.159792)
(-0.235431 1.66065 0.218044)
(-0.239724 1.64927 0.275647)
(-0.243748 1.63871 0.332909)
(-0.247941 1.63034 0.390524)
(-0.252599 1.62536 0.449411)
(-0.257393 1.62302 0.509883)
(-0.260766 1.61775 0.569939)
(-0.259545 1.59694 0.62313)
(-0.249278 1.54213 0.657571)
(-0.226055 1.43521 0.657847)
(-0.188712 1.26794 0.610612)
(-0.140482 1.04884 0.512326)
(-0.089108 0.801476 0.375413)
(-0.0443117 0.553023 0.227451)
(-0.0140281 0.320245 0.100598)
(-0.00131084 0.10398 0.017087)
(0.151037 2.88386 -0.557178)
(-0.130487 1.44582 -0.71715)
(-0.0443737 1.55511 -0.692766)
(-0.114308 1.7785 -0.596731)
(-0.134933 1.86459 -0.507746)
(-0.161588 1.8729 -0.430979)
(-0.18451 1.84906 -0.363217)
(-0.204621 1.81557 -0.299777)
(-0.221883 1.78263 -0.2383)
(-0.236679 1.75467 -0.17788)
(-0.249261 1.73268 -0.118158)
(-0.259872 1.7156 -0.0589874)
(-0.268771 1.70177 -0.000316755)
(-0.276278 1.68979 0.0578953)
(-0.282658 1.67875 0.115707)
(-0.288178 1.66841 0.17321)
(-0.293164 1.659 0.230606)
(-0.297938 1.65103 0.288233)
(-0.302714 1.64498 0.346514)
(-0.307382 1.64055 0.405659)
(-0.31114 1.63534 0.464946)
(-0.312104 1.62334 0.521591)
(-0.307245 1.5942 0.569623)
(-0.292867 1.53452 0.599645)
(-0.265864 1.43212 0.60039)
(-0.225534 1.28183 0.562453)
(-0.174713 1.08988 0.483293)
(-0.11999 0.873351 0.371354)
(-0.0698777 0.653685 0.246068)
(-0.0316495 0.447217 0.131722)
(-0.00875251 0.259008 0.0476208)
(-0.000969317 0.0844184 0.00252207)
(0.129602 2.73905 -0.512271)
(-0.151649 1.3231 -0.650569)
(-0.0982758 1.4883 -0.627321)
(-0.163309 1.73374 -0.544885)
(-0.190375 1.83879 -0.460644)
(-0.219667 1.86299 -0.386979)
(-0.245006 1.85086 -0.322797)
(-0.267219 1.82538 -0.263431)
(-0.286005 1.79676 -0.206004)
(-0.301722 1.76975 -0.149356)
(-0.314752 1.7464 -0.0930602)
(-0.325502 1.72715 -0.0369273)
(-0.334403 1.71157 0.0191624)
(-0.341851 1.69871 0.075379)
(-0.348168 1.68786 0.131837)
(-0.353657 1.6787 0.188722)
(-0.358492 1.67091 0.246186)
(-0.362603 1.66378 0.304194)
(-0.365452 1.65559 0.362184)
(-0.365835 1.64283 0.418538)
(-0.361756 1.61959 0.469927)
(-0.35055 1.57764 0.510894)
(-0.329423 1.50779 0.53406)
(-0.296435 1.40273 0.531498)
(-0.251677 1.26045 0.497268)
(-0.198126 1.08672 0.430593)
(-0.141535 0.894581 0.338257)
(-0.0891679 0.700389 0.234495)
(-0.047401 0.517832 0.137036)
(-0.0194079 0.353217 0.0606503)
(-0.00451888 0.204949 0.0126976)
(-0.000353221 0.0670132 -0.00552753)
(0.112431 2.62376 -0.430936)
(-0.179036 1.18705 -0.555818)
(-0.156472 1.37468 -0.54478)
(-0.224238 1.64293 -0.482058)
(-0.256203 1.77768 -0.407706)
(-0.28712 1.82824 -0.338571)
(-0.313866 1.83525 -0.277984)
(-0.337684 1.82329 -0.222923)
(-0.357979 1.8042 -0.170205)
(-0.374772 1.78336 -0.118064)
(-0.388392 1.76335 -0.0657497)
(-0.39935 1.74539 -0.0129304)
(-0.408007 1.72976 0.0405799)
(-0.414498 1.71572 0.0947158)
(-0.419191 1.70291 0.149556)
(-0.422027 1.69029 0.20493)
(-0.422678 1.67623 0.260276)
(-0.420385 1.65819 0.314394)
(-0.413873 1.63239 0.365125)
(-0.401437 1.59375 0.409063)
(-0.381131 1.53631 0.441523)
(-0.351267 1.45438 0.456995)
(-0.311158 1.34434 0.450262)
(-0.261808 1.20663 0.418131)
(-0.206369 1.04684 0.361332)
(-0.149892 0.875241 0.285802)
(-0.0982761 0.70412 0.202206)
(-0.0565787 0.54405 0.123196)
(-0.0273304 0.400677 0.0592266)
(-0.00997022 0.273905 0.0156313)
(-0.00188932 0.159587 -0.0067346)
(0.00015595 0.0523501 -0.00884204)
(0.10406 2.56074 -0.317719)
(-0.207949 1.03358 -0.428669)
(-0.21131 1.18864 -0.438967)
(-0.290829 1.47217 -0.403959)
(-0.330334 1.64502 -0.347599)
(-0.362854 1.73508 -0.287157)
(-0.389103 1.77252 -0.230773)
(-0.412374 1.78149 -0.17932)
(-0.43255 1.77666 -0.130934)
(-0.449268 1.7656 -0.083645)
(-0.462224 1.75171 -0.0361888)
(-0.471355 1.7363 0.0120199)
(-0.476801 1.71937 0.061049)
(-0.478694 1.70094 0.110685)
(-0.476808 1.68007 0.160495)
(-0.470798 1.65513 0.209583)
(-0.460028 1.62372 0.256457)
(-0.443576 1.58273 0.298885)
(-0.420408 1.52849 0.333842)
(-0.389604 1.4573 0.357665)
(-0.350706 1.36621 0.366546)
(-0.30417 1.25417 0.35734)
(-0.251742 1.12303 0.328719)
(-0.196558 0.977977 0.282284)
(-0.142838 0.826985 0.22307)
(-0.0950619 0.67903 0.158898)
(-0.0567761 0.541657 0.0984622)
(-0.0295415 0.418931 0.0486588)
(-0.0126204 0.310878 0.0129215)
(-0.00365547 0.214617 -0.00825305)
(-0.000470235 0.125906 -0.0156006)
(0.000432539 0.0414156 -0.00955518)
(0.117303 2.58333 -0.191058)
(-0.221162 0.872954 -0.272898)
(-0.239213 0.90769 -0.304902)
(-0.339227 1.17549 -0.302309)
(-0.395089 1.37918 -0.273491)
(-0.435164 1.5163 -0.230763)
(-0.461971 1.59848 -0.183841)
(-0.481828 1.64149 -0.137681)
(-0.497195 1.65915 -0.0938717)
(-0.508764 1.66145 -0.0521239)
(-0.516128 1.65449 -0.0114959)
(-0.51865 1.64125 0.0288601)
(-0.515702 1.62171 0.0692638)
(-0.507126 1.596 0.109389)
(-0.49263 1.56338 0.148324)
(-0.471919 1.52251 0.184744)
(-0.444721 1.47161 0.216825)
(-0.410885 1.40876 0.242293)
(-0.370555 1.33224 0.258609)
(-0.324385 1.24112 0.263374)
(-0.273728 1.13584 0.254931)
(-0.220755 1.01867 0.232984)
(-0.16837 0.893856 0.199147)
(-0.119854 0.767058 0.157152)
(-0.0782654 0.644202 0.112277)
(-0.0457322 0.529971 0.070031)
(-0.0229016 0.426638 0.0346166)
(-0.00888563 0.333995 0.0080689)
(-0.00177985 0.250395 -0.00925518)
(0.000913437 0.173405 -0.0177081)
(0.00100981 0.101608 -0.0175548)
(0.000117335 0.0333624 -0.00877404)
(0.145768 2.65011 -0.0804443)
(-0.189528 0.7265 -0.107958)
(-0.196148 0.541407 -0.151015)
(-0.31121 0.722578 -0.173877)
(-0.390142 0.91112 -0.175496)
(-0.45161 1.07064 -0.159635)
(-0.493463 1.19339 -0.133177)
(-0.519713 1.28069 -0.101672)
(-0.533763 1.33747 -0.0688744)
(-0.538346 1.36972 -0.0364493)
(-0.535526 1.38257 -0.00521352)
(-0.526665 1.38012 0.0244468)
(-0.511301 1.36617 0.0524575)
(-0.488571 1.34169 0.0787409)
(-0.458901 1.30697 0.102809)
(-0.422537 1.2619 0.123703)
(-0.380145 1.20622 0.14015)
(-0.332731 1.13982 0.150774)
(-0.281718 1.06301 0.154325)
(-0.229011 0.976871 0.149988)
(-0.176988 0.883362 0.137779)
(-0.12829 0.785216 0.118698)
(-0.0854023 0.68568 0.0948534)
(-0.0502593 0.588065 0.0691702)
(-0.0238768 0.494965 0.0445543)
(-0.00618821 0.407922 0.0233702)
(0.00378192 0.327486 0.00680743)
(0.00786503 0.253703 -0.00482857)
(0.00786804 0.186637 -0.0118563)
(0.00538786 0.126862 -0.014355)
(0.00273854 0.0733263 -0.0123116)
(0.000336686 0.0239267 -0.00569987)
(0.0833883 2.09343 -0.00385188)
(-0.0977888 0.499243 0.0102539)
(-0.0567581 0.167804 -0.017812)
(-0.130548 0.178096 -0.0370381)
(-0.196236 0.259646 -0.0567419)
(-0.264116 0.35399 -0.0669325)
(-0.326052 0.443234 -0.0664949)
(-0.376651 0.519758 -0.0570025)
(-0.413578 0.580749 -0.0434444)
(-0.436356 0.626194 -0.0283892)
(-0.445261 0.656876 -0.0134442)
(-0.440775 0.673919 0.000109154)
(-0.424942 0.679516 0.0116787)
(-0.399885 0.675556 0.0214731)
(-0.366747 0.662768 0.0295787)
(-0.326982 0.641671 0.0357491)
(-0.282425 0.612693 0.039621)
(-0.235164 0.576359 0.0408021)
(-0.187547 0.533442 0.0390311)
(-0.142006 0.485079 0.0343992)
(-0.100684 0.432772 0.028218)
(-0.0652482 0.378163 0.0217973)
(-0.0368642 0.323009 0.0153137)
(-0.0158634 0.269221 0.00941849)
(-0.0019166 0.218576 0.00439008)
(0.00597335 0.172641 0.000455523)
(0.0090524 0.132475 -0.00209278)
(0.00897067 0.0984887 -0.00357027)
(0.00707957 0.0701896 -0.0044238)
(0.00427279 0.0466576 -0.00448531)
(0.00160053 0.0266238 -0.00354978)
(9.25892e-05 0.00864215 -0.00164159)
)
;

boundaryField
{
    inner_wall
    {
        type            rotatingWallVelocity;
        origin          ( 0 0 0 );
        axis            ( 0 0 1 );
        omega           table ( ( 57 157.237 ) ( 57.05 168.279 ) ( 59 168.279 ) );
        omegaCoeffs
        {
            values          3 ( ( 0 52.3599 ) ( 0.05 186.584 ) ( 2 186.584 ) );
        }
        value           nonuniform List<vector> 96{(0 4.73472 0)};
    }
    outer_wall
    {
        type            rotatingWallVelocity;
        origin          ( 0 0 0 );
        axis            ( 0 0 1 );
        omega           constant 0;
        value           uniform ( 0 0 0 );
    }
    top
    {
        type            fixedValue;
        value           uniform ( 0 0 -0.001462 );
    }
    bottom
    {
        type            inletOutlet;
        inletValue      uniform ( 0 0 0 );
        value           nonuniform List<vector> 
32
(
(0 0 0)
(0 0 0)
(0 0 0)
(0 0 0)
(0 0 0)
(0 0 0)
(0 0 0)
(0 0 0)
(0 0 0)
(0 0 0)
(0 0 0)
(0 0 0)
(0 0 0)
(0 0 0)
(0 0 0)
(0 0 0)
(0 0 0)
(0 0 0)
(0 0 0)
(0.0683676 0.672184 -0.038365)
(0.0963281 0.822693 -0.102223)
(0.118031 0.90785 -0.164679)
(0.132717 0.95326 -0.221382)
(0.139864 0.974874 -0.270088)
(0.139332 0.979831 -0.309858)
(0.131733 0.967162 -0.340483)
(0.117515 0.927681 -0.361901)
(0.0973053 0.846828 -0.37302)
(0.0726654 0.713892 -0.369961)
(0.0464744 0.532923 -0.343569)
(0.0231243 0.323515 -0.275378)
(0.00419308 0.107585 -0.132206)
)
;
    }
    front
    {
        type            wedge;
    }
    back
    {
        type            wedge;
    }
}


// ************************************************************************* //
