/*--------------------------------*- C++ -*----------------------------------*\
| =========                 |                                                 |
| \\      /  F ield         | OpenFOAM: The Open Source CFD Toolbox           |
|  \\    /   O peration     | Version:  2506                                  |
|   \\  /    A nd           | Website:  www.openfoam.com                      |
|    \\/     M anipulation  |                                                 |
\*---------------------------------------------------------------------------*/
FoamFile
{
    version     2.0;
    format      ascii;
    arch        "LSB;label=32;scalar=64";
    class       volScalarField;
    location    "917";
    object      p;
}
// * * * * * * * * * * * * * * * * * * * * * * * * * * * * * * * * * * * * * //

dimensions      [0 2 -2 0 0 0 0];

internalField   nonuniform List<scalar> 
3072
(
-0.000123967159
-9.41515306e-05
-9.04857048e-05
-8.44512066e-05
-7.46945478e-05
-6.29698054e-05
-5.10207604e-05
-3.99856108e-05
-2.77742553e-05
-1.40153756e-05
-7.56287646e-06
-7.76018112e-06
-7.62203881e-06
-6.31045735e-06
-4.47203716e-06
-2.49540013e-06
-5.35724081e-07
1.32379496e-06
3.02537442e-06
4.52419126e-06
5.80687096e-06
7.01604354e-06
8.04230249e-06
8.7465054e-06
9.27238998e-06
9.66435645e-06
9.94257955e-06
1.0131488e-05
1.02633955e-05
1.03857747e-05
1.05659075e-05
1.08151661e-05
-0.000264310426
-0.000186452135
-0.000160138702
-0.000141512777
-0.000123474803
-0.000104850656
-8.64210262e-05
-6.86357546e-05
-5.08430135e-05
-3.39336368e-05
-2.18125429e-05
-1.44699931e-05
-8.57002066e-06
-3.29991212e-06
1.33041148e-06
5.32478001e-06
8.74336245e-06
1.16448893e-05
1.40880913e-05
1.61498351e-05
1.77775695e-05
1.92003331e-05
2.04184889e-05
2.1238482e-05
2.18514371e-05
2.23315927e-05
2.27116358e-05
2.30231895e-05
2.33043238e-05
2.36021661e-05
2.39473872e-05
2.4241085e-05
-0.000326423865
-0.00022178128
-0.000176574454
-0.000146113134
-0.000121669696
-0.000100771967
-8.23238048e-05
-6.56797989e-05
-5.03714595e-05
-3.65147425e-05
-2.47569056e-05
-1.50290892e-05
-6.70559054e-06
5.332519e-07
6.82418489e-06
1.22633657e-05
1.69345223e-05
2.09092482e-05
2.42731783e-05
2.72005471e-05
2.95866388e-05
3.14880858e-05
3.3081163e-05
3.43169259e-05
3.52852015e-05
3.60472198e-05
3.66469388e-05
3.71230495e-05
3.75126621e-05
3.78541563e-05
3.81780741e-05
3.84492449e-05
-0.000386212901
-0.000266915167
-0.000210788339
-0.00016876089
-0.000135763049
-0.000109664224
-8.7852278e-05
-6.89316238e-05
-5.21830064e-05
-3.72967462e-05
-2.4197144e-05
-1.27467174e-05
-2.72758539e-06
6.04068826e-06
1.36900689e-05
2.03248454e-05
2.60363874e-05
3.09110189e-05
3.50379e-05
3.85009355e-05
4.1402294e-05
4.37573799e-05
4.56286085e-05
4.71510942e-05
4.8363035e-05
4.93170899e-05
5.00674582e-05
5.06623664e-05
5.11448794e-05
5.15569958e-05
5.19303281e-05
5.22254121e-05
-0.000442025294
-0.000315680679
-0.000246465621
-0.000194678075
-0.000154290533
-0.000122038863
-9.54361735e-05
-7.29130214e-05
-5.34563906e-05
-3.64581879e-05
-2.1555102e-05
-8.48020616e-06
2.98975569e-06
1.30328063e-05
2.17906149e-05
2.93833096e-05
3.59220964e-05
4.15135977e-05
4.62356289e-05
5.00709765e-05
5.32998845e-05
5.60636973e-05
5.82581528e-05
6.00109536e-05
6.14108436e-05
6.25244494e-05
6.34106254e-05
6.4122232e-05
6.47076045e-05
6.52152242e-05
6.56823024e-05
6.60575054e-05
-0.00049065549
-0.000359350156
-0.000280091213
-0.000220370284
-0.000173454914
-0.000135074442
-0.000103461219
-7.69813574e-05
-5.44124498e-05
-3.49370697e-05
-1.80134163e-05
-3.25686815e-06
9.62078356e-06
2.08410891e-05
3.05814925e-05
3.89919636e-05
4.62066275e-05
5.23490333e-05
5.75295752e-05
6.18425571e-05
6.54208505e-05
6.83738584e-05
7.0772284e-05
7.27058527e-05
7.42589071e-05
7.55060319e-05
7.65134813e-05
7.73400024e-05
7.80401346e-05
7.86711188e-05
7.92767034e-05
7.97778987e-05
-0.000531925742
-0.000396360086
-0.000311284972
-0.000245353455
-0.000191929372
-0.000147979318
-0.000111621476
-8.11857511e-05
-5.53782963e-05
-3.32741573e-05
-1.42175734e-05
2.27301786e-06
1.65601643e-05
2.89247604e-05
3.95928811e-05
4.87542909e-05
5.6574776e-05
6.32036082e-05
6.87778627e-05
7.34253614e-05
7.72692122e-05
8.04240243e-05
8.29932302e-05
8.50736904e-05
8.67550879e-05
8.81190548e-05
8.92385735e-05
9.01782093e-05
9.09987948e-05
9.17669376e-05
9.25330796e-05
9.31837019e-05
-0.000566132756
-0.000427474134
-0.000338406735
-0.000267796755
-0.000209055529
-0.000160191553
-0.000119500837
-8.53394588e-05
-5.63985035e-05
-3.17025586e-05
-1.0525217e-05
7.68781714e-06
2.33651521e-05
3.68458246e-05
4.84057644e-05
5.82769585e-05
6.66603167e-05
7.37344097e-05
7.96609657e-05
8.45885423e-05
8.86546579e-05
9.19862563e-05
9.46998748e-05
9.69025925e-05
9.86923109e-05
0.000100157725
0.000101377901
0.000102422708
0.000103358797
0.000104261628
0.000105187683
0.00010598788
-0.000594146782
-0.000453435207
-0.000361223875
-0.000286857279
-0.000223987771
-0.000171079109
-0.000126661806
-8.91941393e-05
-5.74006618e-05
-3.02970433e-05
-7.12026037e-06
1.2731683e-05
2.97380212e-05
4.4286553e-05
5.66977407e-05
6.72427936e-05
7.61564238e-05
8.36458529e-05
8.98968363e-05
9.50777614e-05
9.93422415e-05
0.0001028306
0.000105670865
0.000107979666
0.000109862823
0.000111415639
0.000112722711
0.000113858588
0.000114894944
0.000115914761
0.000116979526
0.000117909245
-0.000616490022
-0.000474436807
-0.000379939519
-0.000302668451
-0.000236574176
-0.000180404874
-0.000132888419
-9.2598827e-05
-5.83158346e-05
-2.90708172e-05
-4.08733376e-06
1.72642516e-05
3.54985876e-05
5.104094e-05
6.4248337e-05
7.54255346e-05
8.48371605e-05
9.27163038e-05
9.92707977e-05
0.000104687485
0.000109135279
0.00011276717
0.000115721741
0.000118124298
0.000120087811
0.000121713471
0.000123090698
0.000124298023
0.000125411166
0.000126518829
0.000127686269
0.000128711105
-0.000633726335
-0.000490848275
-0.000394799155
-0.000315366386
-0.000246803911
-0.000188073162
-0.00013806001
-9.54446004e-05
-5.90687338e-05
-2.79907922e-05
-1.43653473e-06
2.12368818e-05
4.05665783e-05
5.70047576e-05
7.0936406e-05
8.26932402e-05
9.25646134e-05
0.000100805582
0.000107642983
0.000113279811
0.000117898485
0.000121663197
0.000124721753
0.000127206999
0.000129238039
0.00013092104
0.000132349425
0.000133604958
0.00013476637
0.000135926089
0.000137151888
0.000138229626
-0.000646482358
-0.000503163641
-0.000406149904
-0.000325165513
-0.000254771132
-0.000194090659
-0.000142131195
-9.7663581e-05
-5.95899925e-05
-2.69995981e-05
8.70639369e-07
2.4667015e-05
4.49392881e-05
6.21576414e-05
7.67271563e-05
8.89999508e-05
9.92846646e-05
0.000107853927
0.000114950008
0.000120789193
0.000125565081
0.000129451167
0.000132602871
0.000135159225
0.000137244297
0.000138968222
0.000140427562
0.000141706566
0.000142885984
0.000144060018
0.000145297797
0.000146384501
-0.000655394525
-0.000511912825
-0.000414397663
-0.000332349137
-0.000260646958
-0.000198536801
-0.000145114318
-9.92250401e-05
-5.98238976e-05
-2.60314439e-05
2.90040545e-06
2.76153362e-05
4.86688669e-05
6.65420564e-05
8.16535476e-05
9.43699387e-05
0.000105014091
0.000113871854
0.000121197325
0.000127217053
0.000132133334
0.000136126891
0.000139359043
0.000141973562
0.00014409827
0.000145846242
0.000147316344
0.00014859461
0.000149762924
0.00015091552
0.000152121905
0.000153176799
-0.000661078516
-0.000517622637
-0.00041996886
-0.000337236019
-0.000264647382
-0.000201538319
-0.000147064185
-0.000100128999
-5.97321337e-05
-2.50232149e-05
4.73029091e-06
3.01661848e-05
5.18412071e-05
7.02420737e-05
8.5795845e-05
9.88786742e-05
0.000109823241
0.000118924698
0.000126445621
0.00013261995
0.000137656282
0.000141740545
0.000145038281
0.000147696606
0.000149845937
0.000151601331
0.000153063187
0.00015431872
0.000155450199
0.000156550484
0.000157688686
0.00015867754
-0.000664110979
-0.00052079406
-0.000423284678
-0.000340155012
-0.000267010667
-0.000203250385
-0.000148064662
-0.000100400824
-5.92950493e-05
-2.39217128e-05
6.43706133e-06
3.24119697e-05
5.45581154e-05
7.33643723e-05
8.92623077e-05
0.000102633828
0.000113817782
0.000123115363
0.0001307947
0.00013709462
0.00014222786
0.000146383745
0.000149730526
0.000152417405
0.000154576364
0.000156323601
0.000157760395
0.00015897463
0.000160048391
0.000161072116
0.000162113973
0.000163010967
-0.000665020757
-0.000521895505
-0.000424751851
-0.000341431893
-0.000267982513
-0.000203844055
-0.000148219595
-0.000100086979
-5.85117018e-05
-2.26883556e-05
8.08812249e-06
3.44412984e-05
5.69231473e-05
7.60224511e-05
9.21725411e-05
0.000105758239
0.00011712175
0.0001265677
0.000134367401
0.00014076249
0.000145968041
0.000150175253
0.000153553802
0.000156253932
0.000158408323
0.00016013363
0.000161531482
0.000162690034
0.000163690776
0.000164621049
0.000165547731
0.000166336009
-0.000664283142
-0.000521352467
-0.000424745419
-0.000341375265
-0.000267804946
-0.000203496524
-0.000147645695
-9.92503548e-05
-5.73986955e-05
-2.1301402e-05
9.73614463e-06
3.6330963e-05
5.90314135e-05
7.83248245e-05
9.46445352e-05
0.00010837625
0.000119863495
0.000129412347
0.000137295495
0.000143755755
0.00014900913
0.000153247484
0.000156640914
0.000159339866
0.00016147706
0.000163169075
0.000164517491
0.000165610439
0.000166528553
0.000167355731
0.000168157383
0.000168828608
-0.000662311465
-0.000519540687
-0.000423607087
-0.000340271484
-0.00026670818
-0.000202382722
-0.00014646521
-9.79648189e-05
-5.59871361e-05
-1.97552646e-05
1.14173189e-05
3.81420489e-05
6.09637422e-05
8.03676234e-05
9.67860057e-05
0.00011060413
0.000122165436
0.00013177604
0.000139708703
0.00014620623
0.000151484514
0.000155735191
0.000159128037
0.000161813097
0.000163922638
0.000165572797
0.000166864817
0.000167886605
0.000168717801
0.000169438784
0.000170113458
0.000170666683
-0.00065946229
-0.000516782625
-0.000421639593
-0.00033837774
-0.000264902964
-0.000200667733
-0.000144798796
-9.6309191e-05
-5.43179703e-05
-1.80575127e-05
1.31526431e-05
3.9919504e-05
6.27846598e-05
8.22311604e-05
9.86897669e-05
0.000112544462
0.000124137656
0.00013377458
0.000141727174
0.000148237434
0.000153520432
0.000157766973
0.000161146005
0.000163806766
0.000165880758
0.000167483424
0.000168715498
0.000169664529
0.000170409125
0.000171026273
0.00017157843
0.000172018616
-0.000656030745
-0.00051334503
-0.000419106674
-0.000335921336
-0.000262577632
-0.000198502414
-0.000142760557
-9.43624179e-05
-5.24376419e-05
-1.62253935e-05
1.49504973e-05
4.16936356e-05
6.45426916e-05
8.39790913e-05
0.000100432045
0.000114283652
0.000125874675
0.000135508933
0.000143457024
0.000149959649
0.000155230626
0.000159459564
0.000162814281
0.000165442973
0.000167476189
0.000169028555
0.000170200191
0.000171078219
0.000171740239
0.000172260119
0.000172698994
0.000173035408
-0.000652249039
-0.000509468349
-0.000416222505
-0.000333097046
-0.000259899493
-0.000196022767
-0.000140455341
-9.22000833e-05
-5.03944467e-05
-1.42821465e-05
1.68105827e-05
4.34840796e-05
6.62718673e-05
8.56577219e-05
0.000102071868
0.000115891375
0.000127454536
0.000137063819
0.000144988416
0.000151467535
0.000156713536
0.000160914659
0.00016423746
0.000166828985
0.00016881876
0.000170320543
0.000171433802
0.000172245203
0.000172831406
0.000173263515
0.000173601517
0.000173846212
-0.00064830962
-0.000505543488
-0.000413023352
-0.000330015755
-0.000257004608
-0.000193344932
-0.000137973865
-8.98895333e-05
-4.82336269e-05
-1.22514233e-05
1.87307484e-05
4.53087342e-05
6.799556e-05
8.72934476e-05
0.000103649732
0.000117419603
0.000128937855
0.000138506737
0.000146394484
0.000152838883
0.000158050855
0.000162217279
0.000165503448
0.000168055263
0.000170001241
0.000171454285
0.00017251322
0.000173264257
0.000173783209
0.00017413881
0.000174390073
0.000174556574
-0.000644358433
-0.000501785308
-0.000409594375
-0.00032678768
-0.000254003216
-0.000190564415
-0.0001353945
-8.74929507e-05
-4.60031063e-05
-1.01707073e-05
2.06758188e-05
4.71295802e-05
6.9723217e-05
8.89481912e-05
0.000105226779
0.000118924283
0.000130380659
0.000139896184
0.000147736668
0.000154138054
0.000159309703
0.000163437071
0.000166684162
0.000169195742
0.000171099348
0.000172507048
0.000173517043
0.000174215111
0.000174676326
0.000174967425
0.000175146561
0.00017524885
-0.000640495593
-0.000498119615
-0.000406181774
-0.0003235346
-0.00025097643
-0.000187753276
-0.000132778966
-8.50582783e-05
-4.37365297e-05
-8.06398599e-06
2.2638879e-05
4.89667863e-05
7.14757044e-05
9.0623142e-05
0.000106806957
0.000120423319
0.000131811546
0.000141268143
0.000149056564
0.000155411151
0.000160539838
0.000164626776
0.000167834816
0.000170307678
0.000172171868
0.000173538832
0.000174506226
0.000175159319
0.000175572599
0.00017581122
0.000175932378
0.000175983491
-0.000636798077
-0.000494583842
-0.000402825899
-0.000320370225
-0.000247993574
-0.000184958498
-0.000130165714
-8.26123894e-05
-4.14407479e-05
-5.94845279e-06
2.46308294e-05
5.08474469e-05
7.32424703e-05
9.22823208e-05
0.000108381313
0.000121924945
0.000133248239
0.00014264686
0.00015038356
0.000156691678
0.00016177806
0.000165825865
0.000168997183
0.000171434811
0.00017326207
0.000174592668
0.000175524725
0.000176141186
0.000176516158
0.000176713877
0.000176790594
0.000176801585
-0.000633314586
-0.000491225515
-0.000399594422
-0.000317331366
-0.000245109869
-0.000182229628
-0.000127596189
-8.02014393e-05
-3.91853736e-05
-3.79622328e-06
2.66463117e-05
5.27504316e-05
7.50347535e-05
9.39665966e-05
0.000109983199
0.000123455717
0.000134715233
0.000144056997
0.000151743198
0.000158006258
0.000163052059
0.000167062814
0.000170199597
0.000172604531
0.000174402723
0.000175704437
0.000176606395
0.000177193166
0.000177538363
0.00017770519
0.000177749608
0.000177732888
-0.000630067168
-0.000488068903
-0.000396541824
-0.000314418601
-0.000242329651
-0.000179585312
-0.000125090409
-7.78322017e-05
-3.69470592e-05
-1.67625797e-06
2.86575016e-05
5.46624833e-05
7.68383127e-05
9.56700997e-05
0.000111612688
0.000125020475
0.0001362212
0.000145510268
0.000153149636
0.000159371044
0.000164379635
0.000168356908
0.000171463261
0.000173840235
0.000175612549
0.000176889886
0.000177768575
0.000178333005
0.000178656446
0.000178801455
0.000178823718
0.00017878836
-0.000627058909
-0.000485121221
-0.000393674096
-0.000311654033
-0.000239673414
-0.00017704303
-0.000122664627
-7.55216872e-05
-3.47479042e-05
4.18389422e-07
3.06599803e-05
5.65758797e-05
7.86542481e-05
9.7400123e-05
0.000113277292
0.000126626716
0.000137774162
0.000147015407
0.000154612296
0.000160796076
0.000165771322
0.000169718997
0.000172798988
0.000175152371
0.000176903435
0.00017816151
0.000179022627
0.000179570923
0.000179879411
0.00018001026
0.000180018942
0.000179972607
-0.000624279847
-0.000482377915
-0.000390987458
-0.000309042598
-0.000237146963
-0.000174608323
-0.000120325025
-7.32776427e-05
-3.25978777e-05
2.47733428e-06
3.26341676e-05
5.84784075e-05
8.04898774e-05
9.91681979e-05
0.000114984299
0.000128279145
0.000139378092
0.000148576358
0.0001561353
0.000162285706
0.000167231696
0.000171153788
0.000174211455
0.000176545393
0.000178279555
0.000179522975
0.000180371433
0.000180908858
0.000181208079
0.000181331047
0.000181333092
0.000181281936
-0.000621710889
-0.000479825168
-0.000388471351
-0.0003065783
-0.000234746489
-0.000172278912
-0.000118070707
-7.11002719e-05
-3.04979396e-05
4.49944576e-06
3.45787787e-05
6.03561518e-05
8.23339761e-05
0.000100977888
0.000116736114
0.000129978025
0.000141032466
0.000150192484
0.000157718081
0.000163839466
0.000168760349
0.000172660858
0.000175700112
0.000178018494
0.000179739681
0.000180972472
0.000181812439
0.00018234334
0.000182637865
0.000182757892
0.000182758661
0.000182707389
-0.000619327334
-0.000477443001
-0.000386109601
-0.00030424864
-0.000232461918
-0.000170046366
-0.000115893961
-6.8981192e-05
-2.84362926e-05
6.50560336e-06
3.65278545e-05
6.22297849e-05
8.41650698e-05
0.000102791847
0.000118507935
0.000131708074
0.000142726631
0.000151855602
0.000159354014
0.00016545172
0.000170352214
0.000174235397
0.000177260163
0.000179566686
0.000181278457
0.000182504104
0.000183339047
0.000183866906
0.000184160285
0.000184281089
0.000184284512
0.000184236515
-0.000617102178
-0.000475208487
-0.000383883112
-0.000302038047
-0.000230280828
-0.000167901101
-0.000113787767
-6.6915711e-05
-2.64108137e-05
8.49419533e-06
3.84771799e-05
6.41166582e-05
8.59993385e-05
0.000104601175
0.000120289841
0.000133461806
0.000144454154
0.000153559534
0.000161036982
0.000167116332
0.000172001043
0.00017587095
0.000178884852
0.000181182818
0.000182888234
0.000184109624
0.000184942303
0.000185469788
0.000185764637
0.000185888856
0.000185897624
0.000185855167
-0.000615008181
-0.000473097812
-0.000381771711
-0.000299929633
-0.000228189838
-0.000165833373
-0.000111746272
-6.49026677e-05
-2.44273513e-05
1.0447757e-05
4.0399406e-05
6.60086415e-05
8.78594966e-05
0.000106429239
0.000122092119
0.000135242179
0.000146214452
0.000155301521
0.000162762684
0.000168827879
0.000173700565
0.000177560546
0.000180566582
0.000182858691
0.000184560203
0.000185779576
0.000186612057
0.000187141088
0.000187439206
0.000187568563
0.000187584345
0.000187548779
-0.000613018921
-0.000471087361
-0.000379755
-0.00029790559
-0.000226174138
-0.000163831204
-0.000109760052
-6.29348324e-05
-2.2480176e-05
1.23719847e-05
4.23005157e-05
6.79010577e-05
8.97393565e-05
0.000108274172
0.000123908137
0.00013704252
0.000148001245
0.000157075214
0.000164524434
0.000170579251
0.000175443218
0.000179296163
0.000182296855
0.000184585313
0.000186284851
0.000187503899
0.000188337662
0.000188869529
0.000189172043
0.000189307524
0.000189331177
0.000189303128
-0.000611109675
-0.000469154698
-0.00037781341
-0.000295948348
-0.000224218848
-0.000161882264
-0.000107819049
-6.10041482e-05
-2.05624844e-05
1.4273907e-05
4.41867593e-05
6.97856087e-05
9.162088e-05
0.000110130223
0.000125740402
0.00013886325
0.000149812093
0.00015887643
0.000166316899
0.0001723642
0.000177221982
0.000181070109
0.000184067384
0.000186353845
0.00018805281
0.000189272702
0.000190108699
0.000190644158
0.000190951636
0.000191093636
0.000191125381
0.000191104921
-0.000609258177
-0.000467279351
-0.000375929004
-0.000294041312
-0.000222309769
-0.000159974532
-0.00010591306
-5.91018464e-05
-1.8666107e-05
1.61626195e-05
4.60671611e-05
7.1659232e-05
9.34865697e-05
0.000111987114
0.000127589129
0.000140702936
0.00015164333
0.000160700235
0.000168134307
0.000174176262
0.000179029782
0.000182874772
0.000185870067
0.000188155728
0.000189855083
0.000191076558
0.000191915318
0.000192454695
0.000192767271
0.000192915726
0.000192955297
0.000192942065
-0.000607445193
-0.000465443424
-0.000374086183
-0.000292169585
-0.000220434347
-0.000158097582
-0.000104033566
-5.72213433e-05
-1.67866468e-05
1.80395823e-05
4.79407181e-05
7.35284356e-05
9.53490449e-05
0.000113845541
0.000129445228
0.000142553435
0.000153488148
0.000162540148
0.000169970076
0.000176008626
0.000180859533
0.000184702763
0.000187697199
0.000189982935
0.000191683323
0.0001929068
0.000193748527
0.000194291823
0.000194609302
0.000194763808
0.000194810574
0.000194803885
-0.000605654743
-0.000463631841
-0.000372271957
-0.000290320083
-0.000218581834
-0.000156242431
-0.000102173139
-5.53567903e-05
-1.4919911e-05
1.99071468e-05
4.98081997e-05
7.53944833e-05
9.72103728e-05
0.000115704891
0.000131305032
0.000144410477
0.000155342043
0.000164391285
0.000171818889
0.000177855573
0.000182705149
0.00018654766
0.000189542043
0.000191828435
0.000193530219
0.000194755848
0.000195600489
0.000196147456
0.000196469397
0.0001966293
0.000196682373
0.000196681304
-0.000603874085
-0.000461832449
-0.000370476055
-0.000288481483
-0.000216743558
-0.000154401678
-0.000100325593
-5.3503338e-05
-1.30623865e-05
2.17674801e-05
5.16704092e-05
7.72571654e-05
9.90706868e-05
0.000117565205
0.0001331672
0.000146271633
0.000157201803
0.000166249825
0.000173676426
0.000179712366
0.000184561536
0.000188404051
0.000191398908
0.000193686287
0.000195389601
0.000196617325
0.000197464634
0.000198014842
0.000198340632
0.000198505115
0.000198563438
0.00019856691
-0.000602093574
-0.000460036199
-0.000368690507
-0.000286644229
-0.000214913117
-0.000152569334
-9.84858547e-05
-5.16570146e-05
-1.12111195e-05
2.36226034e-05
5.35285206e-05
7.91169693e-05
0.0001009299
0.000119425721
0.000135030284
0.000148134868
0.000159064846
0.000168112719
0.000175539242
0.000181575218
0.000186424608
0.000190267594
0.000193263225
0.00019555172
0.000197256522
0.000198486128
0.00019933572
0.000199888617
0.000200217538
0.000200385683
0.00020044811
0.000200454959
-0.000600306299
-0.000458237203
-0.000366905249
-0.000284804625
-0.000213086403
-0.000150740444
-9.66499117e-05
-4.98147512e-05
-9.36380368e-06
2.54741381e-05
5.53835462e-05
8.09743908e-05
0.000102787952
0.000121285756
0.000136893145
0.000149998678
0.000160929278
0.000169977718
0.000177404777
0.000183441295
0.000188291295
0.000192135013
0.00019513154
0.000197421131
0.000199127252
0.000200358419
0.000201209822
0.000201764791
0.000202096067
0.000202266898
0.000202332214
0.000202341367
-0.000598507322
-0.000456430979
-0.000365097485
-0.000282978388
-0.000211261423
-0.000148911539
-9.48151193e-05
-4.79744453e-05
-7.51878523e-06
2.73232825e-05
5.72362609e-05
8.2829843e-05
0.000104644822
0.000123144855
0.000138755045
0.00015186209
0.000162793861
0.000171843329
0.00017927131
0.00018530868
0.000190159507
0.00019400407
0.000197001492
0.000199292053
0.000200999242
0.000202231584
0.000203084282
0.000203640675
0.000203973519
0.000204145996
0.000204212769
0.00020422404
-0.00059669571
-0.000454616216
-0.000363279621
-0.000281153054
-0.000209434008
-0.000147080346
-9.29794594e-05
-4.61344091e-05
-5.67474508e-06
2.91709924e-05
5.90872989e-05
8.46836871e-05
0.000106500555
0.000125002844
0.000140615716
0.000153724685
0.000164657999
0.000173708791
0.00018113793
0.000187176326
0.00019202808
0.0001958735
0.000198871734
0.000201163079
0.000202871035
0.000204104138
0.000204957597
0.000205514759
0.000205848385
0.000206021617
0.000206088937
0.000206101156
-0.000594871864
-0.000452792511
-0.000361454263
-0.000279327528
-0.00020760374
-0.00014524651
-9.11423637e-05
-4.42940585e-05
-3.8311692e-06
3.10176582e-05
6.09368692e-05
8.65358331e-05
0.000108354845
0.000126859793
0.000142475566
0.000155586701
0.000166521735
0.000175574017
0.000183004454
0.000189043971
0.000193896687
0.000197742928
0.000200741853
0.000203033769
0.000204742183
0.000205975636
0.000206829339
0.00020738664
0.000207720297
0.000207893472
0.000207960735
0.000207972622
-0.000593037592
-0.000450961676
-0.000359620979
-0.000277502916
-0.000205771549
-0.000143410831
-8.93045479e-05
-4.24539457e-05
-1.98847823e-06
3.28629383e-05
6.2784564e-05
8.83853484e-05
0.000110205924
0.000128715615
0.000144336451
0.000157449536
0.000168385951
0.000177439652
0.000184871421
0.000190912094
0.000195765772
0.000199612781
0.000202612278
0.000204904565
0.00020661315
0.000207846574
0.000208700046
0.000209256911
0.000209589919
0.00020976229
0.000209828835
0.000209839317
-0.000591195772
-0.000449126504
-0.000357772462
-0.000275688491
-0.00020394083
-0.00014157539
-8.74677332e-05
-4.06153031e-05
-1.47374398e-07
3.47067552e-05
6.46311557e-05
9.0233795e-05
0.000112053622
0.00013056875
0.000146197896
0.000159313373
0.000170251092
0.000179306303
0.000186739579
0.000192781561
0.000197636301
0.000201484108
0.000204484128
0.000206776654
0.000208485189
0.000209718269
0.000210571107
0.000211127043
0.000211458818
0.000211629666
0.000211694578
0.000211703238
-0.000589351708
-0.000447291588
-0.000355922189
-0.000273877153
-0.000202114396
-0.000139743134
-8.56340686e-05
-3.87796503e-05
1.69126365e-06
3.6549012e-05
6.64776401e-05
9.20837667e-05
0.000113901363
0.000132419087
0.000148057005
0.000161176714
0.000172116943
0.000181174446
0.00018860982
0.000194653565
0.000199509691
0.000203358501
0.000206359135
0.000208651886
0.000210360251
0.000211592772
0.000212444665
0.000212999276
0.000213329331
0.000213498015
0.000213560418
0.000213567028
-0.00058751196
-0.000445462341
-0.000354081958
-0.000272068134
-0.000200295273
-0.000137917918
-8.38066477e-05
-3.6949453e-05
3.52538329e-06
3.8387821e-05
6.83217855e-05
9.39326533e-05
0.000115750201
0.000134270437
0.000149916137
0.000163041291
0.000173985261
0.000183045965
0.000190484145
0.000196530224
0.000201388178
0.000205238308
0.000208239758
0.00021053282
0.000212240998
0.00021347284
0.000214323575
0.000214876562
0.000215204513
0.000215370549
0.000215429837
0.0002154338
-0.000585683965
-0.000443645351
-0.000352257986
-0.000270267949
-0.000198487811
-0.000136104004
-8.19890758e-05
-3.51276063e-05
5.35265484e-06
4.02212218e-05
7.01616716e-05
9.57783446e-05
0.000117599048
0.000136124723
0.000151778766
0.000164909976
0.000175858563
0.000184923341
0.000192365107
0.000198414191
0.00020327453
0.000207126419
0.000210129004
0.000212422582
0.000214130668
0.000215361825
0.000216211301
0.000216762476
0.000217088056
0.000217251093
0.000217306812
0.000217307636
-0.0005838761
-0.000441848407
-0.000350456552
-0.000268484056
-0.000196697294
-0.000134305964
-8.01851739e-05
-3.33170674e-05
7.17098491e-06
4.20480305e-05
7.1997216e-05
9.76218865e-05
0.000119448242
0.000137981614
0.000153645502
0.000166784093
0.000177738654
0.00018680876
0.000194255209
0.000200308237
0.000205171747
0.000209026032
0.000212030247
0.000214324706
0.000216032944
0.000217263549
0.0002181118
0.00021866111
0.000218984187
0.000219144014
0.000219195862
0.000219193204
-0.000582097549
-0.000440080096
-0.000348684785
-0.000266724085
-0.000194929699
-0.000132528803
-7.83990975e-05
-3.15210989e-05
8.97799528e-06
4.38667268e-05
7.38277632e-05
9.94634613e-05
0.000121298514
0.000139842016
0.000155517437
0.000168665157
0.000179627516
0.000188704605
0.000196157177
0.000202215382
0.000207083103
0.000210940644
0.000213947185
0.000216243071
0.000217951872
0.000219182217
0.000220029433
0.000220576976
0.00022089757
0.000221054135
0.000221101982
0.000221095661
-0.000580358127
-0.000438349542
-0.000346950456
-0.00026499582
-0.000193191426
-0.00013077785
-7.6635244e-05
-2.97431598e-05
1.07711487e-05
4.56756566e-05
7.56525137e-05
0.000101303172
0.000123150878
0.000141707118
0.000157395585
0.000170554536
0.000181527102
0.00019061332
0.000198073844
0.000204138789
0.000209012047
0.000212873954
0.000215883737
0.000218181793
0.000219891754
0.00022112231
0.00022196885
0.000222514897
0.000222833204
0.000222986639
0.000223030554
0.000223020571
-0.000578668067
-0.000436666172
-0.000345261712
-0.000263307073
-0.000191489043
-0.000129058578
-7.48981094e-05
-2.79867718e-05
1.25479083e-05
4.74732895e-05
7.74710938e-05
0.000103142243
0.000125008278
0.000143578177
0.000159279073
0.000172452332
0.000183438783
0.000192537105
0.000200007958
0.00020608162
0.000210962076
0.000214829738
0.000217843916
0.000220145102
0.000221857018
0.000223088445
0.000223934863
0.000224479877
0.000224796293
0.000224946947
0.000224987235
0.000224973805
-0.000577037728
-0.000435039439
-0.000343626781
-0.000261665494
-0.00018982906
-0.000127376456
-7.31922428e-05
-2.62556066e-05
1.43054395e-05
4.9257575e-05
7.92821859e-05
0.000104980251
0.000126871789
0.000145456992
0.00016116947
0.000174360498
0.000185365032
0.000194478865
0.000201962744
0.000208047352
0.000212936884
0.000216811885
0.0002198318
0.000222137254
0.000223852102
0.000225085249
0.000225932291
0.000226476945
0.000226792089
0.000226940555
0.000226977798
0.000226961388
-0.000575477212
-0.000433478452
-0.000342053608
-0.000260078278
-0.000188217636
-0.000125736717
-7.1522105e-05
-2.45535053e-05
1.60403124e-05
5.10250823e-05
8.10814587e-05
0.000106811094
0.000128737264
0.00014734904
0.000163075983
0.000176284432
0.000187310004
0.000196442524
0.00020394205
0.000210039795
0.000214940294
0.00021882428
0.000221851365
0.000224162348
0.00022588125
0.000227117134
0.000227965741
0.000228510921
0.000228825653
0.000228972801
0.000229007894
0.000228989259
-0.000573995884
-0.000431991513
-0.000340549393
-0.000258551715
-0.000186660072
-0.000124143754
-6.9891275e-05
-2.28833227e-05
1.77502879e-05
5.27740724e-05
8.28674735e-05
0.000108633137
0.000130602431
0.000149253872
0.00016500093
0.000178227143
0.000189276921
0.000198431184
0.000205948943
0.000212062052
0.000216975475
0.000220870178
0.000223905978
0.000226223885
0.000227948122
0.000229187942
0.000230039262
0.000230586088
0.000230901531
0.00023104853
0.000231082711
0.000231062918
-0.00057260188
-0.00043058564
-0.000339120155
-0.000257090737
-0.000185160383
-0.000122600727
-6.83020698e-05
-2.1246544e-05
1.94347399e-05
5.45050628e-05
8.46426183e-05
0.000110449971
0.000132463135
0.000151160017
0.00016694138
0.000180194053
0.000191270554
0.000200448233
0.00020798622
0.000214116724
0.000219044957
0.000222952106
0.000225998219
0.000228324543
0.000230055537
0.000231300669
0.000232156058
0.000232705893
0.000233023441
0.000233171776
0.000233206641
0.000233187077
-0.000571301634
-0.000429266075
-0.00033777035
-0.000255698483
-0.000183720975
-0.000121109393
-6.67555692e-05
-1.96435877e-05
2.10938965e-05
5.6219021e-05
8.64089151e-05
0.000112264972
0.000134322632
0.000153066349
0.000168894321
0.00018218431
0.000193290557
0.000202493693
0.000210054213
0.000216204394
0.000221149528
0.00022507103
0.000228129227
0.000230465645
0.00023220501
0.000233457044
0.000234318097
0.000234872565
0.000235193908
0.000235345392
0.000235382907
0.000235365292
-0.000570099342
-0.00042803568
-0.000336502509
-0.000254375782
-0.000182342286
-0.000119669893
-6.52515123e-05
-1.80738257e-05
2.27286705e-05
5.79169527e-05
8.81672682e-05
0.000114079951
0.000136188845
0.000154980556
0.000170857379
0.000184191339
0.000195332234
0.000204564719
0.000212151044
0.000218323712
0.0002232882
0.000227226244
0.000230298532
0.000232646936
0.000234396504
0.000235657261
0.000236525825
0.000237086832
0.000237413968
0.000237570765
0.000237613285
0.000237599677
-0.000568996302
-0.000426894162
-0.000335317443
-0.000253120185
-0.000181022267
-0.000118280619
-6.37881666e-05
-1.65353621e-05
2.4340924e-05
5.96003092e-05
8.99182999e-05
0.000115894397
0.000138060886
0.000156903988
0.000172832954
0.00018621547
0.00019739458
0.000206659909
0.000214275113
0.000220472928
0.000225459125
0.000229415863
0.000232504263
0.000234866605
0.00023662832
0.000237899791
0.000238777923
0.000239347621
0.000239682851
0.000239847489
0.000239897784
0.000239890601
-0.000567990144
-0.000425837663
-0.00033421637
-0.000251921447
-0.000179753473
-0.000116936802
-6.23608988e-05
-1.50238856e-05
2.5932419e-05
6.1271192e-05
9.16637245e-05
0.000117708976
0.000139938223
0.000158836472
0.000174821697
0.000188256428
0.000199475843
0.000208776704
0.000216423372
0.00022264863
0.000227658622
0.000231636021
0.000234742466
0.000237120756
0.000238896741
0.00024018097
0.000241070977
0.000241651879
0.000241997849
0.000242173225
0.000242234454
0.000242236447
-0.000567073971
-0.000424859616
-0.000333197126
-0.000250756596
-0.000178519145
-0.000115625018
-6.09568171e-05
-1.35301368e-05
2.74940888e-05
6.29257838e-05
9.34016847e-05
0.000119522984
0.000141821007
0.000160776145
0.000176819545
0.000190310235
0.000201571998
0.000210910746
0.000218591042
0.000224845678
0.000229881287
0.000233881151
0.000237007558
0.000239404135
0.000241197155
0.000242493295
0.000243396994
0.000243992454
0.000244352412
0.00024454188
0.000244617514
0.000244631608
-0.000566233694
-0.000423947006
-0.000332188799
-0.000249682038
-0.000177346834
-0.000114347551
-5.95812085e-05
-1.20563498e-05
2.90816852e-05
6.45938441e-05
9.51500775e-05
0.000121348991
0.000143719512
0.000162726847
0.000178821896
0.00019237088
0.000203678092
0.00021305621
0.000220771126
0.000227056111
0.000232118345
0.000236141762
0.000239289213
0.000241704601
0.000243514775
0.000244831187
0.000245752145
0.000246363405
0.000246739794
0.000246946693
0.00024704132
0.000247073007
-0.000565448605
-0.000423078042
-0.00033118642
-0.00024864617
-0.000176187627
-0.000113071175
-5.82021715e-05
-1.05790432e-05
3.06559099e-05
6.62573328e-05
9.68974208e-05
0.000123175646
0.000145622359
0.000164684645
0.000180829732
0.000194435876
0.000205788603
0.000215205608
0.000222954749
0.000229269998
0.000234359116
0.000238406695
0.000241576221
0.000244012158
0.000245841926
0.000247177681
0.000248117839
0.000248748546
0.000249145068
0.000249373485
0.000249491797
0.000249545281
-0.000564692426
-0.000422224453
-0.000330204928
-0.000247588969
-0.000175013826
-0.000111783916
-5.6810674e-05
-9.08857338e-06
3.22404045e-05
6.79291801e-05
9.86475639e-05
0.000124996234
0.000147523158
0.000166664947
0.000182858782
0.000196502158
0.000207895733
0.000217349171
0.000225130324
0.000231474098
0.000236588997
0.000240660249
0.000243851964
0.000246309209
0.000248159956
0.000249516831
0.000250478667
0.00025113191
0.000251552214
0.000251806556
0.000251953488
0.000252032159
-0.000563926902
-0.00042134759
-0.000329200733
-0.000246487229
-0.00017379826
-0.000110458374
-5.53825538e-05
-7.56374477e-06
3.38563487e-05
6.96303928e-05
0.000100427799
0.000126846266
0.000149432058
0.000168631125
0.000184866603
0.00019854158
0.000209975449
0.000219465152
0.000227277156
0.000233647951
0.000238787327
0.000242881384
0.000246094972
0.000248573825
0.000250446506
0.000251826145
0.000252811971
0.000253490725
0.000253938488
0.000254223261
0.000254404078
0.00025451263
-0.000563101456
-0.000420402382
-0.000328123668
-0.0002453053
-0.000172506176
-0.000109062217
-5.38907736e-05
-5.98370371e-06
3.55180387e-05
7.13680975e-05
0.000102237337
0.00012871816
0.000151331386
0.000170563635
0.00018685002
0.000200559204
0.000212024863
0.000221542776
0.000229379487
0.000235772481
0.000240932565
0.00024504668
0.000248280395
0.000250780083
0.000252674862
0.000254078331
0.000255090075
0.000255797091
0.000256275883
0.000256595555
0.000256815614
0.000256959222
-0.000562152099
-0.0004193608
-0.000326902968
-0.000243992666
-0.000171096734
-0.000107559049
-5.23049268e-05
-4.32578123e-06
3.72389052e-05
7.31432322e-05
0.000104058215
0.000130577823
0.000153222643
0.000172498105
0.00018882566
0.000202554101
0.000214033679
0.00022356564
0.000231416411
0.000237823396
0.000242997851
0.000247127297
0.000250377858
0.000252896411
0.000254812526
0.00025624018
0.000257279236
0.000258016877
0.000258529994
0.000258888874
0.000259153481
0.000259337245
-0.000561015147
-0.000418291292
-0.000325368321
-0.000242461381
-0.000169515329
-0.000105902348
-5.05846367e-05
-2.55616029e-06
3.90473936e-05
7.49817813e-05
0.000105918619
0.000132455534
0.000155126062
0.000174417579
0.000190746226
0.000204479516
0.000215962828
0.00022549828
0.000233353191
0.000239765612
0.000244947381
0.000249086575
0.000252349824
0.000254884447
0.00025682039
0.000258271932
0.000259339129
0.000260109268
0.000260659588
0.000261061618
0.00026137576
0.000261604482
-0.000559602655
-0.000416989458
-0.000323543345
-0.000240665595
-0.000167701372
-0.000104039675
-4.86869558e-05
-6.40484731e-07
4.0969681e-05
7.69027592e-05
0.000107832658
0.000134359883
0.000157019962
0.00017629129
0.000192597526
0.000206316389
0.000217786912
0.000227310815
0.000235156557
0.000241563063
0.000246742755
0.00025088417
0.000254154326
0.000256700859
0.000258653966
0.000260128106
0.000261223411
0.000262027159
0.000262616862
0.00026306532
0.000263433352
0.000263711279
-0.000557822714
-0.000415296488
-0.000321381793
-0.000238542531
-0.000165585594
-0.000101911518
-4.65642829e-05
1.45769401e-06
4.30312736e-05
7.89203433e-05
0.000109801922
0.000136279075
0.000158889048
0.000178110476
0.000194369537
0.000208046103
0.000219479085
0.000228970559
0.000236789549
0.000243175426
0.000248340921
0.000252474793
0.000255744218
0.000258296938
0.000260263201
0.000261757466
0.000262879774
0.000263717246
0.000264347557
0.000264844768
0.000265270062
0.000265600592
-0.000555571213
-0.000413106994
-0.00031878627
-0.000236006077
-0.000163091835
-9.94535236e-05
-4.41646125e-05
3.77836411e-06
4.52606503e-05
8.10521075e-05
0.000111833905
0.000138212344
0.000160727143
0.000179858732
0.000196034869
0.000209636607
0.000221003492
0.000230437984
0.000238209333
0.000244557007
0.000249693734
0.000253808195
0.000257067431
0.000259619013
0.000261592987
0.000263103579
0.000264250533
0.000265120623
0.000265791545
0.000266338552
0.000266823109
0.000267208432
-0.000552728418
-0.00041031014
-0.000315650621
-0.00023296122
-0.000160138543
-9.65974156e-05
-4.14330278e-05
6.36321957e-06
4.76867766e-05
8.33150516e-05
0.000113934649
0.000140156038
0.000162522084
0.000181515465
0.000197565509
0.000211054259
0.000222321744
0.00023167055
0.000239369804
0.000245658685
0.00025074952
0.000254830517
0.000258068208
0.000260609635
0.000262584322
0.000264105968
0.000265273762
0.000266173906
0.000266883932
0.000267480149
0.000268024163
0.000268464831
-0.000549162131
-0.000406783737
-0.00031186094
-0.000229306962
-0.000156639234
-9.32713717e-05
-3.83124292e-05
9.25492786e-06
5.03385592e-05
8.57252762e-05
0.000116108585
0.00014210416
0.00016425866
0.00018305734
0.000198931114
0.000212262815
0.000223392645
0.000232622909
0.000240222144
0.000246428737
0.000251454099
0.000255485467
0.000258688387
0.000261208936
0.000263175714
0.000264701539
0.000265884726
0.00026681065
0.000267556483
0.000268199389
0.000268800611
0.000269293882
-0.000544730028
-0.000402396679
-0.000307296273
-0.00022493717
-0.000152503662
-8.94012518e-05
-3.47447066e-05
1.24960801e-05
5.32439792e-05
8.82973274e-05
0.00011835816
0.000144048453
0.000165919289
0.00018445875
0.000200099266
0.000213224166
0.000224173373
0.000233248356
0.000240716449
0.000246814602
0.000251752675
0.000255716318
0.000258869514
0.000261356846
0.000263305515
0.000264827033
0.000266018479
0.000266964096
0.000267740496
0.000268425495
0.000269078937
0.000269615987
-0.000539281682
-0.000397011032
-0.000301830561
-0.000219742251
-0.000147639533
-8.49121982e-05
-3.06721559e-05
1.61280114e-05
5.64291814e-05
9.10435937e-05
0.000120683566
0.0001459785
0.000167484487
0.000185692572
0.000201036507
0.000213899663
0.000224621066
0.00023350063
0.0002408037
0.000246765001
0.000251592058
0.000255468194
0.000258555138
0.000260995348
0.000262914059
0.000264420988
0.000265611561
0.000266568436
0.000267366934
0.000268085081
0.000268785365
0.000269377079
-0.000532660918
-0.000390484236
-0.00029533497
-0.000213611291
-0.000141954532
-7.97304883e-05
-2.60390769e-05
2.01895067e-05
5.99175388e-05
9.39737635e-05
0.000123082621
0.000147882041
0.000168933598
0.000186731291
0.000201709808
0.000214251919
0.000224694936
0.000233336299
0.000240438409
0.000246232804
0.00025092376
0.0002546914
0.000257694407
0.000260072395
0.000261947995
0.000263428577
0.000264607448
0.000265565376
0.000266376169
0.000267117147
0.000267850161
0.000268479659
-0.000524708568
-0.000382671701
-0.000287680577
-0.00020643454
-0.000135358661
-7.37856368e-05
-2.07935733e-05
2.47153794e-05
6.37286641e-05
9.70943147e-05
0.000125550755
0.000149745451
0.000170245765
0.000187548417
0.000202088405
0.00021424701
0.000224358776
0.000232717534
0.000239581589
0.000245178162
0.000249707204
0.000253344647
0.000256245221
0.000258544886
0.000260362956
0.000261803824
0.000262958153
0.000263904429
0.000264714784
0.000265465525
0.000266215611
0.000266856966
-0.000515265595
-0.000373429713
-0.000278741372
-0.000198106259
-0.00012776688
-6.70127748e-05
-1.48895787e-05
2.97348773e-05
6.78773225e-05
0.000100407979
0.000128081055
0.000151554366
0.000171401105
0.000188120175
0.000202145955
0.000213857048
0.000223583904
0.000231615373
0.000238204298
0.000243572283
0.00024791373
0.000251399269
0.000254178669
0.000256383349
0.000258128528
0.000259514968
0.000260630136
0.000261549751
0.000262343641
0.000263086272
0.000263834779
0.00026447775
-0.000504176522
-0.000362618636
-0.000268397617
-0.000188527928
-0.000119102083
-5.9355312e-05
-8.28915837e-06
3.52698387e-05
7.23721382e-05
0.000103913071
0.000130664234
0.0001532943
0.000172381946
0.00018842732
0.000201862859
0.00021306295
0.000222352317
0.000230013191
0.000236291378
0.000241401388
0.000245530725
0.000248843495
0.000251483434
0.000253576484
0.000255232964
0.000256549286
0.000257609161
0.000258485092
0.000259244091
0.000259957928
0.00026068164
0.000261305734
-0.000491293092
-0.000350106253
-0.000256539476
-0.000177611799
-0.000109298361
-5.07678461e-05
-9.65111091e-07
4.13325015e-05
7.72139581e-05
0.000107602502
0.000133288367
0.000154951088
0.000173173946
0.000188456872
0.000201228557
0.000211857219
0.000220659879
0.000227910235
0.000233845274
0.000238670773
0.000242565876
0.000245686876
0.000248170369
0.000250135831
0.000251687809
0.00025291765
0.000253904756
0.000254718028
0.000255421165
0.000256082293
0.000256753849
0.000257334198
-0.000476477826
-0.000335770924
-0.000243070735
-0.000165284974
-9.83049674e-05
-4.1219735e-05
7.09568463e-06
4.79225706e-05
8.23935255e-05
0.000111462191
0.000135938072
0.000156510854
0.000173766803
0.00018820349
0.000200243472
0.000210246356
0.000218519107
0.000225324698
0.000230889297
0.000235408179
0.000239050577
0.000241963667
0.000244275763
0.00024609893
0.000247531159
0.000248657996
0.00024955386
0.000250283935
0.000250908125
0.00025148987
0.000252078477
0.000252586923
-0.000459606901
-0.000319504385
-0.000227914289
-0.000151497694
-8.60929412e-05
-3.06993872e-05
1.58870805e-05
5.50222403e-05
8.78875161e-05
0.000115468182
0.000138592666
0.000157959131
0.000174154251
0.000187670242
0.000198920443
0.000208252888
0.000215961742
0.000222296804
0.000227471282
0.000231668116
0.000235045098
0.000237739007
0.000239868941
0.000241538978
0.000242839525
0.00024384796
0.000244632863
0.000245257858
0.00024577699
0.000246249071
0.000246720237
0.000247125589
-0.000440569224
-0.000301212843
-0.000211024308
-0.000136245251
-7.2651839e-05
-1.91957183e-05
2.53847467e-05
6.25918617e-05
9.36542232e-05
0.000119583131
0.000141223464
0.000159279027
0.000174333057
0.000186868297
0.00019728496
0.000205915946
0.000213039475
0.000218889446
0.000223663785
0.000227531116
0.000230635976
0.000233102928
0.000235040393
0.000236544846
0.000237699467
0.0002385576
0.000239216083
0.000239732438
0.000240125356
0.000240458383
0.000240775931
0.000241044281
-0.00041924866
-0.000280799042
-0.000192374715
-0.000119563703
-5.79337001e-05
-6.63745161e-06
3.55470912e-05
7.0568178e-05
9.96307585e-05
0.000123752901
0.000143790797
0.00016044897
0.000174301402
0.000185815852
0.000195374511
0.000203290909
0.000209823891
0.000215188538
0.000219565089
0.00022310593
0.000225940457
0.000228179094
0.000229916752
0.000231248371
0.000232299127
0.00023307368
0.000233547729
0.000233848855
0.000234077955
0.000234248852
0.00023438069
0.000234478136
-0.000395503845
-0.000258114234
-0.000171839411
-0.000101296581
-4.21233512e-05
6.5482192e-06
4.61256e-05
7.87971015e-05
0.000105694134
0.000127878062
0.000146227779
0.000161433787
0.000174053664
0.000184535236
0.000193237659
0.000200450106
0.000206409683
0.000211309941
0.00021531123
0.000218548492
0.000221136842
0.000223176156
0.000224753711
0.000225930592
0.000226712644
0.000227241468
0.000227654262
0.00022789429
0.000227954934
0.000227910206
0.000227807843
0.000227700916
-0.000369313704
-0.000233137336
-0.000149570944
-8.15337661e-05
-2.55642966e-05
2.00943637e-05
5.70921308e-05
8.7112101e-05
0.000111700512
0.000131813933
0.000148443238
0.000162185401
0.000173578489
0.000183048043
0.000190925147
0.000197471238
0.000202895757
0.000207368233
0.00021102764
0.000213989544
0.000216351639
0.000218197519
0.000219599532
0.000220618789
0.000221309401
0.000221740695
0.000221939565
0.000221939775
0.00022179698
0.000221531751
0.000221171087
0.000220825402
-0.000340649
-0.000205809271
-0.000125741662
-6.04224694e-05
-8.09015005e-06
3.38442494e-05
6.7972779e-05
9.53078603e-05
0.000117443125
0.000135513111
0.000150371392
0.000162657055
0.000172866695
0.000181382958
0.000188500233
0.000194447087
0.000199403212
0.000203511825
0.000206888823
0.000209629606
0.0002118142
0.000213510543
0.000214777722
0.000215667698
0.000216227694
0.000216502969
0.000216536261
0.00021636036
0.000216006641
0.000215490464
0.000214835272
0.000214218776
-0.000309512945
-0.000176409904
-0.000100545855
-3.87042009e-05
9.95125778e-06
4.81538875e-05
7.86922711e-05
0.000103073977
0.000122710009
0.000138698941
0.000151850737
0.000162765044
0.000171888642
0.000179555864
0.000186018471
0.000191467991
0.000196052124
0.000199886611
0.000203063795
0.000205658798
0.000207734049
0.00020934273
0.000210530703
0.000211338531
0.000211803544
0.000211960559
0.000211843321
0.000211484022
0.000210908171
0.000210121254
0.000209142793
0.000208226492
-0.000275798857
-0.000145528338
-7.36996717e-05
-1.6499483e-05
2.77462647e-05
6.19533688e-05
8.8784176e-05
0.000110067742
0.000127188339
0.000141165434
0.000152734391
0.000162423633
0.000170614583
0.000177584625
0.000183537595
0.000188625331
0.000192962803
0.000196638657
0.000199722556
0.000202270321
0.000204327595
0.000205932513
0.000207117684
0.000207911956
0.000208340969
0.000208429206
0.000208201641
0.000207684412
0.00020689659
0.00020583185
0.00020450406
0.000203257163
-0.000239285778
-0.000113208386
-4.55478731e-05
5.78629803e-06
4.47201597e-05
7.44648839e-05
9.75079501e-05
0.000115737205
0.000130477459
0.00014263911
0.000152848863
0.000161540442
0.000169016507
0.000175490971
0.000181117627
0.000186009247
0.000190250266
0.00019390514
0.000197023871
0.000199645666
0.000201801507
0.000203516048
0.000204808989
0.000205695993
0.000206189508
0.000206300147
0.000206039336
0.000205421094
0.000204452334
0.000203109842
0.000201406861
0.000199787763
-0.000199685115
-7.91729969e-05
-1.72899904e-05
2.71751718e-05
6.01271231e-05
8.49734762e-05
0.000104202595
0.000119570224
0.000132223308
0.000142899172
0.000152078054
0.000160077962
0.000167113432
0.00017333314
0.000178843531
0.000183723322
0.000188032455
0.000191817548
0.000195115015
0.000197952779
0.000200351463
0.000202325634
0.000203884544
0.000205031271
0.000205762494
0.00020606774
0.000205930971
0.000205343145
0.000204286513
0.00020270052
0.000200574646
0.000198500812
-0.000156252925
-4.34454645e-05
1.01053428e-05
4.62735785e-05
7.25360279e-05
9.24175031e-05
0.00010813418
0.000121103598
0.00013217323
0.000141844914
0.00015042421
0.000158104149
0.00016501124
0.000171234732
0.000176842842
0.00018189013
0.000186421793
0.000190475967
0.000194084161
0.000197270173
0.000200049729
0.000202434484
0.000204434251
0.00020604482
0.000207254359
0.000208037648
0.000208321732
0.000208040592
0.000207128107
0.000205446149
0.000202878637
0.000200262135
-0.00010743936
-6.9594573e-06
3.45272047e-05
6.1001846e-05
8.03945712e-05
9.58115116e-05
0.000108789387
0.000120163199
0.000130370438
0.000139644408
0.00014811688
0.000155869869
0.000162954568
0.000169415735
0.000175301361
0.000180658128
0.000185531525
0.000189966976
0.000194009011
0.000197694465
0.000201044211
0.000204089811
0.000206880612
0.000209401216
0.000211625194
0.000213569134
0.000215047581
0.000215787952
0.00021562073
0.000214323772
0.000211483952
0.000208438781
-4.24565251e-05
2.91306855e-05
5.1742228e-05
6.7697315e-05
8.12782699e-05
9.37782445e-05
0.000105534573
0.000116610085
0.000126994697
0.000136679119
0.000145665173
0.000153946441
0.000161524977
0.000168437142
0.000174737437
0.00018047998
0.000185721796
0.00019052937
0.000194984233
0.000199158238
0.000203038227
0.000206574308
0.000209880226
0.00021328275
0.000217066291
0.000220850114
0.000223678738
0.000225484074
0.000227043111
0.000228190243
0.000227837591
0.000225776917
6.46121128e-05
6.48627741e-05
6.23759084e-05
6.80880664e-05
7.77933167e-05
8.91343871e-05
0.000100943579
0.0001125724
0.000123663198
0.000134102351
0.000143880116
0.000152905038
0.00016108025
0.000168464163
0.000175161488
0.000181237546
0.000186754813
0.000191794666
0.000196499001
0.000201024543
0.000205401862
0.000209573553
0.000213608721
0.000217814938
0.000222896447
0.000229750858
0.000238626605
0.000250127326
0.000265206288
0.000285366573
0.000314261936
0.000349257763
)
;

boundaryField
{
    inner_wall
    {
        type            zeroGradient;
    }
    outer_wall
    {
        type            zeroGradient;
    }
    top
    {
        type            zeroGradient;
    }
    bottom
    {
        type            fixedValue;
        value           uniform 0;
    }
    front
    {
        type            wedge;
    }
    back
    {
        type            wedge;
    }
}


// ************************************************************************* //
