/*--------------------------------*- C++ -*----------------------------------*\
| =========                 |                                                 |
| \\      /  F ield         | OpenFOAM: The Open Source CFD Toolbox           |
|  \\    /   O peration     | Version:  2506                                  |
|   \\  /    A nd           | Website:  www.openfoam.com                      |
|    \\/     M anipulation  |                                                 |
\*---------------------------------------------------------------------------*/
FoamFile
{
    version     2.0;
    format      ascii;
    arch        "LSB;label=32;scalar=64";
    class       volScalarField;
    location    "962";
    object      p;
}
// * * * * * * * * * * * * * * * * * * * * * * * * * * * * * * * * * * * * * //

dimensions      [0 2 -2 0 0 0 0];

internalField   nonuniform List<scalar> 
3072
(
-0.000123967162
-9.41515357e-05
-9.04857108e-05
-8.44512147e-05
-7.46945565e-05
-6.29698154e-05
-5.10207694e-05
-3.99856189e-05
-2.77742626e-05
-1.40153836e-05
-7.56288411e-06
-7.76018879e-06
-7.62204598e-06
-6.31046452e-06
-4.4720439e-06
-2.49540676e-06
-5.35730341e-07
1.32378883e-06
3.02536862e-06
4.52418555e-06
5.80686519e-06
7.0160376e-06
8.04229673e-06
8.74649979e-06
9.27238454e-06
9.6643511e-06
9.94257426e-06
1.01314827e-05
1.02633903e-05
1.03857696e-05
1.05659025e-05
1.08151611e-05
-0.000264310439
-0.000186452148
-0.000160138716
-0.000141512791
-0.000123474824
-0.000104850674
-8.64210463e-05
-6.86357721e-05
-5.0843031e-05
-3.39336528e-05
-2.18125594e-05
-1.44700086e-05
-8.57003629e-06
-3.29992677e-06
1.33039679e-06
5.32476607e-06
8.74334843e-06
1.16448757e-05
1.40880777e-05
1.61498218e-05
1.77775558e-05
1.92003193e-05
2.0418475e-05
2.12384683e-05
2.18514234e-05
2.23315791e-05
2.2711622e-05
2.30231755e-05
2.33043098e-05
2.36021521e-05
2.39473734e-05
2.42410713e-05
-0.000326423875
-0.000221781293
-0.000176574466
-0.000146113149
-0.000121669709
-0.000100771981
-8.2323818e-05
-6.56798122e-05
-5.03714727e-05
-3.65147555e-05
-2.47569188e-05
-1.50291024e-05
-6.70560418e-06
5.3323812e-07
6.82417051e-06
1.2263351e-05
1.69345069e-05
2.09092324e-05
2.42731618e-05
2.72005301e-05
2.95866207e-05
3.14880668e-05
3.30811436e-05
3.43169062e-05
3.52851814e-05
3.60471993e-05
3.66469179e-05
3.71230282e-05
3.75126405e-05
3.78541345e-05
3.81780521e-05
3.84492229e-05
-0.000386212936
-0.0002669152
-0.000210788371
-0.000168760915
-0.000135763074
-0.000109664246
-8.7852302e-05
-6.89316474e-05
-5.21830302e-05
-3.72967704e-05
-2.41971679e-05
-1.2746742e-05
-2.72760992e-06
6.0406628e-06
1.36900434e-05
2.03248189e-05
2.60363606e-05
3.09109912e-05
3.50378718e-05
3.85009069e-05
4.14022653e-05
4.37573504e-05
4.56285783e-05
4.71510635e-05
4.83630039e-05
4.93170584e-05
5.00674264e-05
5.06623343e-05
5.1144847e-05
5.15569631e-05
5.19302952e-05
5.2225379e-05
-0.000442025346
-0.000315680733
-0.000246465677
-0.000194678136
-0.000154290587
-0.00012203892
-9.54362283e-05
-7.29130787e-05
-5.34564457e-05
-3.64582438e-05
-2.15551558e-05
-8.48026015e-06
2.98970313e-06
1.30327539e-05
2.17905636e-05
2.93832586e-05
3.59220462e-05
4.15135478e-05
4.62355796e-05
5.00709276e-05
5.32998363e-05
5.60636497e-05
5.82581053e-05
6.00109063e-05
6.14107964e-05
6.25244022e-05
6.34105784e-05
6.4122185e-05
6.47075576e-05
6.52151775e-05
6.5682256e-05
6.60574591e-05
-0.000490655552
-0.000359350217
-0.00028009128
-0.000220370346
-0.000173454982
-0.000135074506
-0.000103461289
-7.6981425e-05
-5.44125205e-05
-3.49371381e-05
-1.80134858e-05
-3.2569356e-06
9.62071592e-06
2.08410231e-05
3.05814266e-05
3.89918991e-05
4.62065635e-05
5.23489704e-05
5.75295128e-05
6.18424954e-05
6.54207893e-05
6.83737977e-05
7.07722237e-05
7.27057928e-05
7.42588476e-05
7.55059728e-05
7.65134224e-05
7.73399437e-05
7.80400761e-05
7.86710605e-05
7.92766453e-05
7.97778407e-05
-0.000531925799
-0.000396360141
-0.000311285023
-0.00024535351
-0.000191929426
-0.000147979376
-0.000111621533
-8.11858098e-05
-5.53783559e-05
-3.32742173e-05
-1.42176346e-05
2.27295641e-06
1.65601018e-05
2.89246975e-05
3.95928175e-05
4.87542268e-05
5.65747114e-05
6.32035434e-05
6.87777975e-05
7.3425296e-05
7.72691464e-05
8.04239584e-05
8.29931641e-05
8.50736242e-05
8.67550216e-05
8.81189885e-05
8.9238507e-05
9.01781428e-05
9.09987283e-05
9.17668709e-05
9.25330128e-05
9.3183635e-05
-0.000566132832
-0.000427474209
-0.00033840681
-0.000267796825
-0.000209055601
-0.000160191622
-0.000119500906
-8.53395271e-05
-5.63985712e-05
-3.17026267e-05
-1.05252849e-05
7.68774839e-06
2.33650833e-05
3.68457547e-05
4.8405694e-05
5.82768872e-05
6.66602449e-05
7.37343371e-05
7.96608926e-05
8.45884686e-05
8.86545838e-05
9.19861818e-05
9.46997999e-05
9.69025173e-05
9.86922354e-05
0.000100157649
0.000101377825
0.000102422632
0.00010335872
0.000104261551
0.000105187606
0.000105987803
-0.000594146877
-0.000453435304
-0.00036122397
-0.00028685738
-0.000223987867
-0.000171079209
-0.000126661902
-8.91942368e-05
-5.74007566e-05
-3.02971387e-05
-7.12035382e-06
1.27315896e-05
2.97379292e-05
4.42864612e-05
5.66976499e-05
6.72427031e-05
7.61563339e-05
8.36457633e-05
8.98967471e-05
9.50776724e-05
9.93421528e-05
0.000102830511
0.000105670776
0.000107979578
0.000109862735
0.000111415551
0.000112722623
0.0001138585
0.000114894856
0.000115914673
0.000116979438
0.000117909158
-0.000616490124
-0.000474436909
-0.000379939624
-0.000302668553
-0.000236574283
-0.00018040498
-0.000132888528
-9.25989345e-05
-5.83159436e-05
-2.90709249e-05
-4.08744189e-06
1.72641447e-05
3.54984811e-05
5.10408347e-05
6.42482322e-05
7.54254309e-05
8.48370574e-05
9.27162016e-05
9.92706961e-05
0.000104687384
0.000109135178
0.00011276707
0.000115721641
0.000118124199
0.000120087712
0.000121713372
0.000123090599
0.000124297925
0.000125411068
0.000126518731
0.000127686171
0.000128711007
-0.000633726434
-0.000490848373
-0.000394799252
-0.000315366485
-0.00024680401
-0.000188073261
-0.00013806011
-9.54447005e-05
-5.90688356e-05
-2.79908943e-05
-1.43663831e-06
2.1236778e-05
4.05664734e-05
5.70046525e-05
7.09363002e-05
8.26931343e-05
9.25645073e-05
0.000100805476
0.000107642877
0.000113279705
0.000117898378
0.000121663091
0.000124721647
0.000127206893
0.000129237933
0.000130920934
0.00013234932
0.000133604852
0.000134766264
0.000135925984
0.000137151782
0.00013822952
-0.000646482468
-0.00050316375
-0.000406150013
-0.000325165621
-0.000254771239
-0.000194090765
-0.0001421313
-9.76636863e-05
-5.95900974e-05
-2.69997036e-05
8.70533601e-07
2.46669084e-05
4.49391809e-05
6.21575333e-05
7.67270475e-05
8.89998412e-05
9.92845544e-05
0.000107853816
0.000114949897
0.000120789081
0.000125564969
0.000129451055
0.000132602759
0.000135159113
0.000137244184
0.000138968109
0.000140427449
0.000141706453
0.000142885871
0.000144059905
0.000145297684
0.000146384387
-0.00065539465
-0.000511912952
-0.000414397788
-0.000332349262
-0.000260647083
-0.000198536925
-0.000145114441
-9.92251637e-05
-5.98240197e-05
-2.60315662e-05
2.90028431e-06
2.76152151e-05
4.86687464e-05
6.65419358e-05
8.16534275e-05
9.43698185e-05
0.000105013971
0.000113871734
0.000121197205
0.000127216933
0.000132133214
0.000136126771
0.000139358923
0.000141973441
0.00014409815
0.000145846122
0.000147316223
0.00014859449
0.000149762803
0.0001509154
0.000152121785
0.000153176679
-0.000661078648
-0.000517622769
-0.000419968992
-0.000337236151
-0.000264647515
-0.000201538452
-0.000147064319
-0.000100129133
-5.97322676e-05
-2.50233483e-05
4.73015784e-06
3.01660524e-05
5.18410752e-05
7.02419424e-05
8.57957143e-05
9.88785441e-05
0.000109823111
0.000118924569
0.000126445492
0.000132619821
0.000137656154
0.000141740417
0.000145038154
0.000147696478
0.00014984581
0.000151601203
0.00015306306
0.000154318593
0.000155450072
0.000156550357
0.000157688559
0.000158677413
-0.000664111112
-0.000520794193
-0.000423284811
-0.000340155145
-0.000267010801
-0.000203250518
-0.000148064796
-0.000100400958
-5.92951837e-05
-2.39218468e-05
6.43692668e-06
3.24118354e-05
5.45579808e-05
7.33642379e-05
8.92621733e-05
0.000102633694
0.000113817648
0.000123115229
0.000130794566
0.000137094486
0.000142227727
0.000146383612
0.000149730393
0.000152417272
0.000154576232
0.000156323468
0.000157760263
0.000158974498
0.000160048259
0.000161071984
0.000162113841
0.000163010835
-0.000665020894
-0.000521895643
-0.000424751988
-0.000341432031
-0.000267982649
-0.000203844192
-0.00014821973
-0.000100087114
-5.85118368e-05
-2.26884906e-05
8.08798731e-06
3.44411631e-05
5.69230117e-05
7.60223154e-05
9.21724051e-05
0.000105758103
0.000117121613
0.000126567563
0.000134367264
0.000140762353
0.000145967904
0.000150175116
0.000153553666
0.000156253795
0.000158408186
0.000160133493
0.000161531345
0.000162689898
0.000163690639
0.000164620912
0.000165547594
0.000166335873
-0.000664283285
-0.000521352611
-0.000424745561
-0.000341375406
-0.000267805087
-0.000203496665
-0.000147645836
-9.92504956e-05
-5.73988359e-05
-2.13015424e-05
9.73600448e-06
3.63308229e-05
5.90312736e-05
7.83246846e-05
9.46443954e-05
0.000108376111
0.000119863355
0.000129412208
0.000137295355
0.000143755616
0.00014900899
0.000153247344
0.000156640774
0.000159339727
0.00016147692
0.000163168936
0.000164517351
0.000165610299
0.000166528413
0.000167355591
0.000168157244
0.000168828468
-0.000662311611
-0.000519540833
-0.000423607233
-0.000340271629
-0.000266708325
-0.000202382868
-0.000146465355
-9.79649647e-05
-5.59872818e-05
-1.97554105e-05
1.14171734e-05
3.81419033e-05
6.09635971e-05
8.03674784e-05
9.67858611e-05
0.000110603985
0.000122165291
0.000131775896
0.00013970856
0.000146206086
0.00015148437
0.000155735048
0.000159127893
0.000161812953
0.000163922495
0.000165572654
0.000166864674
0.000167886462
0.000168717659
0.000169438641
0.000170113315
0.000170666541
-0.000659462438
-0.000516782773
-0.000421639743
-0.000338377889
-0.000264903114
-0.000200667882
-0.000144798945
-9.63093397e-05
-5.43181191e-05
-1.8057661e-05
1.31524947e-05
3.9919356e-05
6.27845118e-05
8.22310128e-05
9.86896194e-05
0.000112544315
0.000124137509
0.000133774433
0.000141727028
0.000148237287
0.000153520285
0.000157766827
0.000161145859
0.000163806621
0.000165880612
0.000167483278
0.000168715352
0.000169664383
0.00017040898
0.000171026128
0.000171578285
0.000172018471
-0.000656030893
-0.000513345179
-0.000419106824
-0.000335921486
-0.000262577783
-0.000198502564
-0.000142760707
-9.43625671e-05
-5.24377909e-05
-1.6225542e-05
1.49503488e-05
4.16934875e-05
6.45425435e-05
8.39789434e-05
0.000100431897
0.000114283505
0.000125874527
0.000135508786
0.000143456877
0.000149959502
0.000155230479
0.000159459417
0.000162814134
0.000165442826
0.000167476042
0.000169028408
0.000170200044
0.000171078072
0.000171740092
0.000172259972
0.000172698848
0.000173035261
-0.000652249188
-0.000509468498
-0.000416222651
-0.000333097192
-0.00025989964
-0.000196022914
-0.000140455489
-9.22002309e-05
-5.03945945e-05
-1.42822943e-05
1.68104348e-05
4.34839319e-05
6.62717194e-05
8.56575742e-05
0.000102071721
0.000115891227
0.000127454389
0.000137063671
0.000144988268
0.000151467388
0.000156713388
0.000160914512
0.000164237312
0.000166828837
0.000168818612
0.000170320396
0.000171433655
0.000172245056
0.000172831259
0.000173263368
0.00017360137
0.000173846065
-0.000648309769
-0.000505543637
-0.0004130235
-0.000330015903
-0.000257004755
-0.000193345079
-0.000137974012
-8.98896807e-05
-4.82337744e-05
-1.22515714e-05
1.87306004e-05
4.53085859e-05
6.79954118e-05
8.72932991e-05
0.000103649583
0.000117419455
0.000128937707
0.000138506589
0.000146394336
0.000152838735
0.000158050707
0.000162217131
0.0001655033
0.000168055115
0.000170001093
0.000171454137
0.000172513072
0.000173264109
0.000173783062
0.000174138662
0.000174389926
0.000174556426
-0.000644358583
-0.000501785458
-0.000409594526
-0.00032678783
-0.000254003367
-0.000190564565
-0.00013539465
-8.74931001e-05
-4.60032556e-05
-1.01708565e-05
2.06756697e-05
4.71294311e-05
6.97230681e-05
8.89480423e-05
0.00010522663
0.000118924134
0.00013038051
0.000139896036
0.000147736519
0.000154137905
0.000159309554
0.000163436922
0.000166684014
0.000169195594
0.0001710992
0.0001725069
0.000173516895
0.000174214963
0.000174676178
0.000174967277
0.000175146413
0.000175248703
-0.000640495742
-0.000498119765
-0.000406181924
-0.00032353475
-0.000250976581
-0.000187753426
-0.000132779116
-8.50584283e-05
-4.37366795e-05
-8.06413538e-06
2.26387297e-05
4.89666373e-05
7.14755555e-05
9.06229933e-05
0.000106806808
0.000120423171
0.000131811397
0.000141267995
0.000149056416
0.000155411002
0.00016053969
0.000164626628
0.000167834669
0.00017030753
0.00017217172
0.000173538684
0.000174506079
0.000175159172
0.000175572452
0.000175811072
0.000175932231
0.000175983344
-0.000636798224
-0.000494583989
-0.000402826046
-0.000320370372
-0.000247993721
-0.000184958645
-0.000130165861
-8.26125368e-05
-4.14408955e-05
-5.94860039e-06
2.46306818e-05
5.08472993e-05
7.32423226e-05
9.22821732e-05
0.000108381165
0.000121924797
0.000133248091
0.000142646712
0.000150383413
0.000156691531
0.000161777913
0.000165825718
0.000168997036
0.000171434664
0.000173261923
0.000174592521
0.000175524578
0.000176141039
0.000176516012
0.00017671373
0.000176790447
0.000176801438
-0.000633314731
-0.00049122566
-0.000399594566
-0.00031733151
-0.000245110013
-0.000182229772
-0.000127596334
-8.02015842e-05
-3.91855186e-05
-3.79636871e-06
2.66461663e-05
5.27502858e-05
7.50346076e-05
9.39664505e-05
0.000109983053
0.000123455571
0.000134715087
0.00014405685
0.000151743052
0.000158006112
0.000163051913
0.000167062667
0.000170199451
0.000172604385
0.000174402577
0.000175704291
0.00017660625
0.00017719302
0.000177538217
0.000177705045
0.000177749462
0.000177732742
-0.000630067313
-0.000488069049
-0.000396541969
-0.000314418746
-0.000242329796
-0.000179585457
-0.000125090553
-7.78323459e-05
-3.69472034e-05
-1.6764023e-06
2.86573573e-05
5.46623389e-05
7.68381683e-05
9.56699552e-05
0.000111612544
0.00012502033
0.000136221056
0.000145510123
0.000153149491
0.000159370899
0.00016437949
0.000168356763
0.000171463116
0.00017384009
0.000175612404
0.000176889741
0.00017776843
0.00017833286
0.000178656301
0.000178801311
0.000178823574
0.000178788215
-0.000627059053
-0.000485121365
-0.000393674241
-0.000311654178
-0.000239673559
-0.000177043175
-0.000122664772
-7.5521832e-05
-3.47480488e-05
4.18245007e-07
3.06598361e-05
5.65757355e-05
7.8654104e-05
9.73999789e-05
0.000113277148
0.000126626572
0.000137774018
0.000147015263
0.000154612152
0.000160795932
0.000165771178
0.000169718853
0.000172798845
0.000175152227
0.000176903291
0.000178161367
0.000179022484
0.000179570779
0.000179879268
0.000180010116
0.000180018798
0.000179972463
-0.00062427999
-0.000482378057
-0.0003909876
-0.00030904274
-0.000237147106
-0.000174608466
-0.000120325168
-7.32777863e-05
-3.25980214e-05
2.47719065e-06
3.26340238e-05
5.84782637e-05
8.04897336e-05
9.91680542e-05
0.000114984155
0.000128279001
0.000139377949
0.000148576215
0.000156135157
0.000162285563
0.000167231553
0.000171153645
0.000174211312
0.000176545251
0.000178279412
0.000179522832
0.00018037129
0.000180908716
0.000181207936
0.000181330905
0.00018133295
0.000181281794
-0.000621711029
-0.000479825307
-0.00038847149
-0.000306578439
-0.000234746628
-0.000172279052
-0.000118070847
-7.11004119e-05
-3.04980799e-05
4.49930507e-06
3.45786376e-05
6.03560106e-05
8.23338349e-05
0.000100977746
0.000116735972
0.000129977883
0.000141032324
0.000150192343
0.00015771794
0.000163839325
0.000168760208
0.000172660717
0.000175699971
0.000178018353
0.00017973954
0.000180972331
0.000181812299
0.000182343199
0.000182637724
0.000182757751
0.000182758521
0.000182707249
-0.000619327472
-0.000477443139
-0.000386109738
-0.000304248777
-0.000232462055
-0.000170046503
-0.000115894098
-6.8981329e-05
-2.84364298e-05
6.5054659e-06
3.65277169e-05
6.22296471e-05
8.41649318e-05
0.000102791708
0.000118507796
0.000131707935
0.000142726492
0.000151855463
0.000159353875
0.000165451581
0.000170352075
0.000174235258
0.000177260024
0.000179566547
0.000181278318
0.000182503965
0.000183338908
0.000183866767
0.000184160146
0.000184280949
0.000184284373
0.000184236375
-0.000617102315
-0.000475208624
-0.000383883249
-0.000302038184
-0.000230280966
-0.000167901238
-0.000113787904
-6.69158484e-05
-2.64109509e-05
8.49405802e-06
3.84770428e-05
6.41165208e-05
8.59992012e-05
0.000104601038
0.000120289704
0.000133461668
0.000144454016
0.000153559396
0.000161036844
0.000167116194
0.000172000906
0.000175870813
0.000178884714
0.00018118268
0.000182888097
0.000184109486
0.000184942165
0.00018546965
0.0001857645
0.000185888718
0.000185897487
0.000185855029
-0.000615008317
-0.000473097949
-0.000381771848
-0.00029992977
-0.000228189976
-0.000165833511
-0.00011174641
-6.4902806e-05
-2.44274897e-05
1.04476189e-05
4.03992679e-05
6.60085035e-05
8.78593588e-05
0.000106429101
0.000122091982
0.000135242042
0.000146214315
0.000155301383
0.000162762546
0.000168827742
0.000173700428
0.000177560409
0.000180566445
0.000182858555
0.000184560066
0.00018577944
0.000186611921
0.000187140951
0.00018743907
0.000187568427
0.000187584209
0.000187548642
-0.000613019055
-0.000471087494
-0.000379755134
-0.000297905724
-0.000226174272
-0.000163831338
-0.000109760186
-6.29349673e-05
-2.24803113e-05
1.23718494e-05
4.23003802e-05
6.79009222e-05
8.97392209e-05
0.000108274036
0.000123908001
0.000137042385
0.00014800111
0.000157075078
0.000164524299
0.000170579116
0.000175443083
0.000179296028
0.00018229672
0.000184585178
0.000186284716
0.000187503765
0.000188337527
0.000188869395
0.000189171908
0.000189307389
0.000189331042
0.000189302994
-0.000611109805
-0.000469154828
-0.000377813539
-0.000295948478
-0.000224218978
-0.000161882393
-0.000107819179
-6.10042782e-05
-2.05626147e-05
1.42737763e-05
4.41866283e-05
6.97854772e-05
9.16207484e-05
0.000110130091
0.00012574027
0.000138863118
0.00014981196
0.000158876298
0.000166316766
0.000172364068
0.000177221849
0.000181069976
0.000184067251
0.000186353712
0.000188052677
0.000189272569
0.000190108566
0.000190644025
0.000190951503
0.000191093503
0.000191125248
0.000191104788
-0.000609258307
-0.000467279481
-0.000375929133
-0.000294041442
-0.000222309899
-0.000159974662
-0.00010591319
-5.91019762e-05
-1.86662367e-05
1.61624894e-05
4.60670311e-05
7.16591016e-05
9.34864393e-05
0.000111986984
0.000127588998
0.000140702805
0.0001516432
0.000160700104
0.000168134176
0.000174176131
0.00017902965
0.000182874641
0.000185869936
0.000188155597
0.000189854952
0.000191076427
0.000191915187
0.000192454563
0.00019276714
0.000192915595
0.000192955165
0.000192941933
-0.000607445324
-0.000465443555
-0.000374086315
-0.000292169717
-0.00022043448
-0.000158097714
-0.000104033698
-5.72214753e-05
-1.67867787e-05
1.80394504e-05
4.79405865e-05
7.35283043e-05
9.53489137e-05
0.00011384541
0.000129445097
0.000142553304
0.000153488017
0.000162540017
0.000169969946
0.000176008496
0.000180859402
0.000184702633
0.000187697069
0.000189982805
0.000191683193
0.00019290667
0.000193748397
0.000194291693
0.000194609172
0.000194763678
0.000194810444
0.000194803755
-0.00060565487
-0.000463631969
-0.000372272085
-0.000290320212
-0.000218581963
-0.00015624256
-0.000102173269
-5.53569197e-05
-1.49200408e-05
1.99070172e-05
4.980807e-05
7.53943538e-05
9.72102433e-05
0.000115704761
0.000131304903
0.000144410348
0.000155341914
0.000164391156
0.00017181876
0.000177855444
0.000182705021
0.000186547531
0.000189541914
0.000191828307
0.00019353009
0.00019475572
0.000195600361
0.000196147328
0.000196469268
0.000196629172
0.000196682244
0.000196681175
-0.000603874208
-0.000461832572
-0.000370476178
-0.000288481606
-0.000216743681
-0.000154401801
-0.000100325716
-5.35034618e-05
-1.30625106e-05
2.17673556e-05
5.16702843e-05
7.725704e-05
9.90705613e-05
0.00011756508
0.000133167074
0.000146271507
0.000157201677
0.000166249699
0.0001736763
0.00017971224
0.000184561409
0.000188403925
0.000191398782
0.00019368616
0.000195389474
0.000196617199
0.000197464507
0.000198014715
0.000198340506
0.000198504988
0.000198563312
0.000198566783
-0.000602093697
-0.000460036322
-0.00036869063
-0.000286644351
-0.000214913239
-0.000152569457
-9.84859773e-05
-5.16571376e-05
-1.12112425e-05
2.362248e-05
5.35283971e-05
7.91168454e-05
0.000100929776
0.000119425596
0.00013503016
0.000148134743
0.000159064721
0.000168112595
0.000175539118
0.000181575093
0.000186424483
0.000190267469
0.0001932631
0.000195551595
0.000197256397
0.000198486003
0.000199335595
0.000199888493
0.000200217413
0.000200385559
0.000200447986
0.000200454834
-0.000600306424
-0.000458237328
-0.000366905374
-0.000284804751
-0.000213086529
-0.00015074057
-9.66500375e-05
-4.98148769e-05
-9.36392928e-06
2.54740126e-05
5.53834211e-05
8.09742658e-05
0.000102787827
0.000121285631
0.00013689302
0.000149998553
0.000160929154
0.000169977594
0.000177404652
0.000183441171
0.00018829117
0.000192134889
0.000195131416
0.000197421007
0.000199127129
0.000200358295
0.000201209699
0.000201764667
0.000202095943
0.000202266775
0.000202332091
0.000202341244
-0.000598507444
-0.000456431101
-0.000365097607
-0.000282978512
-0.000211261546
-0.000148911662
-9.48152432e-05
-4.79745691e-05
-7.51890912e-06
2.73231588e-05
5.72361372e-05
8.28297195e-05
0.000104644699
0.000123144732
0.000138754922
0.000151861967
0.000162793738
0.000171843206
0.000179271187
0.000185308558
0.000190159385
0.000194003947
0.00019700137
0.000199291931
0.00020099912
0.000202231462
0.00020308416
0.000203640553
0.000203973397
0.000204145875
0.000204212647
0.000204223918
-0.000596695828
-0.000454616333
-0.000363279739
-0.000281153171
-0.000209434125
-0.000147080463
-9.29795772e-05
-4.61345273e-05
-5.67486356e-06
2.91708735e-05
5.90871797e-05
8.46835675e-05
0.000106500435
0.000125002725
0.000140615596
0.000153724565
0.000164657879
0.000173708671
0.000181137809
0.000187176205
0.00019202796
0.00019587338
0.000198871614
0.000201162958
0.000202870914
0.000204104018
0.000204957477
0.000205514639
0.000205848265
0.000206021497
0.000206088817
0.000206101036
-0.000594871981
-0.000452792628
-0.00036145438
-0.000279327645
-0.000207603857
-0.000145246626
-9.11424804e-05
-4.42941755e-05
-3.83128636e-06
3.10175407e-05
6.09367515e-05
8.65357151e-05
0.000108354727
0.000126859675
0.000142475448
0.000155586583
0.000166521616
0.000175573899
0.000183004336
0.000189043852
0.000193896568
0.000197742809
0.000200741734
0.00020303365
0.000204742065
0.000205975518
0.000206829221
0.000207386521
0.000207720179
0.000207893353
0.000207960616
0.000207972504
-0.000593037711
-0.000450961795
-0.000359621099
-0.000277503036
-0.000205771668
-0.000143410951
-8.93046677e-05
-4.24540654e-05
-1.98859782e-06
3.28628188e-05
6.27844448e-05
8.83852294e-05
0.000110205805
0.000128715496
0.000144336332
0.000157449418
0.000168385832
0.000177439534
0.000184871303
0.000190911976
0.000195765654
0.000199612663
0.00020261216
0.000204904448
0.000206613033
0.000207846456
0.000208699929
0.000209256793
0.000209589802
0.000209762172
0.000209828718
0.0002098392
-0.000591195888
-0.000449126621
-0.000357772579
-0.000275688609
-0.000203940948
-0.000141575509
-8.74678516e-05
-4.06154213e-05
-1.47492629e-07
3.47066372e-05
6.46310377e-05
9.02336772e-05
0.000112053505
0.000130568633
0.000146197778
0.000159313255
0.000170250975
0.000179306186
0.000186739462
0.000192781444
0.000197636184
0.000201483991
0.000204484011
0.000206776538
0.000208485073
0.000209718153
0.000210570991
0.000211126927
0.000211458702
0.00021162955
0.000211694462
0.000211703122
-0.00058935182
-0.000447291701
-0.000355922301
-0.000273877265
-0.000202114508
-0.000139743246
-8.56341815e-05
-3.87797634e-05
1.69115031e-06
3.65488984e-05
6.64775262e-05
9.20836526e-05
0.000113901249
0.000132418973
0.000148056891
0.000161176599
0.000172116828
0.000181174331
0.000188609705
0.000194653451
0.000199509577
0.000203358386
0.000206359021
0.000208651771
0.000210360136
0.000211592657
0.000212444551
0.000212999162
0.000213329217
0.000213497901
0.000213560303
0.000213566913
-0.000587512072
-0.000445462453
-0.00035408207
-0.000272068245
-0.000200295385
-0.000137918029
-8.38067593e-05
-3.69495649e-05
3.52527127e-06
3.83877086e-05
6.83216732e-05
9.39325408e-05
0.000115750089
0.000134270324
0.000149916024
0.000163041178
0.000173985148
0.000183045852
0.000190484032
0.000196530111
0.000201388065
0.000205238195
0.000208239646
0.000210532707
0.000212240885
0.000213472727
0.000214323463
0.000214876449
0.0002152044
0.000215370437
0.000215429724
0.000215433687
-0.000585684079
-0.000443645465
-0.0003522581
-0.000270268064
-0.000198487926
-0.000136104119
-8.19891903e-05
-3.51277206e-05
5.35254074e-06
4.02211079e-05
7.01615579e-05
9.57782311e-05
0.000117598935
0.000136124609
0.000151778653
0.000164909863
0.00017585845
0.000184923229
0.000192364994
0.000198414078
0.000203274418
0.000207126307
0.000210128892
0.00021242247
0.000214130556
0.000215361713
0.000216211189
0.000216762365
0.000217087944
0.000217250981
0.000217306701
0.000217307525
-0.000583876212
-0.000441848519
-0.000350456665
-0.000268484169
-0.000196697408
-0.000134306077
-8.01852872e-05
-3.33171805e-05
7.17087189e-06
4.20479179e-05
7.19971033e-05
9.76217741e-05
0.000119448129
0.000137981501
0.00015364539
0.000166783981
0.000177738543
0.000186808648
0.000194255098
0.000200308126
0.000205171636
0.000209025921
0.000212030136
0.000214324595
0.000216032833
0.000217263438
0.00021811169
0.000218661
0.000218984077
0.000219143903
0.000219195752
0.000219193094
-0.000582097657
-0.000440080205
-0.000348684893
-0.000266724193
-0.000194929807
-0.000132528912
-7.8399206e-05
-3.15212075e-05
8.9778865e-06
4.3866618e-05
7.38276541e-05
9.94633521e-05
0.000121298404
0.000139841906
0.000155517327
0.000168665047
0.000179627407
0.000188704496
0.000196157067
0.000202215273
0.000207082994
0.000210940535
0.000213947076
0.000216242962
0.000217951763
0.000219182108
0.000220029324
0.000220576867
0.000220897461
0.000221054026
0.000221101873
0.000221095552
-0.000580358235
-0.00043834965
-0.000346950564
-0.000264995927
-0.000193191533
-0.000130777957
-7.66353511e-05
-2.97432672e-05
1.07710413e-05
4.5675549e-05
7.56524061e-05
0.000101303064
0.000123150771
0.00014170701
0.000157395477
0.000170554428
0.000181526994
0.000190613212
0.000198073736
0.000204138681
0.000209011939
0.000212873846
0.000215883629
0.000218181685
0.000219891646
0.000221122202
0.000221968743
0.000222514789
0.000222833096
0.000222986531
0.000223030447
0.000223020463
-0.000578668176
-0.000436666282
-0.000345261822
-0.000263307183
-0.000191489153
-0.000129058688
-7.48982189e-05
-2.79868811e-05
1.25477992e-05
4.74731806e-05
7.74709852e-05
0.000103142134
0.00012500817
0.000143578069
0.000159278965
0.000172452225
0.000183438676
0.000192536997
0.00020000785
0.000206081513
0.000210961969
0.000214829631
0.000217843809
0.000220144995
0.000221856911
0.000223088339
0.000223934756
0.000224479771
0.000224796187
0.00022494684
0.000224987129
0.000224973699
-0.000577037835
-0.000435039547
-0.00034362689
-0.000261665602
-0.000189829169
-0.000127376565
-7.31923515e-05
-2.62557149e-05
1.43053311e-05
4.9257467e-05
7.9282078e-05
0.000104980144
0.000126871682
0.000145456885
0.000161169363
0.000174360391
0.000185364925
0.000194478758
0.000201962637
0.000208047246
0.000212936778
0.000216811779
0.000219831694
0.000222137148
0.000223851997
0.000225085144
0.000225932186
0.00022647684
0.000226791984
0.00022694045
0.000226977693
0.000226961283
-0.000575477317
-0.000433478556
-0.000342053713
-0.000260078383
-0.000188217741
-0.000125736822
-7.15222096e-05
-2.45536101e-05
1.60402075e-05
5.10249774e-05
8.10813537e-05
0.000106810989
0.000128737159
0.000147348935
0.000163075878
0.000176284327
0.0001873099
0.000196442419
0.000203941945
0.00021003969
0.000214940189
0.000218824175
0.00022185126
0.000224162244
0.000225881146
0.00022711703
0.000227965637
0.000228510817
0.000228825549
0.000228972697
0.00022900779
0.000228989155
-0.000573995989
-0.000431991617
-0.000340549497
-0.000258551818
-0.000186660175
-0.000124143857
-6.98913784e-05
-2.28834263e-05
1.77501844e-05
5.27739687e-05
8.28673699e-05
0.000108633033
0.000130602327
0.000149253768
0.000165000826
0.000178227039
0.000189276818
0.00019843108
0.000205948839
0.000212061949
0.000216975372
0.000220870075
0.000223905875
0.000226223781
0.000227948019
0.000229187839
0.000230039159
0.000230585985
0.000230901428
0.000231048427
0.000231082608
0.000231062815
-0.000572601986
-0.000430585746
-0.000339120261
-0.000257090842
-0.000185160489
-0.000122600832
-6.83021749e-05
-2.12466489e-05
1.94346353e-05
5.45049584e-05
8.46425141e-05
0.000110449867
0.000132463031
0.000151159913
0.000166941277
0.00018019395
0.000191270451
0.00020044813
0.000207986117
0.000214116621
0.000219044855
0.000222952003
0.000225998116
0.000228324441
0.000230055435
0.000231300566
0.000232155955
0.00023270579
0.000233023339
0.000233171673
0.000233206539
0.000233186975
-0.000571301738
-0.000429266179
-0.000337770454
-0.000255698588
-0.00018372108
-0.000121109498
-6.67556738e-05
-1.9643692e-05
2.10937923e-05
5.62189171e-05
8.64088115e-05
0.000112264869
0.000134322528
0.000153066246
0.000168894218
0.000182184207
0.000193290454
0.000202493591
0.000210054111
0.000216204292
0.000221149426
0.000225070928
0.000228129125
0.000230465544
0.000232204909
0.000233456942
0.000234317995
0.000234872464
0.000235193807
0.00023534529
0.000235382806
0.00023536519
-0.000570099444
-0.000428035782
-0.00033650261
-0.000254375884
-0.000182342388
-0.000119669994
-6.52516137e-05
-1.80739271e-05
2.27285689e-05
5.79168512e-05
8.81671667e-05
0.000114079849
0.000136188744
0.000154980455
0.000170857278
0.000184191238
0.000195332132
0.000204564618
0.000212150943
0.000218323611
0.000223288099
0.000227226144
0.000230298431
0.000232646835
0.000234396404
0.00023565716
0.000236525725
0.000237086731
0.000237413868
0.000237570665
0.000237613185
0.000237599577
-0.000568996403
-0.000426894263
-0.000335317544
-0.000253120285
-0.000181022368
-0.00011828072
-6.37882667e-05
-1.65354623e-05
2.43408238e-05
5.96002089e-05
8.99181997e-05
0.000115894297
0.000138060785
0.000156903888
0.000172832854
0.00018621537
0.00019739448
0.000206659809
0.000214275013
0.000220472828
0.000225459025
0.000229415764
0.000232504163
0.000234866505
0.00023662822
0.000237899692
0.000238777824
0.000239347521
0.000239682751
0.000239847389
0.000239897685
0.000239890502
-0.000567990246
-0.000425837766
-0.000334216472
-0.000251921549
-0.000179753574
-0.000116936904
-6.23610002e-05
-1.50239868e-05
2.59323182e-05
6.12710914e-05
9.16636241e-05
0.000117708876
0.000139938123
0.000158836372
0.000174821597
0.000188256328
0.000199475743
0.000208776604
0.000216423273
0.000222648531
0.000227658523
0.000231635921
0.000234742367
0.000237120657
0.000238896642
0.000240180871
0.000241070878
0.00024165178
0.000241997751
0.000242173126
0.000242234356
0.000242236348
-0.000567074072
-0.000424859717
-0.000333197227
-0.000250756697
-0.000178519246
-0.000115625119
-6.09569184e-05
-1.35302384e-05
2.74939887e-05
6.29256839e-05
9.3401585e-05
0.000119522884
0.000141820908
0.000160776045
0.000176819446
0.000190310136
0.000201571899
0.000210910647
0.000218590943
0.00022484558
0.000229881188
0.000233881052
0.00023700746
0.000239404036
0.000241197057
0.000242493197
0.000243396896
0.000243992355
0.000244352314
0.000244541782
0.000244617416
0.00024463151
-0.000566233794
-0.000423947105
-0.000332188898
-0.000249682137
-0.000177346932
-0.000114347649
-5.95813073e-05
-1.20564486e-05
2.90815865e-05
6.45937455e-05
9.5149979e-05
0.000121348892
0.000143719413
0.000162726748
0.000178821798
0.000192370782
0.000203677994
0.000213056112
0.000220771029
0.000227056013
0.000232118247
0.000236141665
0.000239289116
0.000241704503
0.000243514678
0.00024483109
0.000245752048
0.000246363308
0.000246739696
0.000246946596
0.000247041223
0.00024707291
-0.000565448703
-0.000423078141
-0.000331186518
-0.000248646268
-0.000176187725
-0.000113071273
-5.82022692e-05
-1.05791409e-05
3.06558122e-05
6.62572351e-05
9.68973231e-05
0.000123175548
0.000145622261
0.000164684547
0.000180829634
0.000194435779
0.000205788506
0.000215205511
0.000222954652
0.000229269901
0.000234359019
0.000238406598
0.000241576124
0.000244012061
0.000245841829
0.000247177584
0.000248117742
0.000248748449
0.000249144971
0.000249373388
0.0002494917
0.000249545184
-0.000564692525
-0.000422224552
-0.000330205027
-0.000247589068
-0.000175013924
-0.000111784015
-5.68107723e-05
-9.08867153e-06
3.22403066e-05
6.79290822e-05
9.86474663e-05
0.000124996137
0.00014752306
0.000166664849
0.000182858685
0.000196502061
0.000207895636
0.000217349074
0.000225130227
0.000231474001
0.000236588901
0.000240660152
0.000243851867
0.000246309113
0.000248159859
0.000249516734
0.000250478571
0.000251131814
0.000251552118
0.00025180646
0.000251953391
0.000252032063
-0.000563927
-0.000421347688
-0.000329200831
-0.000246487327
-0.000173798358
-0.000110458472
-5.53826518e-05
-7.56384253e-06
3.38562511e-05
6.96302953e-05
0.000100427702
0.000126846169
0.000149431961
0.000168631028
0.000184866506
0.000198541483
0.000209975353
0.000219465056
0.00022727706
0.000233647855
0.00023878723
0.000242881288
0.000246094876
0.000248573729
0.00025044641
0.00025182605
0.000252811876
0.000253490629
0.000253938393
0.000254223165
0.000254403982
0.000254512534
-0.000563101553
-0.000420402479
-0.000328123764
-0.000245305396
-0.000172506273
-0.000109062313
-5.389087e-05
-5.9838e-06
3.55179423e-05
7.13680012e-05
0.000102237241
0.000128718064
0.000151331289
0.000170563539
0.000186849924
0.000200559108
0.000212024767
0.00022154268
0.000229379391
0.000235772385
0.000240932469
0.000245046584
0.0002482803
0.000250779988
0.000252674767
0.000254078236
0.00025508998
0.000255796996
0.000256275787
0.00025659546
0.000256815518
0.000256959127
-0.000562152195
-0.000419360896
-0.000326903065
-0.000243992762
-0.000171096829
-0.000107559145
-5.23050225e-05
-4.32587687e-06
3.72388096e-05
7.31431366e-05
0.00010405812
0.000130577728
0.000153222548
0.000172498009
0.000188825565
0.000202554005
0.000214033584
0.000223565545
0.000231416316
0.000237823301
0.000242997756
0.000247127202
0.000250377763
0.000252896316
0.000254812431
0.000256240085
0.000257279141
0.000258016782
0.000258529899
0.000258888779
0.000259153386
0.00025933715
-0.000561015243
-0.000418291388
-0.000325368418
-0.000242461477
-0.000169515426
-0.000105902444
-5.05847328e-05
-2.55625627e-06
3.90472978e-05
7.49816856e-05
0.000105918523
0.000132455439
0.000155125967
0.000174417484
0.00019074613
0.00020447942
0.000215962733
0.000225498185
0.000233353096
0.000239765517
0.000244947286
0.00024908648
0.00025234973
0.000254884353
0.000256820295
0.000258271837
0.000259339034
0.000260109173
0.000260659494
0.000261061523
0.000261375666
0.000261604387
-0.00055960275
-0.000416989553
-0.000323543441
-0.000240665691
-0.000167701468
-0.000104039771
-4.86870517e-05
-6.40580493e-07
4.09695853e-05
7.69026637e-05
0.000107832563
0.000134359788
0.000157019867
0.000176291195
0.000192597431
0.000206316294
0.000217786817
0.000227310721
0.000235156462
0.000241562968
0.00024674266
0.000250884076
0.000254154231
0.000256700764
0.000258653872
0.000260128012
0.000261223317
0.000262027065
0.000262616767
0.000263065225
0.000263433257
0.000263711185
-0.000557822809
-0.000415296583
-0.000321381888
-0.000238542626
-0.000165585689
-0.000101911612
-4.65643777e-05
1.45759927e-06
4.30311788e-05
7.89202486e-05
0.000109801827
0.000136278981
0.000158888953
0.000178110381
0.000194369442
0.000208046009
0.00021947899
0.000228970465
0.000236789454
0.000243175332
0.000248340827
0.000252474699
0.000255744124
0.000258296843
0.000260263107
0.000261757371
0.00026287968
0.000263717152
0.000264347462
0.000264844674
0.000265269968
0.000265600498
-0.000555571308
-0.000413107089
-0.000318786364
-0.000236006171
-0.000163091929
-9.94536178e-05
-4.41647065e-05
3.77826998e-06
4.52605562e-05
8.10520134e-05
0.000111833811
0.000138212249
0.000160727049
0.000179858638
0.000196034775
0.000209636512
0.000221003398
0.00023043789
0.000238209239
0.000244556913
0.00024969364
0.000253808101
0.000257067337
0.000259618918
0.000261592893
0.000263103485
0.000264250439
0.000265120529
0.000265791451
0.000266338458
0.000266823015
0.000267208338
-0.000552728513
-0.000410310234
-0.000315650716
-0.000232961315
-0.000160138638
-9.65975099e-05
-4.1433122e-05
6.36312541e-06
4.76866825e-05
8.33149576e-05
0.000113934555
0.000140155944
0.00016252199
0.000181515371
0.000197565415
0.000211054165
0.000222321651
0.000231670456
0.00023936971
0.000245658591
0.000250749426
0.000254830423
0.000258068114
0.000260609541
0.000262584228
0.000264105874
0.000265273668
0.000266173813
0.000266883838
0.000267480055
0.000268024069
0.000268464737
-0.000549162225
-0.000406783831
-0.000311861034
-0.000229307056
-0.000156639329
-9.32714659e-05
-3.83125233e-05
9.25483377e-06
5.03384651e-05
8.57251822e-05
0.000116108491
0.000142104067
0.000164258567
0.000183057247
0.00019893102
0.000212262721
0.000223392551
0.000232622816
0.000240222051
0.000246428643
0.000251454005
0.000255485373
0.000258688293
0.000261208842
0.00026317562
0.000264701445
0.000265884633
0.000266810557
0.000267556389
0.000268199295
0.000268800518
0.000269293788
-0.000544730121
-0.000402396773
-0.000307296367
-0.000224937264
-0.000152503756
-8.94013453e-05
-3.47448002e-05
1.24959865e-05
5.32438855e-05
8.82972337e-05
0.000118358066
0.000144048359
0.000165919196
0.000184458656
0.000200099173
0.000213224073
0.000224173279
0.000233248263
0.000240716355
0.000246814509
0.000251752582
0.000255716225
0.000258869421
0.000261356753
0.000263305421
0.000264826939
0.000266018385
0.000266964003
0.000267740403
0.000268425401
0.000269078844
0.000269615893
-0.000539281776
-0.000397011125
-0.000301830654
-0.000219742344
-0.000147639626
-8.49122914e-05
-3.06722491e-05
1.61279181e-05
5.64290881e-05
9.10435004e-05
0.000120683473
0.000145978407
0.000167484394
0.000185692479
0.000201036413
0.000213899569
0.000224620972
0.000233500536
0.000240803607
0.000246764907
0.000251591965
0.0002554681
0.000258555045
0.000260995255
0.000262913965
0.000264420895
0.000265611468
0.000266568343
0.000267366841
0.000268084988
0.000268785271
0.000269376985
-0.000532661011
-0.000390484329
-0.000295335063
-0.000213611384
-0.000141954625
-7.97305813e-05
-2.60391699e-05
2.01894136e-05
5.99174457e-05
9.39736704e-05
0.000123082528
0.000147881948
0.000168933505
0.000186731198
0.000201709714
0.000214251826
0.000224694843
0.000233336206
0.000240438316
0.000246232711
0.000250923666
0.000254691306
0.000257694313
0.000260072301
0.000261947902
0.000263428483
0.000264607354
0.000265565282
0.000266376075
0.000267117053
0.000267850068
0.000268479566
-0.000524708661
-0.000382671793
-0.00028768067
-0.000206434633
-0.000135358754
-7.37857298e-05
-2.07936663e-05
2.47152864e-05
6.37285711e-05
9.70942217e-05
0.000125550662
0.000149745358
0.000170245672
0.000187548324
0.000202088311
0.000214246917
0.000224358683
0.000232717441
0.000239581495
0.000245178069
0.000249707111
0.000253344554
0.000256245128
0.000258544792
0.000260362862
0.000261803731
0.00026295806
0.000263904336
0.000264714691
0.000265465431
0.000266215518
0.000266856873
-0.000515265688
-0.000373429805
-0.000278741465
-0.000198106352
-0.000127766973
-6.70128676e-05
-1.48896715e-05
2.97347844e-05
6.78772296e-05
0.000100407886
0.000128080962
0.000151554273
0.000171401012
0.000188120082
0.000202145862
0.000213856955
0.000223583811
0.00023161528
0.000238204205
0.00024357219
0.000247913637
0.000251399176
0.000254178576
0.000256383255
0.000258128435
0.000259514874
0.000260630043
0.000261549657
0.000262343548
0.000263086179
0.000263834685
0.000264477657
-0.000504176615
-0.000362618728
-0.00026839771
-0.000188528021
-0.000119102175
-5.93554046e-05
-8.28925098e-06
3.5269746e-05
7.23720455e-05
0.000103912978
0.000130664141
0.000153294208
0.000172381853
0.000188427227
0.000201862766
0.000213062857
0.000222352224
0.000230013098
0.000236291285
0.000241401295
0.000245530632
0.000248843402
0.000251483341
0.000253576391
0.000255232871
0.000256549193
0.000257609068
0.000258484999
0.000259243997
0.000259957835
0.000260681547
0.000261305641
-0.000491293184
-0.000350106345
-0.000256539568
-0.000177611892
-0.000109298453
-5.07679385e-05
-9.65203571e-07
4.1332409e-05
7.72138655e-05
0.000107602409
0.000133288274
0.000154950996
0.000173173853
0.000188456779
0.000201228465
0.000211857126
0.000220659786
0.000227910143
0.000233845181
0.00023867068
0.000242565783
0.000245686783
0.000248170276
0.000250135738
0.000251687716
0.000252917557
0.000253904663
0.000254717935
0.000255421072
0.0002560822
0.000256753756
0.000257334105
-0.000476477918
-0.000335771016
-0.000243070827
-0.000165285066
-9.83050598e-05
-4.12198274e-05
7.09559223e-06
4.79224782e-05
8.2393433e-05
0.000111462098
0.000135937979
0.000156510762
0.00017376671
0.000188203397
0.000200243379
0.000210246263
0.000218519014
0.000225324605
0.000230889204
0.000235408086
0.000239050485
0.000241963574
0.00024427567
0.000246098837
0.000247531066
0.000248657903
0.000249553767
0.000250283842
0.000250908032
0.000251489777
0.000252078384
0.00025258683
-0.000459606993
-0.000319504477
-0.000227914382
-0.000151497787
-8.60930335e-05
-3.06994795e-05
1.58869881e-05
5.50221479e-05
8.78874237e-05
0.000115468089
0.000138592573
0.000157959038
0.000174154159
0.000187670149
0.000198920351
0.000208252795
0.000215961649
0.000222296711
0.000227471189
0.000231668023
0.000235045005
0.000237738914
0.000239868848
0.000241538885
0.000242839433
0.000243847867
0.00024463277
0.000245257765
0.000245776897
0.000246248978
0.000246720144
0.000247125496
-0.000440569316
-0.000301212935
-0.0002110244
-0.000136245343
-7.26519312e-05
-1.91958106e-05
2.53846544e-05
6.25917694e-05
9.36541308e-05
0.000119583039
0.000141223372
0.000159278934
0.000174332964
0.000186868205
0.000197284868
0.000205915853
0.000213039383
0.000218889353
0.000223663692
0.000227531023
0.000230635884
0.000233102835
0.0002350403
0.000236544753
0.000237699375
0.000238557507
0.00023921599
0.000239732345
0.000240125263
0.00024045829
0.000240775838
0.000241044188
-0.000419248752
-0.000280799134
-0.000192374808
-0.000119563795
-5.79337923e-05
-6.63754383e-06
3.55469989e-05
7.05680857e-05
9.96306662e-05
0.000123752808
0.000143790705
0.000160448877
0.00017430131
0.00018581576
0.000195374419
0.000203290816
0.000209823798
0.000215188446
0.000219564996
0.000223105837
0.000225940365
0.000228179001
0.000229916659
0.000231248278
0.000232299034
0.000233073587
0.000233547636
0.000233848762
0.000234077862
0.000234248759
0.000234380598
0.000234478043
-0.000395503937
-0.000258114326
-0.000171839503
-0.000101296673
-4.21234434e-05
6.548127e-06
4.61255078e-05
7.87970092e-05
0.000105694042
0.00012787797
0.000146227686
0.000161433694
0.000174053572
0.000184535143
0.000193237567
0.000200450014
0.000206409591
0.000211309849
0.000215311138
0.0002185484
0.000221136749
0.000223176063
0.000224753618
0.000225930499
0.000226712552
0.000227241375
0.000227654169
0.000227894197
0.000227954841
0.000227910113
0.00022780775
0.000227700823
-0.000369313796
-0.000233137428
-0.000149571036
-8.15338582e-05
-2.55643888e-05
2.00942715e-05
5.70920386e-05
8.71120087e-05
0.00011170042
0.000131813841
0.000148443145
0.000162185309
0.000173578397
0.000183047951
0.000190925054
0.000197471146
0.000202895664
0.00020736814
0.000211027548
0.000213989451
0.000216351547
0.000218197427
0.000219599439
0.000220618696
0.000221309309
0.000221740603
0.000221939472
0.000221939683
0.000221796887
0.000221531658
0.000221170994
0.000220825309
-0.000340649092
-0.000205809363
-0.000125741754
-6.04225616e-05
-8.09024224e-06
3.38441572e-05
6.79726868e-05
9.5307768e-05
0.000117443033
0.000135513019
0.000150371299
0.000162656963
0.000172866603
0.000181382866
0.00018850014
0.000194446995
0.00019940312
0.000203511732
0.000206888731
0.000209629513
0.000211814107
0.00021351045
0.00021477763
0.000215667605
0.000216227601
0.000216502876
0.000216536168
0.000216360267
0.000216006548
0.000215490371
0.000214835179
0.000214218684
-0.000309513037
-0.000176409996
-0.000100545947
-3.87042931e-05
9.95116559e-06
4.81537953e-05
7.86921789e-05
0.000103073885
0.000122709916
0.000138698848
0.000151850645
0.000162764951
0.00017188855
0.000179555772
0.000186018379
0.000191467899
0.000196052031
0.000199886518
0.000203063702
0.000205658705
0.000207733956
0.000209342637
0.000210530611
0.000211338438
0.000211803451
0.000211960466
0.000211843228
0.000211483929
0.000210908078
0.000210121161
0.0002091427
0.0002082264
-0.00027579895
-0.00014552843
-7.36997638e-05
-1.64995752e-05
2.77461725e-05
6.19532766e-05
8.87840838e-05
0.00011006765
0.000127188247
0.000141165342
0.000152734298
0.00016242354
0.00017061449
0.000177584533
0.000183537503
0.000188625239
0.000192962711
0.000196638565
0.000199722464
0.000202270228
0.000204327502
0.00020593242
0.000207117591
0.000207911863
0.000208340876
0.000208429113
0.000208201548
0.000207684319
0.000206896497
0.000205831757
0.000204503967
0.00020325707
-0.000239285871
-0.000113208478
-4.55479653e-05
5.78620582e-06
4.47200674e-05
7.44647917e-05
9.75078578e-05
0.000115737113
0.000130477366
0.000142639018
0.00015284877
0.00016154035
0.000169016414
0.000175490878
0.000181117534
0.000186009155
0.000190250173
0.000193905048
0.000197023778
0.000199645573
0.000201801415
0.000203515956
0.000204808897
0.000205695901
0.000206189415
0.000206300054
0.000206039243
0.000205421001
0.000204452241
0.000203109749
0.000201406768
0.00019978767
-0.000199685207
-7.91730891e-05
-1.72900826e-05
2.71750796e-05
6.01270308e-05
8.4973384e-05
0.000104202503
0.000119570132
0.000132223215
0.00014289908
0.000152077961
0.000160077869
0.00016711334
0.000173333048
0.000178843439
0.000183723229
0.000188032363
0.000191817456
0.000195114922
0.000197952687
0.000200351371
0.000202325542
0.000203884451
0.000205031178
0.000205762402
0.000206067647
0.000205930879
0.000205343052
0.00020428642
0.000202700427
0.000200574553
0.000198500719
-0.000156253017
-4.34455567e-05
1.01052506e-05
4.62734863e-05
7.25359357e-05
9.24174109e-05
0.000108134088
0.000121103506
0.000132173138
0.000141844822
0.000150424117
0.000158104056
0.000165011147
0.000171234639
0.000176842749
0.000181890038
0.000186421701
0.000190475875
0.000194084068
0.00019727008
0.000200049637
0.000202434391
0.000204434158
0.000206044727
0.000207254266
0.000208037555
0.000208321639
0.000208040499
0.000207128014
0.000205446057
0.000202878544
0.000200262042
-0.000107439452
-6.95954953e-06
3.45271124e-05
6.10017537e-05
8.0394479e-05
9.58114193e-05
0.000108789295
0.000120163107
0.000130370346
0.000139644316
0.000148116788
0.000155869776
0.000162954475
0.000169415643
0.000175301269
0.000180658035
0.000185531432
0.000189966883
0.000194008918
0.000197694372
0.000201044119
0.000204089718
0.00020688052
0.000209401123
0.000211625101
0.000213569041
0.000215047489
0.000215787859
0.000215620637
0.00021432368
0.000211483859
0.000208438689
-4.24566173e-05
2.91305932e-05
5.17421358e-05
6.76972227e-05
8.12781776e-05
9.37781522e-05
0.000105534481
0.000116609993
0.000126994605
0.000136679027
0.00014566508
0.000153946348
0.000161524884
0.00016843705
0.000174737345
0.000180479888
0.000185721703
0.000190529277
0.00019498414
0.000199158145
0.000203038134
0.000206574215
0.000209880133
0.000213282657
0.000217066198
0.000220850021
0.000223678646
0.000225483982
0.000227043018
0.000228190151
0.000227837498
0.000225776824
6.46120206e-05
6.48626819e-05
6.23758161e-05
6.80879741e-05
7.77932245e-05
8.91342949e-05
0.000100943487
0.000112572307
0.000123663105
0.000134102259
0.000143880023
0.000152904946
0.000161080158
0.00016846407
0.000175161396
0.000181237453
0.00018675472
0.000191794573
0.000196498908
0.000201024451
0.000205401769
0.000209573461
0.000213608628
0.000217814846
0.000222896354
0.000229750765
0.000238626512
0.000250127234
0.000265206195
0.00028536648
0.000314261843
0.00034925767
)
;

boundaryField
{
    inner_wall
    {
        type            zeroGradient;
    }
    outer_wall
    {
        type            zeroGradient;
    }
    top
    {
        type            zeroGradient;
    }
    bottom
    {
        type            fixedValue;
        value           uniform 0;
    }
    front
    {
        type            wedge;
    }
    back
    {
        type            wedge;
    }
}


// ************************************************************************* //
