/*--------------------------------*- C++ -*----------------------------------*\
| =========                 |                                                 |
| \\      /  F ield         | OpenFOAM: The Open Source CFD Toolbox           |
|  \\    /   O peration     | Version:  2506                                  |
|   \\  /    A nd           | Website:  www.openfoam.com                      |
|    \\/     M anipulation  |                                                 |
\*---------------------------------------------------------------------------*/
FoamFile
{
    version     2.0;
    format      ascii;
    arch        "LSB;label=32;scalar=64";
    class       volScalarField;
    location    "818";
    object      p;
}
// * * * * * * * * * * * * * * * * * * * * * * * * * * * * * * * * * * * * * //

dimensions      [0 2 -2 0 0 0 0];

internalField   nonuniform List<scalar> 
3072
(
-0.000123967152
-9.41515232e-05
-9.04857e-05
-8.44512024e-05
-7.46945487e-05
-6.29698094e-05
-5.10207647e-05
-3.99856132e-05
-2.7774258e-05
-1.40153796e-05
-7.56288062e-06
-7.76018643e-06
-7.62204461e-06
-6.31046411e-06
-4.47204375e-06
-2.495407e-06
-5.35730575e-07
1.32378843e-06
3.02536833e-06
4.52418534e-06
5.80686481e-06
7.01603707e-06
8.04229633e-06
8.74649949e-06
9.27238432e-06
9.66435092e-06
9.94257401e-06
1.01314824e-05
1.02633899e-05
1.03857693e-05
1.05659024e-05
1.08151613e-05
-0.000264310384
-0.000186452093
-0.000160138656
-0.000141512736
-0.000123474775
-0.000104850638
-8.64210106e-05
-6.86357403e-05
-5.08429998e-05
-3.39336254e-05
-2.18125376e-05
-1.44699909e-05
-8.57002385e-06
-3.29991604e-06
1.33040423e-06
5.32477305e-06
8.74335343e-06
1.16448805e-05
1.40880812e-05
1.61498254e-05
1.77775583e-05
1.92003213e-05
2.04184767e-05
2.12384699e-05
2.18514248e-05
2.23315804e-05
2.2711623e-05
2.30231764e-05
2.33043104e-05
2.36021529e-05
2.39473744e-05
2.42410726e-05
-0.000326423801
-0.000221781204
-0.000176574364
-0.000146113027
-0.000121669599
-0.000100771872
-8.23237261e-05
-6.56797263e-05
-5.03713997e-05
-3.6514688e-05
-2.47568573e-05
-1.50290466e-05
-6.7055544e-06
5.33281131e-07
6.82420799e-06
1.22633827e-05
1.69345344e-05
2.09092553e-05
2.4273182e-05
2.72005472e-05
2.95866348e-05
3.14880779e-05
3.30811535e-05
3.43169145e-05
3.52851886e-05
3.60472054e-05
3.66469233e-05
3.71230331e-05
3.75126451e-05
3.78541385e-05
3.81780552e-05
3.84492253e-05
-0.000386212927
-0.000266915195
-0.000210788364
-0.000168760907
-0.000135763032
-0.00010966421
-8.78522504e-05
-6.89316093e-05
-5.21829874e-05
-3.72967383e-05
-2.41971323e-05
-1.27467137e-05
-2.7275798e-06
6.04068667e-06
1.36900674e-05
2.03248377e-05
2.60363784e-05
3.09110045e-05
3.50378839e-05
3.85009164e-05
4.1402275e-05
4.37573576e-05
4.56285845e-05
4.7151068e-05
4.83630078e-05
4.93170611e-05
5.00674289e-05
5.06623361e-05
5.11448488e-05
5.15569642e-05
5.19302954e-05
5.22253785e-05
-0.000442025441
-0.000315680844
-0.000246465832
-0.0001946783
-0.000154290737
-0.000122039051
-9.54363426e-05
-7.29131782e-05
-5.34565312e-05
-3.64583196e-05
-2.15552195e-05
-8.48031589e-06
2.98965685e-06
1.30327138e-05
2.17905304e-05
2.93832299e-05
3.5922022e-05
4.15135264e-05
4.62355609e-05
5.00709108e-05
5.32998221e-05
5.60636375e-05
5.82580942e-05
6.00108959e-05
6.14107865e-05
6.2524393e-05
6.34105695e-05
6.41221766e-05
6.47075495e-05
6.521517e-05
6.5682249e-05
6.60574527e-05
-0.000490655565
-0.000359350259
-0.000280091354
-0.000220370452
-0.000173455088
-0.000135074604
-0.000103461392
-7.69815184e-05
-5.44126147e-05
-3.49372187e-05
-1.8013564e-05
-3.25700069e-06
9.62065417e-06
2.0840972e-05
3.05813788e-05
3.89918594e-05
4.62065268e-05
5.23489397e-05
5.75294846e-05
6.18424711e-05
6.54207667e-05
6.83737782e-05
7.07722055e-05
7.27057766e-05
7.42588325e-05
7.55059588e-05
7.65134091e-05
7.73399309e-05
7.80400634e-05
7.86710484e-05
7.9276634e-05
7.977783e-05
-0.000531925761
-0.000396360078
-0.000311284931
-0.000245353397
-0.000191929354
-0.000147979303
-0.000111621488
-8.11857682e-05
-5.53783324e-05
-3.32741974e-05
-1.42176265e-05
2.27296178e-06
1.65600997e-05
2.89246937e-05
3.95928091e-05
4.87542177e-05
5.65746998e-05
6.32035317e-05
6.87777846e-05
7.34252833e-05
7.72691331e-05
8.04239453e-05
8.29931507e-05
8.50736111e-05
8.67550085e-05
8.81189757e-05
8.92384945e-05
9.01781304e-05
9.09987158e-05
9.17668584e-05
9.25330002e-05
9.31836224e-05
-0.000566132826
-0.000427474189
-0.000338406756
-0.000267796771
-0.000209055519
-0.000160191557
-0.000119500832
-8.53394713e-05
-5.6398515e-05
-3.1702586e-05
-1.05252476e-05
7.68777364e-06
2.33651043e-05
3.6845767e-05
4.84057027e-05
5.82768899e-05
6.66602449e-05
7.37343332e-05
7.96608869e-05
8.45884607e-05
8.86545746e-05
9.19861712e-05
9.46997887e-05
9.69025052e-05
9.8692223e-05
0.000100157636
0.000101377812
0.000102422619
0.000103358707
0.000104261538
0.000105187592
0.000105987789
-0.00059414697
-0.0004534354
-0.000361224081
-0.000286857478
-0.000223987967
-0.000171079294
-0.000126661975
-8.91943002e-05
-5.74008071e-05
-3.02971835e-05
-7.12038949e-06
1.27315567e-05
2.9737902e-05
4.42864353e-05
5.66976273e-05
6.7242681e-05
7.61563136e-05
8.36457432e-05
8.9896728e-05
9.50776535e-05
9.93421343e-05
0.000102830493
0.000105670758
0.00010797956
0.000109862717
0.000111415533
0.000112722605
0.000113858483
0.000114894839
0.000115914656
0.000116979421
0.000117909141
-0.000616490185
-0.000474436986
-0.000379939714
-0.000302668663
-0.0002365744
-0.000180405096
-0.000132888643
-9.25990382e-05
-5.83160416e-05
-2.90710094e-05
-4.08751974e-06
1.72640783e-05
3.54984205e-05
5.10407827e-05
6.42481849e-05
7.54253897e-05
8.48370196e-05
9.2716168e-05
9.92706649e-05
0.000104687355
0.000109135151
0.000112767045
0.000115721617
0.000118124177
0.000120087691
0.000121713351
0.000123090579
0.000124297905
0.000125411049
0.000126518712
0.000127686152
0.000128710988
-0.000633726446
-0.000490848377
-0.000394799255
-0.000315366477
-0.000246804019
-0.000188073268
-0.000138060134
-9.54447244e-05
-5.90688711e-05
-2.7990928e-05
-1.43667811e-06
2.12367409e-05
4.05664339e-05
5.70046161e-05
7.09362633e-05
8.26931005e-05
9.25644738e-05
0.000100805445
0.000107642847
0.000113279677
0.000117898351
0.000121663065
0.000124721622
0.00012720687
0.00012923791
0.000130920912
0.000132349299
0.000133604831
0.000134766244
0.000135925963
0.000137151762
0.000138229501
-0.00064648248
-0.000503163757
-0.000406150003
-0.000325165613
-0.000254771212
-0.000194090747
-0.000142131277
-9.76636735e-05
-5.95900867e-05
-2.69997021e-05
8.70530945e-07
2.46668998e-05
4.49391687e-05
6.21575179e-05
7.67270297e-05
8.89998221e-05
9.92845339e-05
0.000107853795
0.000114949876
0.000120789061
0.000125564948
0.000129451034
0.000132602738
0.000135159093
0.000137244165
0.00013896809
0.000140427431
0.000141706435
0.000142885853
0.000144059887
0.000145297666
0.00014638437
-0.000655394708
-0.000511913009
-0.000414397852
-0.000332349318
-0.000260647138
-0.000198536971
-0.000145114481
-9.92251971e-05
-5.98240471e-05
-2.60315908e-05
2.9002633e-06
2.7615195e-05
4.8668728e-05
6.65419177e-05
8.165341e-05
9.43698012e-05
0.000105013954
0.000113871717
0.000121197189
0.000127216916
0.000132133198
0.000136126755
0.000139358907
0.000141973426
0.000144098135
0.000145846107
0.000147316209
0.000148594475
0.000149762789
0.000150915386
0.00015212177
0.000153176665
-0.000661078695
-0.000517622823
-0.000419969052
-0.00033723622
-0.000264647586
-0.000201538523
-0.000147064387
-0.000100129195
-5.97323243e-05
-2.50233978e-05
4.73011367e-06
3.01660141e-05
5.18410413e-05
7.02419127e-05
8.57956877e-05
9.88785204e-05
0.00010982309
0.000118924549
0.000126445474
0.000132619804
0.000137656138
0.000141740402
0.00014503814
0.000147696465
0.000149845797
0.000151601191
0.000153063048
0.000154318581
0.00015545006
0.000156550346
0.000157688547
0.000158677402
-0.000664111138
-0.000520794215
-0.000423284833
-0.000340155162
-0.000267010827
-0.000203250542
-0.000148064829
-0.000100400989
-5.92952195e-05
-2.39218796e-05
6.43689236e-06
3.24118046e-05
5.45579503e-05
7.33642109e-05
8.92621473e-05
0.000102633671
0.000113817626
0.00012311521
0.000130794548
0.00013709447
0.000142227712
0.000146383599
0.00014973038
0.000152417261
0.000154576221
0.000156323458
0.000157760253
0.000158974489
0.00016004825
0.000161071976
0.000162113833
0.000163010827
-0.000665020909
-0.000521895656
-0.000424751994
-0.000341432037
-0.000267982648
-0.000203844193
-0.000148219729
-0.000100087117
-5.85118417e-05
-2.2688498e-05
8.08797759e-06
3.44411526e-05
5.69229995e-05
7.60223036e-05
9.21723925e-05
0.000105758092
0.000117121602
0.000126567553
0.000134367254
0.000140762344
0.000145967896
0.000150175109
0.000153553659
0.000156253789
0.00015840818
0.000160133488
0.000161531341
0.000162689894
0.000163690635
0.000164620909
0.000165547591
0.00016633587
-0.000664283308
-0.000521352633
-0.000424745584
-0.000341375425
-0.000267805106
-0.000203496678
-0.000147645847
-9.9250503e-05
-5.73988416e-05
-2.13015459e-05
9.73600172e-06
3.63308212e-05
5.9031272e-05
7.83246838e-05
9.46443945e-05
0.00010837611
0.000119863355
0.000129412208
0.000137295356
0.000143755617
0.000149008992
0.000153247346
0.000156640776
0.000159339729
0.000161476923
0.000163168938
0.000164517355
0.000165610303
0.000166528417
0.000167355594
0.000168157247
0.000168828472
-0.000662311626
-0.00051954085
-0.000423607253
-0.000340271651
-0.000266708348
-0.00020238289
-0.000146465375
-9.79649816e-05
-5.59872951e-05
-1.97554209e-05
1.14171663e-05
3.81418986e-05
6.09635949e-05
8.0367478e-05
9.67858624e-05
0.000110603988
0.000122165295
0.000131775901
0.000139708565
0.000146206092
0.000151484377
0.000155735055
0.000159127901
0.000161812961
0.000163922504
0.000165572663
0.000166864683
0.000167886471
0.000168717668
0.00016943865
0.000170113324
0.00017066655
-0.00065946244
-0.000516782773
-0.000421639743
-0.000338377889
-0.000264903118
-0.000200667887
-0.000144798953
-9.63093459e-05
-5.43181264e-05
-1.80576661e-05
1.315249e-05
3.99193538e-05
6.27845105e-05
8.2231014e-05
9.86896217e-05
0.00011254432
0.000124137514
0.00013377444
0.000141727036
0.000148237297
0.000153520296
0.000157766838
0.000161145871
0.000163806634
0.000165880625
0.000167483292
0.000168715366
0.000169664398
0.000170408994
0.000171026142
0.0001715783
0.000172018485
-0.000656030887
-0.000513345171
-0.000419106811
-0.000335921471
-0.000262577767
-0.000198502549
-0.000142760693
-9.43625536e-05
-5.2437779e-05
-1.62255299e-05
1.49503596e-05
4.16934991e-05
6.45425543e-05
8.39789555e-05
0.000100431909
0.000114283518
0.000125874541
0.000135508801
0.000143456892
0.000149959518
0.000155230495
0.000159459434
0.000162814152
0.000165442845
0.000167476061
0.000169028428
0.000170200064
0.000171078092
0.000171740113
0.000172259993
0.000172698868
0.000173035282
-0.000652249184
-0.00050946849
-0.000416222633
-0.000333097171
-0.000259899617
-0.00019602289
-0.000140455465
-9.2200206e-05
-5.03945699e-05
-1.42822689e-05
1.68104596e-05
4.34839574e-05
6.62717443e-05
8.56575996e-05
0.000102071746
0.000115891253
0.000127454414
0.000137063697
0.000144988294
0.000151467414
0.000156713415
0.000160914539
0.00016423734
0.000166828864
0.00016881864
0.000170320423
0.000171433683
0.000172245084
0.000172831286
0.000173263396
0.000173601397
0.000173846092
-0.000648309755
-0.000505543622
-0.000413023484
-0.000330015885
-0.000257004736
-0.000193345059
-0.00013797399
-8.98896577e-05
-4.82337494e-05
-1.22515455e-05
1.8730628e-05
4.53086144e-05
6.79954413e-05
8.72933288e-05
0.000103649614
0.000117419486
0.000128937738
0.000138506621
0.000146394368
0.000152838767
0.00015805074
0.000162217164
0.000165503333
0.000168055148
0.000170001127
0.000171454171
0.000172513106
0.000173264143
0.000173783095
0.000174138696
0.000174389959
0.00017455646
-0.000644358558
-0.000501785433
-0.000409594501
-0.000326787806
-0.000254003344
-0.000190564542
-0.000135394627
-8.74930764e-05
-4.60032313e-05
-1.01708307e-05
2.06756967e-05
4.71294596e-05
6.97230976e-05
8.89480733e-05
0.000105226662
0.000118924168
0.000130380544
0.000139896071
0.000147736555
0.000154137942
0.000159309591
0.00016343696
0.000166684052
0.000169195632
0.000171099239
0.000172506939
0.000173516934
0.000174215002
0.000174676217
0.000174967316
0.000175146453
0.000175248742
-0.000640495704
-0.000498119727
-0.000406181886
-0.000323534712
-0.000250976544
-0.000187753389
-0.00013277908
-8.50583919e-05
-4.37366439e-05
-8.06409868e-06
2.26387658e-05
4.89666743e-05
7.14755926e-05
9.06230319e-05
0.000106806847
0.00012042321
0.000131811437
0.000141268036
0.000149056457
0.000155411045
0.000160539732
0.000164626671
0.000167834712
0.000170307574
0.000172171764
0.000173538728
0.000174506123
0.000175159216
0.000175572496
0.000175811117
0.000175932275
0.000175983388
-0.000636798178
-0.000494583942
-0.000402825998
-0.000320370323
-0.000247993671
-0.000184958595
-0.000130165811
-8.26124862e-05
-4.1440845e-05
-5.94854989e-06
2.46307319e-05
5.08473494e-05
7.32423724e-05
9.22822232e-05
0.000108381215
0.000121924847
0.000133248141
0.000142646762
0.000150383463
0.000156691581
0.000161777963
0.000165825769
0.000168997086
0.000171434715
0.000173261974
0.000174592572
0.000175524629
0.00017614109
0.000176516062
0.000176713781
0.000176790497
0.000176801489
-0.000633314683
-0.000491225612
-0.000399594518
-0.000317331462
-0.000245109963
-0.000182229722
-0.000127596281
-8.02015323e-05
-3.91854653e-05
-3.79631549e-06
2.66462206e-05
5.275034e-05
7.50346624e-05
9.39665052e-05
0.000109983108
0.000123455626
0.000134715142
0.000144056905
0.000151743108
0.000158006167
0.000163051968
0.000167062723
0.000170199506
0.000172604441
0.000174402632
0.000175704346
0.000176606305
0.000177193075
0.000177538273
0.0001777051
0.000177749517
0.000177732797
-0.000630067266
-0.000488069001
-0.000396541923
-0.000314418699
-0.00024232975
-0.000179585409
-0.000125090506
-7.78322972e-05
-3.69471539e-05
-1.67635122e-06
2.86574097e-05
5.46623923e-05
7.68382221e-05
9.56700099e-05
0.000111612599
0.000125020386
0.000136221112
0.000145510181
0.000153149549
0.000159370957
0.000164379548
0.000168356822
0.000171463175
0.00017384015
0.000175612464
0.000176889801
0.00017776849
0.00017833292
0.000178656361
0.00017880137
0.000178823633
0.000178788275
-0.000627058996
-0.000485121309
-0.000393674185
-0.000311654122
-0.000239673503
-0.00017704312
-0.000122664716
-7.55217757e-05
-3.47479924e-05
4.18302189e-07
3.06598932e-05
5.65757936e-05
7.86541623e-05
9.74000383e-05
0.000113277208
0.000126626632
0.000137774079
0.000147015324
0.000154612214
0.000160795994
0.000165771241
0.000169718916
0.000172798907
0.00017515229
0.000176903354
0.00017816143
0.000179022547
0.000179570843
0.000179879331
0.00018001018
0.000180018862
0.000179972527
-0.000624279923
-0.00048237799
-0.000390987532
-0.000309042671
-0.000237147037
-0.000174608396
-0.000120325099
-7.32777166e-05
-3.25979529e-05
2.47725913e-06
3.26340908e-05
5.84783314e-05
8.04898014e-05
9.91681223e-05
0.000114984223
0.000128279069
0.000139378016
0.000148576283
0.000156135225
0.000162285631
0.000167231621
0.000171153713
0.00017421138
0.000176545319
0.000178279481
0.000179522901
0.000180371358
0.000180908784
0.000181208004
0.000181330973
0.000181333018
0.000181281862
-0.000621710961
-0.000479825239
-0.000388471422
-0.00030657837
-0.000234746558
-0.000172278981
-0.000118070776
-7.11003409e-05
-3.0498008e-05
4.49937643e-06
3.45787094e-05
6.03560819e-05
8.23339065e-05
0.000100977818
0.000116736044
0.000129977955
0.000141032396
0.000150192414
0.000157718012
0.000163839397
0.000168760279
0.000172660788
0.000175700043
0.000178018424
0.000179739612
0.000180972402
0.00018181237
0.00018234327
0.000182637795
0.000182757823
0.000182758592
0.00018270732
-0.000619327406
-0.000477443074
-0.000386109674
-0.000304248712
-0.000232461991
-0.000170046438
-0.000115894032
-6.89812629e-05
-2.84363626e-05
6.50553413e-06
3.65277862e-05
6.22297168e-05
8.4165002e-05
0.000102791779
0.000118507868
0.000131708007
0.000142726565
0.000151855536
0.000159353948
0.000165451654
0.000170352148
0.000174235332
0.000177260098
0.000179566621
0.000181278392
0.000182504039
0.000183338983
0.000183866841
0.00018416022
0.000184281024
0.000184284447
0.00018423645
-0.000617102243
-0.000475208553
-0.000383883178
-0.000302038114
-0.000230280895
-0.000167901168
-0.000113787834
-6.69157776e-05
-2.64108802e-05
8.49412977e-06
3.84771148e-05
6.41165938e-05
8.59992743e-05
0.000104601112
0.000120289778
0.000133461743
0.000144454091
0.000153559472
0.00016103692
0.00016711627
0.000172000982
0.000175870889
0.000178884791
0.000181182757
0.000182888173
0.000184109563
0.000184942242
0.000185469727
0.000185764577
0.000185888795
0.000185897564
0.000185855106
-0.000615008237
-0.000473097868
-0.000381771766
-0.000299929688
-0.000228189894
-0.000165833429
-0.000111746329
-6.49027239e-05
-2.44274085e-05
1.04477001e-05
4.03993486e-05
6.60085845e-05
8.78594392e-05
0.000106429182
0.000122092062
0.000135242122
0.000146214395
0.000155301464
0.000162762627
0.000168827822
0.000173700508
0.00017756049
0.000180566525
0.000182858635
0.000184560146
0.00018577952
0.000186612001
0.000187141032
0.00018743915
0.000187568507
0.000187584289
0.000187548722
-0.000613018975
-0.000471087414
-0.000379755053
-0.000297905642
-0.00022617419
-0.000163831256
-0.000109760103
-6.29348841e-05
-2.24802275e-05
1.23719325e-05
4.23004636e-05
6.79010051e-05
8.9739304e-05
0.000108274119
0.000123908084
0.000137042467
0.000148001192
0.000157075161
0.000164524381
0.000170579199
0.000175443166
0.00017929611
0.000182296802
0.000184585261
0.000186284798
0.000187503847
0.00018833761
0.000188869477
0.00018917199
0.000189307471
0.000189331124
0.000189303076
-0.000611109729
-0.000469154752
-0.000377813464
-0.000295948402
-0.000224218902
-0.000161882317
-0.000107819102
-6.10042007e-05
-2.05625363e-05
1.42738552e-05
4.4186708e-05
6.97855577e-05
9.16208293e-05
0.000110130173
0.000125740351
0.0001388632
0.000149812043
0.000158876381
0.000166316849
0.000172364151
0.000177221932
0.00018107006
0.000184067335
0.000186353796
0.000188052761
0.000189272653
0.00019010865
0.000190644109
0.000190951588
0.000191093587
0.000191125332
0.000191104872
-0.000609258225
-0.0004672794
-0.000375929053
-0.000294041362
-0.000222309819
-0.000159974582
-0.00010591311
-5.91018958e-05
-1.86661563e-05
1.61625707e-05
4.60671126e-05
7.1659184e-05
9.3486522e-05
0.000111987067
0.000127589082
0.000140702889
0.000151643284
0.000160700188
0.00016813426
0.000174176216
0.000179029735
0.000182874726
0.000185870022
0.000188155682
0.000189855037
0.000191076512
0.000191915272
0.000192454649
0.000192767225
0.000192915681
0.000192955251
0.000192942019
-0.000607445235
-0.000465443466
-0.000374086225
-0.000292169626
-0.000220434389
-0.000158097623
-0.000104033608
-5.72213852e-05
-1.6786689e-05
1.80395401e-05
4.79406755e-05
7.3528393e-05
9.53490024e-05
0.000113845499
0.000129445186
0.000142553393
0.000153488105
0.000162540105
0.000169970034
0.000176008584
0.000180859491
0.000184702721
0.000187697157
0.000189982893
0.000191683281
0.000192906758
0.000193748485
0.000194291781
0.00019460926
0.000194763766
0.000194810532
0.000194803843
-0.000605654783
-0.000463631881
-0.000372271996
-0.000290320122
-0.000218581873
-0.000156242469
-0.000102173177
-5.53568288e-05
-1.49199494e-05
1.99071081e-05
4.98081609e-05
7.53944442e-05
9.72103337e-05
0.000115704851
0.000131304993
0.000144410438
0.000155342004
0.000164391246
0.00017181885
0.000177855534
0.00018270511
0.000186547621
0.000189542004
0.000191828396
0.00019353018
0.00019475581
0.000195600451
0.000196147417
0.000196469358
0.000196629261
0.000196682334
0.000196681265
-0.000603874124
-0.000461832489
-0.000370476095
-0.000288481523
-0.000216743598
-0.000154401718
-0.000100325632
-5.35033771e-05
-1.30624252e-05
2.17674415e-05
5.16703711e-05
7.72571275e-05
9.9070649e-05
0.000117565168
0.000133167163
0.000146271596
0.000157201766
0.000166249788
0.000173676389
0.00017971233
0.000184561499
0.000188404015
0.000191398872
0.000193686251
0.000195389564
0.000196617289
0.000197464598
0.000198014806
0.000198340596
0.000198505079
0.000198563402
0.000198566874
-0.000602093609
-0.000460036235
-0.000368690543
-0.000286644265
-0.000214913154
-0.000152569371
-9.84858915e-05
-5.1657051e-05
-1.12111558e-05
2.36225675e-05
5.3528485e-05
7.9116934e-05
0.000100929865
0.000119425686
0.000135030249
0.000148134833
0.000159064811
0.000168112685
0.000175539208
0.000181575184
0.000186424574
0.00019026756
0.000193263191
0.000195551686
0.000197256489
0.000198486095
0.000199335686
0.000199888584
0.000200217505
0.00020038565
0.000200448077
0.000200454926
-0.00060030633
-0.000458237233
-0.000366905279
-0.000284804655
-0.000213086433
-0.000150740474
-9.66499418e-05
-4.98147814e-05
-9.36383409e-06
2.54741076e-05
5.53835155e-05
8.097436e-05
0.000102787922
0.000121285726
0.000136893114
0.000149998647
0.000160929248
0.000169977688
0.000177404746
0.000183441264
0.000188291264
0.000192134982
0.00019513151
0.0001974211
0.000199127222
0.000200358389
0.000201209792
0.00020176476
0.000202096037
0.000202266868
0.000202332184
0.000202341337
-0.000598507351
-0.000456431007
-0.000365097513
-0.000282978416
-0.00021126145
-0.000148911566
-9.48151468e-05
-4.7974473e-05
-7.51881289e-06
2.73232547e-05
5.7236233e-05
8.28298149e-05
0.000104644794
0.000123144827
0.000138755017
0.000151862062
0.000162793833
0.000171843301
0.000179271282
0.000185308652
0.000190159479
0.000194004042
0.000197001464
0.000199292026
0.000200999214
0.000202231556
0.000203084254
0.000203640647
0.000203973491
0.000204145969
0.000204212741
0.000204224012
-0.000596695739
-0.000454616245
-0.000363279651
-0.000281153083
-0.000209434037
-0.000147080375
-9.29794882e-05
-4.61344376e-05
-5.67477329e-06
2.91709644e-05
5.90872713e-05
8.46836598e-05
0.000106500528
0.000125002817
0.000140615689
0.000153724658
0.000164657973
0.000173708764
0.000181137903
0.0001871763
0.000192028054
0.000195873474
0.000198871708
0.000201163053
0.000202871009
0.000204104112
0.000204957571
0.000205514733
0.00020584836
0.000206021592
0.000206088912
0.000206101131
-0.000594871889
-0.000452792537
-0.00036145429
-0.000279327554
-0.000207603767
-0.000145246536
-9.114239e-05
-4.42940846e-05
-3.83119513e-06
3.10176326e-05
6.09368438e-05
8.6535808e-05
0.00010835482
0.000126859768
0.000142475541
0.000155586677
0.000166521711
0.000175573993
0.00018300443
0.000189043947
0.000193896663
0.000197742904
0.00020074183
0.000203033746
0.00020474216
0.000205975613
0.000206829316
0.000207386616
0.000207720274
0.000207893449
0.000207960711
0.000207972599
-0.000593037612
-0.000450961697
-0.000359621
-0.000277502937
-0.000205771569
-0.000143410851
-8.93045684e-05
-4.24539663e-05
-1.98849896e-06
3.28629174e-05
6.2784543e-05
8.83853273e-05
0.000110205903
0.000128715594
0.00014433643
0.000157449515
0.00016838593
0.000177439631
0.0001848714
0.000190912073
0.000195765751
0.00019961276
0.000202612257
0.000204904544
0.000206613129
0.000207846553
0.000208700025
0.00020925689
0.000209589899
0.000209762269
0.000209828815
0.000209839296
-0.000591195791
-0.000449126523
-0.000357772481
-0.000275688509
-0.000203940848
-0.000141575409
-8.74677516e-05
-4.06153216e-05
-1.47392962e-07
3.47067364e-05
6.4631137e-05
9.02337762e-05
0.000112053604
0.000130568731
0.000146197877
0.000159313354
0.000170251074
0.000179306284
0.00018673956
0.000192781542
0.000197636282
0.000201484089
0.000204484109
0.000206776635
0.00020848517
0.000209718251
0.000210571089
0.000211127025
0.000211458799
0.000211629647
0.000211694559
0.000211703219
-0.000589351728
-0.000447291608
-0.000355922209
-0.000273877173
-0.000202114416
-0.000139743154
-8.56340884e-05
-3.87796699e-05
1.69124434e-06
3.65489929e-05
6.64776213e-05
9.20837481e-05
0.000113901345
0.000132419069
0.000148056987
0.000161176696
0.000172116925
0.000181174428
0.000188609802
0.000194653548
0.000199509674
0.000203358484
0.000206359118
0.000208651869
0.000210360234
0.000211592755
0.000212444648
0.00021299926
0.000213329314
0.000213497998
0.000213560401
0.000213567011
-0.000587511977
-0.000445462358
-0.000354081976
-0.000272068151
-0.000200295291
-0.000137917936
-8.38066654e-05
-3.69494704e-05
3.52536601e-06
3.83878041e-05
6.83217686e-05
9.39326366e-05
0.000115750184
0.00013427042
0.000149916121
0.000163041275
0.000173985245
0.000183045949
0.00019048413
0.000196530209
0.000201388163
0.000205238293
0.000208239743
0.000210532805
0.000212240983
0.000213472825
0.000214323561
0.000214876547
0.000215204498
0.000215370535
0.000215429823
0.000215433785
-0.000585683978
-0.000443645364
-0.000352257998
-0.000270267961
-0.000198487823
-0.000136104016
-8.19890883e-05
-3.51276188e-05
5.35264222e-06
4.02212092e-05
7.01616588e-05
9.57783317e-05
0.000117599035
0.000136124709
0.000151778753
0.000164909963
0.00017585855
0.000184923328
0.000192365094
0.000198414178
0.000203274517
0.000207126406
0.000210128991
0.000212422569
0.000214130655
0.000215361812
0.000216211288
0.000216762463
0.000217088043
0.00021725108
0.000217306799
0.000217307623
-0.000583876112
-0.000441848419
-0.000350456563
-0.000268484067
-0.000196697305
-0.000134305974
-8.01851845e-05
-3.33170783e-05
7.17097415e-06
4.20480195e-05
7.19972051e-05
9.76218756e-05
0.000119448231
0.000137981603
0.00015364549
0.000166784082
0.000177738643
0.000186808749
0.000194255198
0.000200308226
0.000205171736
0.000209026021
0.000212030236
0.000214324695
0.000216032933
0.000217263538
0.00021811179
0.0002186611
0.000218984176
0.000219144003
0.000219195851
0.000219193193
-0.000582097561
-0.000440080109
-0.000348684797
-0.000266724098
-0.000194929712
-0.000132528816
-7.83991096e-05
-3.15211108e-05
8.97798363e-06
4.38667154e-05
7.3827752e-05
9.94634503e-05
0.000121298503
0.000139842005
0.000155517426
0.000168665147
0.000179627506
0.000188704595
0.000196157167
0.000202215372
0.000207083093
0.000210940634
0.000213947176
0.000216243061
0.000217951862
0.000219182208
0.000220029423
0.000220576967
0.00022089756
0.000221054125
0.000221101973
0.000221095651
-0.000580358137
-0.000438349552
-0.000346950466
-0.00026499583
-0.000193191436
-0.000130777861
-7.66352544e-05
-2.97431699e-05
1.07711387e-05
4.56756469e-05
7.5652504e-05
0.000101303162
0.000123150869
0.000141707109
0.000157395576
0.000170554528
0.000181527093
0.000190613311
0.000198073835
0.000204138781
0.000209012039
0.000212873946
0.000215883729
0.000218181785
0.000219891746
0.000221122302
0.000221968842
0.000222514889
0.000222833196
0.000222986631
0.000223030547
0.000223020563
-0.000578668073
-0.000436666178
-0.000345261718
-0.000263307078
-0.000191489049
-0.000129058584
-7.48981152e-05
-2.79867776e-05
1.25479023e-05
4.74732835e-05
7.74710877e-05
0.000103142237
0.000125008272
0.000143578171
0.000159279066
0.000172452326
0.000183438777
0.000192537098
0.000200007951
0.000206081614
0.000210962069
0.000214829731
0.00021784391
0.000220145096
0.000221857012
0.000223088439
0.000223934857
0.000224479871
0.000224796287
0.000224946941
0.000224987229
0.000224973799
-0.000577037733
-0.000435039444
-0.000343626786
-0.000261665498
-0.000189829064
-0.000127376461
-7.3192247e-05
-2.62556109e-05
1.43054352e-05
4.92575705e-05
7.92821816e-05
0.000104980247
0.000126871785
0.000145456987
0.000161169466
0.000174360493
0.000185365027
0.00019447886
0.000201962739
0.000208047348
0.000212936879
0.000216811881
0.000219831795
0.000222137249
0.000223852098
0.000225085244
0.000225932287
0.00022647694
0.000226792085
0.00022694055
0.000226977793
0.000226961384
-0.000575477218
-0.000433478457
-0.000342053614
-0.000260078284
-0.000188217642
-0.000125736723
-7.15221105e-05
-2.45535107e-05
1.60403073e-05
5.10250772e-05
8.10814539e-05
0.000106811089
0.00012873726
0.000147349036
0.000163075978
0.000176284428
0.000187310001
0.00019644252
0.000203942046
0.000210039791
0.00021494029
0.000218824276
0.000221851361
0.000224162345
0.000225881247
0.000227117131
0.000227965738
0.000228510917
0.00022882565
0.000228972798
0.00022900789
0.000228989256
-0.000573995888
-0.000431991517
-0.000340549396
-0.000258551719
-0.000186660076
-0.000124143758
-6.98912793e-05
-2.28833268e-05
1.77502838e-05
5.27740686e-05
8.28674698e-05
0.000108633134
0.000130602428
0.000149253869
0.000165000927
0.00017822714
0.000189276919
0.000198431181
0.00020594894
0.00021206205
0.000216975473
0.000220870176
0.000223905976
0.000226223883
0.00022794812
0.00022918794
0.00023003926
0.000230586086
0.000230901529
0.000231048528
0.000231082709
0.000231062916
-0.000572601881
-0.000430585641
-0.000339120156
-0.000257090737
-0.000185160383
-0.000122600727
-6.83020701e-05
-2.12465445e-05
1.94347393e-05
5.45050621e-05
8.46426175e-05
0.00011044997
0.000132463134
0.000151160016
0.000166941379
0.000180194053
0.000191270554
0.000200448232
0.000207986219
0.000214116723
0.000219044957
0.000222952105
0.000225998218
0.000228324543
0.000230055536
0.000231300668
0.000232156057
0.000232705892
0.000233023441
0.000233171775
0.00023320664
0.000233187077
-0.000571301634
-0.000429266075
-0.000337770349
-0.000255698482
-0.000183720975
-0.000121109392
-6.67555682e-05
-1.96435869e-05
2.10938974e-05
5.62190217e-05
8.64089159e-05
0.000112264973
0.000134322632
0.00015306635
0.000168894321
0.00018218431
0.000193290557
0.000202493694
0.000210054214
0.000216204394
0.000221149528
0.00022507103
0.000228129227
0.000230465646
0.000232205011
0.000233457044
0.000234318097
0.000234872566
0.000235193909
0.000235345392
0.000235382908
0.000235365292
-0.000570099342
-0.00042803568
-0.000336502509
-0.000254375783
-0.000182342287
-0.000119669893
-6.52515124e-05
-1.80738258e-05
2.27286706e-05
5.79169529e-05
8.81672687e-05
0.000114079951
0.000136188846
0.000154980557
0.00017085738
0.00018419134
0.000195332235
0.00020456472
0.000212151045
0.000218323713
0.000223288201
0.000227226246
0.000230298533
0.000232646937
0.000234396506
0.000235657262
0.000236525827
0.000237086833
0.00023741397
0.000237570767
0.000237613287
0.000237599678
-0.0005689963
-0.000426894161
-0.000335317442
-0.000253120184
-0.000181022267
-0.000118280619
-6.3788166e-05
-1.65353613e-05
2.43409248e-05
5.96003102e-05
8.99183011e-05
0.000115894398
0.000138060887
0.00015690399
0.000172832955
0.000186215472
0.000197394582
0.00020665991
0.000214275115
0.00022047293
0.000225459127
0.000229415866
0.000232504265
0.000234866607
0.000236628322
0.000237899794
0.000238777926
0.000239347623
0.000239682853
0.000239847491
0.000239897787
0.000239890604
-0.00056799014
-0.00042583766
-0.000334216365
-0.000251921443
-0.000179753469
-0.000116936798
-6.2360895e-05
-1.50238819e-05
2.59324225e-05
6.12711953e-05
9.16637278e-05
0.00011770898
0.000139938226
0.000158836475
0.0001748217
0.000188256431
0.000199475846
0.000208776707
0.000216423376
0.000222648634
0.000227658626
0.000231636024
0.000234742469
0.000237120759
0.000238896744
0.000240180973
0.00024107098
0.000241651882
0.000241997853
0.000242173228
0.000242234458
0.00024223645
-0.000567073967
-0.000424859612
-0.000333197121
-0.000250756591
-0.00017851914
-0.000115625013
-6.09568119e-05
-1.35301317e-05
2.74940933e-05
6.29257881e-05
9.3401689e-05
0.000119522988
0.000141821012
0.000160776149
0.000176819549
0.000190310239
0.000201572002
0.000210910751
0.000218591046
0.000224845682
0.000229881291
0.000233881155
0.000237007562
0.000239404139
0.00024119716
0.0002424933
0.000243396998
0.000243992458
0.000244352416
0.000244541884
0.000244617518
0.000244631612
-0.00056623369
-0.000423947002
-0.000332188795
-0.000249682034
-0.00017734683
-0.000114347547
-5.95812045e-05
-1.20563457e-05
2.90816893e-05
6.45938482e-05
9.51500818e-05
0.000121348995
0.000143719516
0.000162726851
0.0001788219
0.000192370885
0.000203678097
0.000213056215
0.000220771131
0.000227056116
0.00023211835
0.000236141767
0.000239289218
0.000241704606
0.00024351478
0.000244831192
0.00024575215
0.00024636341
0.000246739799
0.000246946698
0.000247041326
0.000247073012
-0.0005654486
-0.000423078038
-0.000331186415
-0.000248646165
-0.000176187622
-0.000113071171
-5.82021672e-05
-1.05790386e-05
3.06559145e-05
6.62573376e-05
9.68974256e-05
0.000123175651
0.000145622364
0.00016468465
0.000180829737
0.000194435882
0.000205788608
0.000215205613
0.000222954754
0.000229270003
0.000234359122
0.0002384067
0.000241576227
0.000244012164
0.000245841931
0.000247177686
0.000248117844
0.000248748551
0.000249145074
0.000249373491
0.000249491802
0.000249545286
-0.00056469242
-0.000422224447
-0.000330204921
-0.000247588962
-0.000175013819
-0.000111783909
-5.68106673e-05
-9.08856675e-06
3.2240411e-05
6.79291866e-05
9.86475704e-05
0.000124996241
0.000147523164
0.000166664953
0.000182858788
0.000196502165
0.000207895739
0.000217349177
0.000225130331
0.000231474104
0.000236589004
0.000240660255
0.00024385197
0.000246309216
0.000248159962
0.000249516837
0.000250478674
0.000251131917
0.000251552221
0.000251806563
0.000251953494
0.000252032166
-0.000563926895
-0.000421347583
-0.000329200726
-0.000246487222
-0.000173798253
-0.000110458367
-5.53825463e-05
-7.56373738e-06
3.38563562e-05
6.96304001e-05
0.000100427807
0.000126846273
0.000149432066
0.000168631132
0.00018486661
0.000198541587
0.000209975456
0.000219465159
0.000227277163
0.000233647958
0.000238787334
0.000242881391
0.000246094979
0.000248573832
0.000250446513
0.000251826152
0.000252811978
0.000253490732
0.000253938495
0.000254223268
0.000254404085
0.000254512637
-0.000563101449
-0.000420402375
-0.000328123661
-0.000245305293
-0.00017250617
-0.000109062211
-5.3890767e-05
-5.98369702e-06
3.55180456e-05
7.13681044e-05
0.000102237344
0.000128718167
0.000151331393
0.000170563642
0.000186850027
0.000200559211
0.000212024871
0.000221542784
0.000229379494
0.000235772488
0.000240932572
0.000245046687
0.000248280403
0.000250780091
0.00025267487
0.000254078339
0.000255090083
0.000255797099
0.00025627589
0.000256595563
0.000256815621
0.00025695923
-0.000562152091
-0.000419360793
-0.000326902961
-0.000243992658
-0.000171096727
-0.000107559042
-5.23049199e-05
-4.32577411e-06
3.72389123e-05
7.31432395e-05
0.000104058223
0.000130577831
0.000153222651
0.000172498112
0.000188825668
0.000202554108
0.000214033687
0.000223565648
0.000231416419
0.000237823404
0.000242997859
0.000247127305
0.000250377866
0.000252896419
0.000254812534
0.000256240188
0.000257279244
0.000258016885
0.000258530002
0.000258888882
0.000259153489
0.000259337253
-0.000561015139
-0.000418291284
-0.000325368312
-0.000242461372
-0.00016951532
-0.000105902339
-5.05846278e-05
-2.55615157e-06
3.90474022e-05
7.49817899e-05
0.000105918627
0.000132455543
0.000155126071
0.000174417587
0.000190746234
0.000204479524
0.000215962836
0.000225498289
0.0002333532
0.00023976562
0.000244947389
0.000249086584
0.000252349833
0.000254884456
0.000256820398
0.00025827194
0.000259339137
0.000260109277
0.000260659597
0.000261061626
0.000261375769
0.00026160449
-0.000559602647
-0.00041698945
-0.000323543336
-0.000240665586
-0.000167701362
-0.000104039665
-4.86869464e-05
-6.40475418e-07
4.09696903e-05
7.69027684e-05
0.000107832667
0.000134359892
0.000157019971
0.000176291299
0.000192597535
0.000206316398
0.000217786921
0.000227310824
0.000235156566
0.000241563072
0.000246742764
0.000250884179
0.000254154335
0.000256700867
0.000258653975
0.000260128115
0.00026122342
0.000262027168
0.00026261687
0.000263065329
0.00026343336
0.000263711288
-0.000557822706
-0.00041529648
-0.000321381785
-0.000238542523
-0.000165585585
-0.000101911509
-4.65642742e-05
1.45770276e-06
4.30312825e-05
7.89203522e-05
0.000109801931
0.000136279084
0.000158889057
0.000178110485
0.000194369546
0.000208046112
0.000219479094
0.000228970568
0.000236789558
0.000243175435
0.00024834093
0.000252474802
0.000255744228
0.000258296947
0.00026026321
0.000261757475
0.000262879783
0.000263717255
0.000264347566
0.000264844777
0.000265270071
0.000265600601
-0.000555571204
-0.000413106985
-0.000318786261
-0.000236006068
-0.000163091827
-9.94535148e-05
-4.41646038e-05
3.7783729e-06
4.52606591e-05
8.10521164e-05
0.000111833914
0.000138212353
0.000160727152
0.000179858741
0.000196034878
0.000209636616
0.000221003501
0.000230437993
0.000238209342
0.000244557016
0.000249693743
0.000253808204
0.000257067441
0.000259619022
0.000261592997
0.000263103588
0.000264250542
0.000265120632
0.000265791554
0.000266338562
0.000266823118
0.000267208442
-0.000552728408
-0.00041031013
-0.000315650612
-0.000232961211
-0.000160138534
-9.65974059e-05
-4.14330181e-05
6.36322914e-06
4.76867861e-05
8.33150611e-05
0.000113934658
0.000140156047
0.000162522093
0.000181515474
0.000197565519
0.000211054268
0.000222321754
0.00023167056
0.000239369813
0.000245658695
0.000250749529
0.000254830527
0.000258068217
0.000260609644
0.000262584331
0.000264105978
0.000265273771
0.000266173916
0.000266883941
0.000267480159
0.000268024172
0.00026846484
-0.000549162121
-0.000406783727
-0.00031186093
-0.000229306952
-0.000156639224
-9.32713616e-05
-3.83124191e-05
9.2549379e-06
5.03385692e-05
8.57252862e-05
0.000116108595
0.00014210417
0.00016425867
0.00018305735
0.000198931124
0.000212262825
0.000223392655
0.000232622919
0.000240222154
0.000246428747
0.000251454109
0.000255485477
0.000258688396
0.000261208945
0.000263175724
0.000264701548
0.000265884736
0.00026681066
0.000267556493
0.000268199398
0.000268800621
0.000269293891
-0.000544730018
-0.00040239667
-0.000307296264
-0.00022493716
-0.000152503652
-8.94012419e-05
-3.47446966e-05
1.249609e-05
5.32439892e-05
8.82973373e-05
0.00011835817
0.000144048463
0.000165919299
0.00018445876
0.000200099276
0.000213224176
0.000224173382
0.000233248366
0.000240716459
0.000246814612
0.000251752685
0.000255716328
0.000258869524
0.000261356856
0.000263305524
0.000264827042
0.000266018489
0.000266964106
0.000267740506
0.000268425505
0.000269078947
0.000269615997
-0.000539281673
-0.000397011022
-0.000301830551
-0.000219742241
-0.000147639523
-8.49121884e-05
-3.06721461e-05
1.61280212e-05
5.64291913e-05
9.10436036e-05
0.000120683576
0.00014597851
0.000167484497
0.000185692582
0.000201036517
0.000213899673
0.000224621076
0.00023350064
0.00024080371
0.000246765011
0.000251592068
0.000255468204
0.000258555148
0.000260995358
0.000262914069
0.000264420998
0.000265611571
0.000266568446
0.000267366944
0.000268085091
0.000268785374
0.000269377089
-0.000532660908
-0.000390484226
-0.00029533496
-0.00021361128
-0.000141954522
-7.97304782e-05
-2.60390668e-05
2.01895167e-05
5.99175488e-05
9.39737735e-05
0.000123082631
0.000147882051
0.000168933608
0.000186731301
0.000201709818
0.000214251929
0.000224694946
0.000233336309
0.000240438419
0.000246232815
0.00025092377
0.00025469141
0.000257694417
0.000260072405
0.000261948005
0.000263428587
0.000264607458
0.000265565386
0.000266376179
0.000267117157
0.000267850171
0.000268479669
-0.000524708558
-0.00038267169
-0.000287680567
-0.000206434529
-0.000135358651
-7.37856266e-05
-2.07935631e-05
2.47153897e-05
6.37286744e-05
9.70943249e-05
0.000125550766
0.000149745461
0.000170245775
0.000187548427
0.000202088415
0.000214247021
0.000224358787
0.000232717544
0.000239581599
0.000245178172
0.000249707214
0.000253344657
0.000256245231
0.000258544896
0.000260362966
0.000261803834
0.000262958163
0.000263904439
0.000264714794
0.000265465535
0.000266215621
0.000266856976
-0.000515265585
-0.000373429702
-0.000278741362
-0.000198106249
-0.000127766869
-6.70127645e-05
-1.48895684e-05
2.97348875e-05
6.78773328e-05
0.00010040799
0.000128081065
0.000151554376
0.000171401115
0.000188120185
0.000202145965
0.000213857058
0.000223583915
0.000231615383
0.000238204308
0.000243572293
0.00024791374
0.000251399279
0.000254178679
0.000256383359
0.000258128538
0.000259514978
0.000260630146
0.000261549761
0.000262343651
0.000263086282
0.000263834789
0.00026447776
-0.000504176512
-0.000362618626
-0.000268397607
-0.000188527918
-0.000119102072
-5.93553017e-05
-8.28914814e-06
3.52698489e-05
7.23721485e-05
0.000103913081
0.000130664244
0.000153294311
0.000172381956
0.000188427331
0.000201862869
0.00021306296
0.000222352328
0.000230013201
0.000236291389
0.000241401398
0.000245530735
0.000248843505
0.000251483444
0.000253576494
0.000255232974
0.000256549296
0.000257609171
0.000258485103
0.000259244101
0.000259957938
0.000260681651
0.000261305744
-0.000491293081
-0.000350106243
-0.000256539466
-0.000177611789
-0.000109298351
-5.07678359e-05
-9.65100846e-07
4.13325117e-05
7.72139683e-05
0.000107602512
0.000133288377
0.000154951099
0.000173173956
0.000188456882
0.000201228568
0.000211857229
0.000220659889
0.000227910246
0.000233845284
0.000238670783
0.000242565886
0.000245686886
0.00024817038
0.000250135841
0.000251687819
0.00025291766
0.000253904766
0.000254718038
0.000255421175
0.000256082303
0.000256753859
0.000257334208
-0.000476477815
-0.000335770914
-0.000243070725
-0.000165284964
-9.83049572e-05
-4.12197247e-05
7.0956949e-06
4.79225809e-05
8.23935357e-05
0.000111462201
0.000135938082
0.000156510865
0.000173766813
0.0001882035
0.000200243482
0.000210246366
0.000218519117
0.000225324708
0.000230889307
0.000235408189
0.000239050588
0.000241963677
0.000244275773
0.00024609894
0.000247531169
0.000248658006
0.00024955387
0.000250283945
0.000250908135
0.00025148988
0.000252078487
0.000252586933
-0.000459606891
-0.000319504375
-0.000227914279
-0.000151497684
-8.60929309e-05
-3.06993769e-05
1.58870908e-05
5.50222506e-05
8.78875264e-05
0.000115468192
0.000138592676
0.000157959141
0.000174154262
0.000187670252
0.000198920454
0.000208252898
0.000215961752
0.000222296814
0.000227471292
0.000231668126
0.000235045108
0.000237739017
0.000239868951
0.000241538988
0.000242839536
0.00024384797
0.000244632873
0.000245257868
0.000245777
0.000246249081
0.000246720248
0.000247125599
-0.000440569213
-0.000301212833
-0.000211024298
-0.000136245241
-7.26518287e-05
-1.9195708e-05
2.5384757e-05
6.2591872e-05
9.36542334e-05
0.000119583141
0.000141223475
0.000159279037
0.000174333067
0.000186868308
0.00019728497
0.000205915956
0.000213039486
0.000218889456
0.000223663795
0.000227531126
0.000230635986
0.000233102938
0.000235040403
0.000236544856
0.000237699478
0.00023855761
0.000239216093
0.000239732448
0.000240125366
0.000240458393
0.000240775941
0.000241044291
-0.000419248649
-0.000280799032
-0.000192374705
-0.000119563693
-5.79336899e-05
-6.63744138e-06
3.55471014e-05
7.05681882e-05
9.96307688e-05
0.000123752911
0.000143790807
0.00016044898
0.000174301413
0.000185815862
0.000195374522
0.000203290919
0.000209823901
0.000215188548
0.000219565099
0.00022310594
0.000225940468
0.000228179104
0.000229916762
0.000231248381
0.000232299137
0.00023307369
0.000233547739
0.000233848865
0.000234077965
0.000234248862
0.0002343807
0.000234478146
-0.000395503834
-0.000258114223
-0.0001718394
-0.000101296571
-4.2123341e-05
6.54822943e-06
4.61256103e-05
7.87971117e-05
0.000105694144
0.000127878072
0.000146227789
0.000161433797
0.000174053674
0.000184535246
0.000193237669
0.000200450117
0.000206409693
0.000211309951
0.00021531124
0.000218548503
0.000221136852
0.000223176166
0.000224753721
0.000225930602
0.000226712654
0.000227241478
0.000227654272
0.0002278943
0.000227954944
0.000227910216
0.000227807853
0.000227700926
-0.000369313694
-0.000233137326
-0.000149570933
-8.15337558e-05
-2.55642863e-05
2.00943739e-05
5.7092141e-05
8.71121112e-05
0.000111700522
0.000131813944
0.000148443248
0.000162185411
0.000173578499
0.000183048053
0.000190925157
0.000197471248
0.000202895767
0.000207368243
0.00021102765
0.000213989554
0.000216351649
0.000218197529
0.000219599542
0.000220618799
0.000221309411
0.000221740705
0.000221939575
0.000221939785
0.00022179699
0.000221531761
0.000221171097
0.000220825412
-0.00034064899
-0.000205809261
-0.000125741652
-6.04224592e-05
-8.09013984e-06
3.38442596e-05
6.79727892e-05
9.53078705e-05
0.000117443135
0.000135513122
0.000150371402
0.000162657065
0.000172866706
0.000181382969
0.000188500243
0.000194447097
0.000199403222
0.000203511835
0.000206888833
0.000209629616
0.00021181421
0.000213510553
0.000214777732
0.000215667708
0.000216227704
0.000216502979
0.000216536271
0.00021636037
0.000216006651
0.000215490473
0.000214835282
0.000214218786
-0.000309512935
-0.000176409894
-0.000100545844
-3.87041908e-05
9.95126796e-06
4.81538977e-05
7.86922813e-05
0.000103073988
0.000122710019
0.000138698951
0.000151850748
0.000162765054
0.000171888652
0.000179555874
0.000186018481
0.000191468002
0.000196052134
0.000199886621
0.000203063805
0.000205658808
0.000207734059
0.00020934274
0.000210530713
0.000211338541
0.000211803554
0.000211960569
0.000211843331
0.000211484032
0.000210908181
0.000210121264
0.000209142802
0.000208226502
-0.000275798847
-0.000145528328
-7.36996615e-05
-1.64994729e-05
2.77462749e-05
6.1953379e-05
8.87841862e-05
0.000110067752
0.00012718835
0.000141165444
0.000152734401
0.000162423643
0.000170614593
0.000177584636
0.000183537605
0.000188625341
0.000192962813
0.000196638667
0.000199722566
0.000202270331
0.000204327605
0.000205932523
0.000207117694
0.000207911966
0.000208340979
0.000208429216
0.000208201651
0.000207684422
0.0002068966
0.00020583186
0.00020450407
0.000203257173
-0.000239285768
-0.000113208376
-4.55478629e-05
5.7863082e-06
4.47201698e-05
7.44648941e-05
9.75079602e-05
0.000115737215
0.000130477469
0.000142639121
0.000152848873
0.000161540452
0.000169016517
0.000175490981
0.000181117637
0.000186009258
0.000190250276
0.00019390515
0.000197023881
0.000199645676
0.000201801517
0.000203516058
0.000204808999
0.000205696003
0.000206189518
0.000206300157
0.000206039346
0.000205421104
0.000204452344
0.000203109852
0.000201406871
0.000199787773
-0.000199685105
-7.91729867e-05
-1.72899802e-05
2.7175182e-05
6.01271332e-05
8.49734864e-05
0.000104202605
0.000119570234
0.000132223318
0.000142899183
0.000152078064
0.000160077972
0.000167113442
0.00017333315
0.000178843541
0.000183723332
0.000188032465
0.000191817558
0.000195115025
0.000197952789
0.000200351473
0.000202325644
0.000203884554
0.000205031281
0.000205762504
0.00020606775
0.000205930981
0.000205343155
0.000204286523
0.00020270053
0.000200574655
0.000198500822
-0.000156252915
-4.34454543e-05
1.0105353e-05
4.62735887e-05
7.25360381e-05
9.24175133e-05
0.00010813419
0.000121103608
0.00013217324
0.000141844925
0.00015042422
0.000158104159
0.00016501125
0.000171234742
0.000176842852
0.00018189014
0.000186421803
0.000190475977
0.000194084171
0.000197270183
0.000200049739
0.000202434494
0.000204434261
0.00020604483
0.000207254369
0.000208037658
0.000208321741
0.000208040602
0.000207128117
0.000205446159
0.000202878647
0.000200262145
-0.000107439349
-6.95944716e-06
3.45272148e-05
6.10018561e-05
8.03945814e-05
9.58115217e-05
0.000108789397
0.000120163209
0.000130370449
0.000139644418
0.00014811689
0.000155869879
0.000162954578
0.000169415745
0.000175301371
0.000180658138
0.000185531535
0.000189966986
0.000194009021
0.000197694475
0.000201044221
0.000204089821
0.000206880622
0.000209401226
0.000211625204
0.000213569144
0.000215047591
0.000215787962
0.000215620739
0.000214323782
0.000211483962
0.000208438791
-4.2456515e-05
2.91306956e-05
5.17422382e-05
6.76973251e-05
8.127828e-05
9.37782546e-05
0.000105534583
0.000116610095
0.000126994707
0.000136679129
0.000145665183
0.000153946451
0.000161524987
0.000168437152
0.000174737447
0.00018047999
0.000185721806
0.00019052938
0.000194984243
0.000199158248
0.000203038237
0.000206574317
0.000209880236
0.00021328276
0.000217066301
0.000220850124
0.000223678748
0.000225484084
0.000227043121
0.000228190253
0.000227837601
0.000225776927
6.46121229e-05
6.48627843e-05
6.23759185e-05
6.80880765e-05
7.77933268e-05
8.91343972e-05
0.000100943589
0.00011257241
0.000123663208
0.000134102361
0.000143880126
0.000152905048
0.00016108026
0.000168464173
0.000175161498
0.000181237556
0.000186754823
0.000191794676
0.000196499011
0.000201024553
0.000205401872
0.000209573563
0.000213608731
0.000217814948
0.000222896457
0.000229750868
0.000238626614
0.000250127336
0.000265206298
0.000285366582
0.000314261946
0.000349257772
)
;

boundaryField
{
    inner_wall
    {
        type            zeroGradient;
    }
    outer_wall
    {
        type            zeroGradient;
    }
    top
    {
        type            zeroGradient;
    }
    bottom
    {
        type            fixedValue;
        value           uniform 0;
    }
    front
    {
        type            wedge;
    }
    back
    {
        type            wedge;
    }
}


// ************************************************************************* //
