/*--------------------------------*- C++ -*----------------------------------*\
| =========                 |                                                 |
| \\      /  F ield         | OpenFOAM: The Open Source CFD Toolbox           |
|  \\    /   O peration     | Version:  2506                                  |
|   \\  /    A nd           | Website:  www.openfoam.com                      |
|    \\/     M anipulation  |                                                 |
\*---------------------------------------------------------------------------*/
FoamFile
{
    version     2.0;
    format      ascii;
    arch        "LSB;label=32;scalar=64";
    class       volScalarField;
    location    "369";
    object      C;
}
// * * * * * * * * * * * * * * * * * * * * * * * * * * * * * * * * * * * * * //

dimensions      [0 0 0 0 0 0 0];

internalField   nonuniform List<scalar> 
3072
(
2.18731352e-09
-3.19082926e-07
-1.42346688e-06
2.03566883e-05
6.17363444e-05
-8.37573002e-05
-0.000702043398
-0.00179364032
-0.00319832899
-0.00503742445
-0.00819115285
-0.0184296017
-0.0375129382
-0.0524392605
-0.0157892199
0.143533585
0.433827404
0.746603469
0.959136834
1.03533373
1.02864846
1.00650026
0.997225792
0.997940257
1.00161003
1.00590262
1.00786004
1.00191596
0.978550063
0.898440978
0.675908993
0.260451965
-1.56302335e-09
2.16039092e-07
1.13087655e-05
-1.64829857e-05
-0.000250075857
-0.00037468476
0.0007492295
0.00377697083
0.00753635938
0.00946522502
0.00658480898
-0.00352186822
-0.0257047713
-0.0514717435
-0.0240854298
0.140494863
0.444259896
0.764514446
0.971443695
1.03740194
1.02571795
1.00428966
0.996885175
0.998307652
1.00201289
1.00624418
1.00788291
1.0012606
0.976893408
0.894929993
0.670630871
0.2563738
9.41978928e-09
2.54128592e-06
-2.21669459e-06
-0.000160633886
-0.000193426255
0.00165912664
0.00665238438
0.0125117691
0.0156342551
0.0155097446
0.0137051927
0.00707410765
-0.0142664754
-0.0486416239
-0.0308983662
0.135395815
0.447578243
0.772889502
0.977107672
1.03782053
1.02400208
1.00328658
0.996835026
0.998515731
1.00220903
1.00640745
1.0078774
1.00095546
0.976305398
0.894210024
0.670850653
0.259163873
1.36331147e-08
3.49066976e-06
-2.14927356e-05
-0.000260569537
0.000181924808
0.00404445564
0.0110847441
0.0161125907
0.016575824
0.015795014
0.0142023553
0.0120579003
-0.00631329506
-0.0463085934
-0.0327407833
0.14064512
0.462881955
0.790058796
0.986093735
1.03814658
1.02154413
1.0019855
0.996792206
0.998782864
1.0024599
1.00661354
1.00786553
1.00057064
0.975553785
0.893136312
0.670342134
0.261594488
8.60451787e-10
3.86469038e-06
-2.33051828e-05
-0.000279333375
0.00025145219
0.0046207408
0.0123441413
0.017288917
0.0176534356
0.0167248176
0.0131405303
0.0119326982
-0.00746778064
-0.0476701005
-0.0229734855
0.169879015
0.503829
0.822434686
0.999021015
1.0374656
1.01801514
1.00051109
0.996862817
0.999124164
1.00276484
1.00685545
1.00781901
1.00006928
0.974590755
0.891697655
0.669463298
0.264478766
-1.02294053e-07
4.15998474e-06
-1.52040316e-05
-0.000267655657
3.11265039e-05
0.00349375877
0.010018578
0.0148596662
0.0167248947
0.0145843344
0.0118441384
0.00885327762
-0.0162389839
-0.0505721616
0.00561092746
0.237218063
0.581161063
0.873844917
1.01541065
1.03465694
1.01298588
0.99886266
0.99710961
0.999591688
1.00318557
1.00717673
1.0077015
0.999292956
0.973045761
0.889030912
0.666700688
0.266184661
-1.37067138e-08
4.44851132e-06
-1.89709688e-06
-0.00022413106
-0.000230993648
0.00173734319
0.00587792821
0.00946289281
0.0107775649
0.00905433963
0.00846311383
0.000485036509
-0.0319087199
-0.0435557636
0.0734224278
0.35644718
0.695353034
0.937450816
1.02977383
1.02818515
1.00688826
0.997493779
0.997629049
1.00019069
1.00375431
1.0075848
1.00744675
0.998100983
0.97065392
0.884611608
0.66134206
0.266059407
-1.05348983e-06
2.92859964e-06
9.76556038e-06
-0.000155247021
-0.000344894105
0.00037852604
0.0022283566
0.00406406136
0.00430794101
0.00433427566
0.00290788504
-0.016860848
-0.0443903363
0.00373201911
0.209004119
0.532145285
0.830594829
0.996079128
1.03455514
1.01789017
1.00115556
0.996972811
0.998414789
1.00089786
1.00449777
1.0080536
1.0069518
0.996341908
0.967163781
0.877978564
0.652804594
0.263565724
3.24217027e-06
6.6266619e-06
2.33177874e-05
-7.34486286e-05
-0.000284821715
-0.000225020901
0.000251624271
0.000702377435
0.000949452609
0.00118309884
-0.0114441693
-0.0369480396
-0.0145054129
0.140920158
0.430346648
0.742119997
0.952727517
1.02972085
1.02630424
1.00651987
0.997633242
0.997505944
0.999305934
1.00170634
1.00543544
1.00850205
1.0060695
0.993858544
0.962345695
0.86878082
0.640795387
0.258512545
-1.91013314e-05
-1.95341583e-05
-1.5784236e-06
-3.78919258e-05
-0.000174232232
-0.000296802735
-0.000309456644
-0.000381053225
-0.000115453998
-0.01091725
-0.031258067
-0.00773623094
0.134624677
0.403334702
0.706386235
0.928062749
1.02334776
1.0302577
1.01066619
0.998737054
0.997134677
0.998601846
1.00011103
1.00268624
1.00655608
1.00877594
1.00461551
0.990493106
0.955975582
0.856739256
0.625228427
0.250946366
9.71597112e-05
0.000106062547
0.000130356867
0.000113831083
5.27792323e-05
-7.18602263e-05
-0.000138623305
-0.0001833786
-0.0122849554
-0.0238024413
0.0229469891
0.185823604
0.453604986
0.737391325
0.939475591
1.02565864
1.03116778
1.01155328
0.998975452
0.996970113
0.99842519
0.999471269
1.00087571
1.00396572
1.00775836
1.00864343
1.00239402
0.986101078
0.947833151
0.84165088
0.606218347
0.241116603
-0.000544728772
-0.00059649357
-0.000618367153
-0.000484996437
-0.000440321806
4.1958188e-06
-0.00108703743
-0.0132274036
0.00216068347
0.103936145
0.3141558
0.586070557
0.831612732
0.98370448
1.0357248
1.02850452
1.00826013
0.997723387
0.99690122
0.998649203
0.999400878
0.999930174
1.00193341
1.00558095
1.00880357
1.00782833
0.999240494
0.980566728
0.937710796
0.82341518
0.584077638
0.229425686
0.00332049716
0.00362477668
0.0037492662
0.00251521849
0.00163709118
-0.0036331754
0.0122385175
0.108002876
0.300738977
0.552470173
0.792219153
0.958672041
1.03288514
1.03909697
1.01856947
1.0013064
0.995891493
0.99734808
0.999284076
0.999602384
0.999485437
1.00060058
1.00354026
1.00733103
1.00934996
1.00608165
0.995066895
0.973814677
0.925439681
0.802087952
0.559327909
0.216387564
-0.0243178146
-0.026884859
-0.0268571021
-0.00571894666
0.0709974956
0.22633252
0.445373846
0.678656937
0.873841739
0.99766127
1.04697112
1.04430429
1.02144785
1.00221811
0.994863101
0.995905157
0.998857673
1.0001477
0.999772937
0.999221371
0.999775655
1.00199519
1.00553892
1.00883218
1.00906469
1.00326044
0.989891745
0.965817769
0.910939752
0.777952934
0.532705777
0.202585463
0.328394665
0.422991507
0.559343522
0.719878359
0.865025373
0.975935086
1.04275493
1.06612456
1.05714179
1.03288694
1.00935245
0.995634489
0.99248204
0.99532292
0.998973807
1.00072886
1.00056283
0.99963584
0.998998772
0.999292384
1.00091913
1.00392754
1.00751771
1.00970514
1.00773138
0.999382167
0.983845147
0.95660983
0.894296966
0.751592606
0.505147737
0.188627814
1.02866542
1.0456512
1.05253227
1.04866234
1.03676819
1.02075491
1.00511536
0.993766953
0.988721586
0.989462358
0.993516329
0.99792768
1.00072222
1.00149909
1.00097613
1.00007568
0.999331099
0.998927982
0.999074733
1.00017909
1.00257779
1.00599079
1.00910893
1.00968734
1.00531667
0.994641976
0.977149701
0.946315785
0.875856581
0.723927182
0.47773975
0.175102323
0.996109427
0.993354582
0.991442631
0.99097152
0.991964811
0.994151939
0.996971843
0.999673911
1.00156858
1.00231027
1.00203193
1.00122425
1.00042339
0.999913287
0.999642989
0.999401934
0.999110951
0.99901382
0.999625336
1.0014305
1.00445255
1.00788833
1.01003683
1.00869062
1.00200495
0.989380029
0.970089626
0.935203706
0.85629807
0.696186166
0.451627076
0.162531753
1.00067368
1.00117645
1.00159271
1.00178963
1.0017286
1.00141569
1.00091161
1.00033681
0.999845744
0.999570328
0.999557312
0.999735476
0.999937736
0.999976451
0.999745706
0.999314344
0.9989723
0.999189466
1.00044936
1.00295858
1.00631912
1.00933987
1.01017332
1.00685943
0.998162467
0.984002612
0.962990391
0.923738461
0.836638678
0.66978966
0.427894523
0.151336758
0.999869627
0.999769801
0.999680543
0.999629759
0.999625874
0.999668648
0.999751027
0.999861008
0.999984359
1.00010506
1.00019986
1.00022899
1.00013467
0.999865801
0.99943845
0.9990133
0.998934527
0.999659412
1.0015434
1.00453089
1.00789506
1.01020342
1.00962047
1.00452521
0.99422649
0.978900656
0.956215216
0.912588285
0.818122668
0.646150191
0.407441561
0.141810943
1.00002665
1.00004773
1.00006813
1.00008189
1.00008435
1.00007141
1.00004508
1.00001852
1.00001305
1.00004287
1.00009212
1.0001005
0.999979121
0.999668925
0.999228047
0.998901366
0.99910657
1.00028916
1.0026599
1.0059101
1.00905512
1.0105389
1.00863783
1.00207925
0.990594107
0.974398744
0.950152095
0.902540165
0.80200249
0.626445921
0.390882554
0.134111102
0.999994123
0.999989598
0.999985914
0.999984146
0.999981926
0.999976365
0.999970532
0.999977237
1.00001256
1.00007735
1.00013573
1.00011056
0.999915572
0.999527596
0.999071909
0.998865041
0.999354326
1.00092883
1.0036463
1.00699218
1.00981297
1.01051619
1.00752448
0.999862687
0.987553019
0.970729051
0.94516363
0.894331533
0.789281859
0.611437177
0.378495935
0.128262839
1.00000112
1.00000227
1.00000405
1.00000593
1.0000045
0.999996595
0.999986796
0.999990841
1.0000262
1.00008977
1.00013586
1.00007816
0.999834198
0.999407902
0.998972117
0.998888978
0.999613772
1.00147687
1.00441201
1.00775752
1.01025877
1.01032986
1.00652829
0.998101958
0.985257632
0.968017062
0.941507708
0.888467792
0.780521064
0.601382864
0.370230535
0.124179345
0.999999575
0.999999436
1.00000002
1.00000104
0.999998989
0.999990826
0.999982158
0.999990099
1.00003169
1.00009925
1.00013895
1.00005847
0.99978044
0.999330795
0.998916656
0.998928661
0.999820216
1.00187334
1.00493388
1.00824595
1.01050042
1.01013206
1.00579901
0.99689621
0.983739937
0.966276296
0.939271828
0.885112887
0.77577522
0.596071061
0.365761057
0.121689577
0.999999921
1.00000008
1.00000096
1.00000219
1.00000009
0.999991604
0.999982868
0.999991853
1.00003557
1.00010399
1.0001389
1.00004487
0.999747876
0.999286928
0.998888722
0.998958948
0.999947522
1.00210645
1.00523097
1.00851442
1.01062255
1.01000805
1.00538882
0.996240075
0.98293848
0.965419431
0.938361134
0.884095983
0.774668755
0.594934882
0.364572019
0.120569379
0.99999984
0.999999922
1.00000074
1.00000194
0.999999823
0.999991281
0.999982545
0.999991895
1.00003647
1.00010553
1.00013921
1.00004063
0.999736613
0.999270989
0.998877987
0.998969251
0.999993568
1.00219176
1.00534057
1.00861585
1.01067647
1.00998402
1.00527823
0.996060356
0.982733805
0.965287478
0.938542832
0.885013689
0.776558117
0.597206578
0.366046696
0.120571077
0.999999858
0.999999945
1.00000076
1.00000201
1.00000003
0.999991565
0.999982607
0.999991359
1.00003535
1.00010456
1.00013979
1.0000439
0.999742283
0.999276466
0.998878667
0.998960044
0.999971396
1.00215831
1.00530438
1.00859268
1.0106871
1.01004878
1.00540858
0.996251162
0.982978908
0.965680598
0.939511685
0.887374031
0.780727552
0.602061277
0.369521689
0.1214324
0.999999855
0.999999923
1.0000007
1.00000199
1.00000024
0.999992011
0.999982724
0.999990165
1.00003245
1.00010152
1.00014058
1.00005313
0.999761169
0.999298555
0.998888296
0.998936418
0.999898406
1.00203675
1.00516062
1.00847809
1.01066601
1.01017759
1.00571113
0.996698804
0.983513004
0.966384088
0.940967409
0.890714733
0.786487805
0.60869947
0.374372676
0.122902538
0.999999858
0.999999911
1.00000064
1.00000198
1.00000051
0.999992614
0.999982977
0.999988722
1.00002856
1.00009706
1.00014101
1.0000654
0.999788052
0.999331789
0.998905565
0.998906638
0.999796091
1.00186055
1.00494679
1.00829994
1.01061598
1.01033656
1.00611376
0.997306169
0.984234203
0.967272413
0.942659956
0.894545013
0.793154192
0.616455233
0.380129952
0.124798707
0.99999986
0.999999898
1.00000058
1.00000195
1.00000078
0.999993283
0.99998334
0.999987255
1.00002425
1.00009173
1.00014074
1.00007848
0.999818586
0.999371401
0.998929078
0.998877383
0.999682343
1.0016577
1.00469427
1.00808171
1.01054009
1.01049906
1.00655837
0.997991955
0.9850509
0.968237171
0.944402306
0.898507912
0.800201417
0.624781406
0.38638854
0.126957273
0.999999863
0.999999886
1.00000052
1.00000191
1.00000104
0.999993963
0.999983793
0.999985923
1.00001993
1.00008601
1.00013966
1.00009081
0.999849424
0.999413378
0.998956989
0.998852734
0.999569988
1.00144949
1.00442812
1.00784369
1.01044382
1.01064789
1.00700271
0.998694736
0.985894964
0.969204738
0.946072315
0.902354823
0.80724327
0.633266319
0.392839927
0.129250001
0.999999866
0.999999876
1.00000046
1.00000187
1.00000126
0.999994612
0.999984297
0.999984801
1.0000159
1.00008032
1.00013789
1.00010155
0.999878379
0.99945467
0.998987206
0.998834298
0.999466797
1.00125038
1.00416681
1.00760249
1.01033457
1.01077474
1.00741983
0.999371639
0.986716911
0.970126415
0.947600713
0.905936103
0.814022957
0.64161989
0.399259773
0.131579485
0.999999869
0.999999868
1.0000004
1.00000182
1.00000146
0.999995205
0.999984818
0.999983904
1.0000123
1.00007493
1.00013564
1.0001105
0.999904415
0.999493387
0.999017827
0.998821931
0.999376392
1.00106879
1.00392256
1.00737071
1.01022022
1.01087782
1.00779516
0.999995859
0.987483859
0.970972963
0.948956174
0.909176696
0.820388147
0.649655744
0.405498302
0.13387687
0.999999871
0.999999862
1.00000036
1.00000177
1.00000161
0.999995726
0.999985323
0.999983212
1.00000919
1.00007002
1.00013316
1.00011771
0.999927056
0.999528346
0.999047254
0.998814616
0.999299782
1.00090895
1.00370277
1.00715723
1.01010801
1.0109592
1.0081229
1.00055289
0.988175922
0.971728591
0.950131566
0.912053018
0.826264336
0.657268237
0.411465159
0.136096714
0.999999874
0.999999857
1.00000031
1.00000173
1.00000174
0.999996169
0.999985785
0.999982694
1.00000659
1.00006573
1.00013068
1.00012333
0.999946116
0.999558791
0.999074199
0.998811016
0.999236513
1.00077228
1.00351128
1.00696774
1.01000386
1.01102279
1.00840281
1.00103702
0.988783074
0.972386708
0.951133724
0.914573732
0.831631111
0.664411392
0.417115305
0.138211833
0.999999876
0.999999852
1.00000028
1.00000169
1.00000184
0.999996536
0.999986187
0.999982311
1.00000448
1.00006211
1.00012839
1.00012763
0.999961754
0.999584495
0.999097835
0.998809799
0.99918527
1.00065831
1.0033492
1.00680518
1.00991201
1.01107296
1.00863795
1.00144854
0.989302621
0.972947115
0.951976884
0.916766148
0.836504159
0.671082362
0.422437829
0.140209228
0.999999878
0.999999848
1.00000025
1.00000166
1.00000192
0.999996831
0.99998652
0.999982027
1.00000279
1.00005916
1.00012639
1.0001309
0.999974284
0.99960554
0.999117717
0.998809837
0.999144416
1.00056546
1.00321576
1.0066703
1.00983498
1.01111373
1.00883309
1.00179163
0.989737144
0.973414092
0.952678676
0.918666983
0.840921906
0.677308514
0.427446901
0.142086586
0.99999988
0.999999844
1.00000023
1.00000164
1.00000198
0.999997063
0.999986785
0.999981813
1.00000147
1.00005682
1.00012476
1.00013338
0.999984123
0.999622271
0.999133763
0.998810287
0.999112227
1.00049141
1.00310881
1.00656205
1.0097737
1.01114843
1.0089937
1.00207299
0.990093027
0.9737952
0.953257989
0.920316728
0.84493659
0.683138535
0.432175591
0.143850041
0.999999882
0.99999984
1.00000021
1.00000162
1.00000203
0.999997242
0.999986985
0.999981645
1.00000046
1.00005503
1.0001235
1.00013528
0.999991718
0.999635229
0.999146218
0.998810598
0.999087023
1.00043345
1.00302524
1.00647804
1.00972773
1.01117954
1.00912549
1.0023008
0.990379307
0.974100373
0.953733787
0.921756141
0.848607909
0.688635662
0.436671026
0.145512432
0.999999884
0.999999836
1.00000019
1.00000161
1.00000207
0.999997376
0.999987128
0.999981508
0.999999693
1.00005368
1.00012259
1.00013677
0.999997503
0.999645028
0.999155516
0.998810479
0.99906729
1.00038872
1.00296136
1.00641492
1.00969558
1.01120876
1.00923402
1.00248403
0.990606664
0.974341083
0.95412437
0.923023976
0.851998138
0.693871945
0.44099005
0.147091576
0.999999885
0.999999832
1.00000018
1.00000161
1.00000211
0.999997475
0.999987224
0.99998139
0.999999116
1.00005271
1.00012197
1.00013797
1.00000188
0.999652304
0.999162208
0.998809831
0.999051694
1.0003544
1.00291327
1.00636884
1.00967506
1.01123714
1.00932452
1.00263185
0.990786624
0.974529631
0.95444693
0.924155631
0.855168581
0.698923685
0.445195712
0.148608827
0.999999887
0.999999828
1.00000017
1.0000016
1.00000214
0.99999755
0.999987284
0.999981284
0.999998678
1.000052
1.00012158
1.00013896
1.00000524
0.999657696
0.999166908
0.998808693
0.999039073
1.00032778
1.00287703
1.00633569
1.00966355
1.01126525
1.00940181
1.00275331
0.990930961
0.974678579
0.95471729
0.925182434
0.858177073
0.703867924
0.449354532
0.150088008
0.999999889
0.999999824
1.00000016
1.0000016
1.00000217
0.999997608
0.999987321
0.999981184
0.999998329
1.00005148
1.00012134
1.00013984
1.00000792
0.999661826
0.999170254
0.998807187
0.999028406
1.00030632
1.00284877
1.00631132
1.00965823
1.01129333
1.00947034
1.00285707
0.991051256
0.974800299
0.954949773
0.926131327
0.861076281
0.708779796
0.453534421
0.151554641
0.99999989
0.99999982
1.00000015
1.00000161
1.0000022
0.999997657
0.999987346
0.999981087
0.999998027
1.00005105
1.00012119
1.00014065
1.00001023
0.999665281
0.999172874
0.998805485
0.999018796
1.00028765
1.00282483
1.0062917
1.00965627
1.01132138
1.00953412
1.0029513
0.991158581
0.974906646
0.955157132
0.927024775
0.863912518
0.713730425
0.457801971
0.153032235
0.999999892
0.999999816
1.00000015
1.00000161
1.00000222
0.999997706
0.999987369
0.999980992
0.999997733
1.00005064
1.00012105
1.00014144
1.00001247
0.999668604
0.999175365
0.998803781
0.999009459
1.00026962
1.00280183
1.00627304
1.00965489
1.01134925
1.00959674
1.00304349
0.991263267
0.97500872
0.955350551
0.927880818
0.866724835
0.718785226
0.462223437
0.154546715
0.999999894
0.999999812
1.00000014
1.00000161
1.00000225
0.99999776
0.999987402
0.999980897
0.999997413
1.00005017
1.00012085
1.00014224
1.00001489
0.999672283
0.999178279
0.99880228
0.998999724
1.00025029
1.00277666
1.00625185
1.0096515
1.01137671
1.00966139
1.00314041
0.991374777
0.975116747
0.955539729
0.928713326
0.869544823
0.724003111
0.466862317
0.156122347
0.999999897
0.999999808
1.00000013
1.0000016
1.00000228
0.999997827
0.999987453
0.999980802
0.999997036
1.00004958
1.00012053
1.00014309
1.00001769
0.999676749
0.999182116
0.99880119
0.998989028
1.00022798
1.00274657
1.00622493
1.00964368
1.01140341
1.00973079
1.00324809
0.991501647
0.975240057
0.955733046
0.929532368
0.872396801
0.729436885
0.471781231
0.157783873
0.9999999
0.999999804
1.00000011
1.0000016
1.00000231
0.99999791
0.999987532
0.999980706
0.999996577
1.00004881
1.00012003
1.000144
1.00002107
0.999682395
0.999187341
0.998800732
0.998976915
1.00020123
1.00270913
1.00618944
1.00962917
1.01142891
1.00980721
1.00337171
0.991651406
0.975387028
0.955937681
0.930344476
0.875297623
0.735132482
0.477041022
0.159555294
0.999999903
0.999999801
1.0000001
1.00000159
1.00000235
0.999998016
0.999987645
0.999980613
0.999996014
1.0000478
1.00011929
1.00014497
1.00002519
0.999689569
0.999194384
0.998801142
0.998963056
1.00016884
1.00266227
1.0061429
1.00960596
1.01145267
1.00989238
1.00351555
0.991830417
0.975564953
0.956159657
0.931152832
0.878256181
0.741127524
0.482700276
0.161460433
0.999999907
0.999999798
1.00000008
1.00000158
1.00000238
0.999998147
0.999987801
0.999980526
0.999995335
1.00004652
1.00011826
1.000146
1.00003014
0.999698505
0.999203578
0.998802659
0.998947301
1.00013
1.00260445
1.00608335
1.00957231
1.01147402
1.0099874
1.00368275
0.992043652
0.975779834
0.956403845
0.931957499
0.881273025
0.747449979
0.488814854
0.16352372
0.999999911
0.999999795
1.00000006
1.00000156
1.00000242
0.999998305
0.999988004
0.999980448
0.999994536
1.00004495
1.00011691
1.00014704
1.00003595
0.999709334
0.999215155
0.998805519
0.998929685
1.00008432
1.00253473
1.00600941
1.00952683
1.01149215
1.01009265
1.00387521
0.9922945
0.976036195
0.956673995
0.93275582
0.88434032
0.754116942
0.495436395
0.165768656
0.999999915
0.999999793
1.00000004
1.00000153
1.00000246
0.999998491
0.999988257
0.999980387
0.999993621
1.00004308
1.0001152
1.00014807
1.00004258
0.999722096
0.999229261
0.998809958
0.998910425
1.0000318
1.00245275
1.00592029
1.00946848
1.01150619
1.01020783
1.00409352
0.992584601
0.97633687
0.956972728
0.933542919
0.887442037
0.761133476
0.502611828
0.168218499
0.99999992
0.999999791
1.00000002
1.0000015
1.0000025
0.999998703
0.999988563
0.999980351
0.999992601
1.00004091
1.00011311
1.00014901
1.00004996
0.999736721
0.999245931
0.998816186
0.998889907
0.999972896
1.0023588
1.00581594
1.00939675
1.01151519
1.01033185
1.00433676
0.992913621
0.976682708
0.957301433
0.934312244
0.890554335
0.768491186
0.510381924
0.170896112
0.999999925
0.99999979
0.999999991
1.00000146
1.00000254
0.999998939
0.999988919
0.999980345
0.999991497
1.00003847
1.00011065
1.00014982
1.00005793
0.999753031
0.999265071
0.998824363
0.998868666
0.999908498
1.00225391
1.0056971
1.00931169
1.01151829
1.01046291
1.00460249
0.993278993
0.977072169
0.957660006
0.935056142
0.893646207
0.776166592
0.518779322
0.173823661
0.999999931
0.99999979
0.999999963
1.00000141
1.00000258
0.999999193
0.999989321
0.999980378
0.99999034
1.0000358
1.00010784
1.00015041
1.0000663
0.999770726
0.999286435
0.998834555
0.998847354
0.999839952
1.00213989
1.00556553
1.00921422
1.01151486
1.01059851
1.00488654
0.99367561
0.977500838
0.958046418
0.935766408
0.896680558
0.784119507
0.527825924
0.17702194
0.999999937
0.99999979
0.999999934
1.00000136
1.00000261
0.999999459
0.999989762
0.999980454
0.999989166
1.00003299
1.00010474
1.00015074
1.0000748
0.999789349
0.999309552
0.99884666
0.9988267
0.999769095
1.00201953
1.00542418
1.00910629
1.01150467
1.01073557
1.00518296
0.994095543
0.977960895
0.958456132
0.936434786
0.899615909
0.792291898
0.537530011
0.180509446
0.999999944
0.999999792
0.999999904
1.0000013
1.00000264
0.999999729
0.999990229
0.999980574
0.999988015
1.0000301
1.00010143
1.00015078
1.00008314
0.999808259
0.999333671
0.998860338
0.998807439
0.999698224
1.00189658
1.00527736
1.00899117
1.01148822
1.01087055
1.00548405
0.994527907
0.978440743
0.958881469
0.937053398
0.902408972
0.80060806
0.547883855
0.184301668
0.99999995
0.999999794
0.999999875
1.00000124
1.00000266
0.999999994
0.999990704
0.999980731
0.999986929
1.00002727
1.00009806
1.00015054
1.00009099
0.999826704
0.999357804
0.998874967
0.998790196
0.999629948
1.00177569
1.00513074
1.00887358
1.01146692
1.01099977
1.00578058
0.994958957
0.978924885
0.959311059
0.937614959
0.905017983
0.808976591
0.55886248
0.188411268
0.999999957
0.999999797
0.999999846
1.00000119
1.00000267
1.00000024
0.999991166
0.999980913
0.999985947
1.00002461
1.00009479
1.00015009
1.00009805
0.999843852
0.999380726
0.99888961
0.998775402
0.99956706
1.00166225
1.00499126
1.00875971
1.01144328
1.01111965
1.006062
0.99537228
0.979393968
0.959729339
0.938112597
0.907406167
0.817293612
0.570422978
0.192849133
0.999999964
0.999999801
0.999999819
1.00000113
1.00000268
1.00000047
0.99999159
0.999981101
0.999985103
1.00002225
1.00009183
1.00014953
1.00010407
0.999858826
0.999401045
0.998903048
0.998763232
0.999512387
1.00156222
1.00486707
1.00865725
1.01142103
1.0112269
1.00631669
0.995748964
0.979824891
0.960116134
0.938539145
0.90954481
0.825446785
0.582504048
0.197626693
0.999999971
0.999999804
0.999999795
1.00000108
1.00000269
1.00000066
0.999991946
0.999981265
0.999984428
1.00002034
1.00008943
1.00014902
1.0001088
0.999870687
0.999417193
0.998913791
0.998753638
0.999468841
1.00148223
1.00476751
1.0085754
1.01140514
1.01131849
1.00653184
0.99606743
0.980190661
0.96044613
0.938885819
0.911415223
0.83331911
0.595024202
0.202758952
0.999999978
0.999999807
0.999999774
1.00000104
1.00000269
1.0000008
0.999992198
0.99998137
0.999983952
1.00001906
1.00008787
1.00014878
1.00011198
0.999878355
0.999427335
0.998920062
0.998746473
0.999439663
1.00142978
1.00470339
1.00852499
1.01140173
1.01139136
1.00669299
0.996302879
0.98045991
0.960688268
0.93914031
0.913009281
0.840793251
0.607879064
0.20826854
0.999999984
0.999999809
0.999999758
1.00000102
1.0000027
1.00000088
0.99999231
0.999981379
0.999983709
1.00001857
1.00008747
1.000149
1.00011329
0.999880608
0.99942942
0.998919911
0.998741659
0.99942864
1.00141357
1.00468713
1.00851849
1.01141788
1.01144205
1.00678346
0.996426607
0.980596308
0.960805217
0.939283924
0.914327593
0.847760309
0.620940971
0.214189987
0.99999999
0.999999808
0.999999747
1.00000102
1.00000272
1.00000089
0.999992247
0.999981259
0.99998374
1.00001907
1.00008849
1.00014985
1.00011236
0.999876194
0.99942142
0.998911504
0.998739416
0.999440155
1.00144325
1.0047325
1.00856969
1.01146131
1.01146632
1.0067839
0.996405411
0.980557998
0.96075243
0.939284571
0.915370107
0.854144754
0.634072861
0.220570494
0.999999995
0.999999806
0.999999741
1.00000104
1.00000275
1.00000082
0.999991996
0.999980998
0.999984078
1.0000207
1.00009118
1.00015139
1.00010864
0.999863625
0.999401177
0.998893266
0.998740883
0.999480182
1.00153037
1.0048548
1.00869299
1.01153907
1.01145776
1.00667107
0.996200054
0.980294361
0.960471532
0.939069219
0.916096808
0.859974124
0.647138737
0.227358794
1
0.999999802
0.999999739
1.00000108
1.00000279
1.00000066
0.999991504
0.999980577
0.99998487
1.00002384
1.00009596
1.00015353
1.00010086
0.999840178
0.999365421
0.998863706
0.998749442
0.999559285
1.00169237
1.00507429
1.00890426
1.01165457
1.01140134
1.00641026
0.995760401
0.979748274
0.959908388
0.938596127
0.916477856
0.865217262
0.660034767
0.234510925
1.00000001
0.999999797
0.999999742
1.00000115
1.00000284
1.00000037
0.999990715
0.99998001
0.999986344
1.00002895
1.00010319
1.0001558
1.00008695
0.999802238
0.999310644
0.998822651
0.998771869
0.99969308
1.00195185
1.0054143
1.00921843
1.01180533
1.01127192
1.00595407
0.995022823
0.978849518
0.958996884
0.937816339
0.916496076
0.869831328
0.672616181
0.241994428
1.00000001
0.999999791
0.999999753
1.00000125
1.00000289
0.999999901
0.99998957
0.99997937
0.999988879
1.00003664
1.00011312
1.00015706
1.00006361
0.999745041
0.999233453
0.99877264
0.998820849
0.999905279
1.0023389
1.00590147
1.00964661
1.01197738
1.01102701
1.00523555
0.99390575
0.977514092
0.957661821
0.936674563
0.916129706
0.873789303
0.684747075
0.249751626
1.00000002
0.999999783
0.999999774
1.0000014
1.00000292
0.999999183
0.999988013
0.999978831
0.999993072
1.00004769
1.00012568
1.00015494
1.00002556
0.999662148
0.999131143
0.998721287
0.998918883
1.00023174
1.00289331
1.00656431
1.01019072
1.01213669
1.0105971
1.00415944
0.992303101
0.975640088
0.955816782
0.935109064
0.915355583
0.877073442
0.6962962
0.257705582
1.00000002
0.999999772
0.999999809
1.00000159
1.0000029
0.999998127
0.999986022
0.999978745
0.999999809
1.00006293
1.00014003
1.00014505
0.999964792
0.99954584
0.999004271
0.998686106
0.999104036
1.00072467
1.00366453
1.00742749
1.01083229
1.01221498
1.00987159
1.00259088
0.99007715
0.973104617
0.953364016
0.933052743
0.914148847
0.87967635
0.707143295
0.265760481
1.00000002
0.99999976
0.999999862
1.00000182
1.00000278
0.999996621
0.999983647
0.999979735
1.00001031
1.00008298
1.00015367
1.00011979
0.999870287
0.999389274
0.998862064
0.998702348
0.99943741
1.00145574
1.00470712
1.00849861
1.01151293
1.01208797
1.00867931
1.00034132
0.987050659
0.969761073
0.950194913
0.930434984
0.912484222
0.881600247
0.717182467
0.273804425
1.00000002
0.999999748
0.999999939
1.00000209
1.00000248
0.99999455
0.999981091
0.999982819
1.00002607
1.00010757
1.00016114
1.0000671
0.999728497
0.999190725
0.998731216
0.998834241
1.00001161
1.00251565
1.00606748
1.00974286
1.01210188
1.01154311
1.0067625
0.997151593
0.982998582
0.965437067
0.946191268
0.927183985
0.910337329
0.88285534
0.72632154
0.281709311
1.00000002
0.999999736
1.00000004
1.00000239
1.0000019
0.999991824
0.999978823
0.999989508
1.00004855
1.00013443
1.00015216
0.999969593
0.999526655
0.998963497
0.998671307
0.999189764
1.00095551
1.00400079
1.00775036
1.01103487
1.01234386
1.01023422
1.00374501
0.99267486
0.977642625
0.959935726
0.941229145
0.923230686
0.907687119
0.883458847
0.734481223
0.289331753
1.00000002
0.999999727
1.00000018
1.00000269
1.00000092
0.999988439
0.999977711
1.00000178
1.00007836
1.00015723
1.0001096
0.999806092
0.999262162
0.99875448
0.998796741
0.999933253
1.00242328
1.00597093
1.0096492
1.01207617
1.01178203
1.00762396
0.999099317
0.986464788
0.970652833
0.953042946
0.935186571
0.918514682
0.90451931
0.883434497
0.741593451
0.296513952
1.00000002
0.999999721
1.00000035
1.00000295
0.999999384
0.999984564
0.99997915
1.00002181
1.00011382
1.00016306
1.00000877
0.999558702
0.998962117
0.998672686
0.99929927
1.00127981
1.0045433
1.0083515
1.01141954
1.01226869
1.00965769
1.00292296
0.992123334
0.977978324
0.961662419
0.944543787
0.927956295
0.912992386
0.900830767
0.882812389
0.747598494
0.30308181
1.00000001
0.999999722
1.00000055
1.00000309
0.999997193
0.999980651
0.999985088
1.00005115
1.00014854
1.00013001
0.999821185
0.999230637
0.998716368
0.99892256
1.00045099
1.0034364
1.00728525
1.01074541
1.01227846
1.01054772
1.00480561
0.995050517
0.981949239
0.96660843
0.95030423
0.934251578
0.919464633
0.906647481
0.896634649
0.881629375
0.752444203
0.308851903
1.00000001
0.99999973
1.00000077
1.00000306
0.999994293
0.999977523
0.999997815
1.0000893
1.00016864
1.00002749
0.999527666
0.998879373
0.998719869
0.999818557
1.00254123
1.00642951
1.01019245
1.01212976
1.01074235
1.00521694
0.995599881
0.982666576
0.967619653
0.951766595
0.936277361
0.922052065
0.909696301
0.899503075
0.891965833
0.879930274
0.75610379
0.313757955
1.00000001
0.999999745
1.000001
1.00000279
0.999990754
0.999976409
1.00001939
1.0001316
1.0001509
0.999822998
0.999145971
0.998662907
0.999300415
1.00172565
1.00566903
1.00974785
1.01195147
1.0104739
1.00439581
0.993903237
0.980058901
0.964353262
0.948275226
0.933033527
0.919447942
0.90796095
0.898722453
0.891633223
0.88688438
0.877751134
0.758395226
0.317333989
1
0.999999769
1.00000123
1.00000221
0.999986809
0.999978827
1.00005067
1.00016721
1.00006429
0.999500032
0.998772758
0.998878331
1.00087431
1.00483612
1.00930798
1.01178233
1.00988906
1.00247074
0.989932819
0.973854854
0.956269779
0.939033979
0.923486716
0.910381107
0.899976449
0.892187007
0.886727411
0.883173159
0.88148038
0.875152808
0.759305571
0.319449713
0.999999999
0.999999801
1.00000143
1.0000013
0.999982863
0.999986287
1.00009007
1.00017826
0.999878145
0.999087963
0.99862469
0.999941901
1.00374222
1.00870257
1.01165704
1.00924725
0.999754929
0.98383027
0.963885109
0.942872339
0.923275525
0.90666332
0.893708237
0.884427011
0.878436644
0.8751748
0.874016267
0.87431471
0.875863551
0.872187463
0.758802014
0.320039294
0.999999996
0.999999837
1.00000159
1.00000009
0.999979457
0.999999829
1.00013259
1.00014218
0.999578257
0.998694868
0.999040574
1.00223796
1.00766468
1.01159038
1.00908483
0.997160804
0.976515414
0.950791999
0.924453724
0.901008645
0.882361992
0.869042826
0.860708598
0.856614977
0.85585643
0.85758223
0.861007293
0.865333864
0.870223392
0.868921811
0.756629282
0.318676406
0.999999994
0.999999877
1.00000169
0.999998628
0.999977153
1.00001951
1.00016995
1.00003818
0.999186795
0.998519057
1.00039203
1.00579998
1.01132548
1.01006543
0.996444015
0.970350078
0.93696502
0.903203119
0.874273931
0.852538869
0.838176522
0.830299104
0.827670151
0.829129749
0.833715758
0.840451369
0.84840494
0.85666655
0.864792173
0.865398395
0.752541133
0.315062894
0.999999993
0.999999918
1.00000173
0.999997038
0.999976396
1.00004409
1.00019222
0.999857015
0.998774184
0.99880604
1.00287932
1.00993848
1.01212811
0.999665233
0.969261751
0.927112756
0.88391992
0.847980081
0.822401565
0.806538754
0.798443099
0.796263242
0.798750222
0.804974307
0.814049226
0.825046812
0.836969717
0.848767465
0.859823103
0.861619669
0.746141999
0.308821894
0.999999992
0.999999956
1.00000172
0.999995447
0.999977356
1.0000711
1.00019134
0.999609888
0.998446341
0.999734132
1.00628887
1.01317165
1.00705133
0.977434702
0.927869114
0.873611318
0.828979136
0.799118858
0.782018896
0.773645468
0.770970763
0.772600251
0.777945575
0.786738452
0.798535507
0.812494813
0.82745905
0.842125595
0.855579072
0.85750669
0.736846811
0.299531092
0.999999992
0.999999991
1.00000166
0.999993977
0.999979847
1.00009747
1.00016506
0.999330371
0.998298679
1.0012642
1.00991551
1.01390469
0.994936526
0.945716922
0.880852621
0.824259252
0.788313559
0.769845171
0.761657309
0.758690669
0.758685113
0.760994957
0.766295845
0.775324091
0.788067322
0.803629521
0.820558426
0.837238031
0.852348063
0.85278905
0.723622568
0.286573387
0.999999992
1.00000002
1.00000157
0.999992719
0.999983326
1.00012032
1.00011974
0.999066004
0.99835209
1.00304901
1.01284329
1.01183989
0.979129453
0.914149306
0.843002387
0.793572999
0.770299513
0.760531909
0.756538982
0.755793327
0.75592214
0.757265825
0.76151928
0.769988295
0.78282999
0.799050415
0.816954543
0.834639681
0.850216458
0.84684628
0.704731905
0.268787366
0.999999992
1.00000004
1.00000147
0.999991728
0.999986985
1.00013773
1.00007034
0.998863871
0.99851352
1.00449346
1.01446682
1.0090295
0.967716978
0.896341467
0.826825233
0.785134155
0.768357758
0.760072754
0.755847948
0.755637707
0.755301172
0.756784136
0.761268687
0.769991581
0.783020111
0.799305482
0.817135243
0.834788137
0.849765705
0.837827876
0.676798737
0.246627489
0.999999993
1.00000006
1.00000138
0.999991044
0.999989812
1.0001484
1.00003771
0.998762689
0.99860761
1.00494491
1.01468358
1.00885046
0.969279377
0.902449422
0.836741326
0.794461186
0.775035429
0.76599667
0.760409748
0.758428765
0.759326664
0.762214284
0.768141114
0.777579752
0.790335108
0.805523634
0.82217404
0.83938709
0.851130489
0.819769992
0.632700975
0.21905604
0.999999993
1.00000007
1.00000133
0.99999072
0.999990732
1.00015056
1.00004463
0.998805114
0.998487228
1.00384415
1.01325247
1.0127547
0.986413579
0.933826339
0.873070975
0.825077795
0.797779857
0.785520693
0.779341367
0.775033348
0.773524786
0.776428766
0.782147818
0.791047993
0.802816893
0.817325536
0.833938849
0.849026337
0.846538124
0.77891163
0.563761447
0.184099421
0.999999993
1.00000007
1.00000133
0.999990988
0.99998837
1.00013722
1.00011903
0.999089533
0.998143799
1.00117886
1.00948862
1.0160923
1.0089795
0.981187933
0.937060667
0.88904761
0.84948544
0.824822866
0.815070922
0.816288753
0.823234336
0.831404433
0.839351036
0.846141636
0.855106192
0.863354116
0.866652274
0.85467097
0.805854278
0.684265126
0.454918029
0.138753428
0.999999993
1.00000006
1.00000138
0.999992804
0.999979732
1.00009744
1.00022128
0.999595234
0.998244845
0.998474219
1.00305026
1.01142305
1.01859009
1.01798297
1.00537701
0.980623201
0.946739555
0.907915717
0.867949125
0.829601667
0.794617294
0.763973616
0.737964347
0.715334337
0.691315827
0.664249075
0.629944518
0.581639134
0.508986872
0.39966955
0.247309894
0.0715729996
0.999999993
1.00000001
1.00000143
0.999996646
0.999973615
1.00003209
1.00023233
1.00013395
0.999171315
0.997800653
0.997713596
1.00062419
1.00695851
1.01561392
1.02467124
1.03226598
1.03706256
1.03827317
1.03542383
1.02806342
1.01550596
0.996616407
0.969623774
0.931957458
0.880146793
0.809944591
0.717075435
0.598718851
0.456309534
0.299486729
0.149376163
0.0332313939
0.999999995
0.999999944
1.00000109
1.00000121
0.999979371
0.999971237
1.00010336
1.00032294
1.00024048
0.999471871
0.998063366
0.996520631
0.995511647
0.995571676
0.996992374
0.999869945
1.00421069
1.01001891
1.01733877
1.02624559
1.03677909
1.04879132
1.061652
1.07371928
1.08145856
1.07813093
1.05218517
0.986106632
0.857774436
0.648455612
0.363996375
0.0734933397
0.999999999
0.999999923
1.00000034
1.00000339
0.999995804
0.999961907
0.999958034
1.0000815
1.00033349
1.00058042
1.00064692
1.00041584
0.999859993
0.999020353
0.997972395
0.996806008
0.995625554
0.994568328
0.993839932
0.9937677
0.994872642
0.997949305
1.0041095
1.01467062
1.03062315
1.05118662
1.07073594
1.07346148
1.02666023
0.878113663
0.574092627
0.137661483
1
0.999999971
0.999999758
1.00000156
1.00000599
0.999996887
0.999959611
0.999913742
0.999901894
0.999955351
1.00007829
1.00025359
1.00045447
1.00065178
1.00081549
1.0009122
1.00090117
1.00073102
1.00034098
0.999674262
0.998720354
0.997615799
0.996845389
0.997569256
1.00199413
1.013364
1.03443224
1.06206561
1.07488483
1.01395019
0.770912866
0.251171553
1
1.00000001
0.999999874
0.999999394
1.00000138
1.00000823
1.00001429
1.00000998
0.99999064
0.999958549
0.999919871
0.999881589
0.999850227
0.999831896
0.999832769
0.999859354
0.999917908
1.00001189
1.00013556
1.00026095
1.00031606
1.00016075
0.99959495
0.998498792
0.997297123
0.997924941
1.0049804
1.02494495
1.05749116
1.06910102
0.942764001
0.446253091
1
0.999999998
1.00000005
1.00000003
0.999999153
0.999997755
0.999997706
1.00000046
1.00000594
1.00001305
1.00002042
1.00002677
1.00003097
1.00003193
1.00002851
1.0000196
1.00000435
0.999983253
0.999960242
0.999946637
0.999965421
1.00004795
1.00020173
1.00032241
1.00008982
0.999126615
0.99803017
1.00054297
1.01467071
1.04431075
1.04582447
0.770400674
)
;

boundaryField
{
    inner_wall
    {
        type            zeroGradient;
    }
    outer_wall
    {
        type            fixedValue;
        value           uniform 0;
    }
    top
    {
        type            fixedValue;
        value           uniform 1;
    }
    bottom
    {
        type            inletOutlet;
        inletValue      uniform 0;
        value           nonuniform List<scalar> 
32
(
0
0
0
0
0
0
0
0
0
0
-0.00819115285
-0.0184296017
-0.0375129382
-0.0524392605
-0.0157892199
0.143533585
0.433827404
0.746603469
0.959136834
1.03533373
1.02864846
1.00650026
0.997225792
0.997940257
1.00161003
1.00590262
1.00786004
1.00191596
0.978550063
0.898440978
0.675908993
0.260451965
)
;
    }
    front
    {
        type            wedge;
    }
    back
    {
        type            wedge;
    }
}


// ************************************************************************* //
