/*--------------------------------*- C++ -*----------------------------------*\
| =========                 |                                                 |
| \\      /  F ield         | OpenFOAM: The Open Source CFD Toolbox           |
|  \\    /   O peration     | Version:  2506                                  |
|   \\  /    A nd           | Website:  www.openfoam.com                      |
|    \\/     M anipulation  |                                                 |
\*---------------------------------------------------------------------------*/
FoamFile
{
    version     2.0;
    format      ascii;
    arch        "LSB;label=32;scalar=64";
    class       volScalarField;
    location    "629";
    object      p;
}
// * * * * * * * * * * * * * * * * * * * * * * * * * * * * * * * * * * * * * //

dimensions      [0 2 -2 0 0 0 0];

internalField   nonuniform List<scalar> 
3072
(
-0.000123967148
-9.41515196e-05
-9.04856967e-05
-8.44512003e-05
-7.46945497e-05
-6.29698138e-05
-5.10207687e-05
-3.99856168e-05
-2.7774261e-05
-1.40153834e-05
-7.56288449e-06
-7.76019118e-06
-7.62204927e-06
-6.31046934e-06
-4.47204855e-06
-2.49541198e-06
-5.35735114e-07
1.32378383e-06
3.0253641e-06
4.52418125e-06
5.80686081e-06
7.01603304e-06
8.04229252e-06
8.74649581e-06
9.27238074e-06
9.66434745e-06
9.94257053e-06
1.0131479e-05
1.02633864e-05
1.03857659e-05
1.05658992e-05
1.08151584e-05
-0.00026431036
-0.000186452068
-0.00016013863
-0.000141512709
-0.000123474766
-0.000104850631
-8.64210099e-05
-6.86357379e-05
-5.08429988e-05
-3.39336244e-05
-2.18125418e-05
-1.4469996e-05
-8.57003284e-06
-3.29992421e-06
1.33039398e-06
5.3247641e-06
8.74334339e-06
1.16448714e-05
1.40880715e-05
1.61498166e-05
1.7777549e-05
1.92003122e-05
2.04184676e-05
2.12384612e-05
2.18514162e-05
2.23315717e-05
2.27116142e-05
2.30231675e-05
2.33043014e-05
2.3602144e-05
2.39473657e-05
2.4241064e-05
-0.000326423748
-0.000221781149
-0.000176574299
-0.000146112958
-0.000121669532
-0.000100771812
-8.23236765e-05
-6.56796839e-05
-5.03713667e-05
-3.65146596e-05
-2.4756833e-05
-1.50290263e-05
-6.70553837e-06
5.33292593e-07
6.82421569e-06
1.22633867e-05
1.69345357e-05
2.09092537e-05
2.42731786e-05
2.72005419e-05
2.95866278e-05
3.14880691e-05
3.3081144e-05
3.4316904e-05
3.52851775e-05
3.60471936e-05
3.66469111e-05
3.71230206e-05
3.75126325e-05
3.78541256e-05
3.81780418e-05
3.84492115e-05
-0.000386212958
-0.00026691522
-0.000210788384
-0.000168760913
-0.000135763017
-0.000109664195
-8.78522287e-05
-6.89315972e-05
-5.21829734e-05
-3.72967332e-05
-2.41971247e-05
-1.27467128e-05
-2.72757728e-06
6.04068334e-06
1.36900645e-05
2.032483e-05
2.60363704e-05
3.09109927e-05
3.50378714e-05
3.85009015e-05
4.14022605e-05
4.3757341e-05
4.56285675e-05
4.71510497e-05
4.83629892e-05
4.93170415e-05
5.00674091e-05
5.06623158e-05
5.11448285e-05
5.15569434e-05
5.1930274e-05
5.22253565e-05
-0.00044202554
-0.00031568096
-0.000246465978
-0.000194678464
-0.000154290877
-0.000122039186
-9.54364563e-05
-7.29132856e-05
-5.3456622e-05
-3.64584056e-05
-2.15552929e-05
-8.48038487e-06
2.9895967e-06
1.30326572e-05
2.17904796e-05
2.93831818e-05
3.59219776e-05
4.15134838e-05
4.62355203e-05
5.00708713e-05
5.32997842e-05
5.60636009e-05
5.82580582e-05
6.00108604e-05
6.14107513e-05
6.25243583e-05
6.3410535e-05
6.41221425e-05
6.47075156e-05
6.52151365e-05
6.5682216e-05
6.605742e-05
-0.00049065562
-0.00035935033
-0.000280091457
-0.000220370563
-0.00017345522
-0.000135074716
-0.000103461523
-7.69816318e-05
-5.44127351e-05
-3.49373218e-05
-1.80136675e-05
-3.25708985e-06
9.62056682e-06
2.08408954e-05
3.05813045e-05
3.89917929e-05
4.62064626e-05
5.23488811e-05
5.7529428e-05
6.18424182e-05
6.5420715e-05
6.83737291e-05
7.07721576e-05
7.27057304e-05
7.42587872e-05
7.55059146e-05
7.65133654e-05
7.73398876e-05
7.80400203e-05
7.86710056e-05
7.92765915e-05
7.97777879e-05
-0.000531925764
-0.000396360067
-0.000311284888
-0.000245353354
-0.000191929335
-0.000147979295
-0.000111621498
-8.11857857e-05
-5.53783647e-05
-3.32742325e-05
-1.42176717e-05
2.27291594e-06
1.65600478e-05
2.89246423e-05
3.95927543e-05
4.87541639e-05
5.65746445e-05
6.32034777e-05
6.87777301e-05
7.342523e-05
7.72690797e-05
8.04238929e-05
8.29930983e-05
8.50735595e-05
8.67549572e-05
8.81189252e-05
8.92384442e-05
9.01780805e-05
9.09986661e-05
9.17668089e-05
9.25329509e-05
9.31835733e-05
-0.000566132875
-0.000427474224
-0.000338406769
-0.000267796772
-0.000209055505
-0.000160191551
-0.000119500821
-8.53394728e-05
-5.63985175e-05
-3.17026008e-05
-1.05252657e-05
7.68774576e-06
2.33650727e-05
3.68457287e-05
4.84056613e-05
5.82768444e-05
6.66601971e-05
7.37342831e-05
7.96608355e-05
8.4588408e-05
8.86545212e-05
9.19861173e-05
9.46997343e-05
9.69024507e-05
9.86921684e-05
0.000100157581
0.000101377758
0.000102422564
0.000103358653
0.000104261483
0.000105187538
0.000105987734
-0.000594147088
-0.000453435521
-0.000361224209
-0.000286857606
-0.000223988083
-0.000171079406
-0.000126662068
-8.919439e-05
-5.74008819e-05
-3.02972577e-05
-7.12045458e-06
1.27314909e-05
2.9737841e-05
4.42863733e-05
5.66975677e-05
6.72426205e-05
7.61562542e-05
8.3645683e-05
8.98966682e-05
9.50775932e-05
9.93420742e-05
0.000102830432
0.000105670698
0.000107979499
0.000109862657
0.000111415472
0.000112722545
0.000113858423
0.000114894779
0.000115914596
0.000116979361
0.000117909081
-0.000616490287
-0.000474437098
-0.000379939839
-0.000302668794
-0.000236574548
-0.000180405237
-0.000132888789
-9.25991699e-05
-5.83161707e-05
-2.90711257e-05
-4.08763105e-06
1.72639767e-05
3.54983237e-05
5.10406927e-05
6.42480987e-05
7.54253081e-05
8.48369408e-05
9.27160921e-05
9.9270591e-05
0.000104687283
0.000109135081
0.000112766976
0.000115721549
0.000118124109
0.000120087624
0.000121713285
0.000123090514
0.00012429784
0.000125410984
0.000126518647
0.000127686087
0.000128710924
-0.000633726517
-0.000490848444
-0.000394799322
-0.00031536654
-0.000246804096
-0.000188073344
-0.000138060225
-9.54448145e-05
-5.90689713e-05
-2.79910248e-05
-1.4367797e-06
2.12366439e-05
4.05663355e-05
5.70045225e-05
7.093617e-05
8.26930114e-05
9.25643858e-05
0.00010080536
0.000107642764
0.000113279597
0.000117898272
0.000121662989
0.000124721547
0.000127206796
0.000129237837
0.00013092084
0.000132349227
0.000133604761
0.000134766174
0.000135925894
0.000137151693
0.000138229433
-0.000646482551
-0.000503163824
-0.000406150058
-0.000325165672
-0.000254771255
-0.000194090797
-0.000142131323
-9.7663728e-05
-5.95901437e-05
-2.69997653e-05
8.70463517e-07
2.46668292e-05
4.49390946e-05
6.2157443e-05
7.67269525e-05
8.89997456e-05
9.92844561e-05
0.000107853719
0.000114949799
0.000120788985
0.000125564872
0.00012945096
0.000132602664
0.00013515902
0.000137244093
0.000138968019
0.00014042736
0.000141706365
0.000142885783
0.000144059817
0.000145297597
0.000146384301
-0.000655394802
-0.000511913101
-0.000414397945
-0.000332349402
-0.00026064722
-0.000198537046
-0.000145114549
-9.92252619e-05
-5.98241071e-05
-2.60316509e-05
2.90020505e-06
2.76151352e-05
4.86686684e-05
6.65418565e-05
8.16533483e-05
9.43697383e-05
0.00010501389
0.000113871653
0.000121197124
0.000127216851
0.000132133133
0.00013612669
0.000139358842
0.00014197336
0.000144098069
0.000145846041
0.000147316144
0.00014859441
0.000149762724
0.000150915321
0.000152121705
0.000153176599
-0.000661078789
-0.00051762292
-0.000419969152
-0.000337236324
-0.000264647689
-0.000201538626
-0.000147064486
-0.000100129291
-5.97324144e-05
-2.5023484e-05
4.73003287e-06
3.0165936e-05
5.18409673e-05
7.02418403e-05
8.57956181e-05
9.88784517e-05
0.000109823023
0.000118924483
0.000126445409
0.000132619739
0.000137656074
0.000141740338
0.000145038076
0.000147696401
0.000149845734
0.000151601128
0.000153062985
0.000154318519
0.000155449999
0.000156550284
0.000157688486
0.00015867734
-0.000664111231
-0.000520794309
-0.000423284932
-0.000340155258
-0.000267010933
-0.000203250645
-0.000148064939
-0.000100401093
-5.92953264e-05
-2.39219807e-05
6.43679185e-06
3.241171e-05
5.45578577e-05
7.33641237e-05
8.92620624e-05
0.000102633591
0.000113817548
0.000123115135
0.000130794475
0.0001370944
0.000142227643
0.000146383533
0.000149730315
0.000152417197
0.000154576158
0.000156323397
0.000157760192
0.000158974429
0.00016004819
0.000161071916
0.000162113774
0.000163010768
-0.000665020979
-0.000521895727
-0.000424752063
-0.00034143211
-0.000267982717
-0.000203844265
-0.000148219801
-0.00010008719
-5.85119166e-05
-2.26885718e-05
8.08790137e-06
3.44410791e-05
5.69229245e-05
7.60222321e-05
9.21723204e-05
0.000105758023
0.000117121533
0.000126567488
0.000134367189
0.000140762282
0.000145967834
0.000150175049
0.0001535536
0.000156253732
0.000158408124
0.000160133433
0.000161531286
0.00016268984
0.000163690581
0.000164620856
0.000165547538
0.000166335818
-0.000664283358
-0.000521352679
-0.000424745624
-0.000341375459
-0.000267805139
-0.000203496708
-0.000147645878
-9.92505326e-05
-5.73988737e-05
-2.13015782e-05
9.73596667e-06
3.63307855e-05
5.90312339e-05
7.8324645e-05
9.46443539e-05
0.00010837607
0.000119863313
0.000129412166
0.000137295313
0.000143755574
0.000149008949
0.000153247304
0.000156640733
0.000159339687
0.000161476881
0.000163168897
0.000164517313
0.000165610261
0.000166528375
0.000167355552
0.000168157205
0.000168828429
-0.000662311677
-0.000519540899
-0.0004236073
-0.000340271697
-0.00026670839
-0.000202382932
-0.000146465412
-9.79650199e-05
-5.59873288e-05
-1.97554563e-05
1.14171342e-05
3.81418648e-05
6.09635633e-05
8.03674448e-05
9.67858306e-05
0.000110603955
0.000122165263
0.000131775868
0.000139708532
0.000146206059
0.000151484344
0.000155735022
0.000159127868
0.000161812928
0.00016392247
0.00016557263
0.00016686465
0.000167886439
0.000168717635
0.000169438618
0.000170113292
0.000170666517
-0.000659462496
-0.000516782835
-0.000421639812
-0.000338377964
-0.000264903196
-0.000200667963
-0.000144799027
-9.6309416e-05
-5.43181932e-05
-1.80577277e-05
1.31524318e-05
3.99193003e-05
6.27844603e-05
8.22309679e-05
9.86895783e-05
0.000112544279
0.000124137476
0.000133774405
0.000141727002
0.000148237265
0.000153520265
0.000157766809
0.000161145843
0.000163806606
0.000165880599
0.000167483267
0.000168715341
0.000169664373
0.00017040897
0.000171026118
0.000171578275
0.000172018462
-0.000656030921
-0.000513345207
-0.00041910685
-0.00033592151
-0.000262577814
-0.000198502594
-0.000142760743
-9.43625988e-05
-5.24378266e-05
-1.6225572e-05
1.49503161e-05
4.16934608e-05
6.45425158e-05
8.39789218e-05
0.000100431876
0.000114283489
0.000125874512
0.000135508776
0.000143456868
0.000149959497
0.000155230474
0.000159459415
0.000162814133
0.000165442827
0.000167476044
0.000169028412
0.000170200048
0.000171078078
0.000171740098
0.000172259979
0.000172698855
0.000173035269
-0.000652249196
-0.00050946849
-0.000416222607
-0.000333097143
-0.000259899589
-0.000196022865
-0.000140455445
-9.22001874e-05
-5.03945566e-05
-1.42822569e-05
1.68104667e-05
4.34839642e-05
6.62717474e-05
8.56576026e-05
0.000102071747
0.000115891254
0.000127454414
0.000137063697
0.000144988294
0.000151467414
0.000156713414
0.000160914539
0.00016423734
0.000166828865
0.000168818641
0.000170320424
0.000171433683
0.000172245084
0.000172831287
0.000173263396
0.000173601397
0.000173846092
-0.000648309758
-0.000505543619
-0.000413023473
-0.000330015868
-0.00025700471
-0.000193345035
-0.000137973961
-8.98896324e-05
-4.82337221e-05
-1.22515229e-05
1.87306527e-05
4.53086361e-05
6.79954624e-05
8.72933454e-05
0.000103649631
0.000117419501
0.000128937754
0.000138506635
0.000146394382
0.000152838781
0.000158050753
0.000162217177
0.000165503345
0.00016805516
0.000170001139
0.000171454183
0.000172513118
0.000173264155
0.000173783108
0.000174138708
0.000174389972
0.000174556472
-0.00064435857
-0.000501785448
-0.000409594519
-0.000326787826
-0.000254003363
-0.000190564559
-0.000135394639
-8.74930862e-05
-4.60032362e-05
-1.01708327e-05
2.06756994e-05
4.71294646e-05
6.97231054e-05
8.89480831e-05
0.000105226674
0.000118924181
0.000130380559
0.000139896087
0.000147736572
0.00015413796
0.000159309611
0.00016343698
0.000166684073
0.000169195653
0.000171099261
0.000172506961
0.000173516956
0.000174215024
0.00017467624
0.000174967339
0.000175146475
0.000175248765
-0.000640495684
-0.00049811971
-0.000406181873
-0.000323534703
-0.000250976541
-0.000187753386
-0.00013277908
-8.50583864e-05
-4.37366394e-05
-8.06408811e-06
2.26387753e-05
4.8966688e-05
7.14756076e-05
9.06230524e-05
0.000106806867
0.000120423234
0.000131811461
0.000141268062
0.000149056484
0.000155411073
0.000160539761
0.000164626702
0.000167834742
0.000170307605
0.000172171796
0.000173538761
0.000174506156
0.000175159249
0.000175572529
0.000175811151
0.00017593231
0.000175983423
-0.000636798116
-0.000494583877
-0.00040282593
-0.000320370252
-0.000247993602
-0.000184958527
-0.000130165746
-8.2612423e-05
-4.14407844e-05
-5.9484913e-06
2.46307876e-05
5.08474036e-05
7.32424242e-05
9.22822747e-05
0.000108381265
0.000121924897
0.00013324819
0.000142646811
0.000150383511
0.000156691629
0.000161778011
0.000165825817
0.000168997134
0.000171434763
0.000173262022
0.00017459262
0.000175524677
0.000176141137
0.00017651611
0.000176713829
0.000176790545
0.000176801536
-0.00063331462
-0.000491225546
-0.000399594449
-0.000317331391
-0.000245109885
-0.000182229645
-0.000127596201
-8.02014565e-05
-3.9185388e-05
-3.79624253e-06
2.66462949e-05
5.27504106e-05
7.50347327e-05
9.39665722e-05
0.000109983174
0.00012345569
0.000134715206
0.000144056968
0.00015174317
0.000158006228
0.000163052029
0.000167062783
0.000170199566
0.0001726045
0.000174402691
0.000175704405
0.000176606364
0.000177193134
0.000177538332
0.000177705159
0.000177749576
0.000177732856
-0.000630067224
-0.00048806896
-0.000396541884
-0.00031441866
-0.000242329711
-0.000179585367
-0.000125090461
-7.78322501e-05
-3.6947103e-05
-1.67629682e-06
2.86574691e-05
5.4662453e-05
7.68382837e-05
9.56700723e-05
0.000111612663
0.000125020451
0.000136221178
0.000145510247
0.000153149616
0.000159371025
0.000164379616
0.00016835689
0.000171463244
0.000173840218
0.000175612533
0.000176889869
0.000177768558
0.000178332989
0.000178656429
0.000178801439
0.000178823702
0.000178788344
-0.000627058929
-0.000485121245
-0.000393674124
-0.000311654065
-0.000239673449
-0.000177043065
-0.000122664663
-7.55217195e-05
-3.47479356e-05
4.1836317e-07
3.06599549e-05
5.65758584e-05
7.8654228e-05
9.74001071e-05
0.000113277277
0.000126626704
0.000137774151
0.000147015398
0.000154612288
0.000160796069
0.000165771317
0.000169718992
0.000172798984
0.000175152367
0.000176903432
0.000178161508
0.000179022625
0.000179570921
0.00017987941
0.000180010259
0.000180018941
0.000179972606
-0.00062427982
-0.000482377884
-0.000390987422
-0.000309042558
-0.000237146929
-0.000174608287
-0.000120324995
-7.3277612e-05
-3.25978538e-05
2.47735667e-06
3.26341817e-05
5.84784235e-05
8.04898938e-05
9.91682149e-05
0.000114984315
0.000128279161
0.000139378107
0.000148576374
0.000156135315
0.000162285721
0.000167231711
0.000171153803
0.00017421147
0.000176545409
0.000178279571
0.000179522991
0.000180371448
0.000180908874
0.000181208094
0.000181331062
0.000181333107
0.000181281951
-0.000621710854
-0.00047982513
-0.000388471309
-0.000306578257
-0.000234746438
-0.000172278865
-0.000118070655
-7.11002245e-05
-3.04978906e-05
4.49948881e-06
3.45788207e-05
6.035619e-05
8.23340145e-05
0.000100977923
0.000116736149
0.000129978058
0.000141032499
0.000150192516
0.000157718113
0.000163839497
0.00016876038
0.000172660888
0.000175700142
0.000178018523
0.000179739711
0.000180972501
0.000181812468
0.000182343369
0.000182637894
0.000182757921
0.00018275869
0.000182707418
-0.000619327316
-0.000477442985
-0.000386109586
-0.000304248625
-0.000232461903
-0.000170046349
-0.000115893941
-6.89811692e-05
-2.84362648e-05
6.50563396e-06
3.65278896e-05
6.22298197e-05
8.41651056e-05
0.000102791884
0.000118507973
0.000131708112
0.00014272667
0.000151855642
0.000159354054
0.000165451761
0.000170352255
0.000174235438
0.000177260205
0.000179566728
0.000181278499
0.000182504146
0.000183339089
0.000183866948
0.000184160326
0.00018428113
0.000184284553
0.000184236556
-0.000617102136
-0.000475208449
-0.000383883076
-0.000302038015
-0.000230280799
-0.000167901071
-0.000113787739
-6.691568e-05
-2.64107822e-05
8.49423146e-06
3.84772179e-05
6.41166993e-05
8.59993806e-05
0.000104601221
0.000120289887
0.000133461853
0.000144454201
0.000153559583
0.000161037032
0.000167116382
0.000172001094
0.000175871002
0.000178884904
0.00018118287
0.000182888287
0.000184109676
0.000184942355
0.000185469841
0.00018576469
0.000185888909
0.000185897677
0.00018585522
-0.000615008103
-0.000473097732
-0.000381771628
-0.000299929549
-0.000228189757
-0.000165833292
-0.000111746196
-6.49025918e-05
-2.44272806e-05
1.04478281e-05
4.03994744e-05
6.60087107e-05
8.78595632e-05
0.000106429305
0.000122092185
0.000135242245
0.000146214518
0.000155301586
0.000162762749
0.000168827944
0.00017370063
0.000177560612
0.000180566647
0.000182858757
0.000184560269
0.000185779642
0.000186612123
0.000187141153
0.000187439272
0.000187568629
0.000187584411
0.000187548844
-0.000613018837
-0.000471087275
-0.000379754911
-0.0002979055
-0.000226174043
-0.000163831111
-0.000109759956
-6.29347407e-05
-2.24800838e-05
1.23720725e-05
4.23006031e-05
6.79011418e-05
8.97394399e-05
0.000108274253
0.000123908218
0.0001370426
0.000148001324
0.000157075292
0.000164524512
0.000170579328
0.000175443295
0.000179296239
0.000182296931
0.000184585389
0.000186284927
0.000187503975
0.000188337738
0.000188869605
0.000189172118
0.0001893076
0.000189331252
0.000189303204
-0.000611109603
-0.000469154627
-0.00037781334
-0.000295948279
-0.000224218778
-0.000161882192
-0.000107818974
-6.10040718e-05
-2.05624052e-05
1.42739865e-05
4.41868408e-05
6.97856908e-05
9.1620963e-05
0.000110130306
0.000125740485
0.000138863334
0.000149812177
0.000158876515
0.000166316984
0.000172364285
0.000177222067
0.000181070194
0.000184067469
0.00018635393
0.000188052895
0.000189272787
0.000190108784
0.000190644243
0.000190951721
0.000191093721
0.000191125466
0.000191105006
-0.00060925809
-0.000467279267
-0.000375928922
-0.000294041232
-0.000222309692
-0.000159974454
-0.000105912983
-5.91017665e-05
-1.86660269e-05
1.61627024e-05
4.60672452e-05
7.16593186e-05
9.34866572e-05
0.000111987203
0.000127589218
0.000140703026
0.000151643421
0.000160700326
0.000168134399
0.000174176354
0.000179029874
0.000182874865
0.00018587016
0.000188155821
0.000189855176
0.000191076651
0.000191915411
0.000192454788
0.000192767364
0.00019291582
0.00019295539
0.000192942158
-0.00060744508
-0.00046544331
-0.000374086068
-0.000292169469
-0.000220434234
-0.000158097469
-0.000104033456
-5.7221234e-05
-1.67865399e-05
1.80396889e-05
4.79408226e-05
7.35285398e-05
9.53491488e-05
0.000113845646
0.000129445332
0.000142553539
0.000153488251
0.000162540251
0.000169970179
0.000176008729
0.000180859635
0.000184702866
0.000187697302
0.000189983038
0.000191683426
0.000192906902
0.000193748629
0.000194291925
0.000194609404
0.00019476391
0.000194810676
0.000194803987
-0.000605654626
-0.000463631723
-0.000372271836
-0.000290319961
-0.00021858171
-0.000156242307
-0.000102173015
-5.53566691e-05
-1.49197899e-05
1.99072653e-05
4.98083174e-05
7.53945985e-05
9.72104874e-05
0.000115705004
0.000131305146
0.00014441059
0.000155342155
0.000164391396
0.000171819
0.000177855684
0.00018270526
0.00018654777
0.000189542153
0.000191828545
0.000193530328
0.000194755958
0.000195600599
0.000196147565
0.000196469506
0.000196629409
0.000196682482
0.000196681413
-0.000603873977
-0.000461832342
-0.000370475948
-0.000288481376
-0.000216743451
-0.00015440157
-0.000100325482
-5.35032269e-05
-1.30622739e-05
2.1767593e-05
5.16705236e-05
7.72572802e-05
9.90708015e-05
0.00011756532
0.000133167315
0.000146271748
0.000157201919
0.00016624994
0.000173676542
0.000179712482
0.000184561652
0.000188404167
0.000191399024
0.000193686403
0.000195389717
0.000196617441
0.00019746475
0.000198014957
0.000198340748
0.000198505231
0.000198563554
0.000198567026
-0.000602093456
-0.000460036083
-0.000368690393
-0.000286644117
-0.000214913006
-0.000152569223
-9.84857432e-05
-5.16569014e-05
-1.12110059e-05
2.36227187e-05
5.35286369e-05
7.91170871e-05
0.000100930019
0.00011942584
0.000135030403
0.000148134988
0.000159064966
0.00016811284
0.000175539363
0.000181575339
0.000186424729
0.000190267715
0.000193263346
0.000195551841
0.000197256644
0.00019848625
0.000199335841
0.000199888739
0.00020021766
0.000200385805
0.000200448232
0.000200455081
-0.000600306165
-0.000458237068
-0.000366905113
-0.000284804489
-0.000213086268
-0.000150740309
-9.66497777e-05
-4.9814618e-05
-9.36367161e-06
2.54742696e-05
5.53836766e-05
8.09745207e-05
0.000102788082
0.000121285886
0.000136893274
0.000149998807
0.000160929407
0.000169977847
0.000177404905
0.000183441423
0.000188291423
0.000192135141
0.000195131669
0.000197421259
0.000199127381
0.000200358547
0.00020120995
0.000201764919
0.000202096195
0.000202267026
0.000202332342
0.000202341495
-0.000598507184
-0.000456430839
-0.000365097343
-0.000282978246
-0.00021126128
-0.000148911396
-9.48149769e-05
-4.79743041e-05
-7.51864448e-06
2.73234218e-05
5.72363994e-05
8.282998e-05
0.000104644959
0.000123144991
0.000138755181
0.000151862225
0.000162793996
0.000171843464
0.000179271444
0.000185308814
0.000190159641
0.000194004203
0.000197001625
0.000199292187
0.000200999375
0.000202231717
0.000203084415
0.000203640808
0.000203973652
0.000204146129
0.000204212902
0.000204224173
-0.000596695578
-0.000454616084
-0.00036327949
-0.000281152922
-0.000209433876
-0.000147080213
-9.29793264e-05
-4.61342755e-05
-5.67461065e-06
2.91711273e-05
5.90874347e-05
8.46838233e-05
0.000106500691
0.00012500298
0.000140615852
0.000153724821
0.000164658136
0.000173708928
0.000181138067
0.000187176463
0.000192028217
0.000195873637
0.000198871872
0.000201163216
0.000202871172
0.000204104275
0.000204957734
0.000205514896
0.000205848522
0.000206021754
0.000206089075
0.000206101294
-0.000594871726
-0.000452792375
-0.000361454128
-0.000279327393
-0.000207603606
-0.000145246375
-9.1142229e-05
-4.4293923e-05
-3.83103328e-06
3.10177952e-05
6.09370068e-05
8.65359717e-05
0.000108354984
0.000126859932
0.000142475706
0.000155586841
0.000166521875
0.000175574158
0.000183004595
0.000189044112
0.000193896828
0.000197743069
0.000200741994
0.00020303391
0.000204742325
0.000205975778
0.00020682948
0.000207386781
0.000207720439
0.000207893613
0.000207960876
0.000207972764
-0.00059303744
-0.000450961524
-0.000359620827
-0.000277502764
-0.000205771397
-0.00014341068
-8.93043975e-05
-4.24537958e-05
-1.98832904e-06
3.2863087e-05
6.27847118e-05
8.83854957e-05
0.000110206071
0.000128715762
0.000144336598
0.000157449683
0.000168386097
0.000177439798
0.000184871568
0.00019091224
0.000195765918
0.000199612927
0.000202612424
0.000204904711
0.000206613296
0.000207846719
0.000208700192
0.000209257057
0.000209590065
0.000209762435
0.000209828981
0.000209839463
-0.000591195619
-0.00044912635
-0.000357772307
-0.000275688334
-0.000203940673
-0.000141575234
-8.74675772e-05
-4.06151481e-05
-1.47219738e-07
3.47069087e-05
6.46313089e-05
9.02339473e-05
0.000112053775
0.000130568902
0.000146198047
0.000159313523
0.000170251243
0.000179306453
0.000186739729
0.000192781711
0.00019763645
0.000201484257
0.000204484277
0.000206776804
0.000208485338
0.000209718418
0.000210571257
0.000211127192
0.000211458967
0.000211629815
0.000211694727
0.000211703387
-0.00058935156
-0.000447291441
-0.000355922042
-0.000273877006
-0.000202114248
-0.000139742986
-8.56339201e-05
-3.87795015e-05
1.69141315e-06
3.65491618e-05
6.64777907e-05
9.20839176e-05
0.000113901515
0.000132419238
0.000148057157
0.000161176865
0.000172117094
0.000181174598
0.000188609972
0.000194653717
0.000199509843
0.000203358653
0.000206359288
0.000208652038
0.000210360403
0.000211592924
0.000212444817
0.000212999429
0.000213329483
0.000213498167
0.00021356057
0.00021356718
-0.000587511807
-0.000445462189
-0.000354081807
-0.000272067984
-0.000200295124
-0.000137917768
-8.3806498e-05
-3.69493025e-05
3.52553405e-06
3.83879727e-05
6.83219373e-05
9.39328057e-05
0.000115750353
0.00013427059
0.00014991629
0.000163041445
0.000173985415
0.000183046119
0.000190484299
0.000196530378
0.000201388333
0.000205238463
0.000208239913
0.000210532975
0.000212241153
0.000213472995
0.00021432373
0.000214876717
0.000215204668
0.000215370704
0.000215429992
0.000215433955
-0.000585683803
-0.000443645188
-0.000352257823
-0.000270267786
-0.000198487648
-0.000136103841
-8.19889142e-05
-3.5127445e-05
5.35281553e-06
4.02213823e-05
7.01618314e-05
9.57785041e-05
0.000117599206
0.000136124881
0.000151778924
0.000164910135
0.000175858721
0.0001849235
0.000192365265
0.000198414349
0.000203274688
0.000207126577
0.000210129162
0.00021242274
0.000214130826
0.000215361983
0.000216211459
0.000216762634
0.000217088214
0.000217251251
0.00021730697
0.000217307794
-0.000583875938
-0.000441848244
-0.000350456388
-0.000268483891
-0.000196697129
-0.000134305798
-8.01850083e-05
-3.33169028e-05
7.17114949e-06
4.20481941e-05
7.19973796e-05
9.76220495e-05
0.000119448405
0.000137981776
0.000153645663
0.000166784255
0.000177738815
0.000186808921
0.00019425537
0.000200308398
0.000205171908
0.000209026192
0.000212030408
0.000214324867
0.000216033105
0.000217263709
0.000218111961
0.000218661271
0.000218984347
0.000219144174
0.000219196022
0.000219193364
-0.00058209739
-0.000440079938
-0.000348684627
-0.000266723927
-0.000194929541
-0.000132528645
-7.83989381e-05
-3.15209393e-05
8.97815555e-06
4.38668872e-05
7.38279242e-05
9.94636226e-05
0.000121298676
0.000139842178
0.000155517599
0.000168665319
0.000179627678
0.000188704767
0.000196157339
0.000202215544
0.000207083265
0.000210940807
0.000213947348
0.000216243233
0.000217952034
0.00021918238
0.000220029595
0.000220577138
0.000220897732
0.000221054297
0.000221102144
0.000221095823
-0.000580357964
-0.00043834938
-0.000346950294
-0.000264995659
-0.000193191266
-0.00013077769
-7.66350839e-05
-2.9742999e-05
1.07713096e-05
4.56758183e-05
7.56526753e-05
0.000101303334
0.00012315104
0.000141707281
0.000157395748
0.0001705547
0.000181527265
0.000190613484
0.000198074007
0.000204138953
0.000209012211
0.000212874118
0.000215883901
0.000218181957
0.000219891918
0.000221122474
0.000221969015
0.000222515061
0.000222833368
0.000222986803
0.000223030719
0.000223020736
-0.000578667897
-0.000436666002
-0.000345261542
-0.000263306903
-0.000191488873
-0.000129058408
-7.48979404e-05
-2.7986603e-05
1.25480764e-05
4.74734576e-05
7.74712614e-05
0.00010314241
0.000125008445
0.000143578344
0.00015927924
0.000172452499
0.00018343895
0.000192537271
0.000200008124
0.000206081787
0.000210962242
0.000214829904
0.000217844082
0.000220145268
0.000221857184
0.000223088612
0.00022393503
0.000224480044
0.00022479646
0.000224947113
0.000224987401
0.000224973972
-0.000577037558
-0.000435039269
-0.000343626611
-0.000261665323
-0.000189828888
-0.000127376285
-7.3192071e-05
-2.62554355e-05
1.43056106e-05
4.92577454e-05
7.92823564e-05
0.000104980421
0.000126871959
0.000145457161
0.000161169639
0.000174360667
0.000185365201
0.000194479033
0.000201962912
0.000208047521
0.000212937052
0.000216812054
0.000219831968
0.000222137422
0.00022385227
0.000225085417
0.00022593246
0.000226477113
0.000226792257
0.000226940723
0.000226977966
0.000226961557
-0.000575477045
-0.000433478285
-0.000342053442
-0.000260078112
-0.00018821747
-0.000125736551
-7.15219378e-05
-2.45533381e-05
1.60404803e-05
5.10252502e-05
8.10816271e-05
0.000106811262
0.000128737433
0.000147349209
0.000163076152
0.000176284601
0.000187310174
0.000196442693
0.000203942219
0.000210039964
0.000214940463
0.000218824449
0.000221851534
0.000224162517
0.00022588142
0.000227117303
0.000227965911
0.00022851109
0.000228825822
0.00022897297
0.000229008063
0.000228989429
-0.000573995715
-0.000431991344
-0.000340549224
-0.000258551546
-0.000186659905
-0.000124143586
-6.98911077e-05
-2.28831548e-05
1.77504558e-05
5.27742408e-05
8.2867642e-05
0.000108633306
0.0001306026
0.000149254042
0.000165001099
0.000178227312
0.000189277091
0.000198431354
0.000205949113
0.000212062223
0.000216975646
0.000220870349
0.000223906149
0.000226224055
0.000227948293
0.000229188113
0.000230039432
0.000230586259
0.000230901702
0.000231048701
0.000231082882
0.000231063088
-0.000572601706
-0.000430585466
-0.000339119981
-0.000257090562
-0.000185160208
-0.000122600553
-6.83018959e-05
-2.12463704e-05
1.94349131e-05
5.45052358e-05
8.4642791e-05
0.000110450143
0.000132463307
0.000151160189
0.000166941552
0.000180194226
0.000191270726
0.000200448405
0.000207986392
0.000214116896
0.000219045129
0.000222952278
0.000225998391
0.000228324715
0.000230055709
0.000231300841
0.00023215623
0.000232706065
0.000233023613
0.000233171948
0.000233206813
0.000233187249
-0.00057130146
-0.0004292659
-0.000337770175
-0.000255698308
-0.0001837208
-0.000121109217
-6.67553933e-05
-1.96434123e-05
2.10940719e-05
5.62191958e-05
8.64090899e-05
0.000112265146
0.000134322806
0.000153066523
0.000168894495
0.000182184483
0.00019329073
0.000202493867
0.000210054387
0.000216204567
0.000221149701
0.000225071203
0.0002281294
0.000230465818
0.000232205183
0.000233457217
0.00023431827
0.000234872738
0.000235194081
0.000235345565
0.00023538308
0.000235365465
-0.00057009917
-0.000428035508
-0.000336502337
-0.000254375611
-0.000182342114
-0.000119669721
-6.52513399e-05
-1.80736533e-05
2.27288434e-05
5.79171256e-05
8.81674415e-05
0.000114080124
0.000136189018
0.00015498073
0.000170857553
0.000184191513
0.000195332407
0.000204564893
0.000212151218
0.000218323886
0.000223288374
0.000227226418
0.000230298706
0.000232647109
0.000234396678
0.000235657435
0.000236525999
0.000237087006
0.000237414142
0.000237570939
0.000237613459
0.000237599851
-0.000568996128
-0.000426893988
-0.000335317269
-0.000253120012
-0.000181022095
-0.000118280447
-6.37879945e-05
-1.65351895e-05
2.43410965e-05
5.96004822e-05
8.99184731e-05
0.000115894571
0.000138061059
0.000156904162
0.000172833128
0.000186215644
0.000197394754
0.000206660083
0.000214275287
0.000220473102
0.000225459299
0.000229416038
0.000232504438
0.000234866779
0.000236628494
0.000237899966
0.000238778098
0.000239347795
0.000239683025
0.000239847663
0.000239897959
0.000239890776
-0.000567989966
-0.000425837486
-0.000334216192
-0.000251921269
-0.000179753295
-0.000116936625
-6.23607218e-05
-1.50237088e-05
2.59325953e-05
6.12713679e-05
9.16639003e-05
0.000117709152
0.000139938399
0.000158836648
0.000174821872
0.000188256603
0.000199476018
0.000208776879
0.000216423548
0.000222648806
0.000227658798
0.000231636196
0.000234742641
0.000237120931
0.000238896916
0.000240181145
0.000241071152
0.000241652054
0.000241998025
0.0002421734
0.00024223463
0.000242236622
-0.000567073793
-0.000424859439
-0.000333196948
-0.000250756418
-0.000178518966
-0.000115624839
-6.09566381e-05
-1.3529958e-05
2.74942661e-05
6.29259606e-05
9.34018614e-05
0.00011952316
0.000141821184
0.000160776321
0.000176819721
0.000190310411
0.000201572174
0.000210910923
0.000218591218
0.000224845854
0.000229881463
0.000233881327
0.000237007734
0.000239404311
0.000241197332
0.000242493472
0.00024339717
0.00024399263
0.000244352588
0.000244542056
0.00024461769
0.000244631784
-0.000566233519
-0.000423946831
-0.000332188624
-0.000249681863
-0.000177346658
-0.000114347375
-5.95810327e-05
-1.20561739e-05
2.90818612e-05
6.459402e-05
9.51502535e-05
0.000121349167
0.000143719688
0.000162727023
0.000178822072
0.000192371056
0.000203678269
0.000213056387
0.000220771303
0.000227056287
0.000232118521
0.000236141939
0.00023928939
0.000241704777
0.000243514952
0.000244831364
0.000245752322
0.000246363582
0.00024673997
0.00024694687
0.000247041497
0.000247073184
-0.000565448428
-0.000423077866
-0.000331186244
-0.000248645994
-0.000176187451
-0.000113071
-5.82019963e-05
-1.05788676e-05
3.06560856e-05
6.62575088e-05
9.68975969e-05
0.000123175822
0.000145622535
0.000164684821
0.000180829908
0.000194436053
0.00020578878
0.000215205785
0.000222954926
0.000229270175
0.000234359293
0.000238406872
0.000241576398
0.000244012335
0.000245842103
0.000247177858
0.000248118016
0.000248748722
0.000249145245
0.000249373662
0.000249491974
0.000249545458
-0.000564692248
-0.000422224275
-0.000330204749
-0.00024758879
-0.000175013647
-0.000111783737
-5.68104955e-05
-9.08839499e-06
3.22405826e-05
6.79293582e-05
9.86477418e-05
0.000124996412
0.000147523335
0.000166665124
0.00018285896
0.000196502336
0.000207895911
0.000217349349
0.000225130502
0.000231474275
0.000236589175
0.000240660426
0.000243852141
0.000246309387
0.000248160133
0.000249517008
0.000250478845
0.000251132088
0.000251552392
0.000251806733
0.000251953665
0.000252032337
-0.000563926724
-0.000421347411
-0.000329200554
-0.00024648705
-0.000173798081
-0.000110458195
-5.53823745e-05
-7.56356577e-06
3.38565278e-05
6.96305715e-05
0.000100427978
0.000126846445
0.000149432237
0.000168631303
0.000184866781
0.000198541758
0.000209975627
0.00021946533
0.000227277334
0.000233648129
0.000238787504
0.000242881562
0.00024609515
0.000248574003
0.000250446684
0.000251826323
0.000252812149
0.000253490903
0.000253938666
0.000254223439
0.000254404256
0.000254512807
-0.000563101279
-0.000420402205
-0.000328123491
-0.000245305123
-0.000172506
-0.00010906204
-5.38905967e-05
-5.98352673e-06
3.5518216e-05
7.13682748e-05
0.000102237515
0.000128718338
0.000151331563
0.000170563813
0.000186850198
0.000200559382
0.000212025041
0.000221542954
0.000229379665
0.000235772658
0.000240932742
0.000245046858
0.000248280573
0.000250780261
0.00025267504
0.000254078509
0.000255090253
0.000255797269
0.000256276061
0.000256595733
0.000256815792
0.0002569594
-0.000562151921
-0.000419360622
-0.000326902791
-0.000243992488
-0.000171096557
-0.000107558872
-5.230475e-05
-4.3256042e-06
3.72390822e-05
7.31434095e-05
0.000104058393
0.000130578001
0.000153222821
0.000172498282
0.000188825838
0.000202554278
0.000214033857
0.000223565818
0.000231416589
0.000237823574
0.000242998029
0.000247127475
0.000250378036
0.000252896589
0.000254812704
0.000256240359
0.000257279414
0.000258017055
0.000258530172
0.000258889052
0.000259153659
0.000259337423
-0.00056101497
-0.000418291114
-0.000325368141
-0.0002424612
-0.000169515149
-0.000105902168
-5.05844572e-05
-2.55598101e-06
3.90475726e-05
7.49819602e-05
0.000105918797
0.000132455713
0.000155126241
0.000174417757
0.000190746404
0.000204479694
0.000215963006
0.000225498459
0.000233353369
0.00023976579
0.000244947559
0.000249086753
0.000252350003
0.000254884626
0.000256820568
0.00025827211
0.000259339307
0.000260109446
0.000260659767
0.000261061796
0.000261375938
0.00026160466
-0.000559602478
-0.00041698928
-0.000323543166
-0.000240665415
-0.000167701192
-0.000104039495
-4.86867758e-05
-6.40305035e-07
4.09698607e-05
7.69029386e-05
0.000107832838
0.000134360062
0.000157020141
0.000176291469
0.000192597705
0.000206316568
0.000217787091
0.000227310994
0.000235156735
0.000241563241
0.000246742933
0.000250884349
0.000254154504
0.000256701037
0.000258654144
0.000260128284
0.000261223589
0.000262027337
0.00026261704
0.000263065498
0.00026343353
0.000263711458
-0.000557822537
-0.000415296311
-0.000321381616
-0.000238542354
-0.000165585416
-0.00010191134
-4.65641049e-05
1.45787207e-06
4.3031452e-05
7.89205216e-05
0.0001098021
0.000136279254
0.000158889226
0.000178110654
0.000194369716
0.000208046282
0.000219479264
0.000228970738
0.000236789727
0.000243175604
0.000248341099
0.000252474972
0.000255744397
0.000258297116
0.000260263379
0.000261757644
0.000262879953
0.000263717424
0.000264347735
0.000264844946
0.00026527024
0.00026560077
-0.000555571035
-0.000413106816
-0.000318786092
-0.000236005899
-0.000163091658
-9.9453346e-05
-4.41644351e-05
3.77854172e-06
4.52608279e-05
8.10522853e-05
0.000111834083
0.000138212522
0.000160727321
0.00017985891
0.000196035047
0.000209636785
0.00022100367
0.000230438162
0.000238209511
0.000244557185
0.000249693912
0.000253808373
0.00025706761
0.000259619191
0.000261593166
0.000263103757
0.000264250711
0.000265120801
0.000265791723
0.00026633873
0.000266823287
0.00026720861
-0.000552728239
-0.000410309961
-0.000315650442
-0.000232961041
-0.000160138364
-9.65972368e-05
-4.14328491e-05
6.3633981e-06
4.7686955e-05
8.331523e-05
0.000113934827
0.000140156216
0.000162522262
0.000181515643
0.000197565687
0.000211054437
0.000222321923
0.000231670728
0.000239369982
0.000245658863
0.000250749698
0.000254830695
0.000258068386
0.000260609813
0.0002625845
0.000264106146
0.00026527394
0.000266174085
0.00026688411
0.000267480327
0.000268024341
0.000268465009
-0.000549161952
-0.000406783558
-0.000311860761
-0.000229306783
-0.000156639055
-9.32711927e-05
-3.83122501e-05
9.25510678e-06
5.0338738e-05
8.57254549e-05
0.000116108764
0.000142104339
0.000164258839
0.000183057519
0.000198931292
0.000212262993
0.000223392823
0.000232623087
0.000240222322
0.000246428915
0.000251454277
0.000255485645
0.000258688565
0.000261209114
0.000263175892
0.000264701717
0.000265884904
0.000266810828
0.000267556661
0.000268199567
0.000268800789
0.00026929406
-0.00054472985
-0.000402396501
-0.000307296095
-0.000224936992
-0.000152503484
-8.94010737e-05
-3.47445283e-05
1.24962584e-05
5.32441576e-05
8.82975057e-05
0.000118358338
0.000144048631
0.000165919468
0.000184458928
0.000200099445
0.000213224345
0.000224173551
0.000233248534
0.000240716627
0.00024681478
0.000251752853
0.000255716496
0.000258869692
0.000261357024
0.000263305693
0.000264827211
0.000266018657
0.000266964274
0.000267740674
0.000268425673
0.000269079115
0.000269616165
-0.000539281505
-0.000397010854
-0.000301830383
-0.000219742073
-0.000147639355
-8.49120205e-05
-3.06719783e-05
1.61281891e-05
5.64293592e-05
9.10437715e-05
0.000120683744
0.000145978678
0.000167484665
0.00018569275
0.000201036685
0.000213899841
0.000224621244
0.000233500808
0.000240803878
0.000246765179
0.000251592236
0.000255468372
0.000258555316
0.000260995526
0.000262914236
0.000264421166
0.000265611739
0.000266568614
0.000267367112
0.000268085259
0.000268785542
0.000269377257
-0.00053266074
-0.000390484058
-0.000295334792
-0.000213611113
-0.000141954354
-7.97303105e-05
-2.60388991e-05
2.01896844e-05
5.99177165e-05
9.39739412e-05
0.000123082799
0.000147882219
0.000168933775
0.000186731469
0.000201709985
0.000214252097
0.000224695114
0.000233336476
0.000240438586
0.000246232982
0.000250923937
0.000254691577
0.000257694584
0.000260072572
0.000261948173
0.000263428754
0.000264607625
0.000265565553
0.000266376346
0.000267117324
0.000267850339
0.000268479837
-0.000524708391
-0.000382671523
-0.000287680399
-0.000206434362
-0.000135358483
-7.3785459e-05
-2.07933955e-05
2.47155572e-05
6.37288419e-05
9.70944924e-05
0.000125550933
0.000149745629
0.000170245942
0.000187548594
0.000202088582
0.000214247188
0.000224358954
0.000232717712
0.000239581766
0.00024517834
0.000249707381
0.000253344824
0.000256245398
0.000258545063
0.000260363133
0.000261804002
0.00026295833
0.000263904606
0.000264714961
0.000265465702
0.000266215789
0.000266857144
-0.000515265417
-0.000373429535
-0.000278741195
-0.000198106082
-0.000127766702
-6.70125973e-05
-1.48894011e-05
2.97350548e-05
6.78775001e-05
0.000100408157
0.000128081232
0.000151554543
0.000171401282
0.000188120353
0.000202146132
0.000213857225
0.000223584082
0.00023161555
0.000238204475
0.00024357246
0.000247913907
0.000251399446
0.000254178846
0.000256383526
0.000258128705
0.000259515145
0.000260630313
0.000261549928
0.000262343819
0.000263086449
0.000263834956
0.000264477927
-0.000504176345
-0.000362618459
-0.00026839744
-0.000188527751
-0.000119101905
-5.93551347e-05
-8.28898117e-06
3.52700159e-05
7.23723154e-05
0.000103913248
0.000130664411
0.000153294478
0.000172382123
0.000188427497
0.000201863036
0.000213063127
0.000222352495
0.000230013368
0.000236291555
0.000241401565
0.000245530902
0.000248843672
0.000251483611
0.000253576661
0.000255233141
0.000256549463
0.000257609338
0.000258485269
0.000259244267
0.000259958105
0.000260681817
0.000261305911
-0.000491292914
-0.000350106076
-0.000256539299
-0.000177611622
-0.000109298184
-5.07676691e-05
-9.64934082e-07
4.13326785e-05
7.72141351e-05
0.000107602679
0.000133288544
0.000154951265
0.000173174123
0.000188457049
0.000201228734
0.000211857396
0.000220660055
0.000227910412
0.000233845451
0.00023867095
0.000242566053
0.000245687053
0.000248170546
0.000250136008
0.000251687986
0.000252917827
0.000253904932
0.000254718205
0.000255421342
0.00025608247
0.000256754026
0.000257334374
-0.000476477649
-0.000335770747
-0.000243070558
-0.000165284797
-9.83047906e-05
-4.12195581e-05
7.09586145e-06
4.79227474e-05
8.23937022e-05
0.000111462367
0.000135938249
0.000156511031
0.000173766979
0.000188203667
0.000200243648
0.000210246533
0.000218519283
0.000225324875
0.000230889473
0.000235408355
0.000239050754
0.000241963844
0.00024427594
0.000246099107
0.000247531335
0.000248658173
0.000249554036
0.000250284111
0.000250908302
0.000251490047
0.000252078653
0.000252587099
-0.000459606725
-0.000319504209
-0.000227914113
-0.000151497518
-8.60927645e-05
-3.06992105e-05
1.58872571e-05
5.5022417e-05
8.78876928e-05
0.000115468358
0.000138592842
0.000157959307
0.000174154428
0.000187670419
0.00019892062
0.000208253064
0.000215961918
0.00022229698
0.000227471458
0.000231668292
0.000235045274
0.000237739183
0.000239869118
0.000241539154
0.000242839702
0.000243848136
0.000244633039
0.000245258034
0.000245777166
0.000246249247
0.000246720414
0.000247125765
-0.000440569047
-0.000301212666
-0.000211024132
-0.000136245075
-7.26516625e-05
-1.91955419e-05
2.53849232e-05
6.25920382e-05
9.36543996e-05
0.000119583307
0.000141223641
0.000159279203
0.000174333233
0.000186868474
0.000197285136
0.000205916122
0.000213039652
0.000218889622
0.000223663961
0.000227531292
0.000230636153
0.000233103104
0.000235040569
0.000236545022
0.000237699644
0.000238557776
0.000239216259
0.000239732614
0.000240125532
0.000240458559
0.000240776107
0.000241044457
-0.000419248483
-0.000280798866
-0.000192374539
-0.000119563527
-5.79335239e-05
-6.63727539e-06
3.55472674e-05
7.05683542e-05
9.96309347e-05
0.000123753077
0.000143790973
0.000160449146
0.000174301579
0.000185816028
0.000195374688
0.000203291085
0.000209824067
0.000215188714
0.000219565265
0.000223106106
0.000225940633
0.00022817927
0.000229916928
0.000231248547
0.000232299303
0.000233073856
0.000233547905
0.000233849031
0.000234078131
0.000234249028
0.000234380866
0.000234478312
-0.000395503669
-0.000258114057
-0.000171839235
-0.000101296405
-4.21231752e-05
6.54839528e-06
4.61257761e-05
7.87972775e-05
0.00010569431
0.000127878238
0.000146227955
0.000161433963
0.00017405384
0.000184535412
0.000193237835
0.000200450282
0.000206409859
0.000211310117
0.000215311406
0.000218548668
0.000221137018
0.000223176332
0.000224753887
0.000225930768
0.00022671282
0.000227241643
0.000227654438
0.000227894466
0.00022795511
0.000227910382
0.000227808019
0.000227701092
-0.000369313528
-0.00023313716
-0.000149570768
-8.15335901e-05
-2.55641206e-05
2.00945396e-05
5.70923068e-05
8.71122769e-05
0.000111700688
0.000131814109
0.000148443414
0.000162185577
0.000173578665
0.000183048219
0.000190925322
0.000197471414
0.000202895932
0.000207368409
0.000211027816
0.00021398972
0.000216351815
0.000218197695
0.000219599707
0.000220618965
0.000221309577
0.000221740871
0.000221939741
0.000221939951
0.000221797156
0.000221531926
0.000221171263
0.000220825577
-0.000340648824
-0.000205809095
-0.000125741486
-6.04222936e-05
-8.08997425e-06
3.38444252e-05
6.79729548e-05
9.5308036e-05
0.000117443301
0.000135513287
0.000150371567
0.000162657231
0.000172866871
0.000181383134
0.000188500408
0.000194447263
0.000199403388
0.000203512
0.000206888999
0.000209629782
0.000211814376
0.000213510718
0.000214777898
0.000215667873
0.000216227869
0.000216503144
0.000216536437
0.000216360535
0.000216006817
0.000215490639
0.000214835447
0.000214218952
-0.000309512769
-0.000176409728
-0.000100545679
-3.87040253e-05
9.95143344e-06
4.81540632e-05
7.86924468e-05
0.000103074153
0.000122710184
0.000138699116
0.000151850913
0.000162765219
0.000171888818
0.00017955604
0.000186018647
0.000191468167
0.000196052299
0.000199886786
0.00020306397
0.000205658973
0.000207734224
0.000209342905
0.000210530879
0.000211338707
0.000211803719
0.000211960735
0.000211843496
0.000211484197
0.000210908346
0.000210121429
0.000209142968
0.000208226668
-0.000275798682
-0.000145528162
-7.36994961e-05
-1.64993075e-05
2.77464403e-05
6.19535444e-05
8.87843516e-05
0.000110067918
0.000127188515
0.00014116561
0.000152734566
0.000162423808
0.000170614758
0.000177584801
0.000183537771
0.000188625507
0.000192962978
0.000196638833
0.000199722732
0.000202270496
0.00020432777
0.000205932688
0.000207117859
0.000207912131
0.000208341144
0.000208429381
0.000208201816
0.000207684587
0.000206896765
0.000205832025
0.000204504235
0.000203257338
-0.000239285603
-0.000113208211
-4.55476976e-05
5.78647352e-06
4.47203351e-05
7.44650594e-05
9.75081255e-05
0.000115737381
0.000130477634
0.000142639286
0.000152849038
0.000161540618
0.000169016682
0.000175491146
0.000181117802
0.000186009423
0.000190250441
0.000193905316
0.000197024046
0.000199645841
0.000201801683
0.000203516224
0.000204809165
0.000205696169
0.000206189683
0.000206300322
0.000206039511
0.000205421269
0.000204452509
0.000203110017
0.000201407036
0.000199787938
-0.00019968494
-7.91728215e-05
-1.7289815e-05
2.71753472e-05
6.01272985e-05
8.49736516e-05
0.00010420277
0.000119570399
0.000132223483
0.000142899348
0.000152078229
0.000160078137
0.000167113607
0.000173333315
0.000178843707
0.000183723497
0.000188032631
0.000191817724
0.00019511519
0.000197952955
0.000200351639
0.000202325809
0.000203884719
0.000205031446
0.000205762669
0.000206067915
0.000205931146
0.00020534332
0.000204286688
0.000202700695
0.000200574821
0.000198500987
-0.00015625275
-4.34452891e-05
1.01055181e-05
4.62737539e-05
7.25362033e-05
9.24176785e-05
0.000108134356
0.000121103773
0.000132173405
0.00014184509
0.000150424385
0.000158104324
0.000165011415
0.000171234907
0.000176843017
0.000181890305
0.000186421968
0.000190476142
0.000194084336
0.000197270348
0.000200049904
0.000202434659
0.000204434426
0.000206044995
0.000207254534
0.000208037823
0.000208321907
0.000208040767
0.000207128282
0.000205446324
0.000202878812
0.00020026231
-0.000107439184
-6.95928199e-06
3.452738e-05
6.10020213e-05
8.03947465e-05
9.58116869e-05
0.000108789563
0.000120163374
0.000130370614
0.000139644584
0.000148117056
0.000155870044
0.000162954743
0.00016941591
0.000175301536
0.000180658303
0.0001855317
0.000189967151
0.000194009186
0.00019769464
0.000201044386
0.000204089986
0.000206880788
0.000209401391
0.000211625369
0.000213569309
0.000215047756
0.000215788127
0.000215620905
0.000214323947
0.000211484127
0.000208438956
-4.24563498e-05
2.91308607e-05
5.17424033e-05
6.76974903e-05
8.12784451e-05
9.37784197e-05
0.000105534748
0.00011661026
0.000126994872
0.000136679294
0.000145665348
0.000153946616
0.000161525152
0.000168437317
0.000174737612
0.000180480155
0.000185721971
0.000190529545
0.000194984408
0.000199158413
0.000203038402
0.000206574483
0.000209880401
0.000213282925
0.000217066466
0.000220850289
0.000223678913
0.000225484249
0.000227043286
0.000228190418
0.000227837766
0.000225777092
6.46122881e-05
6.48629494e-05
6.23760836e-05
6.80882416e-05
7.7793492e-05
8.91345623e-05
0.000100943755
0.000112572575
0.000123663373
0.000134102526
0.000143880291
0.000152905213
0.000161080425
0.000168464338
0.000175161663
0.000181237721
0.000186754988
0.000191794841
0.000196499176
0.000201024718
0.000205402037
0.000209573728
0.000213608896
0.000217815113
0.000222896622
0.000229751033
0.000238626779
0.000250127501
0.000265206463
0.000285366748
0.000314262111
0.000349257938
)
;

boundaryField
{
    inner_wall
    {
        type            zeroGradient;
    }
    outer_wall
    {
        type            zeroGradient;
    }
    top
    {
        type            zeroGradient;
    }
    bottom
    {
        type            fixedValue;
        value           uniform 0;
    }
    front
    {
        type            wedge;
    }
    back
    {
        type            wedge;
    }
}


// ************************************************************************* //
