/*--------------------------------*- C++ -*----------------------------------*\
| =========                 |                                                 |
| \\      /  F ield         | OpenFOAM: The Open Source CFD Toolbox           |
|  \\    /   O peration     | Version:  2506                                  |
|   \\  /    A nd           | Website:  www.openfoam.com                      |
|    \\/     M anipulation  |                                                 |
\*---------------------------------------------------------------------------*/
FoamFile
{
    version     2.0;
    format      ascii;
    arch        "LSB;label=32;scalar=64";
    class       volScalarField;
    location    "212";
    object      p;
}
// * * * * * * * * * * * * * * * * * * * * * * * * * * * * * * * * * * * * * //

dimensions      [0 2 -2 0 0 0 0];

internalField   nonuniform List<scalar> 
3072
(
-0.000123967156
-9.41515293e-05
-9.04857039e-05
-8.44512071e-05
-7.46945495e-05
-6.29698089e-05
-5.10207635e-05
-3.99856131e-05
-2.77742574e-05
-1.40153785e-05
-7.56287936e-06
-7.76018439e-06
-7.6220423e-06
-6.31046116e-06
-4.47204101e-06
-2.49540403e-06
-5.357279e-07
1.3237912e-06
3.02537082e-06
4.52418769e-06
5.80686714e-06
7.01603946e-06
8.04229849e-06
8.74650153e-06
9.27238622e-06
9.66435274e-06
9.94257583e-06
1.01314842e-05
1.02633918e-05
1.03857711e-05
1.0565904e-05
1.08151627e-05
-0.000264310419
-0.000186452126
-0.00016013869
-0.000141512764
-0.000123474797
-0.00010485065
-8.64210229e-05
-6.86357504e-05
-5.08430103e-05
-3.3933634e-05
-2.1812542e-05
-1.44699934e-05
-8.57002253e-06
-3.29991479e-06
1.33040774e-06
5.32477573e-06
8.74335743e-06
1.16448839e-05
1.40880854e-05
1.61498289e-05
1.77775624e-05
1.92003253e-05
2.04184808e-05
2.12384737e-05
2.18514287e-05
2.23315841e-05
2.27116269e-05
2.30231804e-05
2.33043147e-05
2.36021569e-05
2.39473781e-05
2.42410759e-05
-0.000326423855
-0.000221781268
-0.000176574435
-0.000146113112
-0.000121669672
-0.000100771945
-8.23237839e-05
-6.56797809e-05
-5.03714434e-05
-3.65147286e-05
-2.47568932e-05
-1.50290789e-05
-6.70558224e-06
5.33257885e-07
6.82418863e-06
1.22633673e-05
1.69345218e-05
2.09092459e-05
2.42731745e-05
2.72005418e-05
2.95866314e-05
3.14880766e-05
3.3081153e-05
3.43169151e-05
3.528519e-05
3.60472076e-05
3.6646926e-05
3.71230362e-05
3.75126483e-05
3.78541421e-05
3.81780594e-05
3.84492301e-05
-0.000386212927
-0.000266915192
-0.000210788365
-0.000168760908
-0.000135763063
-0.000109664233
-8.7852288e-05
-6.89316335e-05
-5.21830166e-05
-3.72967569e-05
-2.41971544e-05
-1.27467283e-05
-2.72759632e-06
6.0406764e-06
1.36900565e-05
2.03248317e-05
2.60363728e-05
3.0911003e-05
3.5037883e-05
3.8500918e-05
4.14022763e-05
4.37573611e-05
4.56285887e-05
4.71510736e-05
4.83630138e-05
4.93170682e-05
5.00674361e-05
5.06623439e-05
5.11448565e-05
5.15569725e-05
5.19303044e-05
5.22253881e-05
-0.000442025345
-0.00031568074
-0.000246465701
-0.000194678166
-0.000154290616
-0.000122038944
-9.54362488e-05
-7.29130943e-05
-5.34564589e-05
-3.64582532e-05
-2.15551629e-05
-8.48026381e-06
2.98970159e-06
1.3032755e-05
2.17905663e-05
2.93832631e-05
3.59220517e-05
4.15135544e-05
4.62355869e-05
5.00709356e-05
5.32998451e-05
5.60636591e-05
5.82581151e-05
6.00109163e-05
6.14108066e-05
6.25244125e-05
6.34105888e-05
6.41221955e-05
6.47075682e-05
6.52151883e-05
6.56822668e-05
6.605747e-05
-0.000490655534
-0.000359350206
-0.00028009128
-0.000220370353
-0.000173454988
-0.00013507451
-0.000103461293
-7.69814287e-05
-5.4412523e-05
-3.49371393e-05
-1.80134852e-05
-3.25693353e-06
9.62071969e-06
2.08410281e-05
3.05814331e-05
3.89919065e-05
4.62065719e-05
5.23489794e-05
5.75295225e-05
6.18425056e-05
6.54207999e-05
6.83738088e-05
7.07722351e-05
7.27058045e-05
7.42588594e-05
7.55059846e-05
7.65134343e-05
7.73399556e-05
7.80400881e-05
7.86710727e-05
7.92766576e-05
7.97778531e-05
-0.000531925765
-0.000396360103
-0.000311284975
-0.00024535346
-0.000191929379
-0.000147979332
-0.000111621492
-8.11857731e-05
-5.53783217e-05
-3.32741867e-05
-1.42176061e-05
2.27298208e-06
1.65601259e-05
2.89247195e-05
3.95928383e-05
4.87542461e-05
5.65747299e-05
6.32035608e-05
6.87778144e-05
7.34253122e-05
7.72691622e-05
8.04239737e-05
8.29931792e-05
8.50736389e-05
8.67550361e-05
8.81190027e-05
8.92385211e-05
9.01781567e-05
9.09987422e-05
9.17668847e-05
9.25330264e-05
9.31836485e-05
-0.000566132813
-0.000427474183
-0.000338406778
-0.000267796786
-0.000209055561
-0.000160191582
-0.000119500868
-8.53394905e-05
-5.63985366e-05
-3.17025947e-05
-1.05252549e-05
7.68777595e-06
2.3365109e-05
3.68457784e-05
4.84057163e-05
5.8276908e-05
6.66602646e-05
7.37343556e-05
7.96609105e-05
8.45884857e-05
8.86546003e-05
9.19861977e-05
9.46998156e-05
9.69025325e-05
9.86922504e-05
0.000100157664
0.00010137784
0.000102422646
0.000103358735
0.000104261565
0.00010518762
0.000105987817
-0.000594146879
-0.00045343531
-0.000361223979
-0.000286857392
-0.000223987879
-0.000171079219
-0.000126661909
-8.91942409e-05
-5.74007579e-05
-3.02971371e-05
-7.12035029e-06
1.27315952e-05
2.97379361e-05
4.42864696e-05
5.66976591e-05
6.72427132e-05
7.61563446e-05
8.36457745e-05
8.98967586e-05
9.50776843e-05
9.93421649e-05
0.000102830523
0.000105670789
0.00010797959
0.000109862748
0.000111415563
0.000112722636
0.000113858513
0.000114894869
0.000115914686
0.000116979451
0.000117909171
-0.000616490118
-0.000474436908
-0.000379939628
-0.00030266856
-0.000236574295
-0.00018040499
-0.000132888539
-9.25989427e-05
-5.83159506e-05
-2.90709284e-05
-4.08744368e-06
1.72641458e-05
3.54984837e-05
5.10408394e-05
6.42482381e-05
7.54254384e-05
8.48370657e-05
9.27162109e-05
9.92707059e-05
0.000104687394
0.000109135189
0.000112767081
0.000115721653
0.000118124211
0.000120087724
0.000121713384
0.000123090612
0.000124297937
0.000125411081
0.000126518744
0.000127686183
0.00012871102
-0.000633726406
-0.000490848343
-0.000394799217
-0.00031536645
-0.000246803973
-0.000188073228
-0.000138060078
-9.54446731e-05
-5.906881e-05
-2.79908715e-05
-1.43661697e-06
2.12367973e-05
4.05664918e-05
5.70046696e-05
7.09363168e-05
8.26931499e-05
9.25645225e-05
0.00010080549
0.000107642891
0.000113279719
0.000117898392
0.000121663104
0.00012472166
0.000127206906
0.000129237946
0.000130920946
0.000132349332
0.000133604865
0.000134766277
0.000135925996
0.000137151794
0.000138229533
-0.000646482451
-0.000503163729
-0.000406149988
-0.000325165591
-0.000254771207
-0.000194090731
-0.000142131268
-9.76636553e-05
-5.95900679e-05
-2.69996772e-05
8.70558488e-07
2.46669305e-05
4.49392018e-05
6.2157552e-05
7.67270654e-05
8.89998576e-05
9.92845702e-05
0.000107853831
0.000114949911
0.000120789095
0.000125564982
0.000129451068
0.000132602771
0.000135159125
0.000137244197
0.000138968121
0.000140427461
0.000141706465
0.000142885883
0.000144059916
0.000145297695
0.000146384398
-0.000655394654
-0.000511912959
-0.000414397799
-0.000332349276
-0.000260647094
-0.000198536937
-0.000145114449
-9.92251695e-05
-5.98240225e-05
-2.60315672e-05
2.90028524e-06
2.76152173e-05
4.86687499e-05
6.65419402e-05
8.16534327e-05
9.43698244e-05
0.000105013977
0.000113871741
0.000121197213
0.00012721694
0.000132133222
0.000136126779
0.000139358931
0.00014197345
0.000144098158
0.00014584613
0.000147316232
0.000148594499
0.000149762812
0.000150915409
0.000152121794
0.000153176688
-0.000661078648
-0.000517622772
-0.000419968999
-0.000337236161
-0.000264647529
-0.000201538466
-0.000147064334
-0.000100129145
-5.9732279e-05
-2.50233561e-05
4.73015107e-06
3.01660487e-05
5.18410725e-05
7.0241942e-05
8.57957147e-05
9.88785462e-05
0.000109823114
0.000118924573
0.000126445496
0.000132619826
0.00013765616
0.000141740423
0.00014503816
0.000147696485
0.000149845817
0.00015160121
0.000153063067
0.0001543186
0.000155450079
0.000156550364
0.000157688566
0.000158677421
-0.000664111097
-0.000520794175
-0.000423284789
-0.000340155123
-0.000267010777
-0.000203250496
-0.000148064776
-0.00010040094
-5.92951682e-05
-2.39218334e-05
6.43693871e-06
3.24118461e-05
5.45579906e-05
7.33642469e-05
8.92621818e-05
0.000102633702
0.000113817656
0.000123115236
0.000130794573
0.000137094493
0.000142227734
0.000146383619
0.000149730399
0.000152417278
0.000154576238
0.000156323474
0.000157760269
0.000158974504
0.000160048265
0.00016107199
0.000162113847
0.000163010841
-0.000665020889
-0.000521895634
-0.000424751975
-0.000341432014
-0.00026798263
-0.000203844172
-0.000148219709
-0.000100087095
-5.85118184e-05
-2.26884749e-05
8.08800226e-06
3.44411756e-05
5.69230235e-05
7.60223253e-05
9.21724145e-05
0.000105758111
0.000117121621
0.00012656757
0.000134367271
0.000140762359
0.00014596791
0.000150175122
0.000153553671
0.0001562538
0.000158408191
0.000160133498
0.00016153135
0.000162689903
0.000163690644
0.000164620917
0.000165547598
0.000166335877
-0.000664283298
-0.000521352626
-0.00042474558
-0.000341375427
-0.000267805107
-0.000203496684
-0.000147645851
-9.9250509e-05
-5.73988461e-05
-2.1301551e-05
9.73599822e-06
3.63308177e-05
5.90312699e-05
7.83246816e-05
9.46443934e-05
0.000108376109
0.000119863354
0.000129412207
0.000137295355
0.000143755616
0.000149008991
0.000153247345
0.000156640774
0.000159339728
0.000161476921
0.000163168937
0.000164517353
0.000165610301
0.000166528415
0.000167355592
0.000168157245
0.00016882847
-0.00066231162
-0.000519540845
-0.000423607249
-0.000340271647
-0.000266708347
-0.000202382889
-0.000146465378
-9.7964984e-05
-5.59873008e-05
-1.97554259e-05
1.14171588e-05
3.81418918e-05
6.09635864e-05
8.03674701e-05
9.67858535e-05
0.00011060398
0.000122165286
0.000131775892
0.000139708556
0.000146206083
0.000151484368
0.000155735046
0.000159127892
0.000161812952
0.000163922494
0.000165572653
0.000166864674
0.000167886461
0.000168717658
0.00016943864
0.000170113314
0.00017066654
-0.000659462436
-0.000516782768
-0.000421639733
-0.000338377877
-0.000264903103
-0.000200667873
-0.000144798938
-9.63093343e-05
-5.43181161e-05
-1.80576593e-05
1.3152495e-05
3.99193556e-05
6.27845105e-05
8.22310112e-05
9.86896174e-05
0.000112544313
0.000124137506
0.000133774431
0.000141727025
0.000148237285
0.000153520283
0.000157766825
0.000161145857
0.000163806618
0.00016588061
0.000167483276
0.00016871535
0.000169664381
0.000170408978
0.000171026126
0.000171578283
0.000172018468
-0.000656030898
-0.000513345181
-0.00041910682
-0.00033592148
-0.000262577773
-0.000198502555
-0.000142760697
-9.43625591e-05
-5.24377832e-05
-1.62255369e-05
1.49503532e-05
4.16934898e-05
6.45425452e-05
8.39789435e-05
0.000100431897
0.000114283503
0.000125874525
0.000135508783
0.000143456874
0.000149959499
0.000155230475
0.000159459413
0.000162814131
0.000165442822
0.000167476038
0.000169028405
0.00017020004
0.000171078068
0.000171740089
0.000172259968
0.000172698844
0.000173035257
-0.000652249205
-0.000509468518
-0.000416222677
-0.000333097217
-0.000259899664
-0.000196022936
-0.000140455507
-9.22002479e-05
-5.03946089e-05
-1.42823076e-05
1.68104235e-05
4.34839211e-05
6.627171e-05
8.56575651e-05
0.000102071712
0.000115891219
0.000127454381
0.000137063663
0.000144988261
0.000151467381
0.000156713381
0.000160914505
0.000164237306
0.00016682883
0.000168818606
0.000170320389
0.000171433648
0.000172245049
0.000172831252
0.000173263362
0.000173601363
0.000173846058
-0.000648309786
-0.000505543657
-0.000413023522
-0.000330015927
-0.000257004782
-0.000193345106
-0.00013797404
-8.98897053e-05
-4.82337982e-05
-1.22515922e-05
1.87305803e-05
4.53085681e-05
6.79953953e-05
8.72932848e-05
0.00010364957
0.000117419443
0.000128937695
0.000138506578
0.000146394325
0.000152838725
0.000158050697
0.000162217122
0.000165503291
0.000168055106
0.000170001085
0.000171454129
0.000172513064
0.000173264101
0.000173783053
0.000174138654
0.000174389918
0.000174556418
-0.00064435859
-0.000501785464
-0.00040959453
-0.000326787835
-0.000254003372
-0.000190564571
-0.000135394658
-8.7493109e-05
-4.60032661e-05
-1.01708671e-05
2.0675658e-05
4.71294197e-05
6.97230564e-05
8.89480309e-05
0.000105226618
0.000118924123
0.000130380499
0.000139896025
0.000147736509
0.000154137895
0.000159309544
0.000163436912
0.000166684004
0.000169195584
0.00017109919
0.00017250689
0.000173516885
0.000174214953
0.000174676168
0.000174967268
0.000175146404
0.000175248693
-0.000640495753
-0.000498119774
-0.000406181931
-0.000323534755
-0.000250976584
-0.00018775343
-0.000132779119
-8.50584329e-05
-4.37366845e-05
-8.06414206e-06
2.26387228e-05
4.89666293e-05
7.14755469e-05
9.06229835e-05
0.000106806798
0.00012042316
0.000131811387
0.000141267985
0.000149056405
0.000155410992
0.000160539679
0.000164626618
0.000167834658
0.000170307519
0.00017217171
0.000173538674
0.000174506068
0.000175159161
0.000175572441
0.000175811062
0.00017593222
0.000175983333
-0.000636798246
-0.000494584011
-0.000402826069
-0.000320370394
-0.000247993742
-0.000184958666
-0.00013016588
-8.26125548e-05
-4.14409125e-05
-5.94861661e-06
2.46306664e-05
5.08472845e-05
7.32423085e-05
9.22821593e-05
0.000108381152
0.000121924784
0.000133248078
0.000142646699
0.0001503834
0.000156691518
0.0001617779
0.000165825706
0.000168997023
0.000171434652
0.000173261911
0.000174592509
0.000175524566
0.000176141027
0.000176516
0.000176713718
0.000176790435
0.000176801427
-0.000633314753
-0.000491225683
-0.000399594591
-0.000317331535
-0.000245110039
-0.000182229798
-0.000127596359
-8.02016081e-05
-3.91855419e-05
-3.79639027e-06
2.66461452e-05
5.27502662e-05
7.50345888e-05
9.3966433e-05
0.000109983036
0.000123455555
0.000134715071
0.000144056835
0.000151743038
0.000158006097
0.000163051899
0.000167062654
0.000170199437
0.000172604372
0.000174402563
0.000175704278
0.000176606237
0.000177193007
0.000177538204
0.000177705032
0.000177749449
0.000177732729
-0.000630067329
-0.000488069064
-0.000396541984
-0.000314418761
-0.000242329811
-0.000179585472
-0.00012509057
-7.78323623e-05
-3.69472205e-05
-1.67641928e-06
2.86573397e-05
5.46623218e-05
7.68381512e-05
9.56699386e-05
0.000111612527
0.000125020314
0.00013622104
0.000145510108
0.000153149476
0.000159370884
0.000164379475
0.000168356749
0.000171463102
0.000173840076
0.00017561239
0.000176889727
0.000177768416
0.000178332847
0.000178656287
0.000178801297
0.00017882356
0.000178788202
-0.00062705907
-0.000485121381
-0.000393674255
-0.000311654192
-0.000239673571
-0.000177043188
-0.000122664783
-7.55218446e-05
-3.47480616e-05
4.18231371e-07
3.06598221e-05
5.65757211e-05
7.86540895e-05
9.73999642e-05
0.000113277133
0.000126626557
0.000137774003
0.000147015248
0.000154612138
0.000160795917
0.000165771164
0.000169718838
0.00017279883
0.000175152213
0.000176903277
0.000178161352
0.000179022469
0.000179570765
0.000179879254
0.000180010102
0.000180018784
0.000179972449
-0.000624280011
-0.000482378079
-0.000390987622
-0.000309042762
-0.000237147127
-0.000174608486
-0.000120325187
-7.32778046e-05
-3.25980388e-05
2.47717377e-06
3.2634008e-05
5.8478248e-05
8.04897179e-05
9.91680386e-05
0.00011498414
0.000128278986
0.000139377933
0.0001485762
0.000156135142
0.000162285548
0.000167231538
0.00017115363
0.000174211297
0.000176545236
0.000178279398
0.000179522818
0.000180371276
0.000180908701
0.000181207922
0.00018133089
0.000181332935
0.000181281779
-0.000621711051
-0.00047982533
-0.000388471513
-0.000306578462
-0.000234746652
-0.000172279075
-0.00011807087
-7.11004341e-05
-3.04981015e-05
4.49928482e-06
3.45786183e-05
6.0355992e-05
8.23338166e-05
0.000100977729
0.000116735955
0.000129977867
0.000141032308
0.000150192327
0.000157717924
0.000163839309
0.000168760192
0.000172660702
0.000175699956
0.000178018338
0.000179739526
0.000180972316
0.000181812284
0.000182343184
0.000182637709
0.000182757737
0.000182758506
0.000182707234
-0.00061932749
-0.000477443158
-0.000386109757
-0.000304248796
-0.000232462074
-0.000170046522
-0.000115894117
-6.89813482e-05
-2.84364493e-05
6.50544673e-06
3.65276975e-05
6.22296284e-05
8.41649133e-05
0.000102791691
0.000118507779
0.000131707918
0.000142726475
0.000151855446
0.000159353858
0.000165451565
0.000170352059
0.000174235242
0.000177260008
0.000179566532
0.000181278303
0.00018250395
0.000183338893
0.000183866752
0.000184160131
0.000184280935
0.000184284358
0.000184236361
-0.000617102333
-0.000475208642
-0.000383883266
-0.000302038201
-0.000230280982
-0.000167901254
-0.00011378792
-6.69158642e-05
-2.64109669e-05
8.49404175e-06
3.84770262e-05
6.41165044e-05
8.59991847e-05
0.000104601021
0.000120289687
0.000133461652
0.000144454
0.000153559381
0.000161036828
0.000167116178
0.00017200089
0.000175870797
0.000178884699
0.000181182665
0.000182888082
0.000184109471
0.00018494215
0.000185469636
0.000185764485
0.000185888704
0.000185897472
0.000185855014
-0.000615008337
-0.000473097968
-0.000381771867
-0.000299929789
-0.000228189994
-0.000165833529
-0.000111746427
-6.49028223e-05
-2.44275055e-05
1.04476032e-05
4.03992524e-05
6.60084881e-05
8.78593435e-05
0.000106429086
0.000122091967
0.000135242027
0.0001462143
0.000155301369
0.000162762532
0.000168827727
0.000173700413
0.000177560395
0.00018056643
0.00018285854
0.000184560052
0.000185779425
0.000186611906
0.000187140937
0.000187439055
0.000187568413
0.000187584195
0.000187548628
-0.000613019075
-0.000471087514
-0.000379755154
-0.000297905744
-0.000226174293
-0.000163831358
-0.000109760206
-6.2934986e-05
-2.24803295e-05
1.23718318e-05
4.23003631e-05
6.79009056e-05
8.97392047e-05
0.00010827402
0.000123907986
0.000137042369
0.000148001094
0.000157075063
0.000164524284
0.000170579101
0.000175443069
0.000179296013
0.000182296705
0.000184585164
0.000186284702
0.00018750375
0.000188337513
0.000188869381
0.000189171894
0.000189307375
0.000189331028
0.00018930298
-0.000611109824
-0.000469154847
-0.000377813559
-0.000295948497
-0.000224218997
-0.000161882413
-0.000107819198
-6.10042972e-05
-2.05626336e-05
1.42737579e-05
4.41866103e-05
6.97854598e-05
9.16207312e-05
0.000110130075
0.000125740253
0.000138863102
0.000149811945
0.000158876282
0.000166316751
0.000172364053
0.000177221834
0.000181069962
0.000184067237
0.000186353698
0.000188052663
0.000189272555
0.000190108552
0.000190644011
0.000190951489
0.000191093489
0.000191125234
0.000191104774
-0.000609258324
-0.000467279499
-0.000375929151
-0.000294041459
-0.000222309915
-0.000159974678
-0.000105913206
-5.91019926e-05
-1.86662531e-05
1.61624732e-05
4.60670149e-05
7.16590857e-05
9.34864235e-05
0.000111986968
0.000127588983
0.00014070279
0.000151643185
0.000160700089
0.000168134161
0.000174176116
0.000179029636
0.000182874627
0.000185869922
0.000188155583
0.000189854938
0.000191076413
0.000191915173
0.00019245455
0.000192767126
0.000192915582
0.000192955152
0.00019294192
-0.00060744534
-0.000465443571
-0.00037408633
-0.000292169732
-0.000220434494
-0.000158097728
-0.000104033712
-5.72214893e-05
-1.67867924e-05
1.80394368e-05
4.79405729e-05
7.35282907e-05
9.53489001e-05
0.000113845397
0.000129445083
0.000142553291
0.000153488004
0.000162540004
0.000169969933
0.000176008483
0.000180859389
0.00018470262
0.000187697056
0.000189982792
0.00019168318
0.000192906657
0.000193748384
0.00019429168
0.000194609159
0.000194763665
0.000194810432
0.000194803742
-0.000605654887
-0.000463631986
-0.000372272101
-0.000290320228
-0.000218581979
-0.000156242576
-0.000102173284
-5.53569347e-05
-1.49200552e-05
1.9907003e-05
4.98080561e-05
7.53943401e-05
9.72102298e-05
0.000115704748
0.00013130489
0.000144410335
0.000155341901
0.000164391143
0.000171818747
0.000177855432
0.000182705008
0.000186547519
0.000189541902
0.000191828294
0.000193530078
0.000194755708
0.000195600349
0.000196147315
0.000196469256
0.000196629159
0.000196682232
0.000196681163
-0.000603874226
-0.00046183259
-0.000370476196
-0.000288481624
-0.000216743699
-0.000154401819
-0.000100325733
-5.35034786e-05
-1.3062527e-05
2.17673396e-05
5.16702688e-05
7.72570251e-05
9.90705466e-05
0.000117565065
0.00013316706
0.000146271493
0.000157201664
0.000166249685
0.000173676286
0.000179712227
0.000184561397
0.000188403912
0.000191398769
0.000193686148
0.000195389462
0.000196617187
0.000197464495
0.000198014703
0.000198340494
0.000198504976
0.000198563299
0.000198566771
-0.000602093712
-0.000460036338
-0.000368690645
-0.000286644367
-0.000214913255
-0.000152569473
-9.84859927e-05
-5.16571526e-05
-1.12112575e-05
2.36224654e-05
5.35283827e-05
7.91168314e-05
0.000100929763
0.000119425583
0.000135030146
0.00014813473
0.000159064708
0.000168112582
0.000175539105
0.000181575081
0.000186424471
0.000190267457
0.000193263088
0.000195551583
0.000197256386
0.000198485992
0.000199335583
0.000199888481
0.000200217402
0.000200385547
0.000200447974
0.000200454823
-0.000600306437
-0.000458237341
-0.000366905387
-0.000284804763
-0.000213086541
-0.000150740582
-9.6650049e-05
-4.98148883e-05
-9.36394063e-06
2.54740013e-05
5.53834097e-05
8.09742544e-05
0.000102787816
0.00012128562
0.000136893009
0.000149998542
0.000160929143
0.000169977583
0.000177404641
0.00018344116
0.00018829116
0.000192134878
0.000195131405
0.000197420996
0.000199127118
0.000200358285
0.000201209688
0.000201764656
0.000202095932
0.000202266764
0.00020233208
0.000202341233
-0.000598507458
-0.000456431115
-0.00036509762
-0.000282978524
-0.000211261559
-0.000148911674
-9.48152549e-05
-4.79745807e-05
-7.51892041e-06
2.73231476e-05
5.72361262e-05
8.28297085e-05
0.000104644688
0.000123144721
0.000138754911
0.000151861956
0.000162793727
0.000171843196
0.000179271177
0.000185308547
0.000190159374
0.000194003937
0.000197001359
0.000199291921
0.000200999109
0.000202231452
0.000203084149
0.000203640543
0.000203973387
0.000204145864
0.000204212636
0.000204223908
-0.000596695843
-0.000454616348
-0.000363279754
-0.000281153186
-0.00020943414
-0.000147080478
-9.29795916e-05
-4.61345413e-05
-5.67487717e-06
2.91708604e-05
5.9087167e-05
8.46835553e-05
0.000106500423
0.000125002713
0.000140615584
0.000153724554
0.000164657868
0.00017370866
0.000181137799
0.000187176195
0.000192027949
0.00019587337
0.000198871604
0.000201162948
0.000202870904
0.000204104008
0.000204957466
0.000205514629
0.000205848255
0.000206021487
0.000206088807
0.000206101026
-0.000594871994
-0.000452792642
-0.000361454394
-0.000279327658
-0.00020760387
-0.00014524664
-9.11424936e-05
-4.42941884e-05
-3.831299e-06
3.10175284e-05
6.09367395e-05
8.65357035e-05
0.000108354715
0.000126859664
0.000142475437
0.000155586572
0.000166521606
0.000175573888
0.000183004325
0.000189043842
0.000193896558
0.000197742799
0.000200741725
0.000203033641
0.000204742055
0.000205975508
0.000206829211
0.000207386511
0.000207720169
0.000207893344
0.000207960606
0.000207972494
-0.000593037721
-0.000450961805
-0.000359621109
-0.000277503046
-0.000205771678
-0.00014341096
-8.93046769e-05
-4.24540745e-05
-1.98860686e-06
3.28628098e-05
6.27844357e-05
8.83852203e-05
0.000110205796
0.000128715487
0.000144336324
0.000157449409
0.000168385823
0.000177439525
0.000184871294
0.000190911967
0.000195765645
0.000199612654
0.000202612151
0.000204904439
0.000206613024
0.000207846447
0.00020869992
0.000209256784
0.000209589793
0.000209762163
0.000209828709
0.000209839191
-0.000591195899
-0.000449126631
-0.000357772589
-0.000275688618
-0.000203940957
-0.000141575518
-8.74678604e-05
-4.06154301e-05
-1.4750128e-07
3.47066285e-05
6.46310292e-05
9.02336687e-05
0.000112053496
0.000130568624
0.00014619777
0.000159313247
0.000170250967
0.000179306178
0.000186739453
0.000192781436
0.000197636176
0.000201483983
0.000204484003
0.000206776529
0.000208485064
0.000209718145
0.000210570983
0.000211126919
0.000211458693
0.000211629541
0.000211694453
0.000211703114
-0.000589351832
-0.000447291713
-0.000355922314
-0.000273877278
-0.00020211452
-0.000139743258
-8.5634193e-05
-3.87797746e-05
1.69113938e-06
3.65488878e-05
6.6477516e-05
9.20836426e-05
0.000113901239
0.000132418963
0.000148056882
0.00016117659
0.000172116819
0.000181174322
0.000188609697
0.000194653442
0.000199509568
0.000203358378
0.000206359012
0.000208651763
0.000210360128
0.000211592649
0.000212444542
0.000212999154
0.000213329208
0.000213497893
0.000213560295
0.000213566905
-0.000587512083
-0.000445462464
-0.000354082081
-0.000272068256
-0.000200295396
-0.00013791804
-8.380677e-05
-3.69495753e-05
3.52526104e-06
3.83876988e-05
6.83216634e-05
9.39325312e-05
0.000115750079
0.000134270315
0.000149916015
0.00016304117
0.000173985139
0.000183045843
0.000190484024
0.000196530103
0.000201388057
0.000205238187
0.000208239637
0.000210532699
0.000212240877
0.000213472719
0.000214323454
0.000214876441
0.000215204392
0.000215370429
0.000215429716
0.000215433679
-0.000585684087
-0.000443645473
-0.000352258108
-0.000270268071
-0.000198487933
-0.000136104125
-8.19891972e-05
-3.51277275e-05
5.35253378e-06
4.02211009e-05
7.01615509e-05
9.5778224e-05
0.000117598927
0.000136124602
0.000151778645
0.000164909856
0.000175858443
0.000184923221
0.000192364987
0.000198414071
0.00020327441
0.0002071263
0.000210128884
0.000212422463
0.000214130549
0.000215361705
0.000216211182
0.000216762357
0.000217087937
0.000217250974
0.000217306693
0.000217307517
-0.00058387622
-0.000441848527
-0.000350456672
-0.000268484176
-0.000196697414
-0.000134306083
-8.01852936e-05
-3.3317187e-05
7.17086541e-06
4.20479112e-05
7.19970968e-05
9.76217675e-05
0.000119448123
0.000137981495
0.000153645383
0.000166783975
0.000177738536
0.000186808642
0.000194255091
0.000200308119
0.000205171629
0.000209025914
0.000212030129
0.000214324588
0.000216032826
0.000217263431
0.000218111683
0.000218660993
0.000218984069
0.000219143896
0.000219195744
0.000219193087
-0.000582097666
-0.000440080214
-0.000348684903
-0.000266724203
-0.000194929817
-0.000132528921
-7.8399215e-05
-3.15212163e-05
8.97787789e-06
4.38666096e-05
7.38276459e-05
9.94633442e-05
0.000121298397
0.000139841899
0.00015551732
0.00016866504
0.0001796274
0.000188704488
0.00019615706
0.000202215266
0.000207082986
0.000210940528
0.000213947069
0.000216242955
0.000217951756
0.000219182101
0.000220029317
0.00022057686
0.000220897454
0.000221054019
0.000221101866
0.000221095545
-0.000580358243
-0.000438349658
-0.000346950572
-0.000264995936
-0.000193191542
-0.000130777966
-7.66353597e-05
-2.97432754e-05
1.07710331e-05
4.56755411e-05
7.56523982e-05
0.000101303057
0.000123150763
0.000141707003
0.00015739547
0.000170554421
0.000181526987
0.000190613205
0.000198073729
0.000204138674
0.000209011932
0.00021287384
0.000215883622
0.000218181679
0.000219891639
0.000221122195
0.000221968736
0.000222514782
0.000222833089
0.000222986525
0.00022303044
0.000223020457
-0.000578668182
-0.000436666287
-0.000345261827
-0.000263307188
-0.000191489158
-0.000129058693
-7.48982241e-05
-2.79868863e-05
1.25477938e-05
4.74731752e-05
7.74709796e-05
0.000103142129
0.000125008164
0.000143578063
0.000159278959
0.000172452219
0.00018343867
0.000192536991
0.000200007844
0.000206081507
0.000210961962
0.000214829624
0.000217843803
0.000220144989
0.000221856905
0.000223088332
0.00022393475
0.000224479764
0.000224796181
0.000224946834
0.000224987122
0.000224973693
-0.000577037841
-0.000435039552
-0.000343626895
-0.000261665607
-0.000189829174
-0.00012737657
-7.31923561e-05
-2.62557198e-05
1.43053263e-05
4.9257462e-05
7.9282073e-05
0.000104980139
0.000126871677
0.000145456879
0.000161169358
0.000174360385
0.00018536492
0.000194478753
0.000201962632
0.00020804724
0.000212936772
0.000216811774
0.000219831688
0.000222137142
0.000223851991
0.000225085137
0.00022593218
0.000226476833
0.000226791978
0.000226940444
0.000226977686
0.000226961277
-0.000575477324
-0.000433478563
-0.00034205372
-0.00026007839
-0.000188217748
-0.000125736829
-7.15222166e-05
-2.45536168e-05
1.60402009e-05
5.10249709e-05
8.10813474e-05
0.000106810982
0.000128737153
0.000147348929
0.000163075872
0.000176284321
0.000187309894
0.000196442413
0.000203941939
0.000210039684
0.000214940183
0.000218824169
0.000221851254
0.000224162238
0.00022588114
0.000227117024
0.000227965631
0.000228510811
0.000228825543
0.000228972691
0.000229007784
0.000228989149
-0.000573995995
-0.000431991623
-0.000340549503
-0.000258551825
-0.000186660182
-0.000124143864
-6.98913851e-05
-2.28834328e-05
1.77501779e-05
5.27739624e-05
8.28673636e-05
0.000108633027
0.000130602321
0.000149253762
0.00016500082
0.000178227033
0.000189276812
0.000198431075
0.000205948834
0.000212061943
0.000216975366
0.000220870069
0.000223905869
0.000226223776
0.000227948013
0.000229187833
0.000230039153
0.000230585979
0.000230901422
0.000231048421
0.000231082603
0.000231062809
-0.00057260199
-0.000430585749
-0.000339120265
-0.000257090846
-0.000185160492
-0.000122600836
-6.83021788e-05
-2.1246653e-05
1.94346311e-05
5.4504954e-05
8.46425096e-05
0.000110449862
0.000132463026
0.000151159908
0.000166941272
0.000180193945
0.000191270446
0.000200448125
0.000207986112
0.000214116616
0.00021904485
0.000222951998
0.000225998111
0.000228324436
0.000230055429
0.000231300561
0.00023215595
0.000232705785
0.000233023334
0.000233171668
0.000233206534
0.00023318697
-0.000571301742
-0.000429266183
-0.000337770458
-0.000255698591
-0.000183721083
-0.000121109501
-6.67556771e-05
-1.96436955e-05
2.10937888e-05
5.62189133e-05
8.64088076e-05
0.000112264865
0.000134322524
0.000153066242
0.000168894214
0.000182184202
0.00019329045
0.000202493586
0.000210054107
0.000216204287
0.000221149421
0.000225070923
0.00022812912
0.000230465539
0.000232204904
0.000233456937
0.00023431799
0.000234872459
0.000235193802
0.000235345285
0.000235382801
0.000235365185
-0.000570099449
-0.000428035787
-0.000336502616
-0.000254375889
-0.000182342393
-0.000119669999
-6.52516189e-05
-1.80739323e-05
2.27285639e-05
5.79168462e-05
8.81671618e-05
0.000114079844
0.000136188739
0.00015498045
0.000170857273
0.000184191233
0.000195332128
0.000204564613
0.000212150939
0.000218323607
0.000223288094
0.000227226139
0.000230298426
0.00023264683
0.000234396399
0.000235657155
0.00023652572
0.000237086726
0.000237413863
0.00023757066
0.00023761318
0.000237599571
-0.000568996407
-0.000426894267
-0.000335317548
-0.00025312029
-0.000181022373
-0.000118280725
-6.3788272e-05
-1.65354675e-05
2.43408187e-05
5.96002039e-05
8.99181947e-05
0.000115894292
0.000138060781
0.000156903883
0.000172832849
0.000186215365
0.000197394475
0.000206659804
0.000214275008
0.000220472823
0.00022545902
0.000229415759
0.000232504159
0.0002348665
0.000236628215
0.000237899687
0.000238777819
0.000239347516
0.000239682746
0.000239847384
0.00023989768
0.000239890497
-0.000567990248
-0.000425837768
-0.000334216474
-0.000251921551
-0.000179753577
-0.000116936907
-6.23610032e-05
-1.50239899e-05
2.59323147e-05
6.12710878e-05
9.16636203e-05
0.000117708872
0.000139938119
0.000158836368
0.000174821593
0.000188256324
0.000199475739
0.0002087766
0.000216423269
0.000222648527
0.000227658519
0.000231635917
0.000234742362
0.000237120652
0.000238896637
0.000240180866
0.000241070873
0.000241651775
0.000241997746
0.000242173122
0.000242234351
0.000242236343
-0.000567074074
-0.00042485972
-0.000333197229
-0.0002507567
-0.000178519248
-0.000115625122
-6.09569207e-05
-1.35302403e-05
2.74939854e-05
6.29256805e-05
9.34015815e-05
0.00011952288
0.000141820904
0.000160776041
0.000176819442
0.000190310132
0.000201571895
0.000210910643
0.000218590939
0.000224845576
0.000229881184
0.000233881048
0.000237007455
0.000239404032
0.000241197053
0.000242493193
0.000243396892
0.000243992351
0.00024435231
0.000244541777
0.000244617412
0.000244631505
-0.000566233797
-0.000423947109
-0.000332188902
-0.00024968214
-0.000177346936
-0.000114347653
-5.95813111e-05
-1.20564523e-05
2.90815826e-05
6.45937416e-05
9.51499751e-05
0.000121348888
0.000143719409
0.000162726744
0.000178821794
0.000192370778
0.00020367799
0.000213056108
0.000220771024
0.000227056009
0.000232118243
0.00023614166
0.000239289111
0.000241704499
0.000243514674
0.000244831086
0.000245752044
0.000246363303
0.000246739692
0.000246946591
0.000247041219
0.000247072906
-0.000565448706
-0.000423078144
-0.000331186522
-0.000248646271
-0.000176187729
-0.000113071277
-5.82022732e-05
-1.05791448e-05
3.06558083e-05
6.62572312e-05
9.68973193e-05
0.000123175544
0.000145622257
0.000164684543
0.00018082963
0.000194435775
0.000205788502
0.000215205507
0.000222954648
0.000229269897
0.000234359015
0.000238406594
0.00024157612
0.000244012057
0.000245841825
0.00024717758
0.000248117738
0.000248748445
0.000249144967
0.000249373384
0.000249491696
0.00024954518
-0.000564692527
-0.000422224554
-0.000330205029
-0.00024758907
-0.000175013927
-0.000111784017
-5.68107748e-05
-9.08867412e-06
3.22403038e-05
6.79290794e-05
9.86474633e-05
0.000124996134
0.000147523057
0.000166664846
0.000182858682
0.000196502058
0.000207895633
0.000217349071
0.000225130224
0.000231473998
0.000236588897
0.000240660149
0.000243851864
0.000246309109
0.000248159856
0.00024951673
0.000250478567
0.00025113181
0.000251552114
0.000251806456
0.000251953387
0.000252032059
-0.000563927002
-0.00042134769
-0.000329200833
-0.00024648733
-0.00017379836
-0.000110458474
-5.53826539e-05
-7.56384487e-06
3.38562487e-05
6.96302928e-05
0.000100427699
0.000126846166
0.000149431958
0.000168631025
0.000184866503
0.00019854148
0.000209975349
0.000219465052
0.000227277056
0.000233647851
0.000238787227
0.000242881285
0.000246094872
0.000248573726
0.000250446407
0.000251826046
0.000252811872
0.000253490626
0.000253938389
0.000254223162
0.000254403978
0.00025451253
-0.000563101556
-0.000420402482
-0.000328123767
-0.0002453054
-0.000172506276
-0.000109062317
-5.38908733e-05
-5.98380328e-06
3.55179391e-05
7.1367998e-05
0.000102237238
0.000128718061
0.000151331286
0.000170563536
0.000186849921
0.000200559105
0.000212024764
0.000221542677
0.000229379388
0.000235772382
0.000240932466
0.000245046581
0.000248280296
0.000250779984
0.000252674763
0.000254078233
0.000255089976
0.000255796992
0.000256275784
0.000256595457
0.000256815515
0.000256959123
-0.000562152198
-0.000419360899
-0.000326903067
-0.000243992765
-0.000171096832
-0.000107559148
-5.23050257e-05
-4.32588012e-06
3.72388063e-05
7.31431334e-05
0.000104058117
0.000130577725
0.000153222544
0.000172498006
0.000188825561
0.000202554002
0.000214033581
0.000223565542
0.000231416313
0.000237823298
0.000242997752
0.000247127199
0.00025037776
0.000252896313
0.000254812428
0.000256240082
0.000257279138
0.000258016778
0.000258529896
0.000258888776
0.000259153383
0.000259337146
-0.000561015246
-0.00041829139
-0.000325368419
-0.000242461479
-0.000169515427
-0.000105902446
-5.05847348e-05
-2.55625836e-06
3.90472955e-05
7.49816833e-05
0.000105918521
0.000132455436
0.000155125964
0.000174417481
0.000190746128
0.000204479418
0.00021596273
0.000225498182
0.000233353093
0.000239765514
0.000244947283
0.000249086477
0.000252349727
0.00025488435
0.000256820292
0.000258271834
0.000259339031
0.00026010917
0.000260659491
0.00026106152
0.000261375663
0.000261604384
-0.000559602753
-0.000416989556
-0.000323543443
-0.000240665693
-0.000167701469
-0.000104039772
-4.86870533e-05
-6.40582296e-07
4.09695834e-05
7.69026617e-05
0.000107832561
0.000134359786
0.000157019864
0.000176291192
0.000192597429
0.000206316292
0.000217786815
0.000227310718
0.00023515646
0.000241562965
0.000246742657
0.000250884073
0.000254154228
0.000256700761
0.000258653869
0.000260128009
0.000261223314
0.000262027062
0.000262616764
0.000263065223
0.000263433254
0.000263711182
-0.000557822812
-0.000415296586
-0.00032138189
-0.000238542629
-0.000165585691
-0.000101911615
-4.65643802e-05
1.45759677e-06
4.30311764e-05
7.89202461e-05
0.000109801825
0.000136278978
0.000158888951
0.000178110379
0.00019436944
0.000208046006
0.000219478988
0.000228970462
0.000236789452
0.000243175329
0.000248340824
0.000252474697
0.000255744122
0.000258296841
0.000260263104
0.000261757369
0.000262879677
0.000263717149
0.00026434746
0.000264844671
0.000265269965
0.000265600495
-0.00055557131
-0.000413107091
-0.000318786367
-0.000236006173
-0.000163091932
-9.94536205e-05
-4.41647093e-05
3.77826727e-06
4.52605535e-05
8.10520107e-05
0.000111833808
0.000138212247
0.000160727046
0.000179858635
0.000196034772
0.00020963651
0.000221003395
0.000230437888
0.000238209236
0.000244556911
0.000249693637
0.000253808098
0.000257067335
0.000259618916
0.000261592891
0.000263103483
0.000264250437
0.000265120527
0.000265791448
0.000266338456
0.000266823012
0.000267208336
-0.000552728514
-0.000410310236
-0.000315650718
-0.000232961317
-0.00016013864
-9.65975119e-05
-4.14331241e-05
6.36312325e-06
4.76866803e-05
8.33149553e-05
0.000113934552
0.000140155942
0.000162521988
0.000181515369
0.000197565413
0.000211054163
0.000222321648
0.000231670454
0.000239369707
0.000245658589
0.000250749424
0.000254830421
0.000258068112
0.000260609538
0.000262584226
0.000264105872
0.000265273666
0.00026617381
0.000266883835
0.000267480053
0.000268024066
0.000268464735
-0.000549162227
-0.000406783833
-0.000311861036
-0.000229307058
-0.00015663933
-9.32714677e-05
-3.83125251e-05
9.25483193e-06
5.03384633e-05
8.57251803e-05
0.000116108489
0.000142104065
0.000164258565
0.000183057245
0.000198931018
0.000212262719
0.000223392549
0.000232622813
0.000240222048
0.000246428641
0.000251454003
0.000255485371
0.000258688291
0.00026120884
0.000263175618
0.000264701443
0.000265884631
0.000266810555
0.000267556387
0.000268199293
0.000268800515
0.000269293786
-0.000544730123
-0.000402396775
-0.000307296369
-0.000224937266
-0.000152503758
-8.94013475e-05
-3.47448023e-05
1.24959845e-05
5.32438835e-05
8.82972317e-05
0.000118358064
0.000144048357
0.000165919194
0.000184458654
0.000200099171
0.000213224071
0.000224173277
0.000233248261
0.000240716353
0.000246814507
0.00025175258
0.000255716223
0.000258869419
0.000261356751
0.000263305419
0.000264826937
0.000266018383
0.000266964001
0.000267740401
0.000268425399
0.000269078842
0.000269615891
-0.000539281778
-0.000397011127
-0.000301830656
-0.000219742347
-0.000147639628
-8.49122937e-05
-3.06722513e-05
1.61279159e-05
5.6429086e-05
9.10434983e-05
0.000120683471
0.000145978405
0.000167484392
0.000185692477
0.000201036411
0.000213899567
0.000224620971
0.000233500534
0.000240803605
0.000246764905
0.000251591963
0.000255468099
0.000258555043
0.000260995253
0.000262913963
0.000264420893
0.000265611466
0.000266568341
0.000267366839
0.000268084986
0.000268785269
0.000269376984
-0.000532661013
-0.000390484331
-0.000295335065
-0.000213611386
-0.000141954627
-7.97305834e-05
-2.6039172e-05
2.01894116e-05
5.99174436e-05
9.39736684e-05
0.000123082526
0.000147881946
0.000168933503
0.000186731196
0.000201709713
0.000214251824
0.000224694841
0.000233336204
0.000240438314
0.000246232709
0.000250923665
0.000254691305
0.000257694312
0.0002600723
0.0002619479
0.000263428482
0.000264607353
0.000265565281
0.000266376074
0.000267117052
0.000267850066
0.000268479564
-0.000524708663
-0.000382671795
-0.000287680672
-0.000206434635
-0.000135358756
-7.37857317e-05
-2.07936682e-05
2.47152845e-05
6.37285693e-05
9.70942199e-05
0.000125550661
0.000149745356
0.00017024567
0.000187548322
0.00020208831
0.000214246916
0.000224358682
0.00023271744
0.000239581494
0.000245178068
0.000249707109
0.000253344552
0.000256245126
0.000258544791
0.000260362861
0.00026180373
0.000262958058
0.000263904334
0.000264714689
0.00026546543
0.000266215516
0.000266856872
-0.00051526569
-0.000373429807
-0.000278741467
-0.000198106354
-0.000127766975
-6.70128695e-05
-1.48896734e-05
2.97347826e-05
6.78772278e-05
0.000100407885
0.00012808096
0.000151554271
0.00017140101
0.000188120081
0.00020214586
0.000213856953
0.00022358381
0.000231615278
0.000238204203
0.000243572188
0.000247913635
0.000251399174
0.000254178574
0.000256383254
0.000258128433
0.000259514873
0.000260630041
0.000261549656
0.000262343547
0.000263086177
0.000263834684
0.000264477655
-0.000504176617
-0.000362618731
-0.000268397712
-0.000188528023
-0.000119102177
-5.93554065e-05
-8.2892529e-06
3.52697442e-05
7.23720437e-05
0.000103912976
0.000130664139
0.000153294206
0.000172381851
0.000188427226
0.000201862764
0.000213062855
0.000222352223
0.000230013097
0.000236291284
0.000241401293
0.00024553063
0.0002488434
0.000251483339
0.000253576389
0.000255232869
0.000256549191
0.000257609066
0.000258484998
0.000259243996
0.000259957834
0.000260681546
0.00026130564
-0.000491293186
-0.000350106347
-0.00025653957
-0.000177611894
-0.000109298455
-5.07679405e-05
-9.65205458e-07
4.13324071e-05
7.72138637e-05
0.000107602408
0.000133288272
0.000154950994
0.000173173851
0.000188456778
0.000201228463
0.000211857124
0.000220659784
0.000227910141
0.00023384518
0.000238670679
0.000242565782
0.000245686781
0.000248170275
0.000250135737
0.000251687715
0.000252917556
0.000253904661
0.000254717934
0.000255421071
0.000256082199
0.000256753754
0.000257334103
-0.00047647792
-0.000335771018
-0.000243070829
-0.000165285068
-9.83050617e-05
-4.12198292e-05
7.09559041e-06
4.79224764e-05
8.23934312e-05
0.000111462096
0.000135937978
0.00015651076
0.000173766709
0.000188203396
0.000200243377
0.000210246262
0.000218519013
0.000225324604
0.000230889202
0.000235408084
0.000239050483
0.000241963573
0.000244275669
0.000246098836
0.000247531064
0.000248657902
0.000249553765
0.000250283841
0.000250908031
0.000251489776
0.000252078383
0.000252586828
-0.000459606995
-0.000319504479
-0.000227914384
-0.000151497789
-8.60930353e-05
-3.06994813e-05
1.58869863e-05
5.50221462e-05
8.7887422e-05
0.000115468087
0.000138592572
0.000157959037
0.000174154157
0.000187670148
0.000198920349
0.000208252794
0.000215961648
0.00022229671
0.000227471188
0.000231668022
0.000235045003
0.000237738912
0.000239868847
0.000241538883
0.000242839431
0.000243847866
0.000244632768
0.000245257764
0.000245776896
0.000246248977
0.000246720143
0.000247125495
-0.000440569318
-0.000301212937
-0.000211024402
-0.000136245345
-7.2651933e-05
-1.91958123e-05
2.53846527e-05
6.25917677e-05
9.36541291e-05
0.000119583037
0.00014122337
0.000159278933
0.000174332963
0.000186868203
0.000197284866
0.000205915852
0.000213039381
0.000218889352
0.000223663691
0.000227531021
0.000230635882
0.000233102834
0.000235040298
0.000236544752
0.000237699373
0.000238557505
0.000239215989
0.000239732344
0.000240125262
0.000240458289
0.000240775837
0.000241044187
-0.000419248754
-0.000280799136
-0.000192374809
-0.000119563797
-5.79337941e-05
-6.63754553e-06
3.55469972e-05
7.05680841e-05
9.96306646e-05
0.000123752807
0.000143790703
0.000160448876
0.000174301308
0.000185815758
0.000195374418
0.000203290815
0.000209823797
0.000215188444
0.000219564995
0.000223105836
0.000225940363
0.000228179
0.000229916658
0.000231248277
0.000232299033
0.000233073586
0.000233547635
0.000233848761
0.000234077861
0.000234248758
0.000234380596
0.000234478042
-0.000395503938
-0.000258114327
-0.000171839505
-0.000101296675
-4.21234451e-05
6.54812537e-06
4.61255062e-05
7.87970076e-05
0.00010569404
0.000127877968
0.000146227685
0.000161433693
0.00017405357
0.000184535142
0.000193237565
0.000200450012
0.000206409589
0.000211309847
0.000215311136
0.000218548399
0.000221136748
0.000223176062
0.000224753617
0.000225930498
0.00022671255
0.000227241374
0.000227654168
0.000227894196
0.00022795484
0.000227910112
0.000227807749
0.000227700822
-0.000369313798
-0.00023313743
-0.000149571037
-8.15338598e-05
-2.55643904e-05
2.00942699e-05
5.7092037e-05
8.71120072e-05
0.000111700418
0.00013181384
0.000148443144
0.000162185307
0.000173578395
0.00018304795
0.000190925053
0.000197471144
0.000202895663
0.000207368139
0.000211027546
0.00021398945
0.000216351545
0.000218197425
0.000219599438
0.000220618695
0.000221309308
0.000221740601
0.000221939471
0.000221939681
0.000221796886
0.000221531657
0.000221170993
0.000220825308
-0.000340649094
-0.000205809365
-0.000125741756
-6.04225631e-05
-8.09024377e-06
3.38441557e-05
6.79726853e-05
9.53077665e-05
0.000117443031
0.000135513018
0.000150371298
0.000162656961
0.000172866602
0.000181382865
0.000188500139
0.000194446993
0.000199403118
0.000203511731
0.000206888729
0.000209629512
0.000211814106
0.000213510449
0.000214777628
0.000215667604
0.0002162276
0.000216502875
0.000216536167
0.000216360266
0.000216006547
0.00021549037
0.000214835178
0.000214218682
-0.000309513038
-0.000176409998
-0.000100545948
-3.87042946e-05
9.95116411e-06
4.81537938e-05
7.86921774e-05
0.000103073884
0.000122709915
0.000138698847
0.000151850644
0.00016276495
0.000171888549
0.00017955577
0.000186018377
0.000191467898
0.00019605203
0.000199886517
0.000203063701
0.000205658704
0.000207733955
0.000209342636
0.00021053061
0.000211338437
0.00021180345
0.000211960465
0.000211843227
0.000211483928
0.000210908077
0.00021012116
0.000209142699
0.000208226398
-0.000275798951
-0.000145528432
-7.36997653e-05
-1.64995767e-05
2.77461711e-05
6.19532752e-05
8.87840824e-05
0.000110067649
0.000127188246
0.000141165341
0.000152734297
0.000162423539
0.000170614489
0.000177584532
0.000183537502
0.000188625238
0.000192962709
0.000196638564
0.000199722463
0.000202270227
0.000204327501
0.000205932419
0.00020711759
0.000207911862
0.000208340875
0.000208429112
0.000208201547
0.000207684318
0.000206896496
0.000205831756
0.000204503966
0.000203257069
-0.000239285872
-0.00011320848
-4.55479667e-05
5.78620443e-06
4.47200661e-05
7.44647903e-05
9.75078565e-05
0.000115737111
0.000130477365
0.000142639017
0.000152848769
0.000161540349
0.000169016413
0.000175490877
0.000181117533
0.000186009154
0.000190250172
0.000193905047
0.000197023777
0.000199645572
0.000201801414
0.000203515955
0.000204808896
0.0002056959
0.000206189414
0.000206300053
0.000206039242
0.000205421
0.00020445224
0.000203109748
0.000201406767
0.000199787669
-0.000199685209
-7.91730905e-05
-1.7290084e-05
2.71750783e-05
6.01270295e-05
8.49733827e-05
0.000104202501
0.00011957013
0.000132223214
0.000142899079
0.00015207796
0.000160077868
0.000167113339
0.000173333047
0.000178843438
0.000183723228
0.000188032362
0.000191817455
0.000195114921
0.000197952686
0.00020035137
0.000202325541
0.00020388445
0.000205031177
0.000205762401
0.000206067646
0.000205930877
0.000205343051
0.000204286419
0.000202700426
0.000200574552
0.000198500718
-0.000156253019
-4.3445558e-05
1.01052493e-05
4.6273485e-05
7.25359344e-05
9.24174096e-05
0.000108134087
0.000121103504
0.000132173136
0.000141844821
0.000150424116
0.000158104055
0.000165011146
0.000171234638
0.000176842748
0.000181890037
0.000186421699
0.000190475873
0.000194084067
0.000197270079
0.000200049636
0.00020243439
0.000204434157
0.000206044726
0.000207254265
0.000208037554
0.000208321638
0.000208040498
0.000207128013
0.000205446056
0.000202878543
0.000200262041
-0.000107439453
-6.95955085e-06
3.45271111e-05
6.10017524e-05
8.03944777e-05
9.58114181e-05
0.000108789294
0.000120163105
0.000130370345
0.000139644315
0.000148116787
0.000155869775
0.000162954474
0.000169415642
0.000175301268
0.000180658034
0.000185531431
0.000189966882
0.000194008917
0.000197694371
0.000201044118
0.000204089717
0.000206880519
0.000209401122
0.0002116251
0.00021356904
0.000215047488
0.000215787858
0.000215620636
0.000214323679
0.000211483858
0.000208438688
-4.24566186e-05
2.91305919e-05
5.17421345e-05
6.76972214e-05
8.12781763e-05
9.37781509e-05
0.000105534479
0.000116609991
0.000126994604
0.000136679025
0.000145665079
0.000153946347
0.000161524883
0.000168437049
0.000174737344
0.000180479886
0.000185721702
0.000190529276
0.000194984139
0.000199158144
0.000203038133
0.000206574214
0.000209880132
0.000213282656
0.000217066197
0.00022085002
0.000223678645
0.000225483981
0.000227043017
0.00022819015
0.000227837497
0.000225776823
6.46120193e-05
6.48626806e-05
6.23758148e-05
6.80879728e-05
7.77932232e-05
8.91342936e-05
0.000100943486
0.000112572306
0.000123663104
0.000134102257
0.000143880022
0.000152904944
0.000161080156
0.000168464069
0.000175161395
0.000181237452
0.000186754719
0.000191794572
0.000196498907
0.00020102445
0.000205401768
0.00020957346
0.000213608627
0.000217814845
0.000222896353
0.000229750764
0.000238626511
0.000250127233
0.000265206194
0.000285366479
0.000314261842
0.000349257669
)
;

boundaryField
{
    inner_wall
    {
        type            zeroGradient;
    }
    outer_wall
    {
        type            zeroGradient;
    }
    top
    {
        type            zeroGradient;
    }
    bottom
    {
        type            fixedValue;
        value           uniform 0;
    }
    front
    {
        type            wedge;
    }
    back
    {
        type            wedge;
    }
}


// ************************************************************************* //
