/*--------------------------------*- C++ -*----------------------------------*\
| =========                 |                                                 |
| \\      /  F ield         | OpenFOAM: The Open Source CFD Toolbox           |
|  \\    /   O peration     | Version:  2506                                  |
|   \\  /    A nd           | Website:  www.openfoam.com                      |
|    \\/     M anipulation  |                                                 |
\*---------------------------------------------------------------------------*/
FoamFile
{
    version     2.0;
    format      ascii;
    arch        "LSB;label=32;scalar=64";
    class       volScalarField;
    location    "285";
    object      C;
}
// * * * * * * * * * * * * * * * * * * * * * * * * * * * * * * * * * * * * * //

dimensions      [0 0 0 0 0 0 0];

internalField   nonuniform List<scalar> 
3072
(
2.19601205e-09
-3.19893456e-07
-1.41762708e-06
2.04090428e-05
6.16788859e-05
-8.44466875e-05
-0.000703193331
-0.00179294931
-0.00319230942
-0.00502517472
-0.00817783753
-0.0184199379
-0.0375078562
-0.0524379188
-0.0157896931
0.143532864
0.433827092
0.746603563
0.959136958
1.03533318
1.02864712
1.00650096
0.997234124
0.997953722
1.00159647
1.00579732
1.00763873
1.00176891
0.978996013
0.899930565
0.67789482
0.261370877
-1.58300757e-09
2.18596969e-07
1.13211265e-05
-1.66593364e-05
-0.000250575005
-0.00037372085
0.000755853072
0.00379217732
0.00755821644
0.00948845497
0.00660507743
-0.00350777718
-0.0256977576
-0.0514698493
-0.0240858306
0.140494141
0.444259601
0.764514558
0.9714438
1.03740131
1.0257166
1.00429075
0.996894332
0.998320926
1.0019951
1.0061295
1.00765427
1.00112537
0.977383077
0.896479625
0.672659548
0.257302269
9.42544746e-09
2.54700898e-06
-2.28720936e-06
-0.000161077708
-0.00019275684
0.00166661747
0.00667243234
0.0125436863
0.0156720826
0.015546893
0.0137350999
0.00709323669
-0.0142574384
-0.0486391797
-0.0308986922
0.135395094
0.447577953
0.772889622
0.977107764
1.03781986
1.02400073
1.00328791
0.99684463
0.998528776
1.00218877
1.00628789
1.00764549
1.00082597
0.976812986
0.895782339
0.672901571
0.260115939
1.3651149e-08
3.49639803e-06
-2.16372577e-05
-0.000261127287
0.000184169749
0.00405825072
0.0111162248
0.0161591386
0.016629831
0.0158464519
0.0142411175
0.012081376
-0.00630270024
-0.0463058026
-0.0327410805
0.140644409
0.462881687
0.790058928
0.986093803
1.03814583
1.0215428
1.00198719
0.996802404
0.998795547
1.00243637
1.00648777
1.0076296
1.00044846
0.976083996
0.894737831
0.672420342
0.262572833
8.43865892e-10
3.87158376e-06
-2.34595978e-05
-0.000279924555
0.000253993141
0.00463614764
0.0123791688
0.0173405513
0.0177160178
0.016780996
0.0131812686
0.0119563377
-0.00745763847
-0.047667667
-0.0229738883
0.169878349
0.503828793
0.822434839
0.999021034
1.03746475
1.01801386
1.00051331
0.996873781
0.99913615
1.0027368
1.00672186
1.00757885
0.999957231
0.975148462
0.893331272
0.671568035
0.265485703
-1.02441066e-07
4.16979627e-06
-1.53363577e-05
-0.000268292654
3.28090941e-05
0.00350607589
0.0100478378
0.0149036903
0.0167758961
0.0146303175
0.0118770512
0.00887157056
-0.0162317965
-0.0505708677
0.00561035837
0.237217523
0.581160967
0.873845093
1.01541057
1.03465594
1.01298475
0.998865775
0.997121622
0.999602253
1.00315051
1.00703198
1.00745655
0.99919756
0.973644168
0.890707798
0.668832575
0.26721721
-1.41432532e-08
4.46164822e-06
-1.98752106e-06
-0.000224762557
-0.00023052396
0.00174449083
0.0058964133
0.00949160083
0.0108100878
0.00908284964
0.00848255232
0.000494895947
-0.0319055857
-0.0435557305
0.0734218148
0.356446855
0.695353077
0.937450993
1.02977358
1.02818396
1.00688749
0.997498318
0.997642326
1.00019841
1.0037084
1.00742448
1.00719722
0.998032586
0.97131194
0.886346604
0.663500883
0.267111605
-1.05440138e-06
2.94388201e-06
9.72487772e-06
-0.000155776258
-0.000345279145
0.000381194759
0.00223671651
0.00407760941
0.00432291973
0.00434660707
0.0029153409
-0.0168579336
-0.0443900858
0.0037314567
0.209003702
0.532145204
0.830594984
0.996079237
1.03455461
1.01788881
1.00115559
0.996979467
0.998429195
1.00090014
1.00443565
1.00787281
1.00669992
0.996315452
0.967905282
0.879788661
0.654988919
0.264629019
3.24060175e-06
6.64177104e-06
2.33217243e-05
-7.3801962e-05
-0.000285479525
-0.00022487691
0.000253670202
0.000706093534
0.000953346218
0.00118573745
-0.0114432518
-0.0369483122
-0.0145060217
0.140919749
0.430346535
0.742120097
0.952727702
1.02972077
1.02630334
1.00651857
0.997634838
0.997515425
0.999320469
1.00169886
1.00535029
1.00829654
1.0058212
0.993894299
0.963197961
0.870682459
0.643001528
0.259576781
-1.91036612e-05
-1.95218456e-05
-1.54578731e-06
-3.80601272e-05
-0.000174743598
-0.000297420839
-0.000309867926
-0.000381303761
-0.000115782032
-0.0109178221
-0.0312587671
-0.00773680279
0.134624379
0.403334638
0.706386313
0.928062916
1.02334785
1.03025725
1.01066492
0.998736405
0.997138916
0.998614461
1.00012305
1.00266237
1.0064401
1.00854376
1.00438235
0.990617105
0.956967465
0.858745788
0.627449657
0.252000523
9.71565419e-05
0.000106069928
0.000130397837
0.000113798875
5.25472142e-05
-7.23121378e-05
-0.000139242372
-0.000184041927
-0.0122855732
-0.0238029285
0.0229466991
0.185823505
0.453605003
0.737391396
0.939475719
1.02565877
1.0311676
1.01155233
0.998974156
0.996971227
0.998433237
0.999486117
1.00088002
1.00391645
1.00760406
1.00838725
1.00219488
0.986344696
0.94899254
0.843770126
0.60844446
0.24214956
-0.000544732135
-0.000596491183
-0.000618334348
-0.000484965234
-0.000440348119
4.07974237e-06
-0.00108720994
-0.0132275603
0.00216059021
0.103936132
0.314155841
0.58607061
0.831612785
0.983704573
1.03572493
1.02850448
1.00825946
0.99772205
0.99690084
0.998653647
0.999413239
0.999943989
1.0019216
1.0054957
1.00860613
1.00755793
0.999102403
0.980964875
0.939061401
0.825647479
0.586295156
0.230426985
0.00332048951
0.00362477029
0.00374927773
0.00251524607
0.00163712239
-0.0036331423
0.0122385596
0.108002942
0.300739059
0.552470246
0.792219197
0.958672073
1.03288521
1.0390971
1.01856949
1.0013059
0.995890265
0.997347058
0.999286251
0.99961158
0.999500703
1.00060663
1.00350095
1.00719979
1.00911029
1.0058159
0.995024198
0.974402347
0.926997473
0.804425094
0.561521011
0.217348181
-0.0243178023
-0.0268848458
-0.0268570838
-0.00571888857
0.0709976009
0.226332654
0.445373983
0.678657048
0.873841805
0.997661292
1.04697113
1.04430435
1.02144798
1.00221816
0.99486271
0.995904036
0.998856379
1.00014852
0.999779549
0.999235351
0.999789132
1.00198304
1.00545958
1.00864885
1.00879231
1.00302749
0.989982925
0.966625226
0.912709804
0.780378425
0.534857927
0.203498509
0.328394673
0.422991544
0.559343604
0.719878442
0.865025445
0.975935136
1.04275495
1.06612455
1.05714176
1.03288693
1.00935252
0.995634634
0.992482114
0.995322592
0.998972765
1.00072743
1.00056279
0.999640499
0.999010789
0.999308346
1.00092232
1.00388456
1.00738806
1.00947105
1.00744563
0.999216893
0.984107439
0.95765738
0.896271672
0.7540835
0.507243762
0.189489049
1.02866541
1.0456512
1.05253227
1.04866234
1.03676819
1.0207549
1.00511533
0.993766929
0.988721595
0.989462443
0.993516489
0.997927782
1.00072195
1.00149812
1.00097462
1.00007502
0.999334184
0.998937916
0.999090851
1.00019079
1.00255962
1.00590536
1.00892468
1.0094131
1.00504474
0.994580576
0.977612562
0.94760961
0.878016097
0.726457347
0.479767966
0.175910429
0.996109434
0.993354587
0.991442637
0.990971524
0.991964807
0.994151922
0.996971821
0.999673916
1.00156866
1.00231044
1.00203207
1.00122407
1.00042254
0.999911771
0.99964182
0.999403588
0.999118667
0.99902875
0.999641463
1.00142935
1.00440235
1.00775356
1.00980193
1.00839487
1.0017769
0.989453012
0.970768934
0.936734221
0.858613229
0.69873032
0.453580974
0.163288278
1.00067368
1.00117645
1.00159272
1.00178963
1.00172858
1.00141567
1.0009116
1.00033686
0.999845895
0.999570507
0.99955727
0.999734838
0.999936326
0.99997489
0.99974598
0.999319597
0.998984927
0.999207071
1.00045963
1.00293626
1.00622997
1.00915583
1.00989914
1.00656434
0.998004427
0.984228436
0.963885294
0.92548189
0.839075765
0.672327197
0.429773616
0.152045767
0.999869629
0.999769803
0.999680547
0.999629755
0.999625854
0.999668623
0.99975104
0.999861115
0.999984552
1.00010517
1.00019952
1.00022787
1.00013295
0.999864869
0.999441069
0.999022591
0.998950963
0.999676193
1.00154224
1.00448204
1.00776568
1.0099766
1.00932213
1.00425066
0.994154753
0.979282221
0.95730866
0.914511
0.820648667
0.648667772
0.409251205
0.142478431
1.00002665
1.00004773
1.00006814
1.00008189
1.00008432
1.00007139
1.00004512
1.00001867
1.00001324
1.00004284
1.00009145
1.000099
0.999977445
0.999669135
0.999233355
0.998914242
0.999124968
1.00030191
1.00264398
1.00583368
1.00888948
1.01027946
1.00832964
1.00183803
0.990612225
0.974923729
0.951414595
0.904604273
0.804589273
0.628938263
0.392632877
0.134744292
0.999994124
0.999989601
0.999985916
0.999984137
0.9999819
0.999976351
0.999970596
0.999977414
1.00001274
1.00007718
1.00013479
1.00010884
0.999914182
0.999529131
0.999079694
0.998880554
0.999372981
1.00093576
1.00361523
1.00689105
1.00961824
1.01023464
1.00721657
0.999658624
0.987652543
0.971373519
0.946558742
0.896499929
0.79190829
0.613906069
0.380200196
0.128869484
1.00000113
1.00000227
1.00000405
1.00000592
1.00000448
0.999996587
0.999986877
0.999991034
1.00002634
1.00008947
1.00013472
1.00007634
0.999833182
0.999410634
0.998981839
0.998906153
0.999631674
1.00147789
1.00436791
1.00763694
1.01004306
1.01003484
1.00622548
0.99793098
0.985421582
0.968750674
0.942997404
0.890707474
0.783172961
0.603835042
0.371903341
0.124767121
0.999999576
0.999999439
1.00000002
1.00000103
0.999998962
0.999990822
0.99998225
0.9999903
1.00003181
1.00009886
1.00013767
1.00005663
0.999779749
0.999334415
0.998927685
0.998946754
0.999837117
1.00186964
1.0048803
1.00811206
1.01027125
1.00982958
1.00550179
0.996749217
0.983947308
0.967067418
0.940820562
0.887396352
0.778443876
0.598515734
0.367416778
0.122265611
0.999999923
1.00000008
1.00000096
1.00000218
1.00000006
0.999991602
0.999982965
0.999992058
1.00003567
1.00010355
1.00013755
1.00004303
0.999747391
0.999291071
0.998900482
0.998977485
0.999963692
1.00209986
1.00517187
1.00837303
1.0103861
1.00970191
1.00509513
0.996106153
0.983168289
0.966239005
0.939938253
0.886401246
0.777349026
0.597381604
0.366223615
0.121139948
0.999999842
0.999999925
1.00000074
1.00000193
0.999999797
0.999991279
0.999982643
0.999992101
1.00003657
1.00010507
1.00013784
1.00003878
0.9997362
0.999275316
0.998890009
0.998987949
1.00000948
1.00218415
1.00527955
1.00847191
1.01043759
1.00967658
1.00498523
0.995929284
0.982967843
0.966111279
0.940123569
0.887323691
0.779246847
0.599663831
0.367705001
0.12114144
0.99999986
0.999999948
1.00000076
1.000002
0.999999999
0.999991562
0.999982702
0.999991565
1.00003545
1.00010412
1.00013843
1.00004205
0.999741822
0.999280698
0.998890582
0.998978714
0.999987496
1.00215125
1.00524434
1.00845006
1.01044945
1.00974167
1.00511379
0.996114813
0.983203036
0.966490004
0.94107714
0.88967603
0.783422878
0.604535893
0.371194945
0.122006536
0.999999856
0.999999926
1.0000007
1.00000198
1.00000021
0.999992004
0.999982814
0.999990368
1.00003257
1.00010112
1.00013928
1.00005127
0.99976057
0.999302475
0.998899813
0.998954896
0.999915005
1.0020314
1.00510373
1.00833966
1.01043231
1.00987205
1.0054129
0.99655149
0.983717205
0.967165848
0.942504221
0.893000029
0.789188841
0.611196387
0.376066608
0.123483244
0.999999859
0.999999913
1.00000064
1.00000197
1.00000048
0.999992604
0.999983059
0.999988921
1.0000287
1.00009671
1.00013977
1.00006354
0.999787268
0.999335267
0.998916491
0.998924786
0.999813321
1.00185754
1.00489434
1.00816752
1.01038807
1.01003363
1.0058114
0.997144789
0.984412717
0.968018584
0.944159594
0.896807415
0.795859723
0.618977537
0.381848494
0.125388015
0.999999861
0.9999999
1.00000058
1.00000194
1.00000076
0.999993269
0.999983413
0.999987447
1.0000244
1.00009144
1.00013957
1.00007663
0.999817608
0.999374381
0.998939306
0.998895089
0.99970019
1.00165728
1.00464686
1.00795625
1.01031906
1.01019956
1.00625195
0.997815417
0.985201274
0.968944003
0.94586026
0.90074362
0.802910299
0.627330723
0.388134039
0.127556504
0.999999864
0.999999888
1.00000052
1.0000019
1.00000102
0.999993946
0.999983857
0.999986109
1.00002011
1.00008578
1.00013857
1.00008898
0.999848265
0.999415859
0.998966485
0.998869918
0.999588353
1.0014516
1.00438583
1.00772545
1.01023014
1.01035241
1.00669277
0.998503352
0.98601716
0.969871654
0.947487225
0.904562018
0.809954517
0.635843198
0.394613524
0.129859917
0.999999867
0.999999879
1.00000046
1.00000186
1.00000124
0.999994592
0.999984353
0.99998498
1.00001609
1.00008014
1.00013689
1.00009976
0.999877067
0.999456687
0.998995986
0.998850921
0.999485549
1.00125478
1.00412935
1.00749126
1.01012822
1.01048359
1.00710708
0.99916656
0.986812461
0.970755021
0.948973551
0.908114586
0.816735872
0.644224163
0.401061727
0.132200419
0.99999987
0.999999871
1.00000041
1.00000181
1.00000143
0.999995182
0.999984866
0.999984075
1.0000125
1.0000748
1.00013472
1.00010875
0.999902977
0.999494992
0.999025943
0.998837989
0.999395403
1.00107519
1.00388947
1.00726597
1.01002083
1.01059103
1.00748032
0.999778646
0.987555189
0.971566223
0.950289491
0.911327502
0.823102371
0.652286823
0.407328278
0.134508845
0.999999872
0.999999864
1.00000036
1.00000177
1.00000159
0.999995701
0.999985364
0.999983376
1.0000094
1.00006993
1.00013231
1.000116
0.999925519
0.999529596
0.999054774
0.998830132
0.999318946
1.00091703
1.00367351
1.00705828
1.00991498
1.01067661
1.00780657
1.00032523
0.988225873
0.972290194
0.95142888
0.914178058
0.828979843
0.659925329
0.413322461
0.136739547
0.999999875
0.999999858
1.00000032
1.00000173
1.00000172
0.999996144
0.99998582
0.999982851
1.0000068
1.00006567
1.00012989
1.00012166
0.999944504
0.999559746
0.999081203
0.998826038
0.999255751
1.00078173
1.00348526
1.00687382
1.00981646
1.01074406
1.00808548
1.00080054
0.988814574
0.972920622
0.952399047
0.91667547
0.834348162
0.667093651
0.418999053
0.138865211
0.999999877
0.999999854
1.00000028
1.00000169
1.00000182
0.99999651
0.999986218
0.999982462
1.00000469
1.00006208
1.00012764
1.000126
0.999960086
0.999585208
0.999104405
0.998824388
0.999204531
1.00066887
1.00332587
1.00671551
1.00972943
1.01079764
1.00831996
1.00120472
0.989318484
0.973457276
0.953214361
0.918847336
0.83922324
0.673788985
0.42434709
0.140872772
0.999999879
0.999999849
1.00000026
1.00000166
1.0000019
0.999996804
0.999986548
0.999982173
1.000003
1.00005915
1.00012569
1.0001293
0.999972575
0.99960606
0.999123932
0.998824061
0.999163672
1.0005769
1.00319463
1.00658413
1.00965643
1.01084132
1.00851464
1.00154179
0.989739951
0.973904204
0.95389233
0.920730439
0.843643646
0.680038803
0.429380782
0.142759895
0.999999881
0.999999845
1.00000023
1.00000164
1.00000196
0.999997036
0.999986809
0.999981955
1.00000168
1.00005683
1.0001241
1.00013181
0.999982383
0.999622641
0.999139696
0.998824213
0.999131466
1.00050354
1.00308944
1.00647871
1.00959843
1.01087841
1.00867491
1.00181822
0.990085059
0.974268601
0.954451532
0.922365156
0.847661689
0.685891929
0.434133317
0.144532729
0.999999882
0.999999841
1.00000021
1.00000162
1.00000201
0.999997214
0.999987007
0.999981785
1.00000067
1.00005504
1.00012286
1.00013374
0.999989955
0.999635484
0.999151931
0.99882429
0.999106246
1.00044611
1.00300724
1.00639693
1.00955506
1.01091142
1.00880641
1.00204202
0.99036251
0.974559957
0.954910495
0.923791997
0.851337065
0.691411765
0.438651996
0.146204162
0.999999884
0.999999838
1.0000002
1.00000161
1.00000205
0.999997348
0.999987148
0.999981645
0.999999908
1.00005371
1.00012197
1.00013524
0.999995723
0.999645193
0.99916106
0.998823992
0.999086502
1.0004018
1.00294444
1.00633555
1.00952493
1.0109421
1.00891465
1.00222196
0.990582638
0.974789257
0.955287003
0.925049363
0.854731986
0.696670529
0.442993878
0.147792081
0.999999885
0.999999834
1.00000019
1.0000016
1.00000209
0.999997447
0.999987242
0.999981526
0.999999333
1.00005274
1.00012136
1.00013645
1.00000009
0.999652402
0.999167626
0.998823212
0.999070904
1.00036781
1.00289718
1.00629082
1.00950597
1.01097158
1.00900484
1.00236705
0.990756629
0.974968307
0.955597693
0.926172239
0.857907646
0.701744691
0.447222252
0.149317927
0.999999887
0.99999983
1.00000018
1.0000016
1.00000212
0.999997521
0.999987302
0.999981418
0.999998895
1.00005204
1.00012098
1.00013745
1.00000344
0.999657743
0.99917223
0.998821975
0.999058288
1.00034145
1.00286159
1.00625872
1.00949567
1.01100053
1.00908181
1.00248617
0.99089593
0.975109179
0.955857825
0.927191503
0.860921732
0.706711458
0.451403901
0.150805627
0.999999889
0.999999826
1.00000017
1.0000016
1.00000215
0.999997578
0.999987338
0.999981317
0.999998546
1.00005152
1.00012075
1.00013833
1.0000061
0.999661831
0.9991755
0.998820393
0.999047632
1.00032021
1.00283387
1.0062352
1.00949132
1.01102924
1.00914999
1.00258789
0.991011817
0.975223779
0.956081169
0.928133634
0.863826737
0.711646117
0.455607011
0.152280815
0.999999891
0.999999822
1.00000016
1.0000016
1.00000218
0.999997628
0.999987362
0.99998122
0.999998245
1.0000511
1.0001206
1.00013915
1.00000841
0.99966525
0.999178055
0.998818628
0.999038036
1.00030174
1.00281041
1.00621633
1.0094902
1.01105783
1.00921342
1.00268022
0.991115082
0.975323528
0.956279956
0.92902064
0.866668783
0.716619937
0.459898447
0.153767106
0.999999893
0.999999818
1.00000015
1.00000161
1.0000022
0.999997676
0.999987386
0.999981124
0.999997952
1.00005069
1.00012047
1.00013994
1.00001064
0.999668538
0.999180484
0.998816864
0.999028713
1.0002839
1.00278786
1.0061984
1.00948964
1.01108622
1.0092757
1.00277055
0.991215801
0.975419131
0.956464886
0.929870128
0.869486719
0.721698455
0.464344747
0.155290545
0.999999895
0.999999813
1.00000014
1.00000161
1.00000223
0.99999773
0.999987418
0.999981028
0.999997632
1.00005023
1.00012028
1.00014075
1.00001304
0.99967218
0.99918333
0.998815296
0.999018988
1.00026477
1.00276318
1.00617797
1.00948713
1.01111426
1.00934003
1.00286558
0.991323213
0.97552046
0.956645224
0.930695556
0.872311928
0.726940693
0.469009688
0.156875515
0.999999897
0.999999809
1.00000013
1.0000016
1.00000226
0.999997797
0.999987468
0.999980932
0.999997256
1.00004964
1.00011997
1.00014161
1.00001584
0.999676603
0.999187086
0.998814123
0.999008294
1.00024268
1.00273365
1.00615194
1.00948033
1.01114167
1.00940916
1.00297123
0.991445659
0.975636535
0.956828961
0.931506615
0.875168511
0.732399547
0.473956173
0.158546879
0.9999999
0.999999806
1.00000012
1.0000016
1.00000229
0.99999788
0.999987545
0.999980835
0.999996797
1.00004887
1.00011948
1.00014253
1.00001921
0.9996822
0.999192214
0.998813559
0.998996172
1.00021617
1.00269684
1.00611751
1.00946707
1.01116808
1.00948537
1.00309266
0.991590504
0.975775469
0.957022939
0.932309492
0.878073101
0.738121021
0.479245327
0.160328761
0.999999903
0.999999802
1.0000001
1.00000159
1.00000233
0.999997986
0.999987658
0.999980741
0.999996235
1.00004787
1.00011875
1.00014351
1.00002332
0.999689312
0.999199135
0.998813832
0.998982288
1.00018407
1.00265075
1.00607225
1.0094454
1.01119301
1.00957041
1.00323407
0.99176398
0.975944338
0.9572329
0.933107065
0.881034367
0.74414278
0.484936021
0.162245108
0.999999907
0.999999799
1.00000009
1.00000158
1.00000236
0.999998117
0.999987812
0.999980651
0.999995557
1.0000466
1.00011774
1.00014455
1.00002827
0.999698176
0.99920818
0.998815175
0.998966487
1.00014554
1.00259384
1.00601424
1.00941362
1.01121583
1.00966542
1.00339861
0.991970965
0.976148986
0.957463504
0.933899148
0.884052639
0.750492807
0.491084394
0.164320481
0.999999911
0.999999796
1.00000007
1.00000156
1.0000024
0.999998274
0.999988013
0.99998057
0.999994758
1.00004504
1.00011641
1.00014562
1.00003406
0.999708921
0.99921958
0.998817824
0.998948803
1.00010021
1.00252516
1.0059421
1.00937036
1.01123577
1.0097708
1.00358816
0.992214801
0.976393836
0.957718362
0.934682895
0.887119872
0.757188178
0.497742355
0.166578514
0.999999915
0.999999793
1.00000005
1.00000153
1.00000244
0.99999846
0.999988264
0.999980506
0.999993841
1.00004317
1.00011472
1.00014668
1.00004069
0.999721588
0.999233479
0.998822008
0.998929445
1.00004808
1.00244437
1.00585507
1.00931463
1.01125198
1.00988626
1.0038033
0.99249712
0.976681693
0.958000036
0.935453313
0.890219842
0.764233903
0.504957092
0.169042598
0.99999992
0.999999792
1.00000002
1.0000015
1.00000248
0.999998672
0.999988567
0.999980465
0.999992821
1.00004102
1.00011267
1.00014765
1.00004806
0.999736109
0.999249915
0.998827941
0.998908797
0.999989583
1.00235174
1.00575308
1.00924589
1.01126353
1.01001076
1.0040432
0.99281763
0.977013441
0.958309945
0.936203822
0.893328547
0.77162149
0.512769617
0.171735736
0.999999925
0.999999791
0.999999995
1.00000146
1.00000252
0.999998907
0.999988921
0.999980455
0.999991716
1.00003859
1.00011024
1.00014849
1.00005602
0.999752308
0.999268797
0.998835783
0.998887392
0.999925604
1.00224827
1.00563684
1.00916418
1.01126955
1.01014251
1.00430543
0.993173853
0.977387658
0.958648114
0.936926841
0.896414863
0.779327327
0.521212781
0.174680231
0.999999931
0.99999979
0.999999967
1.00000141
1.00000256
0.999999161
0.99998932
0.999980483
0.999990557
1.00003594
1.00010746
1.00014913
1.00006439
0.999769887
0.999289884
0.998845605
0.99886588
0.999857475
1.00213576
1.00550806
1.00907035
1.01126936
1.01027903
1.00458591
0.993560824
0.977800128
0.959012756
0.937614359
0.89944165
0.787311055
0.530308663
0.177897018
0.999999937
0.999999791
0.999999938
1.00000136
1.00000259
0.999999427
0.999989758
0.999980553
0.99998938
1.00003313
1.00010439
1.0001495
1.0000729
0.999788393
0.999312711
0.998857314
0.998844994
0.99978702
1.00201695
1.00536963
1.00896629
1.0112627
1.0104172
1.00487878
0.993970807
0.978243323
0.959399694
0.938258461
0.902367482
0.795514439
0.540065668
0.181404731
0.999999943
0.999999793
0.999999908
1.00000131
1.00000262
0.999999697
0.999990222
0.999980667
0.999988226
1.00003026
1.00010112
1.00014959
1.00008125
0.999807191
0.999336539
0.998870582
0.998825473
0.999716521
1.00189554
1.00522577
1.00885516
1.01124995
1.01055349
1.00517643
0.994393158
0.978706028
0.95980174
0.938851761
0.905149254
0.803861553
0.550476131
0.185218985
0.99999995
0.999999795
0.999999878
1.00000125
1.00000264
0.999999962
0.999990694
0.999980818
0.999987137
1.00002744
1.00009779
1.0001494
1.0000891
0.999825532
0.99936039
0.998884803
0.998807955
0.999648574
1.00177611
1.00508204
1.00874151
1.01123239
1.01068415
1.00546971
0.994814416
0.979173216
0.960208132
0.939387631
0.907745537
0.812260773
0.561515072
0.189352571
0.999999957
0.999999798
0.999999849
1.00000119
1.00000266
1.00000021
0.999991154
0.999980995
0.999986151
1.00002479
1.00009455
1.00014899
1.00009619
0.999842587
0.999383052
0.998899061
0.998792887
0.999585965
1.00166402
1.00494528
1.0086314
1.01121236
1.01080552
1.00574817
0.995218482
0.979626078
0.960604036
0.939860004
0.910120067
0.820608025
0.573139509
0.193816507
0.999999964
0.999999801
0.999999823
1.00000113
1.00000267
1.00000044
0.999991575
0.999981177
0.999985304
1.00002243
1.00009162
1.00014847
1.00010222
0.999857483
0.999403144
0.998912159
0.998780464
0.999531519
1.00156517
1.00482348
1.00853229
1.01119339
1.01091418
1.00600026
0.995586784
0.98004213
0.960970104
0.940262666
0.912244833
0.828790824
0.585287991
0.198622376
0.999999971
0.999999805
0.999999799
1.00000108
1.00000267
1.00000062
0.999991929
0.999981337
0.999984625
1.00002054
1.00008924
1.000148
1.00010697
0.999869283
0.999419114
0.99892263
0.998770665
0.999488148
1.00148611
1.00472584
1.00845317
1.0111802
1.01100694
1.00621322
0.995898113
0.980395074
0.961281964
0.940587933
0.914102059
0.836692111
0.597878802
0.203785387
0.999999977
0.999999807
0.999999778
1.00000105
1.00000268
1.00000076
0.99999218
0.999981439
0.999984148
1.00001925
1.0000877
1.00014778
1.00011015
0.999876912
0.99942914
0.998928727
0.998763371
0.999459095
1.0014343
1.00466303
1.00840463
1.01117863
1.01108057
1.00637265
0.996128079
0.980654326
0.961509631
0.940824744
0.915684764
0.844194619
0.610807239
0.209328451
0.999999983
0.999999809
0.999999762
1.00000102
1.00000269
1.00000084
0.999992291
0.999981447
0.999983904
1.00001877
1.0000873
1.00014801
1.00011146
0.999879149
0.999431188
0.998928529
0.998758538
0.999448147
1.00141834
1.00464727
1.00839883
1.01119543
1.01113136
1.00646193
0.996248446
0.980784459
0.961616995
0.940955812
0.916994926
0.851189714
0.623945227
0.215286497
0.99999999
0.999999808
0.999999751
1.00000102
1.00000271
1.00000085
0.999992228
0.999981328
0.999983936
1.00001927
1.00008832
1.00014884
1.00011052
0.999874747
0.999423249
0.998920233
0.998756413
0.999459682
1.00144781
1.00469211
1.00844923
1.01123797
1.01115485
1.00646177
0.996226545
0.980744642
0.961560893
0.940950595
0.918034041
0.857602501
0.637155316
0.221707221
0.999999996
0.999999806
0.999999745
1.00000104
1.00000274
1.00000079
0.999991978
0.99998107
0.999984278
1.0000209
1.00009099
1.00015035
1.00010678
0.999862226
0.999403183
0.998902296
0.998758155
0.999499643
1.00153414
1.00481263
1.0085699
1.01131295
1.01114444
1.00634908
0.996023784
0.980485457
0.961284583
0.94073773
0.91876372
0.863462172
0.650301422
0.228539229
1
0.999999802
0.999999743
1.00000108
1.00000278
1.00000063
0.999991488
0.999980654
0.999985075
1.00002402
1.00009573
1.00015243
1.00009897
0.999838881
0.999367761
0.998873276
0.998767171
0.999578531
1.00169453
1.00502868
1.00877622
1.01142332
1.01108492
1.00608949
0.995591004
0.979951353
0.960735878
0.940277503
0.919155866
0.868738744
0.663279773
0.235738436
1.00000001
0.999999797
0.999999746
1.00000115
1.00000283
1.00000034
0.999990702
0.999980096
0.999986557
1.00002912
1.0001029
1.00015461
1.00008502
0.999801124
0.99931353
0.998833059
0.99879024
0.999711833
1.00195128
1.0053631
1.0090825
1.01156615
1.01095109
1.0056362
0.99486593
0.979074132
0.959851073
0.939523386
0.919195457
0.873390676
0.675945454
0.243272408
1.00000001
0.999999791
0.999999757
1.00000126
1.00000287
0.999999866
0.999989562
0.99997947
0.999989102
1.00003679
1.00011274
1.00015574
1.00006165
0.99974424
0.999237172
0.998784242
0.998840007
0.999923021
1.00233397
1.0058418
1.00949917
1.01172705
1.0107007
1.00492333
0.993768942
0.977772427
0.958557903
0.938422887
0.918863096
0.877392473
0.688162546
0.25108335
1.00000001
0.999999782
0.999999779
1.0000014
1.0000029
0.999999148
0.999988014
0.99997895
0.999993303
1.00004779
1.00012517
1.00015345
1.00002362
0.999661867
0.999136086
0.998734492
0.99893884
1.00024751
1.00288163
1.00649234
1.01002727
1.01187171
1.01026489
1.00385741
0.992196801
0.975947836
0.956773594
0.936917547
0.918138247
0.88072808
0.69979987
0.259094098
1.00000002
0.999999772
0.999999814
1.00000159
1.00000288
0.999998092
0.999986035
0.999978888
1.00000005
1.00006296
1.00013932
1.00014337
0.999962964
0.999546408
0.999010959
0.998701322
0.999124495
1.00073676
1.00364253
1.00733809
1.01064748
1.01193196
1.00953456
1.00230658
0.990015935
0.973482173
0.954404938
0.934944082
0.916998925
0.883391939
0.710737326
0.267208492
1.00000002
0.99999976
0.999999867
1.00000182
1.00000275
0.999996588
0.999983678
0.999979907
1.00001054
1.00008287
1.00015271
1.00011792
0.999868789
0.999391199
0.998871145
0.998719843
0.999457416
1.00146116
1.00466953
1.00838508
1.0113007
1.01178444
1.00834152
1.00008713
0.987055156
0.970235148
0.951348998
0.932436311
0.915422947
0.885388181
0.720869255
0.275314184
1.00000002
0.999999748
0.999999944
1.00000209
1.00000245
0.99999452
0.999981148
0.999983024
1.00002627
1.00010728
1.00015986
1.00006511
0.999727727
0.999194739
0.99874339
0.998853822
1.00002896
1.00250936
1.00600668
1.00959679
1.01185623
1.01121928
1.00643345
0.996947602
0.983098192
0.966042851
0.947494652
0.929327565
0.913389238
0.88672894
0.730103757
0.283282498
1.00000002
0.999999737
1.00000005
1.00000239
1.00000187
0.999991802
0.999978913
0.999989739
1.00004866
1.00013385
1.00015053
0.999967736
0.99952729
0.998970565
0.998687067
0.99921013
1.00096574
1.00397468
1.00765586
1.01084666
1.01206075
1.00989621
1.00344387
0.992553203
0.977879337
0.960719703
0.942726734
0.92555466
0.910880182
0.887433291
0.738361801
0.29096935
1.00000002
0.999999727
1.00000018
1.00000269
1.00000088
0.999988432
0.999977844
1.00000202
1.00007831
1.00015627
1.00010768
0.999804866
0.999265237
0.998765633
0.998815741
0.999950816
1.00241822
1.00591276
1.00950779
1.01183716
1.01146368
1.00728983
0.998861644
0.986476063
0.971086395
0.954066395
0.936933935
0.92106376
0.907884948
0.887526636
0.745575507
0.298216107
1.00000002
0.999999722
1.00000035
1.00000294
0.999999347
0.999984581
0.999979332
1.00002202
1.0001135
1.00016163
1.00000683
0.999559015
0.998968977
0.998688472
0.99931903
1.00128682
1.00450938
1.00824457
1.01121765
1.01197681
1.00932124
1.00263316
0.992011633
0.978200716
0.962377058
0.945886897
0.930021604
0.915818345
0.904403658
0.887040419
0.751685175
0.304847674
1.00000001
0.999999723
1.00000055
1.00000308
0.999997156
0.9999807
0.999985314
1.00005126
1.00014782
1.00012817
0.999819853
0.999233877
0.998728276
0.998941756
1.00046469
1.0034186
1.00720268
1.01057126
1.0120098
1.01022017
1.00449935
0.994885167
0.982068734
0.967160036
0.95141683
0.936017837
0.921930286
0.90980924
0.900452212
0.886012328
0.756638454
0.310679497
1.00000001
0.99999973
1.00000077
1.00000304
0.99999426
0.999977617
0.999998066
1.0000892
1.00016742
1.00002551
0.999528093
0.998887215
0.998736881
0.999835795
1.00253475
1.00636471
1.01003833
1.01187858
1.01042644
1.00491527
0.995431279
0.982772192
0.968140195
0.952820798
0.937946398
0.924372158
0.912659692
0.903066027
0.896067265
0.884487294
0.760408123
0.315644744
1.00000001
0.999999746
1.000001
1.00000277
0.999990731
0.999976555
1.00001963
1.00013117
1.00014916
0.999821592
0.999149834
0.998676505
0.999319107
1.00172807
1.005619
1.00960964
1.01171384
1.01017137
1.00411635
0.993778146
0.980238993
0.964980533
0.94945886
0.934835816
0.921881414
0.910994802
0.902295054
0.895667482
0.891309199
0.882500627
0.762810692
0.319274483
1
0.999999771
1.00000123
1.00000218
0.999986803
0.999979025
1.00005081
1.0001663
1.00006226
0.999500451
0.998781849
0.99889647
1.00088438
1.00480085
1.00918572
1.01155798
1.00960411
1.00223444
0.989906679
0.974217109
0.957175379
0.940584375
0.925716795
0.913263065
0.903435455
0.896121845
0.891031084
0.887750246
0.886266201
0.880111234
0.76383201
0.321437261
0.999999999
0.999999802
1.00000143
1.00000127
0.999982881
0.99998653
1.00009002
1.00017681
0.999876423
0.999091932
0.998639749
0.999958045
1.0037235
1.00860002
1.01144876
1.00898461
0.999583645
0.983968657
0.96456795
0.944287752
0.925521237
0.909733713
0.897509652
0.888809473
0.883229662
0.880216923
0.879176211
0.879502952
0.881043905
0.877368463
0.763437738
0.322066422
0.999999996
0.999999839
1.00000159
1.00000005
0.999979504
1.00000009
1.00013225
1.00014026
0.999577866
0.998704082
0.999059242
1.00223722
1.00758868
1.01140288
1.00884233
0.997059535
0.976869197
0.951943802
0.926667037
0.904392557
0.886854113
0.874442807
0.86674025
0.862988941
0.862319104
0.863941534
0.867141445
0.87119096
0.875821797
0.87433221
0.761368087
0.320732158
0.999999994
0.999999879
1.00000169
0.999998594
0.999977234
1.00001976
1.00016921
1.00003606
0.999189093
0.998534158
1.00040655
1.00575889
1.01116836
1.00983085
0.996373062
0.970892309
0.938654601
0.906468907
0.879290169
0.859184261
0.846091424
0.838999339
0.836665517
0.83800644
0.84217225
0.848309701
0.855600038
0.863224983
0.870816486
0.87103712
0.757372515
0.317133666
0.999999993
0.999999919
1.00000173
0.999997006
0.99997651
1.00004428
1.00019105
0.999855199
0.998780484
0.998825362
1.00287567
1.00983164
1.0118991
0.999541309
0.969820587
0.929168286
0.888222214
0.854913928
0.831853954
0.817964616
0.811048816
0.809231476
0.811386265
0.816774937
0.824726041
0.834502379
0.845251719
0.856021101
0.866259855
0.867475431
0.751049743
0.310890782
0.999999992
0.999999957
1.00000171
0.999995418
0.9999775
1.0000712
1.00018976
0.999608993
0.998457381
0.999753065
1.00624971
1.01298649
1.00682593
0.977740127
0.92977777
0.878355108
0.83741492
0.811369
0.797462649
0.791146703
0.789235392
0.790480884
0.794575459
0.801603132
0.811443096
0.823496141
0.836759769
0.85001477
0.862387769
0.863555817
0.741807456
0.301577411
0.999999992
0.999999992
1.00000165
0.999993953
0.999980015
1.00009743
1.00016316
0.999330953
0.99831419
1.0012763
1.00982757
1.01365627
0.994856993
0.946855733
0.884850581
0.832690349
0.801929089
0.78829489
0.783714911
0.782592345
0.782677757
0.783618762
0.786607985
0.792897691
0.802877381
0.815911961
0.830686692
0.845638237
0.859457473
0.858993466
0.728602392
0.288571148
0.999999992
1.00000002
1.00000156
0.9999927
0.99998351
1.00012016
1.00011765
0.999068324
0.998370856
1.00304919
1.01270603
1.01156778
0.979324619
0.916338436
0.849275049
0.80562203
0.788566071
0.784169264
0.7838925
0.784659018
0.784129904
0.783166922
0.784235066
0.789261358
0.798804626
0.812104265
0.827577868
0.843350512
0.857517948
0.853149402
0.70968227
0.27070135
0.999999992
1.00000005
1.00000146
0.999991713
0.999987179
1.00013744
1.00006818
0.998867725
0.998533996
1.00448205
1.01429622
1.00876684
0.968153037
0.89924307
0.834389398
0.798907564
0.788464314
0.785408896
0.784682688
0.785654353
0.784040638
0.782968427
0.784125161
0.789335815
0.799040344
0.812402479
0.827806768
0.843553934
0.857129355
0.84415475
0.681645074
0.2484222
0.999999993
1.00000006
1.00000137
0.999991033
0.999990011
1.00014803
1.00003552
0.998767341
0.998628581
1.00492975
1.01450949
1.0085949
0.969687785
0.905101078
0.8435191
0.806628161
0.79265731
0.788042709
0.78524455
0.784236629
0.784402268
0.785331044
0.788611303
0.795173374
0.805141597
0.817830147
0.832372382
0.847912735
0.858405929
0.826001961
0.637314504
0.220684297
0.999999993
1.00000007
1.00000132
0.99999071
0.999990933
1.00015019
1.00004242
0.998809257
0.998507551
1.00383911
1.01311921
1.01250336
0.986479586
0.935216796
0.877090791
0.832753768
0.809391419
0.800532035
0.796680289
0.793467054
0.791937507
0.793927269
0.798160576
0.805288689
0.815231174
0.828027027
0.843149275
0.857017169
0.853529553
0.784839524
0.567948021
0.18549769
0.999999993
1.00000007
1.00000132
0.999990976
0.999988568
1.00013698
1.00011686
0.99909091
0.998160483
1.00119507
1.00943201
1.01589488
1.00873268
0.981267999
0.938090391
0.891689503
0.854194244
0.831697879
0.823857468
0.826485008
0.834230939
0.842607817
0.850281675
0.856481974
0.864710404
0.87216488
0.874676588
0.861919565
0.812245961
0.689491599
0.458374647
0.139834597
0.999999993
1.00000006
1.00000138
0.999992783
0.999979906
1.00009751
1.00021951
0.999593357
0.998253015
0.998497728
1.00306302
1.01136345
1.01840087
1.01767117
1.00504737
0.980461156
0.946957366
0.908694667
0.869402969
0.831767669
0.797467275
0.767433334
0.741931113
0.71968267
0.695891975
0.6689137
0.634549996
0.586008364
0.512882371
0.402772636
0.249256486
0.0721498861
0.999999993
1.00000001
1.00000143
0.999996612
0.999973717
1.00003243
1.00023162
1.00013096
0.999169931
0.997810419
0.997740498
1.00065945
1.00697669
1.01558259
1.02456466
1.03207427
1.03679284
1.03794472
1.03506139
1.02769157
1.0151459
0.996284844
0.969333164
0.931716753
0.879962073
0.809819383
0.717011364
0.598714914
0.456360283
0.299578858
0.149481646
0.0332773847
0.999999995
0.999999944
1.0000011
1.00000118
0.999979363
0.999971555
1.00010373
1.00032183
1.00023672
0.999467281
0.998063095
0.996530734
0.995536057
0.995610718
0.997043209
0.999928064
1.00427141
1.01007828
1.01739395
1.02629478
1.03682128
1.04882604
1.06167915
1.07373897
1.08147109
1.07813675
1.05218496
0.986101355
0.857765589
0.648445459
0.363988248
0.0734912272
0.999999999
0.999999924
1.00000034
1.00000337
0.999995733
0.999961944
0.999958499
1.00008223
1.00033352
1.00057844
1.00064207
1.00040808
0.999849961
0.999009035
0.997960748
0.996794781
0.995615239
0.9945592
0.99383211
0.993761205
0.994867441
0.997945335
1.00410669
1.01466887
1.03062236
1.05118667
1.07073667
1.0734627
1.02666169
0.878115041
0.574093547
0.137661672
1
0.999999971
0.99999976
1.00000157
1.00000596
0.999996772
0.999959537
0.999913991
0.999902721
0.999956827
1.0000803
1.00025592
1.00045689
1.00065414
1.00081767
1.00091414
1.00090284
1.00073243
1.00034213
0.999675171
0.99872104
0.997616281
0.996845685
0.99756939
1.00199412
1.01336388
1.03443205
1.06206537
1.07488458
1.01394999
0.770912751
0.251171535
1
1.00000001
0.999999874
0.999999398
1.00000139
1.00000822
1.00001419
1.00000974
0.999990263
0.999958072
0.999919345
0.999881059
0.999849726
0.999831442
0.99983237
0.999859013
0.999917623
1.00001166
1.00013538
1.00026081
1.00031596
1.00016069
0.999594922
0.998498791
0.997297144
0.997924978
1.00498045
1.024945
1.0574912
1.06910105
0.942764015
0.446253092
1
0.999999998
1.00000005
1.00000003
0.999999152
0.999997766
0.999997742
1.00000052
1.00000603
1.00001315
1.00002053
1.00002687
1.00003106
1.00003201
1.00002858
1.00001965
1.0000044
0.999983292
0.999960273
0.99994666
0.999965437
1.00004796
1.00020173
1.00032241
1.00008981
0.999126606
0.998030161
1.00054296
1.0146707
1.04431075
1.04582447
0.770400674
)
;

boundaryField
{
    inner_wall
    {
        type            zeroGradient;
    }
    outer_wall
    {
        type            fixedValue;
        value           uniform 0;
    }
    top
    {
        type            fixedValue;
        value           uniform 1;
    }
    bottom
    {
        type            inletOutlet;
        inletValue      uniform 0;
        value           nonuniform List<scalar> 
32
(
0
0
0
0
0
0
0
0
0
0
-0.00817783753
-0.0184199379
-0.0375078562
-0.0524379188
-0.0157896931
0.143532864
0.433827092
0.746603563
0.959136958
1.03533318
1.02864712
1.00650096
0.997234124
0.997953722
1.00159647
1.00579732
1.00763873
1.00176891
0.978996013
0.899930565
0.67789482
0.261370877
)
;
    }
    front
    {
        type            wedge;
    }
    back
    {
        type            wedge;
    }
}


// ************************************************************************* //
