/*--------------------------------*- C++ -*----------------------------------*\
| =========                 |                                                 |
| \\      /  F ield         | OpenFOAM: The Open Source CFD Toolbox           |
|  \\    /   O peration     | Version:  2506                                  |
|   \\  /    A nd           | Website:  www.openfoam.com                      |
|    \\/     M anipulation  |                                                 |
\*---------------------------------------------------------------------------*/
FoamFile
{
    version     2.0;
    format      ascii;
    arch        "LSB;label=32;scalar=64";
    class       volScalarField;
    location    "581";
    object      p;
}
// * * * * * * * * * * * * * * * * * * * * * * * * * * * * * * * * * * * * * //

dimensions      [0 2 -2 0 0 0 0];

internalField   nonuniform List<scalar> 
3072
(
-0.000123967114
-9.41514853e-05
-9.04856681e-05
-8.44511751e-05
-7.46945414e-05
-6.29698197e-05
-5.10207742e-05
-3.99856182e-05
-2.7774263e-05
-1.40153897e-05
-7.56289183e-06
-7.76020372e-06
-7.62206355e-06
-6.31048752e-06
-4.47206578e-06
-2.49543053e-06
-5.35752104e-07
1.32376637e-06
3.02534825e-06
4.52416613e-06
5.80684543e-06
7.01601693e-06
8.04227769e-06
8.74648174e-06
9.27236747e-06
9.66433466e-06
9.94255765e-06
1.0131466e-05
1.02633731e-05
1.03857532e-05
1.05658879e-05
1.08151484e-05
-0.000264310181
-0.000186451886
-0.000160138438
-0.000141512524
-0.000123474646
-0.000104850539
-8.64209331e-05
-6.86356611e-05
-5.08429269e-05
-3.39335599e-05
-2.1812505e-05
-1.44699701e-05
-8.57003061e-06
-3.29992295e-06
1.33038101e-06
5.3247542e-06
8.74332484e-06
1.16448552e-05
1.40880499e-05
1.61497979e-05
1.77775252e-05
1.92002876e-05
2.04184416e-05
2.12384363e-05
2.18513908e-05
2.23315462e-05
2.27115868e-05
2.30231394e-05
2.33042719e-05
2.36021158e-05
2.39473391e-05
2.42410391e-05
-0.000326423433
-0.000221780803
-0.000176573897
-0.00014611251
-0.000121669103
-0.000100771406
-8.23233235e-05
-6.56793622e-05
-5.03710933e-05
-3.65144104e-05
-2.47566048e-05
-1.50288224e-05
-6.70535852e-06
5.33443022e-07
6.82434293e-06
1.22634883e-05
1.6934619e-05
2.09093159e-05
2.42732283e-05
2.72005771e-05
2.95866489e-05
3.14880753e-05
3.30811446e-05
3.43168966e-05
3.52851645e-05
3.60471745e-05
3.66468881e-05
3.71229945e-05
3.75126051e-05
3.78540953e-05
3.81780071e-05
3.84491731e-05
-0.000386213043
-0.000266915288
-0.000210788436
-0.000168760909
-0.000135762904
-0.000109664086
-8.78520764e-05
-6.89314937e-05
-5.21828524e-05
-3.72966572e-05
-2.41970296e-05
-1.27466525e-05
-2.72750431e-06
6.04072454e-06
1.36901105e-05
2.03248488e-05
2.6036388e-05
3.09109869e-05
3.50378621e-05
3.85008778e-05
4.14022392e-05
4.37573058e-05
4.56285279e-05
4.71510005e-05
4.83629372e-05
4.93169822e-05
5.00673484e-05
5.06622512e-05
5.1144764e-05
5.15568747e-05
5.19302005e-05
5.22252789e-05
-0.000442026026
-0.000315681536
-0.000246466729
-0.000194679304
-0.000154291614
-0.000122039887
-9.54370681e-05
-7.29138585e-05
-5.34571232e-05
-3.64588747e-05
-2.15557021e-05
-8.480763e-06
2.98926441e-06
1.30323514e-05
2.17902073e-05
2.93829303e-05
3.59217491e-05
4.15132694e-05
4.62353194e-05
5.00706801e-05
5.32996057e-05
5.60634333e-05
5.82578954e-05
6.00107018e-05
6.14105952e-05
6.25242057e-05
6.34103838e-05
6.41219938e-05
6.4707368e-05
6.52149917e-05
6.56820745e-05
6.60572814e-05
-0.000490655838
-0.000359350636
-0.000280091926
-0.000220371094
-0.000173455817
-0.000135075233
-0.000103462116
-7.69821563e-05
-5.4413295e-05
-3.49378054e-05
-1.80141599e-05
-3.25751384e-06
9.62014544e-06
2.08405284e-05
3.05809444e-05
3.89914741e-05
4.62061528e-05
5.23486022e-05
5.75291574e-05
6.18421681e-05
6.54204708e-05
6.83735e-05
7.0771934e-05
7.27055167e-05
7.42585782e-05
7.55057115e-05
7.65131645e-05
7.73396891e-05
7.80398219e-05
7.86708101e-05
7.92763997e-05
7.97775993e-05
-0.000531925656
-0.000396359876
-0.000311284529
-0.000245352978
-0.000191929075
-0.000147979078
-0.000111621368
-8.11856926e-05
-5.5378343e-05
-3.32742377e-05
-1.42177311e-05
2.27283628e-06
1.65599298e-05
2.89245096e-05
3.95925961e-05
4.87539956e-05
5.65744606e-05
6.32032879e-05
6.87775316e-05
7.34250275e-05
7.72688714e-05
8.0423682e-05
8.29928837e-05
8.50733435e-05
8.6754739e-05
8.81187066e-05
8.92382249e-05
9.01778613e-05
9.09984465e-05
9.17665884e-05
9.25327286e-05
9.31833495e-05
-0.000566133082
-0.000427474343
-0.000338406781
-0.000267796709
-0.000209055374
-0.000160191449
-0.000119500692
-8.53394084e-05
-5.6398446e-05
-3.17025976e-05
-1.05252676e-05
7.68768367e-06
2.33650002e-05
3.6845609e-05
4.84055305e-05
5.8276679e-05
6.66600221e-05
7.37340843e-05
7.96606296e-05
8.45881861e-05
8.86542945e-05
9.198588e-05
9.46994941e-05
9.69022031e-05
9.86919186e-05
0.000100157326
0.000101377502
0.000102422306
0.000103358394
0.000104261221
0.000105187273
0.000105987466
-0.000594147762
-0.000453436243
-0.000361224974
-0.000286858407
-0.000223988824
-0.000171080143
-0.000126662708
-8.91950129e-05
-5.74014225e-05
-3.02977826e-05
-7.12092141e-06
1.27310358e-05
2.97374241e-05
4.42859647e-05
5.66971832e-05
6.72422416e-05
7.615589e-05
8.36453227e-05
8.98963167e-05
9.50772444e-05
9.93417305e-05
0.000102830091
0.000105670359
0.000107979162
0.000109862321
0.000111415139
0.000112722212
0.000113858091
0.000114894449
0.000115914268
0.000116979034
0.000117908756
-0.000616490845
-0.00047443771
-0.000379940545
-0.000302669521
-0.000236575385
-0.000180406025
-0.000132889627
-9.25999269e-05
-5.83169364e-05
-2.90718119e-05
-4.0883078e-06
1.72633655e-05
3.54977272e-05
5.10401461e-05
6.42475666e-05
7.54248124e-05
8.48364573e-05
9.27156343e-05
9.92701426e-05
0.000104686853
0.000109134657
0.000112766564
0.000115721143
0.000118123711
0.000120087231
0.000121712897
0.000123090128
0.000124297456
0.0001254106
0.000126518265
0.000127685707
0.000128710546
-0.000633726748
-0.000490848645
-0.000394799473
-0.000315366688
-0.000246804273
-0.000188073547
-0.000138060496
-9.54451062e-05
-5.90693238e-05
-2.79913869e-05
-1.43718337e-06
2.12362385e-05
4.05659054e-05
5.70040948e-05
7.09357293e-05
8.2692575e-05
9.25639435e-05
0.000100804923
0.000107642324
0.000113279162
0.000117897837
0.000121662557
0.000124721115
0.000127206368
0.00012923741
0.000130920416
0.000132348804
0.00013360434
0.000134765753
0.000135925474
0.000137151274
0.000138229014
-0.000646482961
-0.000503164187
-0.000406150356
-0.000325165933
-0.000254771446
-0.000194091008
-0.000142131504
-9.76639612e-05
-5.95903774e-05
-2.7000054e-05
8.70163079e-07
2.46664848e-05
4.49387375e-05
6.21570552e-05
7.67265546e-05
8.8999328e-05
9.92840317e-05
0.000107853283
0.000114949358
0.000120788538
0.000125564424
0.000129450508
0.000132602212
0.000135158566
0.000137243639
0.000138967565
0.000140426906
0.00014170591
0.000142885329
0.000144059362
0.000145297141
0.000146383844
-0.000655395548
-0.000511913874
-0.000414398753
-0.000332350222
-0.000260648003
-0.000198537816
-0.000145115251
-9.92259498e-05
-5.98247365e-05
-2.60322716e-05
2.89962384e-06
2.76145586e-05
4.86681161e-05
6.65413071e-05
8.16528134e-05
9.43692057e-05
0.000105013366
0.000113871131
0.000121196607
0.000127216336
0.000132132621
0.00013612618
0.000139358334
0.000141972855
0.000144097565
0.000145845539
0.000147315642
0.000148593911
0.000149762225
0.000150914823
0.000152121209
0.000153176104
-0.000661079478
-0.000517623643
-0.000419969923
-0.000337237119
-0.000264648554
-0.000201539464
-0.000147065356
-0.000100130106
-5.97332304e-05
-2.50242429e-05
4.72928514e-06
3.01652353e-05
5.18402798e-05
7.0241188e-05
8.57949776e-05
9.88778364e-05
0.000109822417
0.000118923895
0.000126444828
0.000132619171
0.000137655511
0.000141739783
0.000145037526
0.000147695857
0.000149845193
0.000151600591
0.00015306245
0.000154317985
0.000155449466
0.000156549752
0.000157687955
0.00015867681
-0.000664111748
-0.000520794803
-0.000423285394
-0.000340155703
-0.000267011399
-0.000203251115
-0.000148065457
-0.000100401619
-5.92958947e-05
-2.3922549e-05
6.4361971e-06
3.24111206e-05
5.45572544e-05
7.33635278e-05
8.92614606e-05
0.000102632996
0.000113816953
0.000123114547
0.000130793888
0.000137093818
0.000142227063
0.000146382957
0.000149729741
0.000152416627
0.00015457559
0.000156322832
0.000157759629
0.000158973868
0.00016004763
0.000161071356
0.000162113215
0.000163010211
-0.000665021586
-0.000521896307
-0.000424752601
-0.000341432628
-0.000267983178
-0.000203844739
-0.000148220248
-0.00010008767
-5.85123938e-05
-2.26890826e-05
8.0873844e-06
3.44405369e-05
5.69223754e-05
7.6021667e-05
9.21717502e-05
0.000105757444
0.000117120951
0.000126566902
0.000134366603
0.000140761694
0.000145967246
0.000150174462
0.000153553013
0.000156253146
0.00015840754
0.00016013285
0.000161530704
0.000162689259
0.000163690001
0.000164620275
0.000165546958
0.000166335237
-0.000664284167
-0.000521353503
-0.000424746475
-0.000341376312
-0.000267805976
-0.000203497529
-0.000147646655
-9.92512925e-05
-5.73995932e-05
-2.13022868e-05
9.73528577e-06
3.63301111e-05
5.90305767e-05
7.83239925e-05
9.46437119e-05
0.000108375431
0.000119862681
0.000129411538
0.000137294689
0.000143754954
0.000149008331
0.000153246689
0.00015664012
0.000159339076
0.000161476272
0.00016316829
0.000164516708
0.000165609657
0.000166527772
0.00016735495
0.000168156604
0.000168827829
-0.000662312425
-0.000519541673
-0.000423608107
-0.000340272524
-0.000266709258
-0.000202383783
-0.000146466282
-9.7965851e-05
-5.59881588e-05
-1.97562456e-05
1.14163538e-05
3.81411182e-05
6.09628267e-05
8.03667339e-05
9.67851286e-05
0.000110603272
0.000122164587
0.000131775205
0.000139707875
0.000146205411
0.0001514837
0.000155734385
0.000159127234
0.000161812299
0.000163921844
0.000165572006
0.000166864029
0.000167885819
0.000168717016
0.000169438
0.000170112674
0.0001706659
-0.000659463136
-0.00051678345
-0.000421640393
-0.000338378524
-0.000264903782
-0.00020066855
-0.000144799655
-9.63100454e-05
-5.43188543e-05
-1.80583856e-05
1.31517554e-05
3.99186306e-05
6.27837815e-05
8.2230297e-05
9.86889041e-05
0.000112543613
0.00012413681
0.000133773745
0.000141726344
0.000148236613
0.000153519615
0.000157766163
0.000161145199
0.000163805966
0.00016587996
0.000167482631
0.000168714707
0.000169663741
0.000170408338
0.000171025487
0.000171577646
0.000172017832
-0.000656031612
-0.000513345873
-0.000419107468
-0.000335922121
-0.000262578377
-0.000198503173
-0.000142761302
-9.43631835e-05
-5.24384095e-05
-1.62261782e-05
1.49497058e-05
4.16928347e-05
6.45418851e-05
8.39782821e-05
0.000100431233
0.000114282842
0.000125873864
0.000135508126
0.000143456218
0.000149958848
0.000155229826
0.000159458769
0.000162813488
0.000165442183
0.000167475402
0.000169027771
0.000170199409
0.000171077439
0.00017173946
0.000172259341
0.000172698217
0.000173034632
-0.000652249994
-0.000509469299
-0.000416223438
-0.000333097967
-0.000259900402
-0.00019602366
-0.000140456212
-9.22009401e-05
-5.03952837e-05
-1.42829751e-05
1.68097666e-05
4.34832687e-05
6.62710633e-05
8.5656922e-05
0.000102071072
0.000115890583
0.000127453747
0.000137063033
0.000144987633
0.000151466756
0.000156712758
0.000160913885
0.000164236687
0.000166828214
0.000168817992
0.000170319777
0.000171433037
0.000172244439
0.000172830643
0.000173262752
0.000173600754
0.000173845449
-0.000648310519
-0.000505544394
-0.000413024264
-0.00033001667
-0.000257005539
-0.000193345852
-0.000137974786
-8.98904319e-05
-4.82345167e-05
-1.22522901e-05
1.87298922e-05
4.5307897e-05
6.79947324e-05
8.72926344e-05
0.000103648926
0.000117418808
0.000128937066
0.000138505956
0.000146393707
0.000152838112
0.000158050088
0.000162216516
0.000165502687
0.000168054505
0.000170000485
0.000171453532
0.000172512469
0.000173263507
0.00017378246
0.000174138061
0.000174389325
0.000174555826
-0.000644359228
-0.000501786097
-0.00040959516
-0.000326788461
-0.000254004015
-0.000190565212
-0.000135395316
-8.74937602e-05
-4.60039282e-05
-1.01715189e-05
2.06750017e-05
4.71287748e-05
6.97224118e-05
8.89473973e-05
0.000105225987
0.000118923501
0.00013037988
0.000139895414
0.000147735901
0.000154137294
0.000159308946
0.000163436319
0.000166683414
0.000169194997
0.000171098606
0.000172506308
0.000173516305
0.000174214375
0.00017467559
0.000174966691
0.000175145827
0.000175248117
-0.000640496352
-0.000498120369
-0.00040618252
-0.00032353534
-0.000250977159
-0.000187754009
-0.000132779695
-8.50590157e-05
-4.37372692e-05
-8.06473112e-06
2.26381307e-05
4.8966037e-05
7.14749532e-05
9.06223929e-05
0.000106806207
0.000120422573
0.000131810801
0.000141267403
0.000149055825
0.000155410416
0.000160539105
0.000164626047
0.000167834089
0.000170306954
0.000172171145
0.000173538112
0.000174505507
0.000175158602
0.000175571883
0.000175810504
0.000175931664
0.000175982777
-0.000636798857
-0.00049458462
-0.000402826676
-0.000320370994
-0.000247994338
-0.000184959253
-0.00013016646
-8.26131284e-05
-4.14414814e-05
-5.94918156e-06
2.46301048e-05
5.08467262e-05
7.32417526e-05
9.2281606e-05
0.0001083806
0.000121924234
0.00013324753
0.000142646154
0.000150382855
0.000156690976
0.000161777359
0.000165825167
0.000168996486
0.000171434116
0.000173261376
0.000174591976
0.000175524033
0.000176140495
0.000176515468
0.000176713186
0.000176789903
0.000176800894
-0.000633315339
-0.000491226272
-0.000399595182
-0.000317332129
-0.000245110632
-0.000182230387
-0.000127596944
-8.02021852e-05
-3.91861128e-05
-3.7969528e-06
2.6645588e-05
5.27497155e-05
7.50340433e-05
9.39658932e-05
0.0001099825
0.000123455023
0.000134714542
0.000144056309
0.000151742514
0.000158005576
0.000163051379
0.000167062136
0.000170198921
0.000172603857
0.000174402049
0.000175703765
0.000176605724
0.000177192496
0.000177537694
0.000177704521
0.000177748939
0.000177732218
-0.000630067878
-0.00048806961
-0.00039654253
-0.000314419303
-0.000242330362
-0.000179586018
-0.000125091122
-7.78329081e-05
-3.69477691e-05
-1.67695977e-06
2.86567995e-05
5.46617883e-05
7.6837618e-05
9.56694122e-05
0.000111612003
0.000125019796
0.000136220524
0.000145509597
0.000153148967
0.00015937038
0.000164378973
0.000168356249
0.000171462604
0.000173839581
0.000175611896
0.000176889234
0.000177767925
0.000178332356
0.000178655797
0.000178800807
0.00017882307
0.000178787712
-0.000627059577
-0.000485121888
-0.00039367476
-0.000311654697
-0.00023967407
-0.000177043689
-0.000122665281
-7.55223441e-05
-3.47485607e-05
4.17731973e-07
3.06593216e-05
5.65752228e-05
7.86535919e-05
9.739947e-05
0.00011327664
0.000126626067
0.000137773514
0.000147014763
0.000154611653
0.000160795436
0.000165770684
0.000169718361
0.000172798354
0.000175151738
0.000176902803
0.00017816088
0.000179021998
0.000179570295
0.000179878784
0.000180009633
0.000180018316
0.000179971981
-0.000624280498
-0.000482378563
-0.000390988103
-0.000309043237
-0.000237147603
-0.000174608956
-0.000120325657
-7.32782697e-05
-3.25985042e-05
2.4767109e-06
3.26335442e-05
5.84777877e-05
8.04892589e-05
9.91675817e-05
0.000114983683
0.000128278531
0.000139377479
0.000148575747
0.00015613469
0.000162285098
0.000167231089
0.000171153182
0.00017421085
0.00017654479
0.000178278952
0.000179522373
0.000180370831
0.000180908257
0.000181207478
0.000181330446
0.000181332491
0.000181281335
-0.000621711514
-0.000479825793
-0.000388471976
-0.000306578926
-0.000234747113
-0.000172279535
-0.000118071327
-7.11008892e-05
-3.04985528e-05
4.49883657e-06
3.4578174e-05
6.03555494e-05
8.23333757e-05
0.00010097729
0.000116735519
0.000129977432
0.000141031875
0.000150191895
0.000157717494
0.00016383888
0.000168759764
0.000172660274
0.000175699529
0.000178017912
0.0001797391
0.000180971891
0.000181811859
0.00018234276
0.000182637286
0.000182757313
0.000182758083
0.000182706811
-0.000619327934
-0.0004774436
-0.000386110199
-0.000304249236
-0.000232462519
-0.000170046964
-0.000115894562
-6.8981789e-05
-2.84368907e-05
6.50501063e-06
3.65272625e-05
6.22291974e-05
8.4164483e-05
0.000102791265
0.000118507354
0.000131707497
0.000142726056
0.00015185503
0.000159353444
0.000165451153
0.000170351648
0.000174234833
0.000177259601
0.000179566125
0.000181277897
0.000182503545
0.000183338489
0.000183866348
0.000184159727
0.000184280531
0.000184283954
0.000184235957
-0.000617102743
-0.000475209053
-0.000383883677
-0.000302038612
-0.000230281391
-0.000167901664
-0.000113788329
-6.69162729e-05
-2.64113757e-05
8.49363426e-06
3.8476619e-05
6.41161001e-05
8.59987806e-05
0.000104600619
0.000120289286
0.000133461254
0.000144453602
0.000153558985
0.000161036434
0.000167115786
0.000172000499
0.000175870407
0.00017888431
0.000181182277
0.000182887694
0.000184109085
0.000184941764
0.00018546925
0.0001857641
0.000185888319
0.000185897088
0.00018585463
-0.00061500872
-0.000473098349
-0.000381772246
-0.000299930165
-0.00022819037
-0.000165833902
-0.000111746801
-6.49031939e-05
-2.4427878e-05
1.04472323e-05
4.03988809e-05
6.60081183e-05
8.78589725e-05
0.000106428716
0.000122091596
0.000135241658
0.000146213931
0.000155301001
0.000162762165
0.000168827361
0.000173700047
0.00017756003
0.000180566066
0.000182858176
0.000184559688
0.000185779062
0.000186611543
0.000187140574
0.000187438692
0.000187568049
0.000187583831
0.000187548264
-0.000613019441
-0.00047108788
-0.000379755518
-0.000297906107
-0.000226174654
-0.000163831719
-0.000109760564
-6.29353441e-05
-2.24806854e-05
1.23714762e-05
4.2300009e-05
6.79005519e-05
8.9738852e-05
0.000108273668
0.000123907635
0.000137042019
0.000148000745
0.000157074714
0.000164523935
0.000170578753
0.000175442721
0.000179295666
0.000182296358
0.000184584817
0.000186284355
0.000187503404
0.000188337167
0.000188869035
0.000189171548
0.00018930703
0.000189330682
0.000189302634
-0.00061111018
-0.000469155203
-0.000377813915
-0.000295948853
-0.000224219355
-0.000161882769
-0.000107819554
-6.10046506e-05
-2.05629866e-05
1.42734079e-05
4.41862613e-05
6.97851141e-05
9.16203862e-05
0.000110129732
0.000125739911
0.000138862762
0.000149811606
0.000158875946
0.000166316415
0.000172363719
0.000177221501
0.000181069629
0.000184066906
0.000186353368
0.000188052333
0.000189272225
0.000190108223
0.000190643682
0.00019095116
0.00019109316
0.000191124905
0.000191104445
-0.000609258654
-0.000467279829
-0.000375929482
-0.00029404179
-0.000222310247
-0.00015997501
-0.000105913538
-5.91023234e-05
-1.86665839e-05
1.61621442e-05
4.60666863e-05
7.16587589e-05
9.34860976e-05
0.000111986644
0.000127588659
0.000140702468
0.000151642863
0.000160699769
0.000168133842
0.000174175798
0.000179029319
0.00018287431
0.000185869606
0.000188155267
0.000189854623
0.000191076099
0.000191914859
0.000192454236
0.000192766812
0.000192915268
0.000192954839
0.000192941607
-0.000607445642
-0.000465443872
-0.000374086629
-0.000292170029
-0.000220434791
-0.000158098024
-0.000104034009
-5.72217856e-05
-1.67870896e-05
1.80391401e-05
4.79402748e-05
7.35279924e-05
9.53486019e-05
0.0001138451
0.000129444786
0.000142552994
0.000153487706
0.000162539707
0.000169969636
0.000176008186
0.000180859093
0.000184702324
0.00018769676
0.000189982496
0.000191682885
0.000192906362
0.000193748088
0.000194291384
0.000194608864
0.000194763369
0.000194810136
0.000194803446
-0.000605655178
-0.000463632276
-0.00037227239
-0.000290320514
-0.000218582264
-0.00015624286
-0.000102173567
-5.53572185e-05
-1.4920338e-05
1.99067198e-05
4.98077736e-05
7.5394057e-05
9.72099467e-05
0.000115704464
0.000131304607
0.000144410052
0.000155341619
0.000164390861
0.000171818465
0.00017785515
0.000182704726
0.000186547237
0.00018954162
0.000191828012
0.000193529796
0.000194755426
0.000195600067
0.000196147034
0.000196468974
0.000196628878
0.000196681951
0.000196680881
-0.000603874513
-0.000461832878
-0.000370476484
-0.000288481913
-0.000216743988
-0.000154402107
-0.00010032602
-5.35037639e-05
-1.30628113e-05
2.17670572e-05
5.1669988e-05
7.72567466e-05
9.90702682e-05
0.000117564788
0.000133166783
0.000146271218
0.000157201389
0.000166249412
0.000173676014
0.000179711956
0.000184561126
0.000188403642
0.0001913985
0.000193685879
0.000195389193
0.000196616918
0.000197464227
0.000198014435
0.000198340225
0.000198504708
0.000198563031
0.000198566503
-0.00060209398
-0.000460036606
-0.000368690915
-0.000286644637
-0.000214913526
-0.000152569743
-9.84862631e-05
-5.16574218e-05
-1.12115264e-05
2.3622198e-05
5.35281159e-05
7.91165663e-05
0.000100929498
0.00011942532
0.000135029883
0.000148134469
0.000159064447
0.000168112322
0.000175538846
0.000181574822
0.000186424212
0.000190267199
0.00019326283
0.000195551326
0.000197256128
0.000198485735
0.000199335327
0.000199888225
0.000200217146
0.000200385291
0.000200447718
0.000200454567
-0.000600306679
-0.000458237582
-0.000366905626
-0.000284805002
-0.000213086779
-0.00015074082
-9.66502875e-05
-4.98151271e-05
-9.36418009e-06
2.54737615e-05
5.53831687e-05
8.09740128e-05
0.000102787575
0.00012128538
0.000136892768
0.000149998301
0.000160928901
0.000169977341
0.000177404399
0.000183440918
0.000188290918
0.000192134636
0.000195131164
0.000197420754
0.000199126876
0.000200358043
0.000201209446
0.000201764414
0.00020209569
0.000202266522
0.000202331837
0.000202340991
-0.000598507692
-0.000456431347
-0.000365097851
-0.000282978754
-0.000211261787
-0.000148911903
-9.48154829e-05
-4.7974809e-05
-7.51914845e-06
2.73229189e-05
5.72358975e-05
8.2829479e-05
0.000104644458
0.000123144491
0.000138754682
0.000151861726
0.000162793497
0.000171842965
0.000179270946
0.000185308317
0.000190159144
0.000194003706
0.000197001128
0.00019929169
0.000200998878
0.00020223122
0.000203083918
0.000203640312
0.000203973156
0.000204145633
0.000204212405
0.000204223676
-0.000596696077
-0.000454616583
-0.00036327999
-0.000281153422
-0.000209434376
-0.000147080713
-9.29798261e-05
-4.61347745e-05
-5.67510932e-06
2.91706296e-05
5.90869377e-05
8.46833276e-05
0.000106500196
0.000125002486
0.000140615358
0.000153724328
0.000164657643
0.000173708436
0.000181137575
0.000187175972
0.000192027727
0.000195873148
0.000198871382
0.000201162727
0.000202870683
0.000204103787
0.000204957245
0.000205514408
0.000205848034
0.000206021266
0.000206088586
0.000206100805
-0.000594872213
-0.000452792862
-0.000361454615
-0.000279327881
-0.000207604093
-0.000145246863
-9.11427161e-05
-4.429441e-05
-3.83152015e-06
3.10173086e-05
6.09365203e-05
8.65354855e-05
0.000108354498
0.000126859447
0.000142475221
0.000155586357
0.000166521391
0.000175573674
0.000183004111
0.000189043629
0.000193896345
0.000197742586
0.000200741512
0.000203033428
0.000204741843
0.000205975296
0.000206828999
0.0002073863
0.000207719958
0.000207893132
0.000207960395
0.000207972283
-0.000593037918
-0.000450962001
-0.000359621304
-0.00027750324
-0.000205771872
-0.000143411155
-8.93048722e-05
-4.24542702e-05
-1.98880326e-06
3.28626129e-05
6.27842376e-05
8.83850215e-05
0.000110205597
0.000128715289
0.000144336125
0.00015744921
0.000168385624
0.000177439325
0.000184871094
0.000190911767
0.000195765445
0.000199612454
0.000202611951
0.000204904238
0.000206612823
0.000207846247
0.000208699719
0.000209256584
0.000209589592
0.000209761962
0.000209828508
0.000209838989
-0.000591196091
-0.000449126822
-0.000357772779
-0.000275688805
-0.000203941144
-0.000141575704
-8.7468047e-05
-4.06156175e-05
-1.47688755e-07
3.47064401e-05
6.46308408e-05
9.02334796e-05
0.000112053307
0.000130568434
0.00014619758
0.000159313056
0.000170250776
0.000179305986
0.000186739262
0.000192781244
0.000197635984
0.000201483791
0.000204483811
0.000206776337
0.000208484872
0.000209717952
0.00021057079
0.000211126726
0.000211458501
0.000211629349
0.000211694261
0.000211702921
-0.000589352027
-0.000447291908
-0.000355922509
-0.000273877474
-0.000202114716
-0.000139743453
-8.56343877e-05
-3.87799684e-05
1.69094641e-06
3.6548696e-05
6.64773253e-05
9.2083453e-05
0.00011390105
0.000132418774
0.000148056693
0.000161176402
0.000172116632
0.000181174136
0.00018860951
0.000194653256
0.000199509382
0.000203358192
0.000206358827
0.000208651578
0.000210359943
0.000211592464
0.000212444358
0.000212998969
0.000213329024
0.000213497708
0.00021356011
0.00021356672
-0.000587512265
-0.000445462647
-0.000354082265
-0.000272068442
-0.000200295582
-0.000137918227
-8.38069562e-05
-3.69497606e-05
3.52507623e-06
3.83875152e-05
6.83214798e-05
9.39323483e-05
0.000115749896
0.000134270133
0.000149915834
0.000163040989
0.000173984959
0.000183045664
0.000190483844
0.000196529924
0.000201387878
0.000205238009
0.000208239459
0.000210532521
0.000212240699
0.000213472541
0.000214323276
0.000214876264
0.000215204214
0.000215370251
0.000215429539
0.000215433501
-0.000585684251
-0.000443645636
-0.00035225827
-0.000270268233
-0.000198488095
-0.000136104288
-8.19893604e-05
-3.5127891e-05
5.35236935e-06
4.02209362e-05
7.0161385e-05
9.57780577e-05
0.00011759876
0.000136124435
0.000151778478
0.000164909688
0.000175858275
0.000184923053
0.000192364818
0.000198413902
0.000203274241
0.000207126131
0.000210128715
0.000212422293
0.00021413038
0.000215361536
0.000216211012
0.000216762188
0.000217087767
0.000217250804
0.000217306523
0.000217307347
-0.000583876381
-0.000441848687
-0.000350456831
-0.000268484334
-0.000196697571
-0.00013430624
-8.018545e-05
-3.33173446e-05
7.170708e-06
4.20477524e-05
7.19969385e-05
9.76216085e-05
0.000119447964
0.000137981335
0.000153645222
0.000166783813
0.000177738374
0.00018680848
0.000194254929
0.000200307957
0.000205171467
0.000209025751
0.000212029966
0.000214324425
0.000216032663
0.000217263268
0.00021811152
0.00021866083
0.000218983906
0.000219143733
0.000219195581
0.000219192923
-0.000582097831
-0.000440080379
-0.000348685069
-0.000266724369
-0.000194929983
-0.000132529087
-7.83993801e-05
-3.15213806e-05
8.97771428e-06
4.38664467e-05
7.38274839e-05
9.9463183e-05
0.000121298236
0.000139841739
0.00015551716
0.000168664881
0.000179627241
0.00018870433
0.000196156902
0.000202215107
0.000207082828
0.00021094037
0.000213946911
0.000216242797
0.000217951598
0.000219181944
0.000220029159
0.000220576702
0.000220897296
0.000221053861
0.000221101708
0.000221095387
-0.000580358398
-0.000438349814
-0.000346950729
-0.000264996094
-0.000193191701
-0.000130778125
-7.66355188e-05
-2.97434338e-05
1.0770875e-05
4.5675384e-05
7.56522409e-05
0.0001013029
0.000123150606
0.000141706847
0.000157395315
0.000170554267
0.000181526833
0.000190613051
0.000198073575
0.000204138521
0.000209011779
0.000212873687
0.000215883469
0.000218181526
0.000219891487
0.000221122043
0.000221968583
0.00022251463
0.000222832937
0.000222986372
0.000223030288
0.000223020305
-0.000578668323
-0.000436666427
-0.000345261966
-0.000263307327
-0.000191489297
-0.000129058832
-7.48983647e-05
-2.79870271e-05
1.2547652e-05
4.74730332e-05
7.74708366e-05
0.000103141985
0.00012500802
0.000143577919
0.000159278814
0.000172452074
0.000183438524
0.000192536846
0.000200007699
0.000206081361
0.000210961817
0.000214829479
0.000217843657
0.000220144843
0.000221856759
0.000223088186
0.000223934604
0.000224479618
0.000224796034
0.000224946687
0.000224986976
0.000224973546
-0.00057703798
-0.000435039691
-0.000343627032
-0.000261665744
-0.000189829309
-0.000127376705
-7.3192491e-05
-2.62558559e-05
1.43051905e-05
4.92573249e-05
7.92819363e-05
0.000104980001
0.000126871539
0.000145456741
0.000161169219
0.000174360246
0.00018536478
0.000194478612
0.000201962491
0.0002080471
0.000212936631
0.000216811632
0.000219831547
0.000222137001
0.000223851849
0.000225084996
0.000225932038
0.000226476692
0.000226791836
0.000226940302
0.000226977544
0.000226961135
-0.000575477466
-0.000433478706
-0.000342053864
-0.000260078534
-0.000188217892
-0.000125736973
-7.15223595e-05
-2.45537592e-05
1.60400593e-05
5.10248297e-05
8.10812068e-05
0.000106810842
0.000128737014
0.00014734879
0.000163075733
0.000176284183
0.000187309755
0.000196442275
0.000203941801
0.000210039546
0.000214940045
0.000218824032
0.000221851117
0.0002241621
0.000225881003
0.000227116886
0.000227965493
0.000228510673
0.000228825405
0.000228972553
0.000229007646
0.000228989011
-0.00057399613
-0.00043199176
-0.00034054964
-0.000258551963
-0.000186660321
-0.000124144003
-6.98915245e-05
-2.28835714e-05
1.77500392e-05
5.27738246e-05
8.28672258e-05
0.00010863289
0.000130602185
0.000149253626
0.000165000684
0.000178226898
0.000189276677
0.00019843094
0.000205948699
0.000212061809
0.000216975232
0.000220869935
0.000223905735
0.000226223641
0.000227947879
0.000229187699
0.000230039019
0.000230585845
0.000230901288
0.000231048287
0.000231082469
0.000231062675
-0.000572602114
-0.000430585873
-0.000339120388
-0.000257090969
-0.000185160616
-0.00012260096
-6.83023034e-05
-2.12467779e-05
1.94345051e-05
5.45048278e-05
8.46423826e-05
0.000110449735
0.000132462898
0.00015115978
0.000166941143
0.000180193817
0.000191270317
0.000200447996
0.000207985982
0.000214116487
0.00021904472
0.000222951869
0.000225997981
0.000228324306
0.0002300553
0.000231300431
0.00023215582
0.000232705655
0.000233023204
0.000233171538
0.000233206404
0.00023318684
-0.000571301865
-0.000429266306
-0.00033777058
-0.000255698712
-0.000183721204
-0.000121109621
-6.67557972e-05
-1.96438165e-05
2.10936678e-05
5.62187914e-05
8.64086855e-05
0.000112264742
0.000134322401
0.000153066118
0.00016889409
0.000182184078
0.000193290325
0.000202493461
0.000210053981
0.000216204161
0.000221149295
0.000225070797
0.000228128994
0.000230465412
0.000232204777
0.000233456811
0.000234317864
0.000234872332
0.000235193675
0.000235345159
0.000235382674
0.000235365058
-0.000570099575
-0.000428035914
-0.000336502743
-0.000254376017
-0.000182342521
-0.000119670127
-6.52517456e-05
-1.80740588e-05
2.27284383e-05
5.79167207e-05
8.81670369e-05
0.000114079719
0.000136188614
0.000154980326
0.000170857149
0.000184191109
0.000195332004
0.000204564489
0.000212150815
0.000218323483
0.00022328797
0.000227226015
0.000230298303
0.000232646706
0.000234396275
0.000235657032
0.000236525596
0.000237086603
0.000237413739
0.000237570536
0.000237613056
0.000237599448
-0.000568996529
-0.00042689439
-0.000335317671
-0.000253120414
-0.000181022498
-0.00011828085
-6.37883973e-05
-1.6535592e-05
2.43406939e-05
5.960008e-05
8.99180711e-05
0.000115894169
0.000138060658
0.000156903761
0.000172832726
0.000186215243
0.000197394353
0.000206659682
0.000214274886
0.000220472701
0.000225458899
0.000229415637
0.000232504037
0.000234866379
0.000236628094
0.000237899566
0.000238777697
0.000239347395
0.000239682625
0.000239847263
0.000239897559
0.000239890376
-0.000567990361
-0.000425837881
-0.000334216586
-0.000251921663
-0.00017975369
-0.00011693702
-6.23611168e-05
-1.50241041e-05
2.59321995e-05
6.12709719e-05
9.16635041e-05
0.000117708756
0.000139938002
0.000158836251
0.000174821476
0.000188256207
0.000199475622
0.000208776482
0.000216423151
0.000222648409
0.000227658401
0.000231635799
0.000234742244
0.000237120534
0.000238896519
0.000240180748
0.000241070755
0.000241651657
0.000241997628
0.000242173003
0.000242234232
0.000242236225
-0.000567074187
-0.000424859832
-0.00033319734
-0.00025075681
-0.000178519358
-0.000115625231
-6.09570298e-05
-1.353035e-05
2.74938733e-05
6.29255673e-05
9.34014679e-05
0.000119522767
0.00014182079
0.000160775927
0.000176819328
0.000190310017
0.00020157178
0.000210910528
0.000218590824
0.00022484546
0.000229881068
0.000233880932
0.00023700734
0.000239403916
0.000241196937
0.000242493077
0.000243396776
0.000243992235
0.000244352193
0.000244541661
0.000244617295
0.000244631389
-0.000566233913
-0.000423947225
-0.000332189018
-0.000249682257
-0.000177347053
-0.000114347769
-5.95814264e-05
-1.20565673e-05
2.90814677e-05
6.45936266e-05
9.51498603e-05
0.000121348773
0.000143719295
0.00016272663
0.000178821679
0.000192370664
0.000203677876
0.000213055994
0.00022077091
0.000227055895
0.000232118129
0.000236141546
0.000239288997
0.000241704385
0.00024351456
0.000244830971
0.000245751929
0.000246363189
0.000246739578
0.000246946477
0.000247041105
0.000247072791
-0.000565448819
-0.000423078257
-0.000331186635
-0.000248646386
-0.000176187843
-0.000113071392
-5.8202388e-05
-1.05792593e-05
3.0655694e-05
6.62571174e-05
9.68972056e-05
0.000123175431
0.000145622144
0.00016468443
0.000180829517
0.000194435662
0.000205788389
0.000215205394
0.000222954535
0.000229269784
0.000234358903
0.000238406481
0.000241576007
0.000244011945
0.000245841712
0.000247177467
0.000248117625
0.000248748332
0.000249144855
0.000249373271
0.000249491583
0.000249545067
-0.000564692635
-0.000422224661
-0.000330205135
-0.000247589176
-0.000175014033
-0.000111784123
-5.68108822e-05
-9.08878147e-06
3.22401957e-05
6.79289713e-05
9.86473547e-05
0.000124996025
0.000147522948
0.000166664737
0.000182858572
0.000196501948
0.000207895523
0.000217348961
0.000225130114
0.000231473887
0.000236588787
0.000240660038
0.000243851753
0.000246308999
0.000248159745
0.00024951662
0.000250478456
0.0002511317
0.000251552004
0.000251806345
0.000251953277
0.000252031948
-0.000563927108
-0.000421347796
-0.000329200939
-0.000246487436
-0.000173798465
-0.00011045858
-5.53827587e-05
-7.56395055e-06
3.38561433e-05
6.96301866e-05
0.000100427593
0.000126846059
0.000149431852
0.000168630918
0.000184866396
0.000198541372
0.000209975241
0.000219464944
0.000227276948
0.000233647743
0.000238787118
0.000242881176
0.000246094764
0.000248573617
0.000250446298
0.000251825937
0.000252811763
0.000253490516
0.00025393828
0.000254223053
0.000254403869
0.000254512421
-0.000563101664
-0.00042040259
-0.000328123876
-0.000245305509
-0.000172506386
-0.000109062427
-5.38909831e-05
-5.98391273e-06
3.55178301e-05
7.13678892e-05
0.000102237129
0.000128717953
0.000151331178
0.000170563428
0.000186849813
0.000200558997
0.000212024656
0.000221542569
0.00022937928
0.000235772274
0.000240932358
0.000245046473
0.000248280189
0.000250779876
0.000252674655
0.000254078125
0.000255089868
0.000255796884
0.000256275676
0.000256595348
0.000256815407
0.000256959015
-0.000562152305
-0.000419361006
-0.000326903174
-0.000243992873
-0.000171096941
-0.000107559257
-5.23051348e-05
-4.32598889e-06
3.72386976e-05
7.31430251e-05
0.000104058008
0.000130577617
0.000153222437
0.000172497898
0.000188825454
0.000202553895
0.000214033473
0.000223565435
0.000231416206
0.00023782319
0.000242997645
0.000247127092
0.000250377653
0.000252896206
0.000254812321
0.000256239975
0.000257279031
0.000258016671
0.000258529789
0.000258888669
0.000259153276
0.000259337039
-0.000561015356
-0.000418291498
-0.00032536852
-0.000242461579
-0.000169515528
-0.000105902547
-5.05848375e-05
-2.55636133e-06
3.90471917e-05
7.49815793e-05
0.000105918416
0.000132455331
0.000155125859
0.000174417376
0.000190746022
0.000204479312
0.000215962624
0.000225498077
0.000233352988
0.000239765408
0.000244947177
0.000249086372
0.000252349621
0.000254884244
0.000256820186
0.000258271728
0.000259338925
0.000260109064
0.000260659385
0.000261061414
0.000261375557
0.000261604278
-0.000559602862
-0.000416989663
-0.000323543546
-0.000240665795
-0.00016770157
-0.000104039874
-4.8687154e-05
-6.40683939e-07
4.09694819e-05
7.69025594e-05
0.000107832458
0.000134359683
0.000157019761
0.000176291089
0.000192597325
0.000206316188
0.00021778671
0.000227310614
0.000235156355
0.000241562861
0.000246742553
0.000250883968
0.000254154123
0.000256700656
0.000258653764
0.000260127904
0.000261223209
0.000262026957
0.000262616659
0.000263065117
0.000263433149
0.000263711077
-0.000557822919
-0.000415296693
-0.000321381997
-0.000238542734
-0.000165585797
-0.00010191172
-4.65644852e-05
1.45749214e-06
4.30310722e-05
7.8920142e-05
0.000109801721
0.000136278874
0.000158888847
0.000178110275
0.000194369336
0.000208045902
0.000219478884
0.000228970358
0.000236789348
0.000243175225
0.00024834072
0.000252474592
0.000255744017
0.000258296736
0.000260263
0.000261757264
0.000262879573
0.000263717045
0.000264347355
0.000264844567
0.000265269861
0.00026560039
-0.000555571413
-0.000413107195
-0.000318786471
-0.000236006278
-0.000163092037
-9.94537259e-05
-4.41648148e-05
3.77816199e-06
4.52604483e-05
8.10519059e-05
0.000111833704
0.000138212142
0.000160726942
0.000179858531
0.000196034668
0.000209636406
0.000221003291
0.000230437784
0.000238209132
0.000244556807
0.000249693534
0.000253807994
0.000257067231
0.000259618812
0.000261592787
0.000263103379
0.000264250333
0.000265120423
0.000265791344
0.000266338352
0.000266822908
0.000267208232
-0.000552728616
-0.000410310337
-0.000315650819
-0.000232961418
-0.000160138742
-9.65976138e-05
-4.14332267e-05
6.3630206e-06
4.76865772e-05
8.33148522e-05
0.000113934449
0.000140155838
0.000162521884
0.000181515265
0.000197565309
0.000211054059
0.000222321545
0.00023167035
0.000239369604
0.000245658485
0.00025074932
0.000254830317
0.000258068008
0.000260609435
0.000262584122
0.000264105768
0.000265273562
0.000266173707
0.000266883732
0.000267479949
0.000268023963
0.000268464631
-0.000549162328
-0.000406783935
-0.000311861137
-0.000229307159
-0.000156639431
-9.32715689e-05
-3.8312626e-05
9.25473053e-06
5.03383618e-05
8.57250785e-05
0.000116108387
0.000142103962
0.000164258462
0.000183057142
0.000198930915
0.000212262616
0.000223392446
0.00023262271
0.000240221945
0.000246428538
0.0002514539
0.000255485268
0.000258688188
0.000261208736
0.000263175515
0.00026470134
0.000265884527
0.000266810451
0.000267556284
0.000268199189
0.000268800412
0.000269293682
-0.000544730226
-0.000402396878
-0.000307296472
-0.000224937369
-0.000152503861
-8.940145e-05
-3.47449046e-05
1.24958822e-05
5.32437814e-05
8.82971295e-05
0.000118357962
0.000144048255
0.000165919091
0.000184458552
0.000200099068
0.000213223968
0.000224173174
0.000233248158
0.000240716251
0.000246814404
0.000251752477
0.00025571612
0.000258869316
0.000261356648
0.000263305316
0.000264826834
0.00026601828
0.000266963897
0.000267740298
0.000268425296
0.000269078739
0.000269615788
-0.000539281881
-0.00039701123
-0.000301830759
-0.00021974245
-0.000147639731
-8.49123969e-05
-3.06723545e-05
1.61278129e-05
5.6428983e-05
9.10433954e-05
0.000120683368
0.000145978302
0.000167484289
0.000185692374
0.000201036309
0.000213899465
0.000224620868
0.000233500432
0.000240803502
0.000246764803
0.00025159186
0.000255467996
0.00025855494
0.00026099515
0.00026291386
0.00026442079
0.000265611363
0.000266568238
0.000267366736
0.000268084883
0.000268785166
0.000269376881
-0.000532661115
-0.000390484434
-0.000295335168
-0.000213611488
-0.000141954729
-7.97306859e-05
-2.60392747e-05
2.01893089e-05
5.99173408e-05
9.39735656e-05
0.000123082423
0.000147881843
0.0001689334
0.000186731093
0.00020170961
0.000214251721
0.000224694738
0.000233336101
0.000240438211
0.000246232607
0.000250923562
0.000254691202
0.000257694209
0.000260072197
0.000261947797
0.000263428379
0.00026460725
0.000265565178
0.000266375971
0.000267116949
0.000267849963
0.000268479461
-0.000524708765
-0.000382671897
-0.000287680774
-0.000206434737
-0.000135358858
-7.37858338e-05
-2.07937703e-05
2.47151823e-05
6.3728467e-05
9.70941175e-05
0.000125550558
0.000149745254
0.000170245567
0.000187548219
0.000202088207
0.000214246813
0.000224358579
0.000232717337
0.000239581391
0.000245177965
0.000249707006
0.000253344449
0.000256245023
0.000258544688
0.000260362758
0.000261803627
0.000262957955
0.000263904231
0.000264714586
0.000265465327
0.000266215413
0.000266856769
-0.000515265792
-0.00037342991
-0.000278741569
-0.000198106456
-0.000127767077
-6.70129718e-05
-1.48897757e-05
2.97346803e-05
6.78771255e-05
0.000100407782
0.000128080858
0.000151554169
0.000171400908
0.000188119978
0.000202145757
0.00021385685
0.000223583707
0.000231615176
0.0002382041
0.000243572085
0.000247913532
0.000251399071
0.000254178471
0.000256383151
0.00025812833
0.00025951477
0.000260629938
0.000261549553
0.000262343444
0.000263086074
0.000263834581
0.000264477552
-0.000504176719
-0.000362618833
-0.000268397814
-0.000188528125
-0.00011910228
-5.93555092e-05
-8.28935557e-06
3.52696415e-05
7.23719411e-05
0.000103912873
0.000130664037
0.000153294103
0.000172381748
0.000188427123
0.000201862662
0.000213062752
0.00022235212
0.000230012994
0.000236291181
0.000241401191
0.000245530528
0.000248843297
0.000251483236
0.000253576286
0.000255232766
0.000256549088
0.000257608963
0.000258484895
0.000259243893
0.000259957731
0.000260681443
0.000261305537
-0.000491293289
-0.00035010645
-0.000256539673
-0.000177611996
-0.000109298558
-5.07680433e-05
-9.65308343e-07
4.13323042e-05
7.72137608e-05
0.000107602305
0.000133288169
0.000154950891
0.000173173748
0.000188456675
0.00020122836
0.000211857021
0.000220659681
0.000227910038
0.000233845077
0.000238670576
0.000242565679
0.000245686678
0.000248170172
0.000250135634
0.000251687611
0.000252917453
0.000253904558
0.000254717831
0.000255420968
0.000256082096
0.000256753651
0.000257334
-0.000476478023
-0.000335771121
-0.000243070932
-0.000165285171
-9.83051645e-05
-4.12199321e-05
7.09548753e-06
4.79223735e-05
8.23933283e-05
0.000111461993
0.000135937875
0.000156510657
0.000173766605
0.000188203293
0.000200243274
0.000210246159
0.000218518909
0.000225324501
0.000230889099
0.000235407981
0.00023905038
0.00024196347
0.000244275566
0.000246098733
0.000247530961
0.000248657799
0.000249553662
0.000250283737
0.000250907927
0.000251489673
0.000252078279
0.000252586725
-0.000459607098
-0.000319504582
-0.000227914487
-0.000151497892
-8.60931382e-05
-3.06995843e-05
1.58868834e-05
5.50220432e-05
8.7887319e-05
0.000115467984
0.000138592468
0.000157958933
0.000174154054
0.000187670045
0.000198920246
0.00020825269
0.000215961545
0.000222296607
0.000227471084
0.000231667919
0.0002350449
0.000237738809
0.000239868744
0.00024153878
0.000242839328
0.000243847762
0.000244632665
0.00024525766
0.000245776792
0.000246248873
0.00024672004
0.000247125392
-0.000440569421
-0.00030121304
-0.000211024505
-0.000136245448
-7.26520361e-05
-1.91959155e-05
2.53845496e-05
6.25916645e-05
9.3654026e-05
0.000119582934
0.000141223267
0.00015927883
0.00017433286
0.0001868681
0.000197284763
0.000205915748
0.000213039278
0.000218889249
0.000223663587
0.000227530918
0.000230635779
0.000233102731
0.000235040195
0.000236544649
0.00023769927
0.000238557402
0.000239215885
0.00023973224
0.000240125159
0.000240458185
0.000240775733
0.000241044084
-0.000419248857
-0.000280799239
-0.000192374913
-0.0001195639
-5.79338974e-05
-6.63764885e-06
3.55468939e-05
7.05679807e-05
9.96305613e-05
0.000123752703
0.0001437906
0.000160448773
0.000174301205
0.000185815655
0.000195374314
0.000203290711
0.000209823694
0.000215188341
0.000219564891
0.000223105732
0.00022594026
0.000228178896
0.000229916554
0.000231248173
0.000232298929
0.000233073482
0.000233547532
0.000233848658
0.000234077758
0.000234248655
0.000234380493
0.000234477938
-0.000395504042
-0.000258114431
-0.000171839608
-0.000101296778
-4.21235485e-05
6.54802192e-06
4.61254028e-05
7.87969042e-05
0.000105693937
0.000127877865
0.000146227581
0.000161433589
0.000174053467
0.000184535038
0.000193237462
0.000200449909
0.000206409486
0.000211309744
0.000215311033
0.000218548295
0.000221136644
0.000223175959
0.000224753513
0.000225930395
0.000226712447
0.00022724127
0.000227654065
0.000227894093
0.000227954737
0.000227910008
0.000227807646
0.000227700718
-0.000369313901
-0.000233137533
-0.000149571141
-8.15339634e-05
-2.55644939e-05
2.00941663e-05
5.70919335e-05
8.71119036e-05
0.000111700315
0.000131813736
0.00014844304
0.000162185204
0.000173578292
0.000183047846
0.000190924949
0.000197471041
0.000202895559
0.000207368035
0.000211027443
0.000213989346
0.000216351442
0.000218197322
0.000219599334
0.000220618592
0.000221309204
0.000221740498
0.000221939368
0.000221939578
0.000221796783
0.000221531553
0.000221170889
0.000220825204
-0.000340649197
-0.000205809468
-0.00012574186
-6.04226668e-05
-8.09034742e-06
3.3844052e-05
6.79725816e-05
9.53076629e-05
0.000117442928
0.000135512914
0.000150371194
0.000162656858
0.000172866498
0.000181382761
0.000188500035
0.00019444689
0.000199403015
0.000203511627
0.000206888626
0.000209629408
0.000211814002
0.000213510345
0.000214777525
0.0002156675
0.000216227496
0.000216502771
0.000216536063
0.000216360162
0.000216006443
0.000215490266
0.000214835074
0.000214218579
-0.000309513142
-0.000176410101
-0.000100546052
-3.87043984e-05
9.95106036e-06
4.81536901e-05
7.86920737e-05
0.00010307378
0.000122709811
0.000138698743
0.00015185054
0.000162764846
0.000171888445
0.000179555667
0.000186018274
0.000191467794
0.000196051926
0.000199886413
0.000203063597
0.0002056586
0.000207733851
0.000209342532
0.000210530506
0.000211338334
0.000211803346
0.000211960361
0.000211843123
0.000211483824
0.000210907973
0.000210121056
0.000209142595
0.000208226295
-0.000275799055
-0.000145528535
-7.36998691e-05
-1.64996805e-05
2.77460672e-05
6.19531714e-05
8.87839786e-05
0.000110067545
0.000127188142
0.000141165237
0.000152734193
0.000162423435
0.000170614385
0.000177584428
0.000183537398
0.000188625134
0.000192962605
0.00019663846
0.000199722359
0.000202270123
0.000204327397
0.000205932315
0.000207117486
0.000207911758
0.000208340771
0.000208429008
0.000208201443
0.000207684214
0.000206896392
0.000205831652
0.000204503862
0.000203256965
-0.000239285976
-0.000113208584
-4.55480706e-05
5.78610054e-06
4.47199622e-05
7.44646864e-05
9.75077526e-05
0.000115737008
0.000130477261
0.000142638913
0.000152848665
0.000161540245
0.000169016309
0.000175490773
0.000181117429
0.00018600905
0.000190250068
0.000193904943
0.000197023673
0.000199645468
0.00020180131
0.000203515851
0.000204808792
0.000205695796
0.00020618931
0.000206299949
0.000206039138
0.000205420896
0.000204452136
0.000203109644
0.000201406663
0.000199787565
-0.000199685313
-7.91731944e-05
-1.72901879e-05
2.71749743e-05
6.01269256e-05
8.49732787e-05
0.000104202397
0.000119570026
0.00013222311
0.000142898975
0.000152077856
0.000160077764
0.000167113235
0.000173332943
0.000178843334
0.000183723124
0.000188032258
0.000191817351
0.000195114817
0.000197952582
0.000200351266
0.000202325437
0.000203884346
0.000205031073
0.000205762297
0.000206067542
0.000205930773
0.000205342947
0.000204286315
0.000202700322
0.000200574448
0.000198500614
-0.000156253123
-4.3445662e-05
1.01051453e-05
4.6273381e-05
7.25358304e-05
9.24173056e-05
0.000108133983
0.0001211034
0.000132173032
0.000141844717
0.000150424012
0.000158103951
0.000165011042
0.000171234534
0.000176842644
0.000181889933
0.000186421595
0.000190475769
0.000194083963
0.000197269975
0.000200049531
0.000202434286
0.000204434053
0.000206044622
0.000207254161
0.00020803745
0.000208321534
0.000208040394
0.000207127909
0.000205445952
0.000202878439
0.000200261937
-0.000107439557
-6.95965486e-06
3.45270071e-05
6.10016484e-05
8.03943737e-05
9.5811314e-05
0.00010878919
0.000120163001
0.000130370241
0.000139644211
0.000148116683
0.000155869671
0.00016295437
0.000169415537
0.000175301164
0.00018065793
0.000185531327
0.000189966778
0.000194008813
0.000197694267
0.000201044014
0.000204089613
0.000206880415
0.000209401018
0.000211624996
0.000213568936
0.000215047383
0.000215787754
0.000215620532
0.000214323575
0.000211483754
0.000208438584
-4.24567227e-05
2.91304879e-05
5.17420304e-05
6.76971174e-05
8.12780723e-05
9.37780469e-05
0.000105534375
0.000116609887
0.000126994499
0.000136678921
0.000145664975
0.000153946243
0.000161524779
0.000168436945
0.00017473724
0.000180479782
0.000185721598
0.000190529172
0.000194984035
0.00019915804
0.000203038029
0.00020657411
0.000209880028
0.000213282552
0.000217066093
0.000220849916
0.00022367854
0.000225483876
0.000227042913
0.000228190046
0.000227837393
0.000225776719
6.46119152e-05
6.48625765e-05
6.23757108e-05
6.80878688e-05
7.77931191e-05
8.91341895e-05
0.000100943382
0.000112572202
0.000123663
0.000134102153
0.000143879918
0.00015290484
0.000161080052
0.000168463965
0.000175161291
0.000181237348
0.000186754615
0.000191794468
0.000196498803
0.000201024346
0.000205401664
0.000209573355
0.000213608523
0.000217814741
0.000222896249
0.00022975066
0.000238626407
0.000250127129
0.00026520609
0.000285366375
0.000314261738
0.000349257565
)
;

boundaryField
{
    inner_wall
    {
        type            zeroGradient;
    }
    outer_wall
    {
        type            zeroGradient;
    }
    top
    {
        type            zeroGradient;
    }
    bottom
    {
        type            fixedValue;
        value           uniform 0;
    }
    front
    {
        type            wedge;
    }
    back
    {
        type            wedge;
    }
}


// ************************************************************************* //
