/*--------------------------------*- C++ -*----------------------------------*\
| =========                 |                                                 |
| \\      /  F ield         | OpenFOAM: The Open Source CFD Toolbox           |
|  \\    /   O peration     | Version:  2506                                  |
|   \\  /    A nd           | Website:  www.openfoam.com                      |
|    \\/     M anipulation  |                                                 |
\*---------------------------------------------------------------------------*/
FoamFile
{
    version     2.0;
    format      ascii;
    arch        "LSB;label=32;scalar=64";
    class       volScalarField;
    location    "380";
    object      p;
}
// * * * * * * * * * * * * * * * * * * * * * * * * * * * * * * * * * * * * * //

dimensions      [0 2 -2 0 0 0 0];

internalField   nonuniform List<scalar> 
3072
(
-0.000123967145
-9.41515191e-05
-9.04856916e-05
-8.44511977e-05
-7.46945416e-05
-6.29698066e-05
-5.10207597e-05
-3.99856097e-05
-2.77742537e-05
-1.40153757e-05
-7.56287616e-06
-7.76018229e-06
-7.62204091e-06
-6.31046071e-06
-4.47204075e-06
-2.49540419e-06
-5.35728134e-07
1.32379071e-06
3.02537033e-06
4.52418728e-06
5.80686647e-06
7.01603859e-06
8.0422978e-06
8.74650091e-06
9.2723857e-06
9.66435217e-06
9.94257515e-06
1.01314834e-05
1.02633908e-05
1.03857702e-05
1.05659034e-05
1.08151625e-05
-0.00026431038
-0.000186452078
-0.00016013864
-0.000141512701
-0.000123474763
-0.000104850611
-8.64209947e-05
-6.8635717e-05
-5.08429803e-05
-3.39336041e-05
-2.18125184e-05
-1.44699718e-05
-8.57000654e-06
-3.29989982e-06
1.33041893e-06
5.32478647e-06
8.7433655e-06
1.16448913e-05
1.40880909e-05
1.61498342e-05
1.7777566e-05
1.9200328e-05
2.04184827e-05
2.12384754e-05
2.18514297e-05
2.23315847e-05
2.27116267e-05
2.30231798e-05
2.33043136e-05
2.36021563e-05
2.3947378e-05
2.42410763e-05
-0.000326423774
-0.000221781186
-0.000176574339
-0.000146113016
-0.000121669562
-0.00010077185
-8.23236894e-05
-6.56796989e-05
-5.03713663e-05
-3.65146587e-05
-2.47568238e-05
-1.50290159e-05
-6.7055225e-06
5.33309852e-07
6.82423637e-06
1.22634079e-05
1.69345587e-05
2.09092767e-05
2.42732026e-05
2.72005655e-05
2.95866515e-05
3.1488092e-05
3.30811671e-05
3.43169264e-05
3.52851996e-05
3.6047215e-05
3.66469322e-05
3.71230413e-05
3.75126532e-05
3.78541459e-05
3.81780615e-05
3.84492306e-05
-0.000386212965
-0.000266915216
-0.000210788384
-0.0001687609
-0.000135763054
-0.000109664211
-8.78522705e-05
-6.89316177e-05
-5.21830014e-05
-3.72967461e-05
-2.41971393e-05
-1.27467175e-05
-2.72758104e-06
6.04068661e-06
1.36900697e-05
2.03248401e-05
2.60363825e-05
3.0911008e-05
3.50378886e-05
3.85009205e-05
4.14022806e-05
4.3757362e-05
4.5628589e-05
4.71510716e-05
4.83630114e-05
4.93170638e-05
5.00674316e-05
5.06623385e-05
5.11448514e-05
5.1556966e-05
5.19302962e-05
5.22253783e-05
-0.000442025411
-0.00031568084
-0.000246465846
-0.000194678355
-0.000154290773
-0.000122039108
-9.54363914e-05
-7.29132352e-05
-5.34565837e-05
-3.64583725e-05
-2.15552694e-05
-8.48036225e-06
2.98961303e-06
1.30326745e-05
2.17904935e-05
2.93831974e-05
3.59219918e-05
4.15134999e-05
4.62355358e-05
5.00708883e-05
5.32998016e-05
5.60636199e-05
5.82580775e-05
6.00108807e-05
6.1410772e-05
6.25243795e-05
6.34105564e-05
6.41221639e-05
6.47075369e-05
6.52151579e-05
6.56822378e-05
6.60574423e-05
-0.000490655547
-0.000359350231
-0.000280091348
-0.000220370415
-0.000173455084
-0.000135074575
-0.00010346139
-7.69815057e-05
-5.44126173e-05
-3.49372158e-05
-1.80135703e-05
-3.25700398e-06
9.62064438e-06
2.0840964e-05
3.0581366e-05
3.89918479e-05
4.62065119e-05
5.23489258e-05
5.75294682e-05
6.18424556e-05
6.54207498e-05
6.83737619e-05
7.07721885e-05
7.270576e-05
7.42588153e-05
7.55059416e-05
7.6513391e-05
7.73399126e-05
7.80400446e-05
7.86710304e-05
7.92766168e-05
7.97778137e-05
-0.000531925679
-0.00039636
-0.000311284814
-0.000245353316
-0.000191929233
-0.000147979212
-0.000111621376
-8.11856776e-05
-5.53782366e-05
-3.32741173e-05
-1.42175481e-05
2.27302685e-06
1.65601604e-05
2.89247426e-05
3.9592853e-05
4.87542513e-05
5.65747287e-05
6.3203552e-05
6.87778008e-05
7.34252926e-05
7.7269139e-05
8.04239458e-05
8.29931484e-05
8.50736047e-05
8.67549994e-05
8.81189636e-05
8.92384805e-05
9.01781151e-05
9.09987002e-05
9.17668415e-05
9.25329811e-05
9.31836013e-05
-0.000566132873
-0.000427474216
-0.000338406798
-0.000267796763
-0.000209055541
-0.000160191553
-0.000119500838
-8.53394699e-05
-5.63985125e-05
-3.17025859e-05
-1.05252428e-05
7.68777174e-06
2.33651068e-05
3.68457618e-05
4.84057005e-05
5.82768803e-05
6.6660237e-05
7.37343188e-05
7.96608733e-05
8.45884414e-05
8.86545556e-05
9.19861477e-05
9.4699765e-05
9.69024778e-05
9.86921949e-05
0.000100157605
0.00010137778
0.000102422586
0.000103358674
0.000104261503
0.000105187555
0.000105987749
-0.000594147073
-0.000453435529
-0.000361224214
-0.000286857662
-0.000223988127
-0.00017107948
-0.000126662141
-8.91944724e-05
-5.74009654e-05
-3.0297339e-05
-7.12053442e-06
1.27314185e-05
2.97377724e-05
4.42863132e-05
5.66975123e-05
6.72425727e-05
7.61562109e-05
8.36456459e-05
8.98966349e-05
9.50775646e-05
9.93420484e-05
0.00010283041
0.000105670678
0.000107979481
0.00010986264
0.000111415458
0.000112722531
0.000113858409
0.000114894766
0.000115914584
0.000116979351
0.000117909072
-0.000616490255
-0.000474437057
-0.000379939809
-0.000302668736
-0.000236574518
-0.000180405193
-0.000132888771
-9.25991477e-05
-5.831617e-05
-2.90711233e-05
-4.08764565e-06
1.72639644e-05
3.54982988e-05
5.10406709e-05
6.42480682e-05
7.54252812e-05
8.48369082e-05
9.2716063e-05
9.92705584e-05
0.000104687254
0.000109135049
0.000112766946
0.000115721519
0.000118124081
0.000120087596
0.000121713258
0.000123090485
0.000124297812
0.000125410954
0.000126518619
0.000127686061
0.000128710899
-0.000633726411
-0.000490848332
-0.000394799171
-0.000315366408
-0.00024680392
-0.000188073191
-0.000138060053
-9.54446644e-05
-5.90688191e-05
-2.79908947e-05
-1.43665626e-06
2.12367463e-05
4.05664281e-05
5.70045961e-05
7.09362338e-05
8.26930592e-05
9.25644249e-05
0.000100805386
0.000107642783
0.000113279606
0.000117898275
0.000121662984
0.000124721538
0.000127206781
0.000129237819
0.000130920818
0.000132349202
0.000133604734
0.000134766146
0.000135925864
0.000137151661
0.000138229398
-0.000646482581
-0.000503163838
-0.000406150079
-0.000325165657
-0.000254771253
-0.000194090779
-0.000142131301
-9.76637067e-05
-5.95901126e-05
-2.69997443e-05
8.7049417e-07
2.46668452e-05
4.49391173e-05
6.21574502e-05
7.67269632e-05
8.89997419e-05
9.92844536e-05
0.000107853704
0.000114949783
0.00012078896
0.000125564846
0.000129450926
0.000132602629
0.000135158979
0.00013724405
0.000138967971
0.000140427311
0.000141706313
0.000142885731
0.000144059763
0.000145297539
0.00014638424
-0.000655394952
-0.000511913277
-0.000414398142
-0.000332349638
-0.000260647447
-0.000198537291
-0.000145114778
-9.9225494e-05
-5.98243224e-05
-2.60318606e-05
2.90001106e-06
2.76149498e-05
4.86684965e-05
6.6541693e-05
8.16531956e-05
9.43695925e-05
0.000105013752
0.00011387152
0.000121196997
0.000127216728
0.000132133013
0.000136126573
0.000139358727
0.000141973248
0.000144097958
0.000145845932
0.000147316034
0.000148594302
0.000149762616
0.000150915214
0.000152121601
0.000153176497
-0.000661078898
-0.000517623037
-0.000419969288
-0.000337236461
-0.000264647866
-0.000201538792
-0.000147064683
-0.000100129471
-5.97326158e-05
-2.5023667e-05
4.72983577e-06
3.0165756e-05
5.18407787e-05
7.02416666e-05
8.57954398e-05
9.88782855e-05
0.000109822855
0.000118924324
0.00012644525
0.000132619587
0.000137655922
0.000141740191
0.00014503793
0.000147696259
0.000149845593
0.000151600989
0.000153062846
0.00015431838
0.000155449859
0.000156550146
0.00015768835
0.000158677206
-0.000664111243
-0.000520794305
-0.000423284893
-0.000340155214
-0.000267010865
-0.000203250589
-0.000148064886
-0.00010040106
-5.92953074e-05
-2.39219815e-05
6.43677419e-06
3.24116743e-05
5.45578068e-05
7.33640574e-05
8.92619838e-05
0.000102633499
0.000113817448
0.000123115025
0.000130794358
0.000137094276
0.000142227514
0.000146383398
0.000149730176
0.000152417054
0.000154576013
0.000156323249
0.000157760043
0.000158974278
0.000160048039
0.000161071764
0.00016211362
0.000163010612
-0.000665021124
-0.000521895853
-0.000424752173
-0.000341432197
-0.000267982785
-0.000203844331
-0.00014821985
-0.000100087254
-5.85119691e-05
-2.26886468e-05
8.08783322e-06
3.44409875e-05
5.69228358e-05
7.60221223e-05
9.21722109e-05
0.000105757896
0.000117121405
0.000126567345
0.000134367045
0.000140762128
0.000145967678
0.000150174885
0.000153553434
0.00015625356
0.000158407951
0.000160133256
0.000161531108
0.000162689659
0.000163690401
0.000164620672
0.000165547352
0.000166335629
-0.000664283687
-0.00052135303
-0.000424746009
-0.000341375866
-0.000267805542
-0.000203497115
-0.000147646261
-9.92509104e-05
-5.73992242e-05
-2.13019211e-05
9.7356466e-06
3.63304729e-05
5.90309386e-05
7.83243561e-05
9.46440775e-05
0.000108375798
0.00011986305
0.000129411906
0.000137295059
0.000143755323
0.000149008701
0.000153247057
0.000156640489
0.000159339444
0.000161476638
0.000163168656
0.000164517073
0.000165610022
0.000166528136
0.000167355315
0.00016815697
0.000168828196
-0.000662311965
-0.000519541208
-0.000423607633
-0.000340272046
-0.000266708772
-0.000202383305
-0.000146465811
-9.79653948e-05
-5.59877189e-05
-1.97558195e-05
1.14167633e-05
3.81415181e-05
6.09632135e-05
8.03671149e-05
9.67855003e-05
0.00011060364
0.000122164949
0.000131775566
0.000139708232
0.000146205767
0.000151484053
0.000155734737
0.000159127585
0.000161812649
0.000163922193
0.000165572355
0.000166864376
0.000167886165
0.000168717361
0.000169438345
0.000170113021
0.000170666248
-0.000659462695
-0.000516783007
-0.000421639942
-0.000338378069
-0.000264903301
-0.000200668072
-0.000144799159
-9.63095609e-05
-5.43183629e-05
-1.80579112e-05
1.31522282e-05
3.99190852e-05
6.27842299e-05
8.22307283e-05
9.86893277e-05
0.000112544022
0.000124137211
0.000133774135
0.000141726727
0.000148236986
0.000153519983
0.000157766525
0.000161145556
0.000163806318
0.000165880308
0.000167482975
0.000168715049
0.000169664081
0.000170408677
0.000171025825
0.000171577982
0.000172018167
-0.000656031213
-0.00051334548
-0.000419107089
-0.000335921744
-0.000262578004
-0.000198502797
-0.000142760921
-9.43628019e-05
-5.24380199e-05
-1.62257926e-05
1.49500994e-05
4.16932206e-05
6.45422755e-05
8.39786616e-05
0.000100431614
0.000114283211
0.000125874232
0.000135508484
0.000143456574
0.000149959195
0.000155230171
0.000159459106
0.000162813823
0.000165442513
0.000167475729
0.000169028094
0.00017019973
0.000171077758
0.000171739778
0.000172259657
0.000172698531
0.000173034943
-0.000652249619
-0.000509468949
-0.000416223151
-0.000333097692
-0.000259900135
-0.000196023397
-0.00014045595
-9.22006814e-05
-5.0395024e-05
-1.42827145e-05
1.68100324e-05
4.34835352e-05
6.62713358e-05
8.56571954e-05
0.000102071349
0.00011589086
0.000127454026
0.000137063312
0.000144987913
0.000151467035
0.000156713038
0.000160914164
0.000164236966
0.000166828492
0.000168818269
0.000170320054
0.000171433314
0.000172244716
0.000172830919
0.000173263029
0.000173601032
0.000173845728
-0.000648310177
-0.000505544064
-0.000413023947
-0.000330016366
-0.000257005244
-0.000193345561
-0.000137974506
-8.98901537e-05
-4.82342485e-05
-1.22520221e-05
1.87301491e-05
4.53081527e-05
6.79949852e-05
8.7292893e-05
0.000103649179
0.000117419063
0.000128937317
0.000138506208
0.000146393958
0.000152838364
0.000158050338
0.000162216767
0.000165502938
0.000168054756
0.000170000737
0.000171453783
0.000172512719
0.000173263757
0.00017378271
0.000174138311
0.000174389576
0.000174556078
-0.000644358896
-0.000501785762
-0.000409594818
-0.000326788117
-0.00025400366
-0.000190564861
-0.000135394963
-8.7493416e-05
-4.60035871e-05
-1.01711898e-05
2.06753229e-05
4.7129085e-05
6.97227154e-05
8.89476906e-05
0.000105226274
0.000118923779
0.000130380153
0.00013989568
0.000147736162
0.000154137549
0.000159309198
0.000163436567
0.000166683658
0.000169195238
0.000171098845
0.000172506545
0.000173516541
0.000174214609
0.000174675824
0.000174966924
0.00017514606
0.000175248349
-0.0006404961
-0.000498120112
-0.000406182257
-0.000323535071
-0.000250976884
-0.000187753732
-0.000132779413
-8.50587385e-05
-4.37369874e-05
-8.06445857e-06
2.26384089e-05
4.89663073e-05
7.14752216e-05
9.06226471e-05
0.000106806462
0.00012042282
0.000131811047
0.000141267641
0.000149056061
0.000155410646
0.000160539333
0.00016462627
0.000167834311
0.000170307171
0.000172171362
0.000173538325
0.00017450572
0.000175158813
0.000175572093
0.000175810713
0.000175931871
0.000175982983
-0.000636798689
-0.000494584459
-0.000402826523
-0.00032037085
-0.000247994195
-0.000184959112
-0.000130166319
-8.26129858e-05
-4.14413354e-05
-5.94903238e-06
2.4630259e-05
5.08468835e-05
7.32419145e-05
9.22817687e-05
0.000108380766
0.000121924401
0.000133247699
0.000142646324
0.000150383027
0.000156691147
0.000161777531
0.000165825338
0.000168996657
0.000171434287
0.000173261548
0.000174592147
0.000175524204
0.000176140666
0.00017651564
0.000176713359
0.000176790076
0.000176801069
-0.000633315172
-0.000491226108
-0.000399595024
-0.000317331975
-0.000245110491
-0.000182230245
-0.000127596812
-8.02020483e-05
-3.91859823e-05
-3.79681847e-06
2.66457164e-05
5.27498489e-05
7.50341743e-05
9.39660291e-05
0.000109982635
0.000123455162
0.000134714681
0.000144056451
0.000151742655
0.000158005719
0.000163051522
0.000167062281
0.000170199066
0.000172604003
0.000174402196
0.000175703912
0.000176605871
0.000177192642
0.00017753784
0.000177704668
0.000177749086
0.000177732367
-0.000630067671
-0.0004880694
-0.000396542313
-0.000314419086
-0.000242330141
-0.000179585803
-0.000125090908
-7.78327004e-05
-3.6947568e-05
-1.67677013e-06
2.86569774e-05
5.4661961e-05
7.68377894e-05
9.56695781e-05
0.000111612164
0.000125019952
0.000136220676
0.000145509745
0.000153149112
0.000159370521
0.000164379112
0.000168356386
0.000171462739
0.000173839714
0.000175612028
0.000176889365
0.000177768055
0.000178332486
0.000178655926
0.000178800936
0.000178823199
0.00017878784
-0.000627059432
-0.000485121737
-0.000393674604
-0.000311654535
-0.000239673903
-0.000177043522
-0.000122665111
-7.55221802e-05
-3.47483961e-05
4.17888969e-07
3.06594803e-05
5.65753739e-05
7.8653742e-05
9.73996111e-05
0.00011327678
0.0001266262
0.000137773647
0.000147014889
0.000154611779
0.000160795557
0.000165770804
0.000169718477
0.000172798469
0.000175151851
0.000176902916
0.000178160991
0.000179022108
0.000179570404
0.000179878893
0.000180009741
0.000180018422
0.000179972087
-0.00062428044
-0.000482378512
-0.00039098806
-0.000309043202
-0.000237147564
-0.00017460892
-0.000120325615
-7.32782293e-05
-3.25984532e-05
2.47676686e-06
3.26336151e-05
5.84778551e-05
8.04893237e-05
9.91676474e-05
0.000114983752
0.000128278601
0.000139377552
0.000148575821
0.000156134765
0.000162285173
0.000167231164
0.000171153258
0.000174210926
0.000176544866
0.000178279029
0.00017952245
0.000180370908
0.000180908334
0.000181207555
0.000181330524
0.00018133257
0.000181281414
-0.00062171146
-0.000479825744
-0.000388471934
-0.000306578887
-0.000234747085
-0.000172279504
-0.000118071304
-7.11008595e-05
-3.04985277e-05
4.49886977e-06
3.45782061e-05
6.03555884e-05
8.23334136e-05
0.000100977333
0.00011673556
0.000129977478
0.00014103192
0.000150191944
0.000157717543
0.000163838932
0.000168759816
0.000172660328
0.000175699583
0.000178017967
0.000179739155
0.000180971947
0.000181811916
0.000182342817
0.000182637342
0.00018275737
0.00018275814
0.000182706869
-0.000619327841
-0.000477443504
-0.000386110098
-0.000304249133
-0.000232462414
-0.000170046862
-0.000115894463
-6.89816943e-05
-2.84368044e-05
6.50509013e-06
3.65273334e-05
6.22292675e-05
8.41645508e-05
0.000102791327
0.000118507414
0.000131707554
0.000142726111
0.000151855083
0.000159353494
0.000165451201
0.000170351695
0.000174234879
0.000177259645
0.000179566169
0.00018127794
0.000182503587
0.000183338531
0.00018386639
0.000184159769
0.000184280573
0.000184283996
0.000184235998
-0.000617102695
-0.000475209
-0.000383883618
-0.000302038548
-0.000230281321
-0.000167901595
-0.000113788256
-6.69162048e-05
-2.64113058e-05
8.49369587e-06
3.84766797e-05
6.41161531e-05
8.59988331e-05
0.000104600666
0.000120289332
0.000133461295
0.000144453643
0.000153559022
0.00016103647
0.000167115819
0.000172000531
0.000175870438
0.000178884339
0.000181182305
0.000182887722
0.000184109111
0.00018494179
0.000185469276
0.000185764125
0.000185888344
0.000185897111
0.000185854654
-0.000615008746
-0.00047309838
-0.000381772282
-0.000299930205
-0.000228190409
-0.000165833942
-0.000111746834
-6.49032252e-05
-2.44279011e-05
1.04472103e-05
4.03988637e-05
6.60081012e-05
8.78589618e-05
0.000106428708
0.00012209159
0.000135241652
0.000146213927
0.000155300997
0.000162762162
0.000168827359
0.000173700046
0.000177560029
0.000180566065
0.000182858176
0.000184559688
0.000185779063
0.000186611544
0.000187140575
0.000187438694
0.000187568051
0.000187583834
0.000187548267
-0.000613019468
-0.000471087912
-0.000379755556
-0.000297906149
-0.000226174704
-0.000163831767
-0.000109760617
-6.29353908e-05
-2.24807347e-05
1.23714349e-05
4.22999673e-05
6.79005166e-05
8.97388174e-05
0.000108273639
0.000123907605
0.000137041993
0.000148000719
0.000157074692
0.000164523913
0.000170578733
0.000175442701
0.000179295648
0.000182296341
0.000184584801
0.000186284339
0.000187503389
0.000188337152
0.00018886902
0.000189171533
0.000189307015
0.000189330668
0.000189302621
-0.000611110173
-0.000469155192
-0.0003778139
-0.000295948837
-0.000224219338
-0.000161882754
-0.000107819545
-6.10046445e-05
-2.05629855e-05
1.42734067e-05
4.41862555e-05
6.97851046e-05
9.16203746e-05
0.00011012972
0.000125739897
0.000138862746
0.000149811588
0.000158875926
0.000166316394
0.000172363697
0.000177221478
0.000181069606
0.000184066881
0.000186353343
0.000188052307
0.0001892722
0.000190108197
0.000190643657
0.000190951135
0.000191093135
0.000191124879
0.000191104419
-0.000609258679
-0.00046727985
-0.000375929497
-0.000294041801
-0.000222310252
-0.000159975016
-0.000105913541
-5.91023315e-05
-1.86665907e-05
1.61621314e-05
4.60666725e-05
7.16587394e-05
9.34860766e-05
0.00011198662
0.000127588635
0.00014070244
0.000151642835
0.000160699738
0.00016813381
0.000174175765
0.000179029285
0.000182874275
0.00018586957
0.000188155231
0.000189854586
0.000191076061
0.000191914821
0.000192454198
0.000192766774
0.00019291523
0.0001929548
0.000192941567
-0.000607445728
-0.00046544396
-0.000374086722
-0.000292170123
-0.000220434884
-0.000158098116
-0.000104034095
-5.72218699e-05
-1.67871692e-05
1.80390621e-05
4.79402024e-05
7.35279233e-05
9.53485333e-05
0.00011384503
0.000129444719
0.000142552928
0.000153487643
0.000162539645
0.000169969575
0.000176008126
0.000180859033
0.000184702265
0.000187696702
0.000189982438
0.000191682827
0.000192906304
0.000193748031
0.000194291328
0.000194608807
0.000194763313
0.00019481008
0.000194803391
-0.000605655264
-0.000463632365
-0.000372272484
-0.000290320613
-0.000218582368
-0.000156242962
-0.000102173671
-5.53573169e-05
-1.49204375e-05
1.9906626e-05
4.98076806e-05
7.53939699e-05
9.72098611e-05
0.000115704382
0.000131304524
0.000144409973
0.00015534154
0.000164390784
0.000171818389
0.000177855076
0.000182704653
0.000186547165
0.000189541549
0.000191827942
0.000193529726
0.000194755357
0.000195599998
0.000196146965
0.000196468906
0.00019662881
0.000196681883
0.000196680814
-0.000603874566
-0.000461832929
-0.000370476533
-0.00028848196
-0.000216744036
-0.000154402157
-0.000100326074
-5.35038193e-05
-1.306287e-05
2.17669965e-05
5.16699229e-05
7.72566786e-05
9.90702005e-05
0.000117564721
0.000133166715
0.000146271148
0.000157201317
0.00016624934
0.00017367594
0.000179711881
0.000184561051
0.000188403567
0.000191398424
0.000193685803
0.000195389117
0.000196616842
0.00019746415
0.000198014358
0.000198340149
0.000198504631
0.000198562955
0.000198566426
-0.000602094056
-0.000460036678
-0.000368690983
-0.000286644699
-0.000214913585
-0.000152569803
-9.84863232e-05
-5.16574854e-05
-1.12115899e-05
2.36221304e-05
5.3528047e-05
7.91164931e-05
0.000100929424
0.000119425243
0.000135029807
0.00014813439
0.000159064368
0.000168112241
0.000175538764
0.000181574739
0.000186424129
0.000190267115
0.000193262746
0.000195551241
0.000197256044
0.00019848565
0.000199335241
0.000199888139
0.00020021706
0.000200385205
0.000200447632
0.000200454481
-0.000600306802
-0.000458237707
-0.000366905755
-0.000284805131
-0.000213086908
-0.000150740948
-9.66504127e-05
-4.981525e-05
-9.36429995e-06
2.5473644e-05
5.53830552e-05
8.09739021e-05
0.000102787464
0.000121285268
0.000136892659
0.000149998193
0.000160928795
0.000169977237
0.000177404296
0.000183440815
0.000188290816
0.000192134535
0.000195131063
0.000197420654
0.000199126776
0.000200357943
0.000201209347
0.000201764315
0.000202095591
0.000202266423
0.000202331739
0.000202340893
-0.000598507816
-0.000456431475
-0.000365097984
-0.00028297889
-0.000211261925
-0.00014891204
-9.48156198e-05
-4.79749432e-05
-7.51928193e-06
2.73227893e-05
5.72357695e-05
8.28293552e-05
0.000104644336
0.000123144372
0.000138754562
0.000151861609
0.00016279338
0.000171842851
0.000179270832
0.000185308204
0.000190159032
0.000194003595
0.000197001018
0.000199291581
0.000200998769
0.000202231112
0.00020308381
0.000203640204
0.000203973048
0.000204145526
0.000204212298
0.00020422357
-0.000596696176
-0.00045461668
-0.000363280084
-0.000281153516
-0.00020943447
-0.000147080809
-9.29799231e-05
-4.61348734e-05
-5.67521024e-06
2.91705269e-05
5.9086832e-05
8.46832198e-05
0.000106500088
0.000125002379
0.00014061525
0.000153724219
0.000164657533
0.000173708325
0.000181137463
0.00018717586
0.000192027614
0.000195873035
0.000198871269
0.000201162614
0.00020287057
0.000204103673
0.000204957132
0.000205514294
0.000205847921
0.000206021153
0.000206088473
0.000206100692
-0.000594872326
-0.000452792972
-0.000361454721
-0.000279327984
-0.000207604195
-0.000145246964
-9.11428181e-05
-4.4294514e-05
-3.83162465e-06
3.10172013e-05
6.09364118e-05
8.65353743e-05
0.000108354386
0.000126859333
0.000142475107
0.000155586242
0.000166521275
0.000175573557
0.000183003994
0.000189043511
0.000193896227
0.000197742467
0.000200741393
0.000203033309
0.000204741723
0.000205975176
0.000206828879
0.00020738618
0.000207719838
0.000207893012
0.000207960275
0.000207972163
-0.00059303807
-0.000450962155
-0.000359621459
-0.000277503395
-0.000205772027
-0.000143411308
-8.93050235e-05
-4.24544198e-05
-1.98895062e-06
3.28624676e-05
6.27840955e-05
8.83848817e-05
0.000110205457
0.000128715149
0.000144335986
0.000157449073
0.000168385489
0.000177439191
0.000184870961
0.000190911634
0.000195765313
0.000199612322
0.000202611819
0.000204904107
0.000206612693
0.000207846116
0.000208699589
0.000209256454
0.000209589463
0.000209761833
0.000209828379
0.000209838861
-0.000591196242
-0.000449126975
-0.000357772935
-0.000275688966
-0.000203941306
-0.000141575866
-8.74682077e-05
-4.06157752e-05
-1.47845652e-07
3.47062866e-05
6.4630688e-05
9.02333296e-05
0.000112053157
0.000130568287
0.000146197434
0.000159312912
0.000170250633
0.000179305845
0.000186739121
0.000192781104
0.000197635845
0.000201483653
0.000204483673
0.0002067762
0.000208484735
0.000209717816
0.000210570654
0.00021112659
0.000211458365
0.000211629213
0.000211694125
0.000211702786
-0.000589352157
-0.000447292036
-0.000355922636
-0.000273877599
-0.000202114842
-0.00013974358
-8.56345159e-05
-3.87800976e-05
1.69081556e-06
3.65485639e-05
6.64771907e-05
9.20833172e-05
0.000113900914
0.000132418638
0.000148056556
0.000161176265
0.000172116494
0.000181173997
0.000188609371
0.000194653117
0.000199509243
0.000203358053
0.000206358688
0.000208651438
0.000210359803
0.000211592324
0.000212444218
0.000212998829
0.000213328884
0.000213497568
0.00021355997
0.00021356658
-0.000587512406
-0.000445462786
-0.000354082401
-0.000272068575
-0.000200295713
-0.000137918358
-8.38070869e-05
-3.69498934e-05
3.52494302e-06
3.83873794e-05
6.83213443e-05
9.39322114e-05
0.00011574976
0.000134269995
0.000149915694
0.000163040848
0.000173984817
0.000183045522
0.000190483702
0.000196529781
0.000201387735
0.000205237865
0.000208239315
0.000210532377
0.000212240555
0.000213472397
0.000214323132
0.000214876119
0.00021520407
0.000215370107
0.000215429394
0.000215433357
-0.00058568442
-0.000443645807
-0.000352258443
-0.000270268406
-0.000198488267
-0.000136104459
-8.19895294e-05
-3.51280588e-05
5.35220363e-06
4.02207716e-05
7.01612229e-05
9.57778971e-05
0.000117598602
0.000136124277
0.000151778321
0.000164909532
0.000175858119
0.000184922898
0.000192364665
0.000198413749
0.000203274088
0.000207125978
0.000210128563
0.000212422141
0.000214130228
0.000215361385
0.000216210861
0.000216762037
0.000217087616
0.000217250654
0.000217306373
0.000217307197
-0.000583876549
-0.000441848857
-0.000350457003
-0.000268484508
-0.000196697747
-0.000134306416
-8.01856262e-05
-3.33175178e-05
7.17053497e-06
4.20475827e-05
7.19967684e-05
9.76214406e-05
0.000119447796
0.00013798117
0.000153645059
0.000166783652
0.000177738213
0.00018680832
0.00019425477
0.000200307799
0.000205171309
0.000209025594
0.000212029809
0.000214324269
0.000216032507
0.000217263112
0.000218111364
0.000218660674
0.000218983751
0.000219143578
0.000219195426
0.000219192768
-0.000582097982
-0.000440080529
-0.000348685217
-0.000266724517
-0.000194930131
-0.000132529235
-7.83995304e-05
-3.15215316e-05
8.97756184e-06
4.38662938e-05
7.38273292e-05
9.94630275e-05
0.000121298079
0.000139841582
0.000155517003
0.000168664723
0.000179627083
0.000188704172
0.000196156743
0.000202214949
0.00020708267
0.000210940212
0.000213946753
0.000216242639
0.00021795144
0.000219181786
0.000220029001
0.000220576544
0.000220897138
0.000221053703
0.00022110155
0.000221095229
-0.000580358558
-0.000438349972
-0.000346950884
-0.000264996247
-0.000193191852
-0.000130778277
-7.66356696e-05
-2.97435864e-05
1.07707224e-05
4.56752293e-05
7.56520867e-05
0.000101302744
0.000123150451
0.000141706691
0.000157395157
0.000170554108
0.000181526673
0.000190612891
0.000198073415
0.000204138361
0.000209011618
0.000212873526
0.000215883308
0.000218181365
0.000219891326
0.000221121882
0.000221968422
0.000222514469
0.000222832776
0.000222986211
0.000223030126
0.000223020143
-0.000578668502
-0.000436666608
-0.000345262148
-0.000263307509
-0.000191489479
-0.000129059013
-7.48985434e-05
-2.7987205e-05
1.2547476e-05
4.74728579e-05
7.74706631e-05
0.000103141813
0.000125007849
0.000143577749
0.000159278645
0.000172451905
0.000183438356
0.000192536678
0.000200007531
0.000206081194
0.00021096165
0.000214829312
0.000217843491
0.000220144677
0.000221856593
0.000223088021
0.000223934438
0.000224479453
0.000224795869
0.000224946522
0.000224986811
0.000224973381
-0.000577038158
-0.00043503987
-0.000343627213
-0.000261665927
-0.000189829494
-0.000127376889
-7.31926757e-05
-2.62560382e-05
1.43050081e-05
4.9257145e-05
7.92817562e-05
0.000104979823
0.000126871361
0.000145456565
0.000161169044
0.000174360072
0.000185364607
0.000194478441
0.00020196232
0.000208046929
0.000212936461
0.000216811463
0.000219831377
0.000222136832
0.00022385168
0.000225084827
0.00022593187
0.000226476523
0.000226791668
0.000226940134
0.000226977377
0.000226960967
-0.000575477632
-0.000433478871
-0.000342054027
-0.000260078697
-0.000188218056
-0.000125737137
-7.15225252e-05
-2.45539252e-05
1.60398918e-05
5.10246621e-05
8.1081038e-05
0.000106810673
0.000128736844
0.00014734862
0.000163075562
0.000176284013
0.000187309585
0.000196442104
0.00020394163
0.000210039376
0.000214939875
0.000218823861
0.000221850946
0.00022416193
0.000225880832
0.000227116716
0.000227965323
0.000228510503
0.000228825235
0.000228972383
0.000229007476
0.000228988841
-0.000573996301
-0.00043199193
-0.000340549808
-0.00025855213
-0.000186660486
-0.000124144168
-6.98916889e-05
-2.28837373e-05
1.77498736e-05
5.27736575e-05
8.28670588e-05
0.000108632722
0.000130602016
0.000149253457
0.000165000514
0.000178226727
0.000189276506
0.000198430769
0.000205948528
0.000212061637
0.00021697506
0.000220869763
0.000223905563
0.00022622347
0.000227947707
0.000229187527
0.000230038847
0.000230585674
0.000230901116
0.000231048116
0.000231082297
0.000231062503
-0.0005726023
-0.00043058606
-0.000339120575
-0.000257091156
-0.000185160802
-0.000122601145
-6.83024874e-05
-2.1246961e-05
1.94343236e-05
5.4504647e-05
8.4642203e-05
0.000110449556
0.00013246272
0.000151159603
0.000166940966
0.00018019364
0.000191270141
0.00020044782
0.000207985807
0.000214116311
0.000219044545
0.000222951694
0.000225997807
0.000228324132
0.000230055125
0.000231300257
0.000232155646
0.000232705481
0.00023302303
0.000233171364
0.00023320623
0.000233186666
-0.000571302049
-0.000429266491
-0.000337770766
-0.0002556989
-0.000183721392
-0.00012110981
-6.67559857e-05
-1.96440034e-05
2.1093481e-05
5.62186064e-05
8.64085009e-05
0.000112264559
0.000134322219
0.000153065937
0.000168893909
0.000182183898
0.000193290146
0.000202493283
0.000210053803
0.000216203984
0.000221149118
0.00022507062
0.000228128817
0.000230465236
0.000232204601
0.000233456635
0.000234317688
0.000234872156
0.0002351935
0.000235344983
0.000235382499
0.000235364883
-0.000570099751
-0.000428036088
-0.000336502917
-0.00025437619
-0.000182342695
-0.000119670301
-6.5251921e-05
-1.80742341e-05
2.27282615e-05
5.79165441e-05
8.81668594e-05
0.000114079542
0.000136188437
0.000154980148
0.000170856971
0.000184190932
0.000195331826
0.000204564312
0.000212150637
0.000218323305
0.000223287793
0.000227225838
0.000230298126
0.000232646529
0.000234396098
0.000235656855
0.000236525419
0.000237086426
0.000237413563
0.00023757036
0.00023761288
0.000237599271
-0.000568996707
-0.000426894567
-0.000335317848
-0.000253120589
-0.000181022671
-0.000118281023
-6.378857e-05
-1.65357659e-05
2.43405203e-05
5.95999051e-05
8.99178959e-05
0.000115893993
0.000138060481
0.000156903584
0.000172832549
0.000186215066
0.000197394176
0.000206659505
0.000214274709
0.000220472524
0.000225458721
0.00022941546
0.00023250386
0.000234866201
0.000236627916
0.000237899388
0.00023877752
0.000239347218
0.000239682447
0.000239847086
0.000239897381
0.000239890198
-0.00056799055
-0.000425838069
-0.000334216775
-0.000251921852
-0.000179753878
-0.000116937207
-6.23613032e-05
-1.50242894e-05
2.59320158e-05
6.12707892e-05
9.16633219e-05
0.000117708574
0.000139937821
0.00015883607
0.000174821295
0.000188256026
0.000199475441
0.000208776302
0.000216422971
0.000222648229
0.000227658221
0.00023163562
0.000234742065
0.000237120355
0.00023889634
0.000240180569
0.000241070576
0.000241651478
0.000241997449
0.000242172824
0.000242234054
0.000242236046
-0.000567074374
-0.000424860019
-0.000333197529
-0.000250757
-0.000178519549
-0.000115625422
-6.09572211e-05
-1.35305403e-05
2.7493687e-05
6.29253827e-05
9.3401284e-05
0.000119522583
0.000141820607
0.000160775744
0.000176819145
0.000190309835
0.000201571598
0.000210910347
0.000218590643
0.000224845279
0.000229880888
0.000233880752
0.000237007159
0.000239403736
0.000241196757
0.000242492897
0.000243396596
0.000243992055
0.000244352014
0.000244541481
0.000244617116
0.00024463121
-0.000566234093
-0.000423947405
-0.000332189197
-0.000249682436
-0.000177347232
-0.000114347949
-5.95816073e-05
-1.20567484e-05
2.90812865e-05
6.45934459e-05
9.51496792e-05
0.000121348593
0.000143719114
0.000162726449
0.000178821498
0.000192370483
0.000203677695
0.000213055813
0.00022077073
0.000227055714
0.000232117948
0.000236141366
0.000239288817
0.000241704205
0.000243514379
0.000244830791
0.000245751749
0.000246363009
0.000246739398
0.000246946297
0.000247040925
0.000247072611
-0.000565449
-0.000423078438
-0.000331186815
-0.000248646565
-0.000176188021
-0.00011307157
-5.8202566e-05
-1.0579438e-05
3.06555151e-05
6.62569378e-05
9.68970258e-05
0.000123175251
0.000145621964
0.00016468425
0.000180829337
0.000194435482
0.000205788208
0.000215205213
0.000222954354
0.000229269603
0.000234358722
0.000238406301
0.000241575827
0.000244011764
0.000245841532
0.000247177287
0.000248117445
0.000248748152
0.000249144674
0.000249373091
0.000249491403
0.000249544887
-0.000564692821
-0.000422224848
-0.000330205322
-0.000247589363
-0.00017501422
-0.00011178431
-5.68110676e-05
-9.08896656e-06
3.22400114e-05
6.79287872e-05
9.8647171e-05
0.000124995842
0.000147522765
0.000166664554
0.00018285839
0.000196501766
0.000207895341
0.000217348779
0.000225129932
0.000231473706
0.000236588605
0.000240659857
0.000243851572
0.000246308818
0.000248159564
0.000249516439
0.000250478275
0.000251131519
0.000251551823
0.000251806164
0.000251953096
0.000252031768
-0.000563927294
-0.000421347982
-0.000329201126
-0.000246487622
-0.000173798653
-0.000110458767
-5.53829462e-05
-7.56413707e-06
3.38559568e-05
6.9630001e-05
0.000100427408
0.000126845875
0.000149431667
0.000168630734
0.000184866212
0.000198541189
0.000209975058
0.000219464762
0.000227276766
0.00023364756
0.000238786936
0.000242880994
0.000246094582
0.000248573435
0.000250446116
0.000251825755
0.000252811581
0.000253490335
0.000253938098
0.000254222871
0.000254403688
0.00025451224
-0.000563101846
-0.000420402772
-0.000328124058
-0.00024530569
-0.000172506567
-0.000109062607
-5.38911644e-05
-5.98409405e-06
3.55176482e-05
7.13677074e-05
0.000102236947
0.000128717771
0.000151330996
0.000170563245
0.000186849631
0.000200558815
0.000212024474
0.000221542387
0.000229379098
0.000235772092
0.000240932176
0.000245046291
0.000248280007
0.000250779695
0.000252674474
0.000254077943
0.000255089687
0.000255796703
0.000256275495
0.000256595167
0.000256815226
0.000256958834
-0.000562152487
-0.000419361188
-0.000326903356
-0.000243993054
-0.000171097121
-0.000107559437
-5.23053146e-05
-4.32616915e-06
3.72385174e-05
7.31428444e-05
0.000104057828
0.000130577436
0.000153222256
0.000172497717
0.000188825273
0.000202553713
0.000214033292
0.000223565253
0.000231416024
0.000237823009
0.000242997464
0.00024712691
0.000250377471
0.000252896025
0.000254812139
0.000256239794
0.00025727885
0.00025801649
0.000258529607
0.000258888488
0.000259153095
0.000259336858
-0.000561015537
-0.00041829168
-0.000325368707
-0.000242461766
-0.000169515715
-0.000105902733
-5.05850224e-05
-2.55654583e-06
3.90470079e-05
7.49813958e-05
0.000105918233
0.000132455149
0.000155125677
0.000174417193
0.00019074584
0.00020447913
0.000215962442
0.000225497895
0.000233352806
0.000239765226
0.000244946995
0.00024908619
0.000252349439
0.000254884062
0.000256820005
0.000258271547
0.000259338744
0.000260108883
0.000260659204
0.000261061233
0.000261375375
0.000261604097
-0.000559603042
-0.000416989844
-0.00032354373
-0.00024066598
-0.000167701756
-0.000104040059
-4.86873401e-05
-6.40869239e-07
4.09692967e-05
7.69023748e-05
0.000107832274
0.000134359499
0.000157019578
0.000176290906
0.000192597142
0.000206316005
0.000217786528
0.000227310431
0.000235156173
0.000241562679
0.000246742371
0.000250883787
0.000254153942
0.000256700475
0.000258653582
0.000260127722
0.000261223028
0.000262026776
0.000262616478
0.000263064936
0.000263432968
0.000263710896
-0.000557823099
-0.000415296873
-0.000321382177
-0.000238542915
-0.000165585978
-0.000101911901
-4.65646669e-05
1.45731041e-06
4.303089e-05
7.89199599e-05
0.000109801539
0.000136278692
0.000158888665
0.000178110093
0.000194369154
0.00020804572
0.000219478702
0.000228970176
0.000236789166
0.000243175043
0.000248340538
0.000252474411
0.000255743836
0.000258296555
0.000260262819
0.000261757083
0.000262879392
0.000263716864
0.000264347174
0.000264844386
0.00026526968
0.000265600209
-0.000555571595
-0.000413107376
-0.000318786652
-0.000236006459
-0.000163092217
-9.9453906e-05
-4.41649946e-05
3.77798184e-06
4.52602681e-05
8.10517254e-05
0.000111833523
0.000138211962
0.000160726761
0.00017985835
0.000196034487
0.000209636225
0.00022100311
0.000230437603
0.000238208951
0.000244556626
0.000249693353
0.000253807813
0.00025706705
0.000259618631
0.000261592606
0.000263103198
0.000264250152
0.000265120242
0.000265791163
0.000266338171
0.000266822728
0.000267208051
-0.000552728799
-0.000410310521
-0.000315651002
-0.000232961601
-0.000160138924
-9.65977961e-05
-4.14334085e-05
6.36283901e-06
4.76863959e-05
8.33146711e-05
0.000113934268
0.000140155657
0.000162521703
0.000181515084
0.000197565129
0.000211053878
0.000222321364
0.00023167017
0.000239369423
0.000245658305
0.00025074914
0.000254830137
0.000258067828
0.000260609254
0.000262583942
0.000264105588
0.000265273382
0.000266173526
0.000266883551
0.000267479769
0.000268023782
0.000268464451
-0.00054916251
-0.000406784117
-0.000311861319
-0.000229307342
-0.000156639614
-9.32717515e-05
-3.83128087e-05
9.25454824e-06
5.03381797e-05
8.57248967e-05
0.000116108206
0.000142103781
0.000164258281
0.000183056961
0.000198930734
0.000212262436
0.000223392266
0.00023262253
0.000240221765
0.000246428358
0.00025145372
0.000255485088
0.000258688008
0.000261208556
0.000263175335
0.00026470116
0.000265884347
0.000266810271
0.000267556104
0.000268199009
0.000268800232
0.000269293502
-0.000544730407
-0.000402397059
-0.000307296653
-0.000224937549
-0.000152504041
-8.94016307e-05
-3.47450857e-05
1.24957012e-05
5.32436002e-05
8.82969485e-05
0.000118357781
0.000144048074
0.00016591891
0.000184458371
0.000200098888
0.000213223788
0.000224172994
0.000233247978
0.00024071607
0.000246814224
0.000251752297
0.00025571594
0.000258869136
0.000261356468
0.000263305136
0.000264826654
0.000266018101
0.000266963718
0.000267740118
0.000268425117
0.000269078559
0.000269615609
-0.000539282061
-0.00039701141
-0.000301830939
-0.00021974263
-0.000147639911
-8.49125765e-05
-3.06725341e-05
1.61276332e-05
5.64288033e-05
9.10432156e-05
0.000120683188
0.000145978122
0.000167484109
0.000185692194
0.000201036129
0.000213899285
0.000224620688
0.000233500252
0.000240803323
0.000246764623
0.000251591681
0.000255467816
0.000258554761
0.000260994971
0.000262913681
0.000264420611
0.000265611183
0.000266568059
0.000267366556
0.000268084703
0.000268784987
0.000269376701
-0.000532661295
-0.000390484614
-0.000295335347
-0.000213611668
-0.000141954909
-7.97308654e-05
-2.60394541e-05
2.01891296e-05
5.99171616e-05
9.39733864e-05
0.000123082244
0.000147881664
0.000168933221
0.000186730914
0.000201709431
0.000214251542
0.000224694559
0.000233335922
0.000240438032
0.000246232428
0.000250923383
0.000254691023
0.00025769403
0.000260072018
0.000261947618
0.0002634282
0.000264607071
0.000265564999
0.000266375792
0.00026711677
0.000267849784
0.000268479283
-0.000524708945
-0.000382672077
-0.000287680954
-0.000206434916
-0.000135359037
-7.37860134e-05
-2.07939498e-05
2.47150029e-05
6.37282877e-05
9.70939383e-05
0.000125550379
0.000149745075
0.000170245388
0.00018754804
0.000202088028
0.000214246634
0.0002243584
0.000232717158
0.000239581212
0.000245177786
0.000249706827
0.000253344271
0.000256244845
0.000258544509
0.000260362579
0.000261803448
0.000262957777
0.000263904053
0.000264714408
0.000265465148
0.000266215235
0.00026685659
-0.000515265971
-0.000373430089
-0.000278741748
-0.000198106635
-0.000127767256
-6.70131508e-05
-1.48899548e-05
2.97345013e-05
6.78769465e-05
0.000100407603
0.000128080679
0.00015155399
0.000171400729
0.000188119799
0.000202145579
0.000213856672
0.000223583529
0.000231614997
0.000238203922
0.000243571907
0.000247913354
0.000251398893
0.000254178293
0.000256382973
0.000258128152
0.000259514592
0.00026062976
0.000261549375
0.000262343266
0.000263085896
0.000263834403
0.000264477374
-0.000504176898
-0.000362619012
-0.000268397993
-0.000188528304
-0.000119102458
-5.93556876e-05
-8.28953388e-06
3.52694632e-05
7.23717627e-05
0.000103912695
0.000130663858
0.000153293925
0.00017238157
0.000188426945
0.000201862483
0.000213062574
0.000222351942
0.000230012816
0.000236291003
0.000241401013
0.00024553035
0.000248843119
0.000251483058
0.000253576108
0.000255232588
0.000256548911
0.000257608785
0.000258484717
0.000259243715
0.000259957553
0.000260681265
0.000261305359
-0.000491293467
-0.000350106628
-0.000256539851
-0.000177612174
-0.000109298736
-5.0768221e-05
-9.65486082e-07
4.13321266e-05
7.72135831e-05
0.000107602127
0.000133287992
0.000154950713
0.000173173571
0.000188456497
0.000201228183
0.000211856844
0.000220659504
0.000227909861
0.000233844899
0.000238670398
0.000242565501
0.000245686501
0.000248169995
0.000250135457
0.000251687434
0.000252917275
0.000253904381
0.000254717653
0.000255420791
0.000256081918
0.000256753474
0.000257333823
-0.0004764782
-0.000335771298
-0.000243071109
-0.000165285348
-9.8305342e-05
-4.12201095e-05
7.09531012e-06
4.79221961e-05
8.23931509e-05
0.000111461816
0.000135937697
0.00015651048
0.000173766428
0.000188203115
0.000200243097
0.000210245981
0.000218518732
0.000225324323
0.000230888922
0.000235407804
0.000239050203
0.000241963292
0.000244275388
0.000246098556
0.000247530784
0.000248657622
0.000249553485
0.00025028356
0.00025090775
0.000251489496
0.000252078102
0.000252586548
-0.000459607276
-0.000319504759
-0.000227914664
-0.000151498069
-8.60933155e-05
-3.06997614e-05
1.58867062e-05
5.50218661e-05
8.78871419e-05
0.000115467807
0.000138592291
0.000157958756
0.000174153877
0.000187669868
0.000198920069
0.000208252513
0.000215961368
0.00022229643
0.000227470908
0.000231667742
0.000235044723
0.000237738632
0.000239868567
0.000241538603
0.000242839151
0.000243847586
0.000244632488
0.000245257484
0.000245776616
0.000246248697
0.000246719863
0.000247125215
-0.000440569598
-0.000301213217
-0.000211024682
-0.000136245625
-7.26522129e-05
-1.91960923e-05
2.53843728e-05
6.25914878e-05
9.36538492e-05
0.000119582757
0.00014122309
0.000159278653
0.000174332683
0.000186867924
0.000197284586
0.000205915572
0.000213039101
0.000218889072
0.000223663411
0.000227530742
0.000230635602
0.000233102554
0.000235040019
0.000236544472
0.000237699094
0.000238557226
0.000239215709
0.000239732064
0.000240124982
0.000240458009
0.000240775557
0.000241043907
-0.000419249033
-0.000280799416
-0.000192375089
-0.000119564077
-5.79340738e-05
-6.63782523e-06
3.55467175e-05
7.05678043e-05
9.96303849e-05
0.000123752527
0.000143790423
0.000160448596
0.000174301029
0.000185815479
0.000195374138
0.000203290535
0.000209823517
0.000215188165
0.000219564715
0.000223105556
0.000225940084
0.00022817872
0.000229916378
0.000231247997
0.000232298753
0.000233073306
0.000233547356
0.000233848481
0.000234077582
0.000234248479
0.000234380317
0.000234477762
-0.000395504218
-0.000258114607
-0.000171839784
-0.000101296954
-4.21237246e-05
6.54784581e-06
4.61252267e-05
7.87967281e-05
0.000105693761
0.000127877689
0.000146227405
0.000161433413
0.000174053291
0.000184534862
0.000193237286
0.000200449733
0.00020640931
0.000211309568
0.000215310857
0.000218548119
0.000221136469
0.000223175783
0.000224753337
0.000225930219
0.000226712271
0.000227241094
0.000227653889
0.000227893917
0.000227954561
0.000227909832
0.00022780747
0.000227700542
-0.000369314077
-0.000233137709
-0.000149571317
-8.15341393e-05
-2.55646698e-05
2.00939904e-05
5.70917576e-05
8.71117277e-05
0.000111700139
0.00013181356
0.000148442865
0.000162185028
0.000173578116
0.00018304767
0.000190924773
0.000197470865
0.000202895383
0.00020736786
0.000211027267
0.000213989171
0.000216351266
0.000218197146
0.000219599158
0.000220618416
0.000221309028
0.000221740322
0.000221939192
0.000221939402
0.000221796607
0.000221531378
0.000221170714
0.000220825028
-0.000340649373
-0.000205809644
-0.000125742035
-6.04228425e-05
-8.09052313e-06
3.38438763e-05
6.79724059e-05
9.53074872e-05
0.000117442752
0.000135512738
0.000150371018
0.000162656682
0.000172866322
0.000181382585
0.00018849986
0.000194446714
0.000199402839
0.000203511452
0.00020688845
0.000209629233
0.000211813827
0.00021351017
0.000214777349
0.000215667325
0.00021622732
0.000216502596
0.000216535888
0.000216359986
0.000216006268
0.00021549009
0.000214834898
0.000214218403
-0.000309513318
-0.000176410277
-0.000100546227
-3.87045739e-05
9.95088487e-06
4.81535146e-05
7.86918982e-05
0.000103073605
0.000122709636
0.000138698568
0.000151850364
0.000162764671
0.000171888269
0.000179555491
0.000186018098
0.000191467619
0.000196051751
0.000199886238
0.000203063422
0.000205658425
0.000207733676
0.000209342357
0.00021053033
0.000211338158
0.000211803171
0.000211960186
0.000211842948
0.000211483649
0.000210907798
0.000210120881
0.000209142419
0.000208226119
-0.00027579923
-0.000145528711
-7.37000445e-05
-1.64998558e-05
2.77458919e-05
6.19529961e-05
8.87838032e-05
0.000110067369
0.000127187967
0.000141165062
0.000152734018
0.00016242326
0.00017061421
0.000177584253
0.000183537222
0.000188624958
0.00019296243
0.000196638285
0.000199722184
0.000202269948
0.000204327222
0.00020593214
0.000207117311
0.000207911583
0.000208340596
0.000208428833
0.000208201268
0.000207684039
0.000206896217
0.000205831477
0.000204503687
0.00020325679
-0.000239286151
-0.000113208759
-4.55482458e-05
5.78592532e-06
4.4719787e-05
7.44645112e-05
9.75075774e-05
0.000115736832
0.000130477086
0.000142638738
0.00015284849
0.00016154007
0.000169016134
0.000175490598
0.000181117254
0.000186008875
0.000190249893
0.000193904768
0.000197023498
0.000199645293
0.000201801135
0.000203515676
0.000204808617
0.000205695621
0.000206189135
0.000206299774
0.000206038963
0.000205420721
0.000204451961
0.000203109469
0.000201406488
0.00019978739
-0.000199685488
-7.91733695e-05
-1.7290363e-05
2.71747992e-05
6.01267504e-05
8.49731036e-05
0.000104202222
0.000119569851
0.000132222935
0.0001428988
0.000152077681
0.000160077589
0.000167113059
0.000173332767
0.000178843159
0.000183722949
0.000188032083
0.000191817176
0.000195114642
0.000197952407
0.000200351091
0.000202325262
0.000203884171
0.000205030898
0.000205762122
0.000206067367
0.000205930598
0.000205342772
0.00020428614
0.000202700147
0.000200574273
0.000198500439
-0.000156253298
-4.3445837e-05
1.01049703e-05
4.6273206e-05
7.25356554e-05
9.24171306e-05
0.000108133808
0.000121103225
0.000132172857
0.000141844542
0.000150423837
0.000158103776
0.000165010867
0.000171234359
0.000176842469
0.000181889758
0.00018642142
0.000190475594
0.000194083788
0.0001972698
0.000200049357
0.000202434111
0.000204433878
0.000206044447
0.000207253986
0.000208037275
0.000208321359
0.000208040219
0.000207127734
0.000205445777
0.000202878264
0.000200261762
-0.000107439732
-6.95982984e-06
3.45268321e-05
6.10014735e-05
8.03941987e-05
9.58111391e-05
0.000108789015
0.000120162826
0.000130370066
0.000139644036
0.000148116508
0.000155869496
0.000162954195
0.000169415363
0.000175300989
0.000180657755
0.000185531152
0.000189966603
0.000194008638
0.000197694092
0.000201043839
0.000204089438
0.00020688024
0.000209400843
0.000211624821
0.000213568761
0.000215047209
0.000215787579
0.000215620357
0.0002143234
0.000211483579
0.000208438409
-4.24568976e-05
2.9130313e-05
5.17418555e-05
6.76969425e-05
8.12778974e-05
9.37778719e-05
0.0001055342
0.000116609712
0.000126994325
0.000136678746
0.0001456648
0.000153946068
0.000161524604
0.00016843677
0.000174737065
0.000180479608
0.000185721423
0.000190528997
0.00019498386
0.000199157865
0.000203037854
0.000206573935
0.000209879853
0.000213282377
0.000217065918
0.000220849741
0.000223678366
0.000225483702
0.000227042738
0.000228189871
0.000227837218
0.000225776544
6.46117403e-05
6.48624017e-05
6.23755359e-05
6.80876939e-05
7.77929442e-05
8.91340146e-05
0.000100943207
0.000112572027
0.000123662825
0.000134101978
0.000143879743
0.000152904665
0.000161079878
0.00016846379
0.000175161116
0.000181237173
0.00018675444
0.000191794293
0.000196498628
0.000201024171
0.000205401489
0.000209573181
0.000213608348
0.000217814566
0.000222896074
0.000229750485
0.000238626232
0.000250126954
0.000265205915
0.0002853662
0.000314261563
0.00034925739
)
;

boundaryField
{
    inner_wall
    {
        type            zeroGradient;
    }
    outer_wall
    {
        type            zeroGradient;
    }
    top
    {
        type            zeroGradient;
    }
    bottom
    {
        type            fixedValue;
        value           uniform 0;
    }
    front
    {
        type            wedge;
    }
    back
    {
        type            wedge;
    }
}


// ************************************************************************* //
