/*--------------------------------*- C++ -*----------------------------------*\
| =========                 |                                                 |
| \\      /  F ield         | OpenFOAM: The Open Source CFD Toolbox           |
|  \\    /   O peration     | Version:  2506                                  |
|   \\  /    A nd           | Website:  www.openfoam.com                      |
|    \\/     M anipulation  |                                                 |
\*---------------------------------------------------------------------------*/
FoamFile
{
    version     2.0;
    format      ascii;
    arch        "LSB;label=32;scalar=64";
    class       volScalarField;
    location    "540";
    object      C;
}
// * * * * * * * * * * * * * * * * * * * * * * * * * * * * * * * * * * * * * //

dimensions      [0 0 0 0 0 0 0];

internalField   nonuniform List<scalar> 
3072
(
2.18688321e-09
-3.19042809e-07
-1.42375727e-06
2.03540947e-05
6.17392157e-05
-8.37230853e-05
-0.000701986458
-0.00179367498
-0.00319862831
-0.00503803305
-0.00819181452
-0.0184300829
-0.0375131919
-0.052439325
-0.0157891849
0.143533643
0.433827422
0.746603397
0.959136788
1.03533412
1.02864935
1.0064998
0.997220252
0.997931301
1.00161903
1.00597262
1.00800722
1.00201386
0.978253974
0.897451816
0.674590965
0.259842421
-1.562035e-09
2.15912243e-07
1.13081556e-05
-1.64742394e-05
-0.000250051159
-0.000374732697
0.000748901015
0.00377621731
0.00753527694
0.00946407497
0.00658380538
-0.00352256636
-0.0257051194
-0.0514718373
-0.0240854043
0.140494912
0.444259901
0.764514361
0.971443657
1.03740237
1.02571885
1.00428894
0.996879086
0.998298823
1.00202472
1.00632042
1.00803495
1.00135064
0.976568264
0.893900932
0.66928438
0.255757915
9.41949427e-09
2.5410027e-06
-2.21319541e-06
-0.000160611916
-0.000193459541
0.00165875539
0.00665139166
0.0125101896
0.0156323838
0.0155079069
0.0137037133
0.00707316136
-0.0142669233
-0.0486417467
-0.0308983468
0.135395864
0.447578248
0.772889416
0.977107642
1.03782099
1.02400297
1.0032857
0.99682864
0.998507054
1.00222249
1.00648693
1.00803163
1.0010417
0.975968345
0.893165883
0.669489381
0.258532327
1.3632244e-08
3.49038678e-06
-2.14855763e-05
-0.000260541928
0.000181813445
0.00404377234
0.011083186
0.0161102876
0.0165731516
0.0157924683
0.0142004373
0.012056739
-0.00631382031
-0.0463087342
-0.0327407641
0.140645173
0.462881962
0.790058711
0.986093721
1.03814708
1.02154501
1.00198438
0.996785426
0.998774427
1.00247553
1.00669716
1.00802244
1.00065203
0.975201694
0.892072758
0.668962725
0.260945502
8.61261447e-10
3.86434911e-06
-2.32975312e-05
-0.000279304103
0.000251326168
0.00461997766
0.0123424075
0.0172863618
0.0176503381
0.0167220366
0.0131385139
0.0119315283
-0.00746828393
-0.0476702234
-0.0229734591
0.169879067
0.503828999
0.822434597
0.999021031
1.03746616
1.01801599
1.00050961
0.996855527
0.999116189
1.00278347
1.00694427
1.00797873
1.00014393
0.974220391
0.890612765
0.668066257
0.263810804
-1.02286724e-07
4.15949835e-06
-1.51974711e-05
-0.000267624103
3.10430613e-05
0.00349314863
0.0100171292
0.0148574867
0.0167223698
0.014582058
0.0118425092
0.00885237225
-0.0162393408
-0.0505722269
0.00561096237
0.237218101
0.581161038
0.873844818
1.01541072
1.0346576
1.01298663
0.998860589
0.997101623
0.999584658
1.00320886
1.00727297
1.00786441
0.99935654
0.97264835
0.887917271
0.665285611
0.265499703
-1.36851256e-08
4.44785974e-06
-1.89261227e-06
-0.000224099767
-0.000231016976
0.00173698903
0.0058770127
0.00946147138
0.010775955
0.00905292856
0.00846215196
0.000484548967
-0.0319088757
-0.0435557648
0.0734224665
0.356447199
0.695352982
0.937450722
1.02977401
1.02818595
1.00688876
0.997490761
0.99762022
1.00018555
1.00378483
1.0076914
1.00761271
0.998146629
0.970216895
0.883459363
0.659909098
0.265361416
-1.05344422e-06
2.92784273e-06
9.76757616e-06
-0.0001552208
-0.000344875069
0.000378393788
0.00222794266
0.00406339087
0.00430719989
0.00433366544
0.0029075162
-0.0168609921
-0.0443903482
0.00373205418
0.209004156
0.532145285
0.830594751
0.996079078
1.03455549
1.01789107
1.00115553
0.996968385
0.998405208
1.00089634
1.00453906
1.00817381
1.00711934
0.996359686
0.966671284
0.876776432
0.651354707
0.262860375
3.24224551e-06
6.62591113e-06
2.3317589e-05
-7.34311319e-05
-0.000284789146
-0.000225028026
0.000251523051
0.000702193598
0.000949259963
0.00118296791
-0.0114442155
-0.0369480259
-0.0145053758
0.140920199
0.430346675
0.742119968
0.952727428
1.02972092
1.02630484
1.00652073
0.997632181
0.99749964
0.999296267
1.00171132
1.00549204
1.00863872
1.00623467
0.993834984
0.961779597
0.867517886
0.639331029
0.257806584
-1.91012022e-05
-1.95347562e-05
-1.58003334e-06
-3.78835909e-05
-0.000174206898
-0.000296772098
-0.000309436229
-0.000381040709
-0.000115437702
-0.0109172224
-0.0312580337
-0.00773620114
0.134624704
0.403334727
0.706386229
0.928062677
1.02334771
1.03025799
1.01066703
0.998737484
0.997131858
0.998593459
1.00010303
1.00270211
1.00663319
1.00893035
1.00477063
0.990410906
0.955316715
0.855406665
0.623754083
0.250247111
9.71598074e-05
0.000106062146
0.000130354824
0.000113832664
5.27907336e-05
-7.18378363e-05
-0.000138592948
-0.000183344217
-0.012284923
-0.0238024207
0.0229469946
0.185823602
0.453604987
0.737391313
0.93947553
1.02565855
1.03116789
1.0115539
0.998976313
0.996969372
0.99841984
0.999461395
1.00087283
1.00399847
1.00786095
1.00881381
1.00252656
0.985939387
0.947062989
0.840243448
0.604740803
0.240431438
-0.000544728284
-0.000596493529
-0.000618368695
-0.00048499797
-0.000440320592
4.20065821e-06
-0.00108702142
-0.0132273878
0.00216068127
0.103936124
0.314155771
0.586070536
0.831612711
0.983704424
1.03572471
1.02850455
1.00826057
0.997724276
0.996901474
0.998646248
0.999392658
0.999920984
1.00194125
1.00563762
1.00893486
1.00800819
0.99933247
0.980302344
0.936813591
0.821932695
0.582605851
0.228761549
0.00332049596
0.00362477594
0.00374926488
0.00251521656
0.00163709017
-0.00363317465
0.0122385089
0.108002861
0.300738958
0.552470159
0.792219148
0.958672032
1.03288509
1.03909687
1.01856945
1.00130672
0.99589231
0.99734876
0.999282631
0.999596269
0.999475285
1.00059656
1.00356639
1.00741829
1.00950935
1.00625844
0.995095482
0.973424343
0.924404828
0.80053588
0.557872387
0.215750439
-0.0243178075
-0.0268848529
-0.0268570926
-0.0057189189
0.0709975422
0.226332565
0.445373882
0.678656964
0.87384176
0.997661285
1.04697112
1.04430424
1.02144775
1.00221807
0.99486336
0.995905903
0.998858535
1.00014716
0.99976854
0.999212075
0.99976669
1.00200326
1.00559166
1.00895409
1.00924584
1.00341545
0.989831363
0.965281374
0.909763893
0.776342248
0.531277504
0.201979923
0.32839466
0.422991505
0.559343531
0.719878363
0.865025385
0.975935099
1.04275494
1.06612458
1.0571418
1.03288693
1.0093524
0.995634391
0.99248199
0.995323139
0.998974501
1.00072981
1.00056285
0.999632742
0.998990782
0.999281768
1.00091701
1.00395611
1.00760391
1.00986082
1.00792146
0.999492218
0.983671043
0.955913885
0.892985168
0.749938555
0.503756784
0.188056665
1.02866541
1.04565119
1.05253227
1.04866234
1.03676819
1.02075492
1.00511537
0.993766965
0.988721577
0.989462301
0.993516222
0.997927613
1.00072239
1.00149973
1.00097713
1.00007612
0.999329048
0.998921377
0.999064014
1.00017131
1.00258987
1.00604759
1.00923144
1.00986972
1.00549758
0.994683001
0.976842293
0.945456186
0.874422041
0.722247124
0.476393862
0.17456643
0.996109431
0.993354583
0.991442631
0.99097152
0.991964815
0.994151952
0.996971858
0.999673907
1.00156852
1.00231016
1.00203184
1.00122437
1.00042395
0.999914295
0.999643767
0.999400835
0.999105821
0.999003893
0.99961461
1.00143126
1.00448593
1.00797794
1.01019303
1.00888734
1.00215672
0.989331743
0.969638363
0.934186829
0.854760171
0.694496885
0.450330554
0.162030077
1.00067368
1.00117644
1.00159271
1.00178963
1.0017286
1.00141571
1.00091162
1.00033677
0.999845644
0.999570209
0.99955734
0.9997359
0.999938674
0.999977489
0.999745524
0.999310852
0.998963904
0.999177759
1.00044253
1.00297342
1.00637839
1.00946224
1.01035566
1.00705572
0.998267718
0.98385274
0.962395837
0.922580113
0.835019823
0.668104833
0.426647675
0.150866597
0.999869627
0.999769799
0.999680542
0.999629761
0.999625886
0.999668664
0.999751018
0.999860937
0.999984231
1.00010499
1.00020009
1.00022973
1.00013581
0.999866422
0.999436709
0.999007122
0.998923599
0.999648252
1.00154415
1.00456336
1.00798107
1.01035424
1.00981889
1.00470787
0.994274386
0.978647269
0.955488707
0.911310813
0.816444783
0.644478653
0.406240808
0.141368313
1.00002665
1.00004772
1.00006813
1.0000819
1.00008436
1.00007142
1.00004505
1.00001842
1.00001292
1.00004289
1.00009256
1.00010149
0.999980236
0.999668786
0.999224519
0.998892805
0.999094335
1.00028067
1.00267047
1.0059609
1.00916525
1.01071142
1.00884281
1.00223977
0.990582282
0.974050026
0.949313227
0.901168745
0.800284247
0.624791157
0.389721153
0.133691202
0.999994122
0.999989597
0.999985913
0.999984151
0.999981942
0.999976374
0.99997049
0.999977119
1.00001244
1.00007747
1.00013636
1.0001117
0.999916497
0.999526577
0.999066734
0.998854725
0.999341919
1.00092422
1.00366694
1.00705942
1.00994246
1.01070342
1.00772931
0.99999852
0.987487085
0.970300912
0.944236622
0.892890815
0.787537278
0.609797967
0.377365062
0.127860516
1.00000112
1.00000227
1.00000405
1.00000594
1.00000452
0.9999966
0.999986742
0.999990712
1.0000261
1.00008997
1.00013663
1.00007937
0.999834874
0.999406086
0.998965654
0.998877558
0.999601865
1.0014762
1.00444132
1.00783769
1.0104022
1.01052607
1.00672972
0.998215805
0.985148873
0.967529663
0.94051783
0.886979695
0.778759547
0.599754713
0.369120482
0.123789508
0.999999575
0.999999435
1.00000002
1.00000105
0.999999007
0.99999083
0.999982097
0.999989965
1.00003161
1.00009951
1.0001398
1.0000597
0.999780899
0.999328389
0.998909324
0.99891663
0.999808974
1.0018758
1.0049695
1.00833498
1.01065282
1.01033323
1.00599673
0.996994116
0.983602312
0.965750663
0.938242701
0.883595677
0.77400253
0.594447833
0.364662274
0.121307496
0.999999921
1.00000008
1.00000096
1.0000022
1.00000011
0.999991606
0.999982803
0.999991717
1.0000355
1.00010428
1.0001398
1.0000461
0.999748198
0.999284175
0.998880903
0.99894662
0.999936766
1.00211083
1.00527027
1.00860843
1.01077979
1.01021165
1.0055842
0.996329292
0.982785936
0.964874878
0.937313125
0.882564258
0.772888295
0.593310216
0.363475893
0.120190886
0.99999984
0.999999921
1.00000074
1.00000195
0.999999842
0.999991283
0.99998248
0.999991758
1.0000364
1.00010583
1.00014012
1.00004186
0.999736889
0.999268113
0.998869994
0.998956816
0.999982983
1.00219681
1.00538114
1.00871155
1.01083533
1.01018848
1.00547315
0.996147678
0.982578445
0.964740104
0.937492398
0.883478778
0.774771972
0.595574827
0.364946031
0.120192683
0.999999858
0.999999944
1.00000076
1.00000202
1.00000004
0.999991568
0.999982543
0.999991223
1.00003528
1.00010485
1.00014069
1.00004514
0.99974259
0.999273652
0.998870744
0.998947629
0.999960686
1.00216299
1.00534429
1.00868751
1.01084514
1.01025304
1.00560468
0.996341988
0.98283013
0.965142782
0.938471385
0.885844397
0.778936957
0.600417901
0.36841101
0.121051465
0.999999855
0.999999922
1.0000007
1.000002
1.00000026
0.999992016
0.999982665
0.99999003
1.00003236
1.00010179
1.00014145
1.00005437
0.999761569
0.999295949
0.998880638
0.998924129
0.999887365
1.0020403
1.00519844
1.00857013
1.01082141
1.0103808
1.00590953
0.996796916
0.983377468
0.965864638
0.939946123
0.889196153
0.784693344
0.607041187
0.373248187
0.122517209
0.999999858
0.99999991
1.00000064
1.00000199
1.00000053
0.999992621
0.999982923
0.99998859
1.00002847
1.00009729
1.00014184
1.00006664
0.999788573
0.999329478
0.998898301
0.998894569
0.999784631
1.00186254
1.00498165
1.00838798
1.01076754
1.01053804
1.0063149
0.99741363
0.984115737
0.96677661
0.941663354
0.893041603
0.791356671
0.614779993
0.378989039
0.124407633
0.99999986
0.999999896
1.00000058
1.00000196
1.0000008
0.999993292
0.999983292
0.999987126
1.00002414
1.00009192
1.00014151
1.00007971
0.999819237
0.999369421
0.998922277
0.998865609
0.999670473
1.00165797
1.00472578
1.00816513
1.01068707
1.01069824
1.0067622
0.998109488
0.984951137
0.967767508
0.943433389
0.897022197
0.798401598
0.623088132
0.385229645
0.126559578
0.999999863
0.999999885
1.00000051
1.00000192
1.00000106
0.999993974
0.99998375
0.9999858
1.00001982
1.00008617
1.00014037
1.00009202
0.999850195
0.999411729
0.998950676
0.998841307
0.999557774
1.00144809
1.00445624
1.00792231
1.01058592
1.0108444
1.00720888
0.998822134
0.985813928
0.9687616
0.945131987
0.900888014
0.805441809
0.631554651
0.391662296
0.128845181
0.999999866
0.999999875
1.00000045
1.00000187
1.00000128
0.999994625
0.999984261
0.999984683
1.00001578
1.00008044
1.00013855
1.00010274
0.999879253
0.999453329
0.998981368
0.998823245
0.999454327
1.00124744
1.00419171
1.00767645
1.01047179
1.01096837
1.00762787
0.999508138
0.986653586
0.969708737
0.946688332
0.904488335
0.81222032
0.639889942
0.398063239
0.131167321
0.999999868
0.999999868
1.0000004
1.00000182
1.00000147
0.999995219
0.999984787
0.99998379
1.00001217
1.00007502
1.00013626
1.00011167
0.999905372
0.99949232
0.999012432
0.998811255
0.999363749
1.00106453
1.00394456
1.00744035
1.0103528
1.01106854
1.00800458
1.00014042
0.98743663
0.970578776
0.948070046
0.907747283
0.818584576
0.647907909
0.404283089
0.133457346
0.999999871
0.999999861
1.00000035
1.00000177
1.00000163
0.999995741
0.999985296
0.999983104
1.00000906
1.00007008
1.00013373
1.00011884
0.999928079
0.999527515
0.999042254
0.998804298
0.999287038
1.00090357
1.00372223
1.00722302
1.01023636
1.01114713
1.0083333
1.0007044
0.988142902
0.971355442
0.949269355
0.910640696
0.82445985
0.655503043
0.410231729
0.135669954
0.999999874
0.999999856
1.00000031
1.00000173
1.00000175
0.999996185
0.999985761
0.99998259
1.00000646
1.00006577
1.00013121
1.00012444
0.999947189
0.999558158
0.999069542
0.998801026
0.999223719
1.00076599
1.00352858
1.00703019
1.01012848
1.01120815
1.00861387
1.00119439
0.988762317
0.97203196
0.950292764
0.913176864
0.829825538
0.662629403
0.415864246
0.137778043
0.999999876
0.999999851
1.00000028
1.00000169
1.00000185
0.999996553
0.999986166
0.99998221
1.00000434
1.00006214
1.00012888
1.00012872
0.999962864
0.999584022
0.999093467
0.998800097
0.99917246
1.00065128
1.0033647
1.0068648
1.01003342
1.01125605
1.00884946
1.00161077
0.989292256
0.972608151
0.95115442
0.915382908
0.834697181
0.669284114
0.421169763
0.139768662
0.999999878
0.999999847
1.00000025
1.00000166
1.00000193
0.999996849
0.999986503
0.99998193
1.00000265
1.00005917
1.00012686
1.00013196
0.999975422
0.999605194
0.999113584
0.998800379
0.999131608
1.00055784
1.0032298
1.00672759
1.00995371
1.0112949
1.00904489
1.00195787
0.989735454
0.973088452
0.951872037
0.917295501
0.839113107
0.675494474
0.426162421
0.141639511
0.99999988
0.999999843
1.00000023
1.00000164
1.00000199
0.999997082
0.999986769
0.999981718
1.00000133
1.00005682
1.00012521
1.00013442
0.999985281
0.999622026
0.999129819
0.998801025
0.999099429
1.00048334
1.00312169
1.00661747
1.00989026
1.01132801
1.00920573
1.0022425
0.990098497
0.973480665
0.952464707
0.918955206
0.843125508
0.681309073
0.430875211
0.143396712
0.999999882
0.999999839
1.00000021
1.00000162
1.00000205
0.999997261
0.99998697
0.999981553
1.00000032
1.00005501
1.00012393
1.00013631
0.99999289
0.999635061
0.99914242
0.998801492
0.999074237
1.00042503
1.0030372
1.00653197
1.00984255
1.01135785
1.00933773
1.00247298
0.990390643
0.973795019
0.952951686
0.920402951
0.846794083
0.686791044
0.435355147
0.145053074
0.999999883
0.999999835
1.00000019
1.00000161
1.00000209
0.999997395
0.999987114
0.999981417
0.999999549
1.00005367
1.000123
1.00013779
0.999998687
0.999644918
0.99915183
0.998801492
0.999054511
1.00038002
1.00297261
1.00646769
1.00980906
1.01138609
1.00944645
1.0026584
0.990622802
0.974043309
0.953351615
0.92167772
0.850181148
0.692012324
0.43965893
0.146626367
0.999999885
0.999999831
1.00000018
1.00000161
1.00000212
0.999997495
0.999987211
0.9999813
0.999998972
1.00005269
1.00012237
1.00013898
1.00000308
0.999652238
0.999158606
0.998800934
0.999038917
1.00034548
1.00292396
1.00642071
1.0097875
1.01141374
1.00953714
1.00280804
0.990806728
0.974238167
0.953682056
0.922815188
0.85334808
0.697049102
0.443849446
0.148137886
0.999999887
0.999999828
1.00000017
1.0000016
1.00000215
0.999997569
0.999987272
0.999981195
0.999998533
1.00005198
1.00012197
1.00013997
1.00000644
0.999657665
0.999163371
0.998799861
0.999026293
1.00031868
1.00288728
1.00638686
1.00977518
1.0114413
1.00961466
1.00293104
0.99095441
0.974392478
0.953959207
0.923846981
0.856352812
0.70197831
0.447993042
0.149611385
0.999999888
0.999999824
1.00000016
1.0000016
1.00000218
0.999997627
0.999987309
0.999981095
0.999998184
1.00005145
1.00012173
1.00014084
1.00000913
0.999661823
0.999166767
0.998798405
0.999015619
1.00029708
1.00285866
1.00636192
1.00976922
1.01146895
1.00968341
1.00303617
0.991077635
0.974518926
0.954197756
0.924800348
0.859248126
0.706874979
0.452157449
0.151072313
0.99999989
0.99999982
1.00000015
1.00000161
1.00000221
0.999997677
0.999987335
0.999980999
0.999997881
1.00005102
1.00012158
1.00014164
1.00001145
0.999665302
0.999169429
0.998796745
0.999005999
1.00027827
1.00283441
1.00634181
1.00976669
1.01149664
1.00974742
1.00313166
0.991187658
0.974629654
0.954410805
0.925698058
0.862080462
0.711810141
0.456409073
0.152544107
0.999999892
0.999999815
1.00000014
1.00000161
1.00000224
0.999997726
0.999987359
0.999980904
0.999997587
1.00005061
1.00012143
1.00014243
1.00001369
0.999668648
0.999171962
0.998795082
0.998996654
1.00026011
1.0028111
1.00632267
1.00976477
1.01152417
1.00981027
1.00322509
0.991294981
0.974736025
0.954609857
0.92655844
0.864889006
0.716849122
0.460813983
0.154052613
0.999999894
0.999999811
1.00000013
1.00000161
1.00000226
0.99999778
0.999987392
0.99998081
0.999997266
1.00005014
1.00012123
1.00014323
1.00001611
0.999672351
0.999174921
0.998793625
0.998986912
1.00024066
1.00278561
1.00630096
1.0097608
1.01155124
1.00987513
1.00332327
0.991409215
0.974848501
0.954804903
0.927395636
0.867705486
0.722050767
0.465435492
0.155622019
0.999999897
0.999999808
1.00000012
1.00000161
1.00000229
0.999997847
0.999987444
0.999980715
0.999996889
1.00004954
1.0001209
1.00014408
1.00001892
0.999676846
0.999178811
0.998792591
0.998976215
1.0002182
1.00275516
1.00627345
1.00975229
1.01157746
1.00994471
1.00343228
0.991539026
0.974976617
0.95500458
0.928219967
0.870554367
0.727467817
0.470336034
0.157276986
0.9999999
0.999999804
1.00000011
1.0000016
1.00000233
0.999997931
0.999987523
0.999980621
0.99999643
1.00004876
1.0001204
1.00014498
1.00002231
0.999682526
0.999184102
0.998792204
0.998964108
1.00019128
1.00271729
1.00623725
1.00973695
1.01160236
1.01002127
1.00355736
0.991692051
0.975128929
0.955216292
0.929038195
0.873452649
0.733146162
0.475576261
0.159041435
0.999999903
0.9999998
1.0000001
1.00000159
1.00000236
0.999998037
0.999987637
0.999980529
0.999995867
1.00004775
1.00011965
1.00014594
1.00002644
0.99968974
0.999191226
0.998792705
0.998950266
1.00015871
1.00266992
1.00618986
1.00971273
1.01162535
1.01010652
1.0037028
0.991874741
0.975312872
0.955446246
0.929853702
0.876409373
0.739123394
0.481214572
0.160939106
0.999999907
0.999999797
1.00000008
1.00000158
1.0000024
0.999998168
0.999987794
0.999980443
0.999995188
1.00004647
1.00011861
1.00014695
1.00003139
0.999698724
0.999200518
0.998794336
0.998934541
1.00011966
1.00261151
1.0061293
1.00967784
1.01164572
1.01020155
1.00387178
0.992092127
0.975534554
0.955699458
0.930666719
0.879425235
0.745427472
0.487306641
0.162994341
0.999999911
0.999999794
1.00000006
1.00000156
1.00000243
0.999998327
0.999987998
0.999980367
0.999994389
1.00004489
1.00011724
1.00014799
1.00003721
0.999709609
0.999212214
0.998797338
0.998916971
1.00007374
1.00254109
1.00605415
1.00963087
1.01166266
1.01030672
1.00406618
0.992347634
0.975798565
0.955979767
0.931474714
0.88249254
0.752075501
0.493903929
0.165230554
0.999999915
0.999999792
1.00000004
1.00000153
1.00000247
0.999998512
0.999988253
0.999980309
0.999993474
1.00004301
1.00011551
1.00014899
1.00004385
0.999722434
0.999226457
0.998801945
0.998897777
1.00002097
1.00245832
1.00596365
1.00957079
1.01167524
1.0104217
1.00428658
0.992642905
0.97610776
0.956289835
0.932272886
0.885595386
0.759072583
0.501053191
0.167670913
0.99999992
0.99999979
1.00000001
1.0000015
1.00000251
0.999998725
0.99998856
0.999980274
0.999992454
1.00004083
1.00011341
1.00014992
1.00005123
0.999737129
0.999243282
0.99880837
0.998877345
0.999961796
1.00236349
1.00585773
1.00949706
1.01168255
1.0105454
1.00453206
0.992977581
0.976462961
0.95663103
0.933054706
0.888710042
0.766410385
0.50879504
0.17033819
0.999999925
0.999999789
0.999999989
1.00000146
1.00000255
0.99999896
0.999988918
0.999980272
0.999991352
1.00003839
1.00011093
1.0001507
1.0000592
0.999753513
0.999262594
0.99881677
0.998856213
0.99989712
1.00225765
1.00573717
1.00940979
1.01168371
1.01067601
1.00480012
0.993349033
0.976862554
0.957003163
0.933812471
0.891805578
0.774065514
0.517161971
0.173254457
0.999999931
0.999999789
0.999999961
1.00000141
1.00000259
0.999999214
0.999989322
0.999980309
0.999990196
1.00003572
1.00010809
1.00015126
1.00006757
0.999771285
0.999284143
0.998827207
0.998835034
0.999828296
1.00214263
1.00560374
1.00930989
1.01167811
1.01081101
1.00508654
0.993752065
0.977301988
0.957404045
0.934537847
0.894844929
0.781997899
0.526175772
0.176440416
0.999999937
0.99999979
0.999999931
1.00000136
1.00000262
0.99999948
0.999989765
0.999980389
0.999989023
1.00003289
1.00010496
1.00015156
1.00007607
0.999789985
0.999307452
0.998839576
0.998814535
0.999757173
1.00202124
1.00546045
1.00919938
1.01166559
1.01094732
1.00538533
0.994178616
0.977773252
0.957828896
0.935222353
0.897786581
0.790149641
0.535844641
0.179914474
0.999999943
0.999999792
0.999999902
1.0000013
1.00000265
0.999999751
0.999990233
0.999980512
0.999987874
1.00003
1.00010163
1.00015157
1.0000844
0.999808969
0.999331765
0.998853527
0.998795447
0.999686054
1.00189727
1.00531166
1.00908162
1.01164668
1.01108142
1.00568871
0.994617642
0.978264497
0.958269714
0.935857781
0.900587124
0.79844518
0.546160807
0.183692034
0.99999995
0.999999794
0.999999872
1.00000124
1.00000267
1.00000002
0.99999071
0.999980673
0.999986791
1.00002716
1.00009824
1.0001513
1.00009224
0.999827485
0.999356086
0.998868426
0.998778387
0.999617559
1.0017754
1.00516311
1.00896139
1.01162289
1.01120968
1.00598739
0.995055207
0.978759912
0.95871472
0.936436412
0.90320457
0.806793265
0.557099295
0.187785674
0.999999957
0.999999797
0.999999843
1.00000118
1.00000268
1.00000026
0.999991174
0.999980859
0.999985811
1.00002449
1.00009495
1.00015082
1.00009929
0.999844694
0.999379181
0.998883326
0.998763775
0.999554485
1.00166106
1.00502184
1.00884503
1.01159684
1.01132858
1.00627078
0.995474689
0.979239782
0.959147874
0.936950837
0.905601807
0.815090145
0.568617247
0.192206193
0.999999964
0.999999801
0.999999817
1.00000113
1.00000269
1.00000049
0.9999916
0.99998105
0.999984969
1.00002212
1.00009197
1.00015023
1.00010531
0.99985972
0.99939965
0.99889699
0.998751773
0.999499662
1.00156026
1.00489606
1.00874034
1.01157241
1.01143489
1.00652719
0.995856947
0.979680597
0.959548445
0.937393254
0.907749652
0.823223581
0.58065346
0.19696492
0.999999971
0.999999804
0.999999793
1.00000108
1.00000269
1.00000068
0.999991957
0.999981217
0.999984296
1.00002021
1.00008956
1.0001497
1.00011003
0.99987162
0.999415916
0.998907914
0.998742316
0.999456
1.00147964
1.00479521
1.00865667
1.01155472
1.01152569
1.00674379
0.996180155
0.9800549
0.959890496
0.937754152
0.909628809
0.831076609
0.593126601
0.202076721
0.999999978
0.999999807
0.999999772
1.00000104
1.0000027
1.00000082
0.99999221
0.999981324
0.999983822
1.00001893
1.00008799
1.00014944
1.0001132
0.999879315
0.999426135
0.998914301
0.998735235
0.999426739
1.00142678
1.00473022
1.00860503
1.0115501
1.01159807
1.00690608
0.996419245
0.980330798
0.960142256
0.938020389
0.911230394
0.838531851
0.60593251
0.20756404
0.999999985
0.999999808
0.999999756
1.00000102
1.00000271
1.0000009
0.999992323
0.999981334
0.999983579
1.00001844
1.00008758
1.00014966
1.00011451
0.999881579
0.999428244
0.998914181
0.998730434
0.999415665
1.00141039
1.00471363
1.00859807
1.01156581
1.01164869
1.00699735
0.996545203
0.980471364
0.96026558
0.938172333
0.912554102
0.845480232
0.618943796
0.213461141
0.999999991
0.999999808
0.999999745
1.00000102
1.00000273
1.00000091
0.999992259
0.999981214
0.999983609
1.00001894
1.0000886
1.00015052
1.00011358
0.999877156
0.999420205
0.998905699
0.998728113
0.999427167
1.00144021
1.00475934
1.00864979
1.01160983
1.01167347
1.00699818
0.996524471
0.980434053
0.960214998
0.938176871
0.913598856
0.851845795
0.632023657
0.219814897
0.999999996
0.999999806
0.999999739
1.00000103
1.00000276
1.00000084
0.999992008
0.999980951
0.999983946
1.00002057
1.00009131
1.00015208
1.00010988
0.999864555
0.999399844
0.998887263
0.998729398
0.999467238
1.00152786
1.00488283
1.00877483
1.01168945
1.01166615
1.00688525
0.996317384
0.980167451
0.959931051
0.937959857
0.914323556
0.857654984
0.645036155
0.226574125
1
0.999999802
0.999999737
1.00000108
1.0000028
1.00000068
0.999991514
0.999980525
0.999984733
1.00002371
1.00009611
1.00015426
1.00010212
0.999841041
0.999363866
0.998857343
0.998737653
0.999546484
1.00169093
1.0051046
1.00898941
1.01180836
1.01161179
1.00662363
0.995873159
0.979613391
0.959358304
0.937478205
0.914697205
0.862875857
0.657877416
0.233694946
1.00000001
0.999999798
0.99999974
1.00000115
1.00000285
1.00000039
0.999990724
0.999979952
0.999986202
1.00002883
1.00010338
1.0001566
1.00008824
0.999802979
0.999308725
0.998815731
0.998759652
0.999680605
1.00195222
1.00544834
1.00930881
1.01196439
1.0114853
1.00616552
0.995127266
0.978700309
0.958429043
0.936681341
0.914701195
0.86746471
0.670402768
0.241144883
1.00000001
0.999999791
0.999999751
1.00000125
1.0000029
0.999999923
0.999989575
0.999979303
0.999988731
1.00003654
1.00011338
1.00015794
1.00006491
0.999745575
0.99923098
0.998764926
0.998808108
0.999893477
1.00234217
1.00594114
1.00974466
1.01214386
1.01124404
1.00544325
0.993996838
0.977342455
0.957066117
0.935512112
0.914312192
0.871393515
0.682476314
0.248866336
1.00000001
0.999999782
0.999999772
1.0000014
1.00000293
0.999999206
0.999988013
0.999978752
0.999992918
1.00004763
1.00012603
1.00015593
1.00002685
0.999662336
0.999127857
0.998712507
0.99890561
1.00022125
1.00290107
1.00661217
1.0102994
1.01231291
1.01081806
1.00436037
0.992373904
0.975435588
0.955180687
0.933906603
0.913505286
0.874643398
0.693966761
0.256782522
1.00000002
0.999999772
0.999999806
1.00000158
1.00000291
0.99999815
0.999986013
0.99997865
0.999999652
1.00006292
1.0001405
1.00014617
0.999966008
0.999545462
0.998999825
0.998675988
0.99909043
1.00071662
1.00367915
1.00748693
1.01095519
1.01240321
1.01009576
1.00278002
0.990117977
0.972853692
0.95267198
0.931795175
0.912253705
0.877205745
0.704753741
0.264797851
1.00000002
0.99999976
0.999999859
1.00000182
1.00000279
0.999996643
0.999983626
0.99997962
1.00001016
1.00008304
1.0001543
1.00012104
0.999871284
0.999387995
0.998856026
0.998690714
0.999424104
1.00145213
1.00473211
1.0085741
1.01165407
1.01228984
1.008904
1.00051045
0.987047794
0.969445961
0.949427615
0.929104264
0.910530112
0.879081505
0.714731204
0.272800728
1.00000002
0.999999748
0.999999936
1.0000021
1.0000025
0.99999457
0.999981054
0.999982684
1.00002595
1.00010777
1.00016199
1.00006842
0.999729009
0.999188056
0.998723122
0.998821219
1.00000007
1.00251983
1.0061079
1.00983999
1.01226525
1.01175849
1.00698137
0.997287348
0.982932471
0.965034366
0.945324675
0.925758653
0.908307936
0.880279604
0.723806794
0.280663431
1.00000002
0.999999736
1.00000004
1.0000024
1.00000192
0.999991838
0.999978762
0.999989353
1.00004847
1.00013481
1.00015325
0.999970828
0.999526232
0.998958798
0.998660827
0.999176219
1.00094871
1.00401814
1.0078132
1.01116003
1.01253214
1.01045904
1.00394534
0.992755874
0.977485347
0.959414523
0.940233392
0.921685375
0.90556384
0.880816023
0.731901042
0.288243036
1.00000002
0.999999727
1.00000018
1.0000027
1.00000094
0.999988443
0.999977622
1.00000162
1.0000784
1.00015787
1.00011087
0.999806909
0.999260118
0.998747064
0.998784105
0.99992157
1.00242664
1.00600961
1.00974323
1.01223513
1.01199376
1.00784621
0.999257464
0.986457414
0.970364653
0.952362486
0.934024698
0.916819654
0.902281246
0.88071338
0.738945764
0.295382299
1.00000002
0.999999721
1.00000034
1.00000295
0.999999409
0.999984553
0.99997903
1.00002167
1.00011404
1.000164
1.00001006
0.999558495
0.998957556
0.998662189
0.999286127
1.00127514
1.00456585
1.00842261
1.01155379
1.01246281
1.00988147
1.00311576
0.992197727
0.977830566
0.96118732
0.943650738
0.926582964
0.911113204
0.898454854
0.880000876
0.744881209
0.301907785
1.00000001
0.999999721
1.00000054
1.0000031
0.999997217
0.999980617
0.999984938
1.00005108
1.00014901
1.00013123
0.99982207
0.999228483
0.99870845
0.998909794
1.00044188
1.00344823
1.00734016
1.01086122
1.01245713
1.01076559
1.00500934
0.995160577
0.981869901
0.966241745
0.949564473
0.933077109
0.917825037
0.904544955
0.894095998
0.878714812
0.749655362
0.307636823
1.00000001
0.999999729
1.00000077
1.00000308
0.999994315
0.99997746
0.999997649
1.00008936
1.00016945
1.0000288
0.999527382
0.998874158
0.998708555
0.999807091
1.00254554
1.0064726
1.01029494
1.01229681
1.01095246
1.00541763
0.995712101
0.982596461
0.967273621
0.951065666
0.935167541
0.920509252
0.907725659
0.897133711
0.889238374
0.876899928
0.753241724
0.312503506
1.00000001
0.999999745
1.000001
1.0000028
0.999990769
0.999976312
1.00001924
1.00013189
1.00015205
0.999823932
0.999143403
0.998653865
0.999287983
1.00172403
1.0057023
1.00983976
1.01210951
1.01067512
1.00458172
0.993986522
0.979939257
0.963936247
0.947488213
0.931835076
0.917829709
0.905943417
0.896346619
0.888950381
0.883941826
0.874592763
0.755459237
0.316043822
1
0.999999768
1.00000123
1.00000223
0.999986813
0.999978694
1.00005058
1.0001678
1.00006563
0.999499754
0.998766712
0.998866267
1.0008676
1.00485956
1.00938929
1.01193154
1.01007859
1.00262795
0.989950301
0.973614066
0.955667658
0.938003039
0.922003739
0.908464576
0.897676126
0.889570213
0.883865322
0.880129265
0.878297712
0.871855466
0.756295767
0.31812825
0.999999999
0.9999998
1.00000143
1.00000132
0.999982852
0.999986126
1.0000901
1.00017922
0.999879291
0.999085325
0.998614676
0.999931162
1.00375466
1.00877077
1.01179555
1.00942194
0.999868903
0.983738338
0.963431117
0.941931156
0.921782134
0.904621439
0.891180147
0.88151246
0.875249028
0.87182151
0.870584639
0.870864314
0.872418464
0.868742079
0.755719521
0.318691507
0.999999996
0.999999836
1.00000159
1.00000011
0.999979425
0.999999654
1.00013282
1.00014345
0.999578516
0.998688742
0.999028158
1.00223845
1.00771522
1.01171508
1.00924614
0.997228216
0.976280234
0.950026113
0.922981859
0.898758216
0.879374468
0.865451449
0.856697071
0.852375767
0.851558229
0.853352807
0.856927668
0.861438581
0.866500243
0.865323848
0.75347823
0.317309579
0.999999994
0.999999876
1.00000169
0.99999865
0.999977099
1.00001935
1.00017044
1.00003958
0.999185268
0.998509014
1.00038237
1.0058273
1.01142997
1.01022146
0.996491263
0.969989568
0.935841463
0.901031233
0.870937768
0.848119063
0.83291227
0.824512462
0.821687201
0.823225758
0.828091303
0.835224827
0.843619608
0.852304769
0.860785733
0.861648569
0.74932851
0.313686076
0.999999993
0.999999917
1.00000174
0.999997059
0.99997632
1.00004396
1.000193
0.999858222
0.998769994
0.99879319
1.00288173
1.01000952
1.01228042
0.999747701
0.968890195
0.925745808
0.881058616
0.84336838
0.816114546
0.798938943
0.790058411
0.787637404
0.79034539
0.797125247
0.806947785
0.81875779
0.831461398
0.843943261
0.855542333
0.857725493
0.742878593
0.307446327
0.999999992
0.999999955
1.00000172
0.999995465
0.999977261
1.00007104
1.0001924
0.999610483
0.998439
0.999721539
1.0063149
1.01329478
1.00720126
0.977231672
0.926599856
0.87045637
0.823368377
0.790970701
0.771746136
0.762003878
0.75882129
0.760706269
0.766883736
0.776850999
0.789950062
0.805177523
0.821273088
0.836878653
0.851050907
0.853483914
0.733548233
0.298170532
0.999999992
0.99999999
1.00000166
0.999993992
0.999979736
1.00009749
1.00016632
0.999329984
0.998288365
1.00125616
1.00997399
1.0140699
0.994989484
0.944959672
0.878193773
0.818651653
0.779257125
0.75757257
0.746984185
0.742790524
0.742724444
0.745945102
0.752784094
0.763634395
0.778216225
0.795459995
0.813821985
0.83165117
0.847619887
0.848663009
0.720311252
0.285245118
0.999999992
1.00000002
1.00000157
0.999992732
0.999983204
1.00012044
1.00012113
0.999064461
0.99833961
1.00304888
1.01293456
1.01202087
0.978999751
0.912693532
0.838830558
0.785558733
0.758148842
0.744807685
0.738341851
0.736589861
0.737156499
0.740035182
0.746408203
0.757167901
0.772204126
0.790367728
0.809888803
0.82884621
0.845360537
0.842654623
0.701440206
0.267514808
0.999999992
1.00000004
1.00000147
0.999991737
0.999986856
1.00013792
1.00007178
0.998861309
0.998499903
1.00450104
1.01458026
1.00920421
0.967427085
0.894411835
0.821794339
0.775972746
0.754982848
0.743218061
0.736664989
0.735668179
0.736181702
0.739365056
0.746064014
0.757123857
0.772363943
0.790594126
0.810037466
0.828958124
0.844868477
0.833620475
0.673576255
0.245434247
0.999999993
1.00000006
1.00000139
0.999991052
0.99998968
1.00014864
1.00003917
0.998759597
0.998593664
1.00495498
1.01479936
1.00902045
0.969007869
0.90068602
0.832233497
0.786368422
0.763313619
0.751331235
0.743888647
0.741260155
0.742645336
0.74683642
0.754524247
0.765876807
0.780486479
0.797338193
0.815391066
0.833716868
0.846292011
0.815625799
0.629633357
0.217973486
0.999999993
1.00000007
1.00000134
0.999990726
0.999990597
1.00015081
1.00004609
0.998802361
0.998473712
1.00384749
1.01334108
1.01292186
0.986369755
0.932901729
0.870397605
0.819972543
0.790056642
0.775535755
0.767807874
0.762771439
0.761276824
0.764789077
0.771496635
0.781575772
0.794559752
0.810207851
0.827813104
0.843711964
0.841888693
0.774969793
0.560977805
0.183169802
0.999999993
1.00000007
1.00000134
0.999990995
0.999988238
1.00013739
1.00012047
0.999088618
0.998132704
1.00116808
1.00952626
1.01622358
1.00914367
0.98113477
0.936375988
0.887290756
0.846353897
0.82025052
0.809227112
0.809507237
0.815920435
0.823952985
0.832081041
0.83926435
0.848718628
0.857494416
0.861315801
0.849850602
0.801604016
0.680789949
0.45261986
0.138034667
0.999999993
1.00000006
1.00000139
0.999992818
0.999979616
1.0000974
1.00022246
0.999596483
0.998239413
0.998458584
1.00304176
1.01146268
1.01871591
1.01819034
1.00559627
0.980731051
0.946594834
0.907397856
0.866982465
0.828161419
0.792722196
0.761673044
0.735326599
0.712442873
0.688272912
0.66114739
0.626882249
0.578734057
0.506396894
0.397606531
0.246015832
0.0711895294
0.999999993
1.00000001
1.00000143
0.999996668
0.999973548
1.00003187
1.0002328
1.00013594
0.999172235
0.99779416
0.997695706
1.00060074
1.00694641
1.01563474
1.02474209
1.03239344
1.03724191
1.03849157
1.03566484
1.02831069
1.01574538
0.99683688
0.969817015
0.932117514
0.880269621
0.810027848
0.717118041
0.598721476
0.456275803
0.299425491
0.149306051
0.0332008277
0.999999995
0.999999943
1.00000109
1.00000123
0.999979377
0.999971026
1.00010311
1.00032368
1.00024297
0.999474924
0.998063548
0.996513915
0.995495418
0.995545718
0.996958574
0.999831301
1.00417033
1.00997944
1.01730207
1.02621288
1.03675104
1.04876823
1.06163395
1.07370619
1.08145024
1.07812706
1.05218532
0.986110138
0.857780316
0.64846236
0.364001776
0.0734947433
0.999999999
0.999999923
1.00000034
1.0000034
0.999995851
0.999961882
0.999957726
1.00008101
1.00033347
1.00058173
1.00065014
1.00042101
0.999866663
0.999027878
0.99798014
0.996813474
0.995632413
0.994574397
0.993845134
0.993772019
0.994876101
0.997951944
1.00411138
1.01467179
1.03062368
1.05118659
1.07073545
1.07346067
1.02665926
0.878112748
0.574092016
0.137661358
1
0.999999971
0.999999757
1.00000156
1.00000602
0.999996963
0.999959661
0.999913576
0.999901343
0.99995437
1.00007696
1.00025204
1.00045285
1.00065022
1.00081404
1.00091091
1.00090006
1.00073009
1.00034021
0.999673658
0.998719897
0.997615479
0.996845191
0.997569168
1.00199413
1.01336408
1.03443238
1.06206577
1.07488499
1.01395032
0.770912942
0.251171565
1
1.00000001
0.999999874
0.999999391
1.00000137
1.00000824
1.00001436
1.00001014
0.999990891
0.999958867
0.999920221
0.999881941
0.99985056
0.999832198
0.999833034
0.999859581
0.999918098
1.00001204
1.00013569
1.00026104
1.00031612
1.00016079
0.999594969
0.998498793
0.997297109
0.997924917
1.00498037
1.02494492
1.05749113
1.069101
0.942763993
0.44625309
1
0.999999998
1.00000005
1.00000003
0.999999154
0.999997748
0.999997683
1.00000041
1.00000588
1.00001299
1.00002035
1.00002671
1.00003091
1.00003187
1.00002847
1.00001956
1.00000432
0.999983226
0.999960222
0.999946622
0.999965411
1.00004795
1.00020173
1.00032241
1.00008982
0.999126621
0.998030177
1.00054298
1.01467071
1.04431075
1.04582447
0.770400674
)
;

boundaryField
{
    inner_wall
    {
        type            zeroGradient;
    }
    outer_wall
    {
        type            fixedValue;
        value           uniform 0;
    }
    top
    {
        type            fixedValue;
        value           uniform 1;
    }
    bottom
    {
        type            inletOutlet;
        inletValue      uniform 0;
        value           nonuniform List<scalar> 
32
(
0
0
0
0
0
0
0
0
0
0
-0.00819181452
-0.0184300829
-0.0375131919
-0.052439325
-0.0157891849
0.143533643
0.433827422
0.746603397
0.959136788
1.03533412
1.02864935
1.0064998
0.997220252
0.997931301
1.00161903
1.00597262
1.00800722
1.00201386
0.978253974
0.897451816
0.674590965
0.259842421
)
;
    }
    front
    {
        type            wedge;
    }
    back
    {
        type            wedge;
    }
}


// ************************************************************************* //
