/*--------------------------------*- C++ -*----------------------------------*\
| =========                 |                                                 |
| \\      /  F ield         | OpenFOAM: The Open Source CFD Toolbox           |
|  \\    /   O peration     | Version:  2506                                  |
|   \\  /    A nd           | Website:  www.openfoam.com                      |
|    \\/     M anipulation  |                                                 |
\*---------------------------------------------------------------------------*/
FoamFile
{
    version     2.0;
    format      ascii;
    arch        "LSB;label=32;scalar=64";
    class       volScalarField;
    location    "57";
    object      C;
}
// * * * * * * * * * * * * * * * * * * * * * * * * * * * * * * * * * * * * * //

dimensions      [0 0 0 0 0 0 0];

internalField   nonuniform List<scalar> 
3072
(
-1.02452107e-09
3.92094614e-07
2.06684096e-06
-4.16263725e-05
-7.62787919e-05
0.000457978254
0.00154715212
0.000315346178
-0.00755266409
-0.0196397631
-0.0171189383
0.0282682897
0.115559581
0.183587032
0.165900485
0.117570185
0.0941701966
0.0963788871
0.118623779
0.154782783
0.198216829
0.241679834
0.277754641
0.299273087
0.298590477
0.267051923
0.201393953
0.121896247
0.0818766799
0.121908567
0.18512749
0.11791645
1.08892244e-08
-2.65862196e-06
-5.60188246e-06
0.000268462672
0.000244078422
-0.00310389504
-0.00776203559
0.00122252806
0.0382336187
0.095644818
0.143736844
0.150367521
0.105140114
0.0363277573
-0.00513686933
-0.0118542489
0.00314601896
0.033303664
0.07542287
0.127699879
0.187249131
0.248723325
0.304759234
0.348297144
0.374499178
0.377832517
0.344808567
0.259779956
0.14624155
0.0982089271
0.161742816
0.152795189
8.24536923e-09
-1.98539835e-06
0.000145033165
1.07829094e-05
-0.00342578768
-0.00570754472
0.0153102773
0.0703845354
0.126658164
0.135501134
0.0864975887
0.0165707375
-0.0288099411
-0.0362410445
-0.0273868062
-0.0133545912
0.00556880493
0.0305876599
0.064602842
0.110159715
0.16788619
0.234727704
0.302892118
0.361204538
0.399857214
0.415200852
0.405674128
0.356931917
0.24841155
0.126206823
0.123966031
0.155045722
-7.38418272e-07
3.85452304e-05
0.000118774721
-0.00196791029
-0.00509678229
0.0129633253
0.0689221115
0.123191105
0.116892904
0.0527442386
-0.0116013618
-0.0372186612
-0.0343346356
-0.0280742425
-0.0235067999
-0.0182337989
-0.0107311692
0.00199486431
0.0233810039
0.0571096346
0.106326861
0.172065767
0.2507829
0.332244965
0.400743955
0.442073812
0.451686081
0.428753902
0.352688789
0.205436965
0.100472877
0.140089833
2.39031841e-06
9.12264238e-05
-0.000413238112
-0.00411615152
0.00121571586
0.0450566568
0.10738818
0.11524955
0.0536964274
-0.0108727042
-0.0318095754
-0.0263724898
-0.0223883942
-0.0227665866
-0.0230114475
-0.0231480307
-0.0215463627
-0.016097959
-0.00413392716
0.0174583628
0.0521768145
0.103522402
0.173459544
0.259146223
0.349316905
0.424770677
0.467293651
0.470647633
0.429413426
0.308180161
0.125531357
0.106043719
1.06324241e-05
0.000100998785
-0.00128946546
-0.00476539081
0.0132163776
0.0726768502
0.115158039
0.0779498987
0.00689632561
-0.0243897481
-0.0198666858
-0.0153265945
-0.0168061638
-0.0179499529
-0.0191363746
-0.0204181682
-0.0205371895
-0.0176526002
-0.0094405414
0.00644812124
0.0321930337
0.0701541078
0.12328254
0.194039912
0.280542708
0.371521736
0.445948043
0.483126752
0.473739848
0.396244487
0.200889479
0.0782550541
1.92777967e-05
5.86467441e-05
-0.00212918233
-0.00385397869
0.0253895565
0.0879859643
0.103936993
0.0441171735
-0.010638277
-0.0165838562
-0.00933428105
-0.0107957305
-0.0131475612
-0.0141648843
-0.0157353286
-0.0175825712
-0.0188326306
-0.0176712527
-0.0113414841
0.00304159835
0.0273341298
0.0619662665
0.10704968
0.163947351
0.234678672
0.317622661
0.401941362
0.466713697
0.490027855
0.453671846
0.298196924
0.0629089467
2.30058786e-05
1.74379532e-06
-0.00267731844
-0.00234086272
0.0340038221
0.0924932503
0.0880057165
0.024033572
-0.0112679067
-0.00650361437
-0.00372681518
-0.00832390424
-0.0108293894
-0.0123857792
-0.0142902804
-0.0164657844
-0.0188188521
-0.020131985
-0.0173492602
-0.00609718884
0.0172962374
0.0535827937
0.100460401
0.155206319
0.217378446
0.287755199
0.363802441
0.435711345
0.48374459
0.480661621
0.375692537
0.0531153739
2.01732514e-05
-2.87345818e-05
-0.00286769878
-0.0011889219
0.037890414
0.0904457589
0.0748280905
0.0154799603
-0.00581695519
0.00183992942
0.00106388619
-0.00457746473
-0.00764410585
-0.00998802001
-0.0122544612
-0.0144130478
-0.0170713264
-0.0203089649
-0.0219577552
-0.0168010512
0.00165889431
0.0371588638
0.0877191154
0.147265405
0.210840486
0.277162032
0.344915682
0.410129827
0.465739133
0.485583241
0.410966621
0.0655802894
1.30959467e-05
-2.1690975e-05
-0.0027485114
-0.000828534745
0.0374442412
0.0851051616
0.0662264128
0.0137930887
0.00074255024
0.00937281336
0.0078671631
0.00236930905
-0.00143516459
-0.00509984587
-0.00865098263
-0.0114381727
-0.013900951
-0.0173753767
-0.0218191452
-0.0230516438
-0.0126344705
0.0175250963
0.0687717602
0.133882529
0.203049723
0.27166671
0.338552811
0.39842473
0.448817366
0.47974862
0.419612912
0.124202595
4.65506706e-06
1.33084883e-05
-0.0023710242
-0.00125389874
0.0334869759
0.0779679862
0.0614275996
0.0154479212
0.00638499137
0.0162897553
0.0164429259
0.0119613596
0.00774670079
0.00262629332
-0.00315408691
-0.00800919655
-0.011077549
-0.0138432415
-0.0185451009
-0.0237997429
-0.021409179
0.000487953762
0.0485219018
0.11732475
0.193042331
0.265621914
0.334627408
0.395905974
0.440349155
0.4715317
0.426720109
0.218506226
-3.20354927e-07
4.31122664e-05
-0.00175304534
-0.00214304617
0.0268244853
0.0692931329
0.0588204104
0.0184240813
0.0100486688
0.0211361033
0.0241206989
0.0211655775
0.0172898721
0.0117469691
0.00415874997
-0.00349716583
-0.00858859557
-0.0112740233
-0.0149585272
-0.0214130513
-0.0245588054
-0.0107052198
0.0318694881
0.101693591
0.183391094
0.260561215
0.33052622
0.395167862
0.440048922
0.465382143
0.441387475
0.302006079
2.95284467e-06
4.82301655e-05
-0.0011305866
-0.00278892911
0.018744793
0.0584012826
0.0568498764
0.0216446506
0.0110561803
0.0221922012
0.0282089706
0.0266215328
0.0230262816
0.0186747781
0.0110598484
0.0016374293
-0.00578249236
-0.00945019859
-0.0125823581
-0.0189411613
-0.0247706662
-0.016151503
0.0220474889
0.0917362658
0.177551551
0.258971023
0.328765815
0.393700268
0.443442066
0.463224259
0.459350041
0.332956172
-2.68439609e-06
3.61284605e-05
-0.000602724691
-0.00289876547
0.0109532804
0.0450001943
0.0524420581
0.0255784773
0.0110672429
0.018352913
0.0264346849
0.0273471436
0.0245837517
0.0209280048
0.0145343271
0.00515435186
-0.00322762524
-0.00791046032
-0.0115287682
-0.0181246296
-0.0247769186
-0.017664087
0.0199236658
0.091291045
0.179984433
0.263297981
0.331763419
0.393509375
0.446753039
0.465260372
0.473362083
0.311567286
-1.70122529e-05
1.71613043e-05
-0.000217285895
-0.00248078159
0.00470304472
0.0305679464
0.0439448355
0.0281074983
0.0122287752
0.0127235493
0.0192834288
0.0225489858
0.0222225672
0.0197158518
0.0139360863
0.00537148886
-0.00229831306
-0.00710801948
-0.0117456141
-0.0192265988
-0.0253608303
-0.0157255167
0.0262980112
0.102848875
0.194535767
0.276476177
0.340488957
0.396986932
0.449545052
0.470338082
0.479225185
0.275282475
0.000119341919
-3.36379762e-06
-3.44019562e-06
-0.00173505898
0.000671699633
0.0173317562
0.0318419507
0.0266524975
0.0142063306
0.00960428568
0.0119636104
0.0151213818
0.0164148844
0.0149469825
0.00978911456
0.00267419112
-0.00325653123
-0.00785597524
-0.0139712569
-0.0220720954
-0.0248568481
-0.00710903246
0.045266286
0.129864777
0.223227185
0.29980857
0.355339679
0.404613187
0.453666411
0.476052765
0.477802725
0.261868984
-0.000473612525
3.14918316e-05
0.00011847415
-0.000957252778
-0.0012107196
0.0072045615
0.0185543158
0.020292896
0.0142201699
0.00922940553
0.00838596035
0.00955798385
0.0101781186
0.00819668522
0.00361403511
-0.00131538672
-0.00556154396
-0.0109407697
-0.018609292
-0.0243936336
-0.0174563919
0.0162405072
0.084388461
0.176658064
0.266197103
0.331320246
0.37509211
0.416194716
0.459928396
0.481854168
0.471337173
0.279505893
0.000592686877
-0.000267624175
0.00012092515
-0.00018082123
-0.00129900765
0.00130301892
0.00743897814
0.0110341367
0.0101347193
0.0077306112
0.00623497872
0.00556876648
0.00416843409
0.00131074555
-0.00186609721
-0.00493201905
-0.0095976983
-0.0167789671
-0.0224480334
-0.0172869998
0.00994058844
0.067171581
0.151465763
0.243965445
0.319178561
0.366016446
0.397037374
0.431027277
0.468263262
0.487348185
0.461197914
0.310123288
0.00286797716
0.000914569615
-0.00028871673
-0.000450750272
-0.00117426878
-0.00122096749
0.000548393123
0.00257555791
0.00327234912
0.0027290062
0.00165875548
0.000141739371
-0.00170140447
-0.00323392389
-0.00511774198
-0.00933780594
-0.0160789019
-0.0200048804
-0.0111672163
0.0197200527
0.0768881186
0.15684003
0.245635367
0.321951136
0.371020081
0.397237345
0.419023303
0.448093449
0.477398939
0.491750604
0.449054758
0.320224012
-0.019594771
-0.00152814835
0.00254801013
0.00219484097
0.000893292933
-0.000477218495
-0.00124973514
-0.00139243762
-0.00139984666
-0.00161048033
-0.00215164394
-0.00257149678
-0.00288655001
-0.0048190434
-0.00965232185
-0.0154808981
-0.0147278602
0.0036318133
0.0467135194
0.113057459
0.194231196
0.277038337
0.345380944
0.388278609
0.40895946
0.4222237
0.441262787
0.465279692
0.484401114
0.494382086
0.438568726
0.283398257
0.029731061
-0.0111207645
-0.0108938625
-0.00430554973
1.02086295e-05
0.00178727771
0.00210969006
0.00186502867
0.00149920866
0.000961929938
0.000772780296
-0.0011615409
-0.00595467815
-0.0114127141
-0.0123996801
9.6620597e-05
0.0364205178
0.0993181638
0.179450625
0.261712471
0.333273907
0.385176345
0.413761516
0.425728085
0.433727496
0.446136201
0.462996592
0.476919117
0.485835748
0.496544865
0.439546805
0.2190027
0.254752721
0.0962233869
0.017525858
-0.0117389436
-0.0201897236
-0.0213049255
-0.020444429
-0.0194927843
-0.0190433403
-0.0189825507
-0.0197623865
-0.018477538
-0.0107775787
0.00791802008
0.0440140676
0.104993125
0.188478605
0.276446848
0.349091224
0.397830658
0.424913775
0.437157072
0.442643423
0.449864769
0.459892026
0.468977071
0.475011221
0.477145276
0.483140293
0.501941426
0.468795841
0.220208274
0.348092467
0.306615017
0.23955625
0.177344233
0.129246314
0.0953096799
0.0731804839
0.0605413281
0.0557892227
0.0582134489
0.0684593359
0.0876778778
0.118018412
0.163012389
0.228054969
0.308004206
0.380095852
0.425320781
0.444366735
0.449494455
0.452265434
0.459528899
0.468976538
0.475534504
0.476991402
0.475952322
0.474843341
0.475234144
0.481999548
0.501558625
0.500110846
0.296835683
0.364749923
0.40902175
0.413442965
0.401953578
0.383316716
0.358523356
0.330756859
0.303962193
0.281021193
0.263498902
0.254166892
0.259592375
0.284114683
0.327839908
0.383810508
0.421022551
0.438358438
0.456396512
0.468607814
0.474118406
0.475304368
0.474662987
0.474067
0.474389319
0.475529113
0.476658463
0.476900122
0.475641981
0.473155897
0.470135339
0.452902004
0.315391438
0.396346967
0.393578573
0.355994455
0.33298701
0.334145352
0.362928959
0.384343599
0.381411422
0.362795953
0.345936771
0.344275421
0.360418952
0.389729992
0.425419545
0.455612086
0.472186229
0.476965047
0.47483496
0.471352629
0.468506411
0.466498402
0.465172678
0.464377192
0.464111757
0.464540428
0.465851087
0.467862487
0.469239435
0.465933568
0.448215344
0.395297023
0.255475057
0.398191763
0.361150124
0.356927781
0.372058062
0.371309121
0.379593612
0.39050477
0.391405001
0.389158825
0.394496851
0.411540517
0.435726837
0.458598303
0.472591592
0.475275048
0.470769774
0.464596732
0.459953846
0.45675311
0.454583488
0.453415123
0.453114813
0.453424205
0.453974936
0.454437242
0.45470193
0.454863066
0.454681859
0.45219566
0.439487265
0.38687376
0.206025871
0.391993643
0.368510162
0.384548635
0.396498824
0.398866268
0.402618016
0.408103221
0.415163276
0.42655499
0.443121554
0.461040204
0.473950461
0.477517748
0.472467278
0.463626246
0.455382319
0.448939982
0.443747273
0.439704283
0.43714647
0.436303919
0.437281139
0.439886032
0.443498646
0.44709593
0.449598055
0.450372242
0.448898825
0.442364054
0.423093247
0.376146421
0.244640016
0.390167428
0.376226545
0.400537913
0.413785358
0.417962982
0.423635488
0.432363075
0.444763412
0.45932344
0.472355434
0.479295685
0.477677623
0.469060477
0.457809985
0.447585155
0.439306197
0.432473709
0.426908882
0.422537584
0.419502111
0.418200433
0.419193644
0.422958307
0.429446317
0.437572962
0.445069472
0.449531354
0.450768838
0.449598436
0.435320001
0.375355911
0.229273491
0.390832643
0.380386504
0.408823516
0.42368082
0.428688068
0.435568972
0.445656851
0.458038366
0.469314145
0.475587696
0.474465518
0.466681212
0.455673341
0.445082557
0.436523525
0.429778174
0.424242782
0.419373279
0.414935691
0.410967643
0.407971619
0.406931234
0.409112585
0.415640686
0.42672169
0.44037757
0.45124591
0.453429186
0.451066943
0.451485188
0.42276549
0.179503135
0.393353179
0.379680955
0.409332009
0.426781419
0.431889979
0.436778797
0.443580309
0.45171494
0.458591262
0.461666556
0.459695144
0.453561561
0.445672883
0.43827744
0.432223066
0.426800525
0.42140753
0.416172392
0.411035149
0.405966751
0.401487468
0.398676087
0.39896862
0.403905127
0.414825406
0.432217642
0.452869338
0.464359937
0.457095201
0.447256415
0.458275143
0.21415704
0.39576819
0.377412454
0.395424995
0.423096003
0.430425365
0.433858768
0.436175106
0.438759861
0.441082551
0.442189253
0.441438693
0.438882899
0.435148093
0.430945443
0.42664716
0.422187632
0.417196883
0.41149768
0.405317426
0.399277976
0.39428373
0.3914437
0.391988189
0.397076054
0.407612548
0.424487784
0.448519522
0.472721327
0.474833994
0.452292772
0.45490571
0.308849459
0.390343104
0.388394152
0.380341848
0.394094142
0.40638944
0.414351894
0.418872748
0.421280725
0.422423598
0.422695273
0.422244291
0.421135301
0.41942844
0.417163959
0.414552557
0.411186505
0.406816363
0.401786131
0.396733519
0.392450536
0.389795226
0.389624005
0.392711575
0.399666484
0.410894452
0.426778493
0.448824306
0.476663251
0.490447752
0.467729596
0.449057833
0.392656186
0.369240554
0.397268999
0.397051333
0.393375914
0.391973008
0.392211741
0.393138536
0.394147397
0.394940732
0.395402065
0.395512173
0.395302181
0.394822731
0.394166559
0.393335302
0.39272139
0.392726868
0.39352073
0.39521994
0.39793177
0.401772297
0.406874206
0.413392066
0.421520753
0.431598365
0.444303698
0.461472328
0.485707421
0.503703976
0.482930404
0.451017295
0.427511494
0.348540699
0.38723994
0.422122681
0.449723559
0.471824106
0.489363821
0.502669391
0.51212745
0.518251575
0.521606242
0.522725328
0.522062121
0.51996816
0.516718605
0.512429276
0.507596295
0.502525938
0.497393631
0.49236446
0.487618981
0.483365618
0.479851966
0.477377863
0.476318066
0.477207154
0.480838739
0.488845902
0.504487277
0.518677849
0.49638621
0.4553483
0.429378071
0.430220402
0.528270669
0.591046633
0.631682955
0.657055438
0.670849279
0.676380438
0.676470324
0.673214539
0.668064934
0.662023989
0.655792025
0.64985644
0.644468056
0.639985968
0.635424055
0.629993289
0.623418502
0.615556205
0.606348836
0.595849018
0.584254573
0.571944584
0.559517417
0.547864061
0.538214389
0.532547679
0.534635821
0.537769657
0.507662648
0.458803944
0.427610481
0.598746679
0.634444655
0.674870295
0.703565269
0.713913113
0.711906561
0.703923604
0.693547654
0.682252173
0.67048883
0.658468976
0.646569801
0.635350134
0.625459059
0.61723618
0.61178683
0.60961402
0.610111133
0.612152546
0.614371405
0.61537737
0.613967369
0.609334676
0.601260873
0.590289041
0.577781024
0.56623943
0.560135746
0.553606821
0.513957826
0.459056737
0.426742262
0.655739973
0.646494243
0.708018625
0.734982881
0.735493872
0.727003635
0.71696843
0.707338652
0.697852762
0.68739907
0.674903604
0.660236607
0.64447641
0.629301216
0.616194835
0.605854483
0.598781029
0.59519779
0.595070692
0.597941921
0.602756643
0.607864327
0.611287848
0.611226142
0.606661577
0.597806418
0.586727244
0.577745153
0.56375171
0.514252784
0.456670638
0.424636328
0.640862021
0.66567946
0.746098818
0.758960587
0.750004111
0.737331387
0.726256541
0.71805613
0.711876266
0.705378606
0.695243474
0.679366021
0.659270619
0.639035666
0.622423539
0.610909598
0.603264683
0.598052537
0.594617814
0.593281864
0.594652615
0.598649314
0.603951292
0.608237126
0.609093911
0.605080053
0.5970843
0.58801651
0.567293924
0.508360578
0.453961692
0.391111035
0.632003113
0.689377739
0.769000818
0.769407952
0.75101194
0.731175074
0.71714343
0.70980708
0.70769371
0.707944466
0.7043422
0.689868206
0.665208077
0.638936699
0.619009848
0.607772842
0.60311508
0.601177043
0.599069934
0.59621605
0.594052817
0.594430296
0.597861542
0.602822829
0.606444127
0.606059244
0.601321746
0.592409163
0.56394087
0.497236365
0.453176503
0.314642888
0.627270485
0.709793994
0.783209961
0.771348405
0.739715039
0.713460058
0.69895185
0.693236518
0.694586851
0.70219481
0.708521875
0.698685174
0.669184858
0.635961804
0.613520077
0.603673948
0.601585548
0.602211504
0.602043725
0.5995632
0.595773899
0.593335465
0.594306136
0.598371862
0.602898681
0.604667278
0.602323091
0.591982318
0.55375992
0.483352507
0.453590939
0.245029026
0.622962843
0.726758398
0.790864729
0.763923495
0.721221207
0.694528596
0.682659056
0.677970832
0.680232866
0.692959999
0.710021974
0.707541721
0.672558093
0.631579405
0.60843739
0.601245519
0.600870364
0.602206118
0.602849816
0.601057453
0.596926845
0.593009678
0.592239321
0.595268916
0.599895549
0.603015852
0.601682021
0.585945651
0.537319242
0.472210917
0.447923415
0.249179285
0.621010683
0.740103387
0.792491701
0.749575139
0.702598734
0.680937575
0.672716497
0.668207888
0.669839272
0.685219107
0.71136924
0.716929446
0.675244229
0.625803677
0.60482352
0.600550292
0.600504181
0.601503142
0.602344561
0.601053064
0.5970425
0.592588763
0.590919805
0.593264806
0.598025665
0.601945784
0.598588812
0.573672892
0.518511054
0.463679305
0.435196337
0.320643422
0.620723359
0.750552196
0.78795645
0.731263636
0.687897531
0.673864069
0.668618358
0.664387217
0.66609588
0.683275557
0.715337557
0.725590309
0.675749676
0.619247133
0.603547654
0.600453236
0.59957018
0.600480181
0.601485768
0.600425365
0.596540471
0.591969977
0.590047652
0.592366139
0.597533169
0.600694922
0.591459194
0.556794609
0.501335253
0.455952831
0.422452082
0.392905317
0.621954318
0.75921163
0.77709397
0.711941903
0.678647656
0.671617247
0.668072486
0.665154743
0.669016781
0.688807039
0.722862517
0.729658573
0.672064818
0.615183304
0.603158237
0.599744044
0.598152418
0.599515915
0.600817793
0.599719632
0.595789672
0.59132535
0.589778622
0.592726239
0.597829037
0.597540777
0.579943588
0.538596424
0.487781938
0.449623755
0.422497716
0.424842138
0.624581165
0.766755008
0.760272294
0.694613267
0.674490217
0.671614988
0.669022655
0.668578604
0.676338974
0.699645316
0.730544793
0.725320217
0.664758377
0.612624858
0.602446406
0.598548648
0.596565772
0.598742791
0.600405563
0.599053422
0.594985121
0.590969445
0.590421644
0.594067862
0.597511918
0.591196306
0.565519193
0.522071057
0.47781726
0.447499004
0.441572177
0.422862778
0.628345305
0.772702734
0.739099791
0.681958247
0.673621418
0.671694721
0.669866807
0.671898834
0.683750324
0.709116503
0.730729699
0.712045537
0.653302759
0.610038708
0.601359448
0.597046209
0.594984025
0.598070517
0.600043591
0.598355766
0.59431124
0.591233951
0.591957277
0.595435246
0.595175696
0.581833912
0.550647161
0.50857618
0.470529641
0.451116421
0.47001285
0.416122078
0.633121341
0.775380576
0.716796544
0.675145115
0.673454665
0.67033442
0.668296211
0.671164062
0.685333202
0.708403306
0.717823238
0.689705779
0.638946729
0.607333738
0.600128328
0.595195249
0.593441673
0.597315598
0.599472066
0.597584736
0.593979469
0.592213037
0.5938124
0.595648523
0.590338959
0.570895487
0.537093634
0.497368887
0.464851927
0.459155061
0.493441961
0.42237236
0.639019501
0.772782503
0.697361186
0.672761101
0.671628912
0.66584042
0.661173823
0.662812655
0.676204797
0.692821382
0.691216206
0.661781436
0.624765471
0.604889819
0.598457167
0.592915012
0.591924029
0.596294986
0.598520942
0.596789825
0.594102782
0.593616866
0.595134664
0.594026395
0.583549647
0.559620549
0.524402818
0.486295925
0.460574837
0.470177666
0.506124084
0.416463916
0.64646128
0.763748826
0.68408141
0.671589953
0.666571195
0.656106353
0.647088921
0.64681407
0.656952022
0.665685262
0.658363128
0.635821452
0.614091026
0.602686477
0.595917803
0.590268893
0.590353406
0.594886226
0.597165611
0.59605591
0.594602509
0.594945199
0.59532462
0.590585158
0.575316057
0.547446067
0.510373399
0.474725675
0.460560928
0.485185017
0.509130691
0.369746193
0.655979788
0.749830596
0.676790596
0.668713991
0.657321056
0.640839173
0.629241595
0.628368476
0.634864541
0.638076817
0.631338384
0.618750292
0.607892825
0.599822456
0.592234372
0.587379166
0.58861203
0.59305849
0.595508517
0.595461657
0.595319692
0.595851411
0.594199889
0.585289511
0.564918468
0.532760673
0.495178012
0.467782115
0.471190831
0.50523524
0.505012563
0.310624572
0.66632216
0.735924612
0.671898292
0.663028271
0.643696797
0.623729936
0.614001321
0.614644409
0.61911627
0.620552683
0.616939079
0.610605004
0.603309245
0.595054847
0.587573776
0.584401198
0.586613167
0.59090128
0.593811918
0.595179371
0.596178861
0.596063376
0.591266669
0.577243578
0.551663211
0.517723795
0.486713479
0.476182616
0.496531351
0.526154079
0.496871583
0.284314888
0.675132247
0.724051636
0.667696257
0.65410614
0.62813189
0.609794679
0.605312679
0.608279553
0.612042875
0.613051454
0.610404514
0.604652088
0.596735572
0.588491434
0.582720426
0.58158333
0.584512636
0.588847953
0.59256739
0.595239654
0.596452814
0.594175181
0.585019172
0.566479443
0.540007722
0.51316902
0.498479641
0.505815702
0.529077844
0.538348604
0.486611277
0.282351087
0.681900484
0.714396303
0.663177797
0.643004205
0.613969263
0.600512992
0.600550843
0.604103513
0.606575031
0.606234828
0.602421716
0.595837721
0.588261646
0.581927894
0.578748026
0.579372174
0.582769391
0.587190599
0.591226524
0.593768816
0.593363931
0.588110452
0.576686854
0.560088448
0.542816886
0.531882333
0.53262223
0.542669484
0.549387928
0.535535834
0.478453893
0.289559615
0.686714484
0.706706357
0.658057568
0.631735471
0.602362505
0.592567305
0.593090351
0.594715036
0.595633108
0.594762958
0.591363541
0.58630816
0.581280849
0.577858917
0.577003422
0.578649619
0.581933759
0.585697238
0.588779293
0.590067519
0.588638585
0.584163042
0.577385762
0.570204994
0.564860869
0.562247587
0.560409875
0.555146937
0.543401987
0.524145324
0.479476029
0.307885222
0.689576941
0.700663897
0.652915418
0.621762344
0.592049245
0.58206501
0.579736452
0.579215521
0.580613798
0.582314217
0.582596994
0.581580478
0.580454737
0.580235803
0.581309374
0.583476502
0.586163958
0.588647454
0.590234179
0.590403414
0.588846068
0.58542315
0.58024228
0.573320054
0.56445121
0.553509572
0.541231189
0.529928189
0.522424253
0.515456074
0.479497313
0.304669645
0.690805435
0.696096782
0.648569385
0.613649907
0.582050415
0.569188981
0.563686925
0.562304623
0.565274351
0.570010443
0.573984459
0.576567597
0.578067438
0.578739718
0.578444465
0.576699488
0.573073704
0.56806356
0.562071401
0.555266911
0.547927611
0.540441843
0.533089869
0.52619779
0.52024837
0.51595143
0.514214813
0.515756751
0.5196146
0.518298639
0.482376166
0.310485085
0.691047636
0.692923256
0.645660562
0.607911525
0.573445253
0.556955775
0.547881226
0.543052849
0.542164006
0.542870456
0.542950944
0.541679363
0.539344487
0.536692695
0.534695055
0.534151876
0.535188386
0.537165784
0.539558054
0.542100515
0.544529845
0.546618952
0.548187629
0.549099896
0.549277802
0.548787597
0.548051482
0.548018609
0.549159114
0.545657518
0.506722196
0.326885223
0.690488821
0.691133575
0.645558685
0.607802957
0.571663634
0.552953686
0.542759725
0.537621487
0.53713338
0.540150677
0.545603223
0.553014176
0.562099121
0.572357118
0.5828978
0.59246234
0.601086714
0.608493952
0.614488304
0.618918035
0.62169438
0.622792559
0.62223195
0.620024727
0.616071836
0.610014304
0.601228211
0.589539402
0.577060716
0.567223977
0.542044197
0.376627651
0.689111212
0.690656007
0.647786096
0.613858576
0.580761115
0.566438491
0.56403689
0.569238909
0.580017557
0.593986922
0.608812027
0.622773274
0.634860714
0.644701349
0.652519341
0.659366422
0.665149057
0.669859099
0.673437293
0.675807709
0.676868792
0.676512254
0.674657
0.671286603
0.666430375
0.659891392
0.650332712
0.633679078
0.603249868
0.557758585
0.508427713
0.38797243
0.686812077
0.691443513
0.651714762
0.625512897
0.600265226
0.594886465
0.603075868
0.618035749
0.634819068
0.649653977
0.660686438
0.668021016
0.672866903
0.676544983
0.679997244
0.683528321
0.687058451
0.690588073
0.694042132
0.697225182
0.69979296
0.701286665
0.701219403
0.699196576
0.695091804
0.689322059
0.682826211
0.67471383
0.654045503
0.591151522
0.462485426
0.296015158
0.682885368
0.693676713
0.656256377
0.6400189
0.62421549
0.626465936
0.639883073
0.655678595
0.668044001
0.67464921
0.676533145
0.676367794
0.676428188
0.677705829
0.680149438
0.683304989
0.687177304
0.69176414
0.697031867
0.702787229
0.70854443
0.713491926
0.716662201
0.717183187
0.714367691
0.7077291
0.697786054
0.688249325
0.683335615
0.660016471
0.527519673
0.214183274
0.676464617
0.697706558
0.660099313
0.653780477
0.646018198
0.651353447
0.66328036
0.673379506
0.677668935
0.676612074
0.673483565
0.671487774
0.671854339
0.674082422
0.677203131
0.681070384
0.685902933
0.691745593
0.698702067
0.706903222
0.716046112
0.724990525
0.73199273
0.735523999
0.734897669
0.729799756
0.718819475
0.700450476
0.68301088
0.681612502
0.626530733
0.260033028
0.666109474
0.704499909
0.662126859
0.663846872
0.66229985
0.667023706
0.674004223
0.677545716
0.67631349
0.67253187
0.669544903
0.669259706
0.671240593
0.673929056
0.676541368
0.680199683
0.685443395
0.692000002
0.69990467
0.709873051
0.722253185
0.735768526
0.747485487
0.754293502
0.754838371
0.750176331
0.741559107
0.724801298
0.694363264
0.67407669
0.663971825
0.372263522
0.651367388
0.714631724
0.662676894
0.667812344
0.671923355
0.67579924
0.678043178
0.676787842
0.672957048
0.66890351
0.666633872
0.667279802
0.671173162
0.674195375
0.675972322
0.679500614
0.685507181
0.69295848
0.701647107
0.713068669
0.728581652
0.747067977
0.764415097
0.775415879
0.77694631
0.770043484
0.759187474
0.745257962
0.715793509
0.677785917
0.671275741
0.434689172
0.633746869
0.724217919
0.668855815
0.665031382
0.672582073
0.677806921
0.678332153
0.674748307
0.669452659
0.664780902
0.661989128
0.662149717
0.665812708
0.669533448
0.673063275
0.678730856
0.68676071
0.695565484
0.705240778
0.718376398
0.737295614
0.760946553
0.784147327
0.799707206
0.802513652
0.793012065
0.777308401
0.760710564
0.73326486
0.687715391
0.67754525
0.47190233
0.616042446
0.7296494
0.683995669
0.663037894
0.665344832
0.670967188
0.672383004
0.669207069
0.66378175
0.658580933
0.655210232
0.654962953
0.657409048
0.661521591
0.668557
0.678778609
0.689836912
0.699909815
0.71069566
0.726264552
0.749270782
0.77811145
0.806673429
0.826356264
0.83016538
0.81757027
0.796268596
0.775491219
0.747231835
0.696501501
0.680861952
0.499932524
0.602774707
0.72727128
0.706260522
0.672147882
0.660028152
0.659522611
0.660209471
0.658465856
0.65477837
0.650975255
0.648870857
0.649480587
0.652970755
0.66083937
0.672905065
0.686056465
0.697255155
0.707025774
0.71942146
0.738763142
0.766327203
0.799221083
0.831050838
0.853148685
0.857368152
0.84166533
0.814458875
0.788943224
0.759000856
0.703936125
0.682863711
0.528596877
0.600745732
0.711745923
0.727023485
0.698315023
0.673155985
0.660049611
0.654216728
0.651197834
0.649367728
0.648999234
0.650973615
0.655953211
0.665418078
0.678121301
0.69052712
0.700227809
0.708224169
0.718401602
0.734867143
0.759336738
0.790308303
0.823986064
0.85519725
0.8768777
0.880598581
0.862348923
0.830126427
0.800369166
0.768596408
0.709230032
0.683914065
0.530136878
0.620523412
0.680210676
0.72515038
0.728143452
0.713029617
0.69723991
0.686286247
0.680351052
0.67854732
0.680173042
0.68495333
0.692195886
0.699281961
0.704614306
0.708744884
0.714092104
0.723727327
0.739811208
0.762533094
0.790086691
0.819653048
0.848692134
0.87491789
0.893713848
0.896467453
0.876700658
0.841220697
0.808862488
0.775976411
0.712793111
0.683455921
0.470664156
0.640815633
0.638271025
0.670128483
0.696333216
0.708018012
0.710230835
0.708704789
0.706734231
0.705633811
0.70559526
0.706049198
0.707191502
0.710163696
0.716191598
0.726247413
0.740698757
0.759109982
0.780313207
0.802724998
0.824798544
0.845614374
0.8654318
0.884798483
0.900614941
0.903126592
0.883055162
0.846278625
0.81363983
0.780830876
0.714895923
0.67987837
0.424789934
0.715491906
0.689716941
0.681607969
0.68578961
0.694136297
0.702619754
0.710300365
0.717456884
0.724638165
0.732440188
0.741547971
0.752027711
0.763698588
0.776233135
0.789186993
0.8020667
0.814438678
0.826040476
0.836812186
0.846890122
0.856897422
0.868511075
0.883413974
0.898424321
0.901698088
0.881588572
0.844694407
0.814272451
0.78274609
0.714582295
0.67374897
0.415881126
0.946937027
0.878260044
0.83197883
0.809797819
0.801028629
0.798591467
0.799192267
0.801532325
0.805086897
0.809541963
0.814600794
0.819956528
0.825321812
0.830464426
0.835236367
0.839593095
0.84360339
0.847423806
0.851212865
0.855142706
0.859989644
0.86796995
0.881349134
0.896351941
0.899098685
0.877246246
0.840259754
0.813206571
0.782380381
0.711808414
0.66611184
0.436418656
0.927843528
0.854736129
0.83986875
0.840719644
0.840849615
0.840565843
0.842435013
0.847183669
0.854025731
0.861643182
0.868788307
0.874514055
0.878218317
0.879629304
0.878782088
0.875992833
0.871886546
0.867118471
0.862376904
0.858622307
0.857831383
0.863456108
0.877507097
0.893330501
0.894104756
0.869169621
0.833257241
0.811183451
0.779856304
0.706657947
0.658708608
0.463857626
0.852425193
0.867100115
0.874949451
0.857689461
0.84182913
0.840389174
0.851572613
0.869083434
0.887653387
0.904129857
0.91688779
0.925106096
0.92836892
0.926580861
0.9200174
0.90962166
0.896591139
0.882495051
0.869103928
0.858702082
0.854694898
0.860889467
0.876810503
0.891269511
0.886326351
0.857222844
0.824817477
0.809022536
0.77505435
0.699462759
0.652865884
0.482902404
0.84041072
0.89584633
0.862157869
0.82303814
0.819204543
0.84045165
0.868689921
0.894083924
0.914147436
0.929482635
0.94096333
0.94867675
0.951941679
0.94981924
0.941855613
0.927749095
0.909121414
0.888892328
0.870733406
0.858679624
0.856539068
0.865796253
0.881157665
0.888322782
0.873676008
0.841965813
0.8168845
0.807220924
0.767586244
0.690844928
0.649021202
0.492393077
0.844634351
0.890235895
0.826165391
0.804377211
0.825166345
0.853119207
0.872218684
0.882741847
0.8896803
0.896852748
0.905556448
0.914927887
0.922750279
0.926472826
0.92396976
0.915306014
0.901886481
0.886794192
0.87395433
0.866960594
0.868070067
0.876122284
0.8834717
0.877942798
0.85468785
0.826107384
0.8117148
0.80538514
0.756920908
0.681609102
0.648785301
0.4678117
0.878708386
0.872442017
0.804748432
0.805856851
0.828890421
0.840686249
0.841112382
0.838755763
0.83946254
0.84522908
0.855707041
0.869165184
0.882929858
0.893949539
0.900194618
0.901393655
0.897521864
0.889858529
0.881578351
0.876546473
0.876087729
0.877264238
0.873014587
0.857024217
0.832965473
0.81439059
0.81061404
0.800941696
0.742657954
0.674505494
0.650973031
0.406125485
0.935742345
0.857118486
0.796027136
0.806866317
0.818506628
0.816178152
0.810287128
0.807912633
0.810631833
0.817843221
0.828776737
0.842597657
0.857718196
0.871945784
0.882637187
0.885372476
0.882597452
0.87801469
0.873339761
0.869272382
0.865830153
0.860186271
0.848823406
0.831974349
0.816281182
0.810067981
0.810835445
0.790560514
0.725977887
0.670758391
0.647186138
0.346817792
0.986385392
0.842840716
0.792070717
0.803469811
0.805400174
0.800240396
0.797967316
0.799999706
0.804828883
0.811096848
0.818600127
0.827637108
0.837008131
0.843299172
0.846007642
0.84803228
0.848823306
0.848216946
0.846826077
0.844480646
0.840313876
0.833169114
0.823215097
0.813626806
0.809346334
0.811328196
0.807284995
0.772553919
0.708197553
0.665744567
0.629409221
0.360367939
1.00591883
0.830111358
0.790093009
0.798425958
0.797462123
0.79600525
0.798352575
0.803177421
0.808454987
0.812340378
0.814479875
0.815188675
0.814381508
0.81254257
0.810727873
0.81084639
0.813035212
0.815793613
0.81784635
0.817950618
0.815656815
0.811922697
0.808799047
0.808873144
0.812262335
0.811975527
0.792815899
0.744766377
0.687304415
0.654654826
0.613727515
0.416174403
0.996299661
0.821892105
0.78825202
0.794779621
0.795523217
0.797368896
0.80189377
0.808216437
0.813684132
0.814890787
0.810948848
0.802857247
0.79195644
0.782393693
0.779414126
0.783538297
0.791145615
0.798273276
0.803049748
0.805598702
0.807219581
0.809392831
0.81262852
0.815178657
0.811477477
0.793014093
0.754596452
0.70463658
0.665979643
0.649926471
0.6134149
0.406728391
0.976037394
0.816313274
0.786652086
0.79391641
0.796121358
0.798917998
0.804221904
0.811674605
0.816585677
0.812721073
0.798163859
0.777591642
0.76101078
0.756861911
0.765654903
0.780414156
0.793757057
0.802919914
0.808721858
0.812508285
0.814478052
0.813398189
0.806799398
0.791598619
0.765794912
0.731289702
0.695918847
0.671400247
0.664358524
0.662101608
0.612254835
0.368899486
0.958133027
0.811656219
0.786060696
0.794333855
0.79657327
0.799062647
0.804773203
0.812421075
0.813615011
0.799878557
0.773939317
0.750177077
0.742830418
0.754639787
0.775750414
0.793903141
0.803547187
0.80541076
0.801324922
0.791655786
0.776076783
0.755022751
0.730531187
0.706570227
0.688530988
0.680395395
0.682833102
0.692699958
0.701728842
0.692175366
0.62011536
0.361140778
0.945449756
0.807986913
0.786147539
0.794762418
0.796185593
0.798112009
0.803943003
0.809802028
0.804229985
0.781360476
0.75135449
0.732966366
0.73582897
0.752302714
0.766755248
0.769491719
0.76048627
0.744005161
0.724045466
0.70401514
0.687444169
0.677411711
0.675140339
0.67884424
0.686803741
0.698867015
0.715695846
0.735659271
0.750132644
0.735980961
0.641982848
0.355823248
0.936948676
0.805669175
0.78635945
0.794769367
0.795207952
0.796564671
0.80191994
0.804798049
0.793145477
0.765106965
0.734918939
0.71910437
0.719888069
0.725626365
0.72500093
0.716365327
0.704857572
0.695766813
0.691725939
0.692876462
0.697426721
0.702502217
0.705668106
0.707681418
0.710670213
0.718210034
0.733812234
0.756893651
0.776612078
0.764134208
0.66191791
0.359739708
0.932048234
0.80496569
0.786324384
0.794401016
0.793989014
0.79438756
0.798883793
0.800394587
0.787455092
0.760371816
0.733351383
0.719008731
0.716593508
0.717488561
0.716980771
0.716955973
0.720507783
0.727983421
0.737414287
0.746346765
0.75302555
0.756854297
0.758460771
0.758625072
0.759025556
0.762726238
0.773236687
0.79163048
0.810188806
0.800682687
0.696105865
0.373102702
0.930901846
0.806215499
0.785904331
0.793799187
0.792750311
0.791604615
0.795242823
0.79799845
0.788982915
0.76768349
0.745662959
0.733003624
0.729752849
0.731291777
0.735701106
0.743374031
0.753523589
0.764025632
0.773399036
0.781403853
0.788064217
0.792944777
0.795510828
0.796173943
0.795893336
0.796282469
0.800344254
0.811990968
0.83207895
0.843430215
0.771360245
0.428626613
0.933677804
0.809988562
0.785158001
0.793009391
0.791697805
0.787803612
0.789527264
0.794863837
0.792750468
0.779356105
0.762075088
0.749642617
0.744731435
0.746171499
0.75269948
0.762393867
0.772162007
0.780234108
0.787617361
0.79554613
0.802808283
0.807374586
0.809255327
0.809318976
0.808103287
0.806308749
0.80573288
0.810123369
0.826576543
0.854725224
0.835258162
0.532467226
0.940604489
0.817582714
0.784410979
0.791757134
0.792417013
0.785892627
0.781206711
0.785720755
0.791125665
0.787285839
0.775109314
0.761635015
0.752547158
0.750643374
0.755823024
0.763525652
0.766877403
0.764490066
0.7633871
0.76992598
0.781505887
0.791811021
0.799291465
0.805675584
0.808202971
0.807110161
0.803953202
0.801746799
0.810648785
0.841755555
0.849883006
0.589809461
0.951714897
0.831372052
0.785218392
0.788957978
0.792814801
0.78971451
0.779433198
0.773039856
0.776290724
0.780663113
0.777992695
0.768496263
0.757000221
0.748707679
0.746787159
0.749801636
0.75172287
0.747518478
0.738313635
0.729624852
0.724332485
0.729540655
0.751993251
0.779056664
0.797347462
0.80386645
0.801501976
0.794306613
0.789615074
0.806835357
0.836492427
0.591103054
0.965814584
0.854602684
0.791472448
0.786201492
0.790064504
0.792383346
0.787687387
0.775754361
0.766038143
0.763159434
0.76269276
0.759555832
0.752617491
0.743977311
0.736691671
0.732335657
0.729641524
0.725735214
0.719329405
0.712741684
0.710294849
0.716465219
0.732696122
0.756054489
0.775917579
0.78308358
0.780698258
0.775745804
0.768858331
0.768896405
0.818436948
0.650575498
0.980861353
0.891659534
0.814111614
0.788607391
0.786504377
0.789641068
0.791950087
0.78823063
0.778148273
0.766717495
0.757486067
0.750267055
0.743470757
0.736227944
0.728850866
0.722211061
0.716878905
0.712781206
0.710088286
0.710429609
0.716341464
0.729359114
0.750515667
0.773067447
0.773090902
0.754084088
0.739186894
0.737624459
0.749104267
0.771870572
0.793404345
0.588995659
0.994367021
0.936509042
0.860468422
0.811650466
0.792146046
0.787690721
0.789156333
0.791591332
0.7911054
0.786332718
0.77858318
0.76978145
0.761124605
0.753082156
0.745875601
0.739800463
0.735332146
0.733057314
0.733559169
0.73773292
0.746019254
0.759676597
0.777512171
0.785977854
0.775402099
0.75396604
0.733750882
0.722642567
0.729522073
0.759147566
0.747091529
0.471692607
1.00227615
0.974546402
0.918055445
0.862708475
0.825859347
0.806101134
0.796985538
0.793946962
0.793984858
0.794702575
0.794569948
0.793110783
0.790570013
0.787474469
0.784342388
0.781609783
0.779711208
0.779069371
0.780011238
0.783158024
0.78935851
0.798618696
0.808566109
0.814209933
0.813610267
0.805189122
0.787427077
0.75648071
0.722163674
0.719269401
0.701197015
0.412631893
1.00332975
0.994587675
0.965190882
0.929375241
0.898472127
0.875351745
0.858862356
0.847254536
0.839315591
0.834259904
0.83136421
0.829967459
0.829637122
0.830007399
0.83092018
0.832417919
0.834495804
0.837150274
0.840402138
0.84463009
0.851108561
0.86112834
0.874189931
0.88652242
0.889696029
0.878020782
0.858941546
0.823515962
0.765476762
0.719451314
0.637691133
0.328898345
1.00162319
1.00392802
1.00242415
0.998066533
0.992634981
0.987157551
0.981925414
0.976904585
0.972086265
0.967644125
0.963696638
0.96034206
0.957694353
0.955643062
0.954119793
0.953050953
0.952174576
0.951383725
0.950472801
0.949882225
0.95132159
0.95533798
0.959972786
0.960605222
0.941124962
0.904812852
0.88243188
0.884265996
0.885669006
0.848772731
0.71954744
0.385436755
)
;

boundaryField
{
    inner_wall
    {
        type            zeroGradient;
    }
    outer_wall
    {
        type            fixedValue;
        value           uniform 0;
    }
    top
    {
        type            fixedValue;
        value           uniform 1;
    }
    bottom
    {
        type            inletOutlet;
        inletValue      uniform 0;
        value           nonuniform List<scalar> 
32
(
0
0
0
0
0
0
0
0
0
0
0
0
0
0
0.165900485
0.117570185
0.0941701966
0.0963788871
0.118623779
0.154782783
0.198216829
0.241679834
0.277754641
0.299273087
0.298590477
0.267051923
0.201393953
0.121896247
0.0818766799
0.121908567
0.18512749
0.11791645
)
;
    }
    front
    {
        type            wedge;
    }
    back
    {
        type            wedge;
    }
}


// ************************************************************************* //
