/*--------------------------------*- C++ -*----------------------------------*\
| =========                 |                                                 |
| \\      /  F ield         | OpenFOAM: The Open Source CFD Toolbox           |
|  \\    /   O peration     | Version:  2506                                  |
|   \\  /    A nd           | Website:  www.openfoam.com                      |
|    \\/     M anipulation  |                                                 |
\*---------------------------------------------------------------------------*/
FoamFile
{
    version     2.0;
    format      ascii;
    arch        "LSB;label=32;scalar=64";
    class       volScalarField;
    location    "32";
    object      C;
}
// * * * * * * * * * * * * * * * * * * * * * * * * * * * * * * * * * * * * * //

dimensions      [0 0 0 0 0 0 0];

internalField   nonuniform List<scalar> 
3072
(
1.02768905e-10
1.31292944e-09
-3.98555685e-09
-4.33634894e-08
4.70958356e-08
5.40469137e-07
8.14133643e-07
-2.05495573e-06
-1.10940449e-05
-1.65926522e-05
8.64577122e-06
6.90027321e-05
8.36273343e-05
-0.000154797585
-0.000957456985
-0.00173339415
-0.0020943289
-0.0018766214
-0.00102509649
0.000454288074
0.00249477389
0.00493986087
0.00753204194
0.00995924448
0.0119426509
0.0133047502
0.0139937384
0.0140905245
0.0137872933
0.0141653644
0.0207384179
0.0337244284
-9.87838365e-11
-7.29501683e-09
4.59853998e-09
2.21190505e-07
1.52984112e-07
-2.71997949e-06
-7.55712636e-06
6.99881943e-06
6.71298003e-05
0.000109032073
-9.42890421e-05
-0.000834869283
-0.00218065063
-0.00325366833
-0.00332312948
-0.00231924509
-0.000248695672
0.00279454779
0.00668750243
0.0112292995
0.016027283
0.0204580052
0.02384498
0.0257795125
0.0262876868
0.0257722041
0.0249314877
0.0248550735
0.0262451012
0.031135395
0.0394004417
0.0352674295
-1.50568941e-09
1.4781726e-08
1.50836838e-07
-2.78106499e-07
-3.42499169e-06
-3.90442516e-06
2.88413856e-05
0.00010959298
7.68769278e-05
-0.000491890607
-0.00194899322
-0.00382165233
-0.00431890942
-0.00304221995
-0.000526356097
0.00293213463
0.00704369386
0.0116569039
0.0166660534
0.0217497128
0.026191888
0.0290854828
0.0299635386
0.0292636638
0.0280303443
0.0273833696
0.0283877373
0.0324823902
0.0378995281
0.0386229198
0.0388199222
0.0270431657
1.59070842e-09
9.77674961e-08
-2.06718313e-07
-3.09753586e-06
-3.34190524e-06
3.46515482e-05
0.000134147205
8.74584363e-05
-0.000692031467
-0.00262778261
-0.00470390325
-0.00445701955
-0.0020963035
0.00138433624
0.00544749484
0.00959379536
0.0136862743
0.0178587479
0.0221608636
0.0262533515
0.029408256
0.0310021378
0.0312863032
0.0314720225
0.0326796551
0.0350649332
0.0378953006
0.0400049375
0.039237589
0.0372520515
0.0339951257
0.0187156892
7.77698468e-09
1.96300409e-08
-1.80987145e-06
-3.97737756e-06
2.48241277e-05
0.000123550019
0.000103445861
-0.000699205778
-0.00281355741
-0.0049962491
-0.00453043329
-0.00169316703
0.00213982446
0.00647963332
0.0104947244
0.0138801478
0.0168769254
0.0198469697
0.0229552046
0.0260749112
0.0289145344
0.031366075
0.0338124762
0.0367832051
0.0398550399
0.0412652329
0.0399083052
0.0375340569
0.0362152132
0.0348550015
0.0296931014
0.0123220155
1.08214855e-08
-5.20540793e-07
-3.29082823e-06
9.61401239e-06
8.74359939e-05
0.000129616559
-0.000458832252
-0.00239097293
-0.00478251556
-0.00491730032
-0.00235124303
0.0014756074
0.00613096844
0.0103696818
0.0135147611
0.0157619092
0.0176152706
0.0194908393
0.0216092544
0.0240466196
0.0268234779
0.0299803282
0.0335340559
0.0371652117
0.039848394
0.0403142894
0.038574547
0.0363808261
0.03492859
0.0325810929
0.0251672757
0.00679262527
-9.01265335e-09
-1.48077556e-06
-5.74783905e-07
4.3342439e-05
0.00013149469
-0.000123199594
-0.00155192524
-0.00406156771
-0.00532762467
-0.00372956895
-0.000376621377
0.00410836123
0.00854269245
0.0117932704
0.0137964379
0.0150653865
0.016171564
0.0174796753
0.0191222008
0.0210694507
0.0232473911
0.0256633594
0.0284505061
0.0317200284
0.035185343
0.037866394
0.0385886899
0.0372248613
0.0346624565
0.0304052745
0.0211780752
0.00318634083
-8.84721871e-08
-2.23128855e-06
9.68284425e-06
8.52197323e-05
8.97047508e-05
-0.000658064346
-0.00279792374
-0.00507875518
-0.00503802752
-0.00270961437
0.00084091373
0.00490335814
0.00818922592
0.0101196909
0.0109720151
0.0113708874
0.0119012255
0.0129579473
0.0146908048
0.0169667753
0.0194413033
0.0217691454
0.023846046
0.0259290866
0.0284844896
0.0316626476
0.03465952
0.0358455239
0.0340482431
0.0288836148
0.0189664075
0.00212635347
-2.57688295e-07
-1.9197036e-06
2.72577973e-05
0.000115172637
-6.66037403e-05
-0.00136123579
-0.00385055699
-0.00546249771
-0.00463115377
-0.00234486007
0.000644410081
0.00353285636
0.00540553712
0.00611078656
0.00603805788
0.00572619716
0.00569122682
0.00641210894
0.00821586524
0.0110930014
0.0146621872
0.0183058985
0.0213746319
0.0234474432
0.0246534519
0.0258489671
0.0280523908
0.0308124998
0.031723572
0.0282570526
0.0185798805
0.00285934197
-5.7404657e-07
9.84997846e-08
4.90705463e-05
0.000117735921
-0.000322965074
-0.00208946073
-0.00457199555
-0.00549643828
-0.00445953615
-0.00271730988
-0.000726619504
0.000891654741
0.00168104367
0.00172836837
0.00131609386
0.000754944152
0.000479072465
0.00106725903
0.00293681317
0.00607990747
0.0101453784
0.0146487783
0.0190693549
0.0227695762
0.0249359121
0.0251565913
0.0246865094
0.0257693799
0.0276040433
0.0272455143
0.0196509501
0.00451046172
-1.0284834e-06
4.1025397e-06
7.11161298e-05
8.67344841e-05
-0.000642308293
-0.00273920195
-0.0049853796
-0.00541183217
-0.00454867554
-0.00351240903
-0.00246908227
-0.00172093859
-0.00139188206
-0.00140514922
-0.00173192242
-0.00221659355
-0.00226540837
-0.0010965947
0.001618208
0.00555543299
0.0100511423
0.0144755166
0.0185721868
0.0224354317
0.0258618674
0.0275655345
0.0262616148
0.0242695961
0.0244131231
0.0247741091
0.0209048672
0.00671064212
-1.48222156e-06
9.98218315e-06
8.98236579e-05
2.41572723e-05
-0.000984202661
-0.0032610317
-0.00517440849
-0.00531216886
-0.00475231367
-0.0042881107
-0.00383132862
-0.00344059758
-0.00314345262
-0.00307082914
-0.00341865459
-0.00386309916
-0.00337646956
-0.00105398285
0.0031654771
0.00859368731
0.014177296
0.0189172787
0.022329753
0.0247919027
0.0272161679
0.0297222681
0.029900043
0.0261220344
0.0236633784
0.0223630398
0.0206205767
0.00874534909
-1.73260013e-06
1.72106199e-05
0.000102709071
-6.2312973e-05
-0.00131420072
-0.00364542962
-0.00522034744
-0.00521296505
-0.00490332492
-0.00473948242
-0.00449397403
-0.00415969984
-0.00385666019
-0.00396214748
-0.00463266282
-0.00503709418
-0.00383291582
-0.000338741464
0.00523015762
0.0120200825
0.0187138144
0.0240285884
0.0273522111
0.0289641998
0.0299664063
0.0316036329
0.0330140946
0.0293775718
0.0243518128
0.0216214531
0.0186283278
0.00955564917
-1.67218154e-06
2.49107651e-05
0.000108776158
-0.00016191128
-0.00160726736
-0.00390467858
-0.00518167905
-0.00509793051
-0.0049087749
-0.00480816339
-0.00457557477
-0.00426547331
-0.0041549374
-0.00472202308
-0.00575072947
-0.0059528499
-0.00418567347
-0.000137857179
0.00601902474
0.0135042713
0.0208206831
0.0264696335
0.0298300195
0.0313854925
0.0322305428
0.0334406101
0.0349497238
0.0321689529
0.0250081715
0.0220375856
0.0162404945
0.00894024091
-1.38134309e-06
3.20670418e-05
0.000108532987
-0.000262949713
-0.00184733089
-0.00405926438
-0.00509556955
-0.00495665004
-0.00477338338
-0.00462472197
-0.0043906454
-0.00420359975
-0.00445119909
-0.00549154341
-0.00665183872
-0.00666018161
-0.00493930774
-0.00128047169
0.00453762308
0.0119990709
0.0195985175
0.0256390926
0.0292831914
0.0310518116
0.0322960893
0.0339138796
0.0350698429
0.0326467539
0.0254605161
0.0220144674
0.0152859587
0.00777976312
-1.07579239e-06
3.77314506e-05
0.000103659149
-0.0003542505
-0.00202550932
-0.00413014465
-0.00498551026
-0.00479818378
-0.00456670539
-0.00437290343
-0.00420027651
-0.00420152401
-0.00478088926
-0.00606987658
-0.00716308468
-0.00720368795
-0.00611807428
-0.00358304651
0.00105816223
0.00777223946
0.0154308105
0.0222737047
0.0269069181
0.0292371522
0.0304561803
0.0317359491
0.0325326029
0.0305951499
0.0253681237
0.0211706759
0.0164327444
0.00708355946
-1.00032008e-06
4.12842338e-05
9.65056091e-05
-0.00042570571
-0.0021387842
-0.00413526288
-0.00486748016
-0.00464520319
-0.00436726918
-0.00417841659
-0.00410720142
-0.00425516693
-0.00498787045
-0.00628322502
-0.0072470625
-0.00743204595
-0.00706952058
-0.00586689478
-0.0029770307
0.00216465167
0.00923867729
0.0168756141
0.0232123452
0.0270038452
0.0284116531
0.028665138
0.0286096295
0.0275477294
0.0244982791
0.0208775148
0.0176291232
0.00677045902
-1.19452721e-06
4.2615658e-05
8.92765405e-05
-0.000473150101
-0.00218997903
-0.00408887921
-0.00475214508
-0.00451963906
-0.00422256139
-0.00407979302
-0.00409901657
-0.00427939022
-0.00496677388
-0.00612941297
-0.00698057525
-0.00723445513
-0.00725966986
-0.0070273012
-0.00587717814
-0.002907563
0.00247439837
0.00988490553
0.0177552103
0.0240342927
0.0273625755
0.0278482801
0.0268166345
0.0255059163
0.0238829586
0.0212559361
0.017067482
0.00554147857
-1.50062069e-06
4.14058462e-05
8.38824364e-05
-0.000495374995
-0.00218550388
-0.00400112372
-0.00464438562
-0.00443221546
-0.0041414994
-0.00406087414
-0.00414603286
-0.00425466097
-0.0047290445
-0.0056851756
-0.00648203471
-0.00678541671
-0.00689363127
-0.00701423689
-0.00691260896
-0.00588513633
-0.00288881079
0.00282273974
0.0108054352
0.0192441743
0.0258159814
0.0289287177
0.0285827118
0.0262797021
0.0237960081
0.0212881467
0.0159655135
0.00321263144
-1.8312066e-06
3.93004675e-05
7.98244886e-05
-0.000493503563
-0.0021334008
-0.00387763611
-0.00454295549
-0.00438166457
-0.00410835468
-0.0040836617
-0.00423343408
-0.00423822132
-0.00438286103
-0.00503115615
-0.00577449005
-0.00621756786
-0.00643192972
-0.00659801841
-0.00676122862
-0.00671541321
-0.00570082311
-0.00239834335
0.00408417511
0.0130574726
0.0222617503
0.0289805401
0.0314798307
0.0298540309
0.0256742277
0.0210562968
0.015262628
0.00164184638
-2.09860994e-06
3.68459158e-05
7.82656616e-05
-0.000470833746
-0.00203426818
-0.00371921777
-0.00444108026
-0.00436033093
-0.00410264769
-0.00410446752
-0.00434078429
-0.00432119826
-0.00414543304
-0.00436175549
-0.00490683455
-0.00544956056
-0.0058933793
-0.00622518289
-0.00642344868
-0.0065395607
-0.00647441342
-0.00520081781
-0.000965085776
0.0070472185
0.0174997486
0.0272353205
0.0330573818
0.0338638738
0.0301666468
0.0231444437
0.0158206811
0.00218621128
-2.22200387e-06
3.41460834e-05
7.92052781e-05
-0.000434367803
-0.00190370768
-0.00352957158
-0.00433032722
-0.00435889205
-0.00411504925
-0.00409120177
-0.0044107701
-0.00450542371
-0.00419385907
-0.00402266462
-0.00422463349
-0.00463415673
-0.00517924915
-0.0057467591
-0.00614302106
-0.00622835397
-0.00629583037
-0.00617335809
-0.00412187546
0.00198704635
0.0124608823
0.0245239051
0.0334025406
0.0365975353
0.0348528066
0.0279521775
0.0174272192
0.00531048045
-2.12598259e-06
3.12365797e-05
8.18026197e-05
-0.000388279077
-0.00175185118
-0.00330834928
-0.00419517104
-0.00436901892
-0.00415660729
-0.00404180615
-0.00438153106
-0.00466603999
-0.00445216985
-0.00414854972
-0.00407578805
-0.00419549379
-0.00458286825
-0.0051667016
-0.00577583327
-0.00595940325
-0.00584403116
-0.00604201917
-0.00561376687
-0.00186698433
0.00738896925
0.0209082945
0.0329113462
0.0384590771
0.0381139724
0.0329998841
0.0198826425
0.0103982057
-1.76772623e-06
2.8123358e-05
8.53337578e-05
-0.000336126971
-0.0015885228
-0.00306535679
-0.00402604565
-0.00436803839
-0.00424118249
-0.0040160458
-0.00424728124
-0.00467606923
-0.00465754692
-0.00442979324
-0.00429792685
-0.00420870192
-0.0043652729
-0.00476003636
-0.00538597922
-0.00572080589
-0.00541846878
-0.00541446066
-0.00585946747
-0.00435443757
0.002725085
0.0163329048
0.031057545
0.0396546583
0.0405191007
0.0368479013
0.0246034234
0.0147215646
-1.17187601e-06
2.47081733e-05
8.90995475e-05
-0.00028023836
-0.00142025612
-0.00281109574
-0.0038228276
-0.00433399479
-0.00435604662
-0.00407954008
-0.00411510263
-0.00452198865
-0.00464732049
-0.00451732782
-0.00443976947
-0.00433059282
-0.00436790735
-0.00458508379
-0.00509540485
-0.00553761526
-0.00511594737
-0.00469140372
-0.00539982027
-0.0056607272
-0.00111209043
0.0112903512
0.027572445
0.0395139019
0.0424914549
0.0396428611
0.0312975413
0.0161102306
-4.09449166e-07
2.07788209e-05
9.22916585e-05
-0.00022229916
-0.00125054346
-0.00255377239
-0.00359270262
-0.00425264733
-0.00446908794
-0.00424881449
-0.00411166226
-0.00436258201
-0.00450468079
-0.00440099004
-0.00434300926
-0.00432114776
-0.0043692721
-0.00449229003
-0.00487875453
-0.00540565465
-0.00492944057
-0.00404148216
-0.00464008158
-0.00612558971
-0.00398395164
0.00639105052
0.0228448173
0.0376008285
0.0436806253
0.0415573639
0.0363095091
0.015391971
4.27292184e-07
1.63480879e-05
9.41381425e-05
-0.000164197557
-0.00108170458
-0.00229873479
-0.00334629669
-0.00412214169
-0.00454369849
-0.00448429705
-0.00428917964
-0.00436619703
-0.00442213616
-0.00425987151
-0.00415443744
-0.0042178621
-0.00435432074
-0.00441621147
-0.00468438962
-0.00529770658
-0.00482807562
-0.0035425947
-0.00387798676
-0.00607497713
-0.00583204566
0.00225781339
0.0176154082
0.0340251243
0.0436852948
0.0426670355
0.0368403145
0.0141915857
1.2392785e-06
1.16517926e-05
9.44803119e-05
-0.000107958099
-0.000915813909
-0.002048511
-0.00309338085
-0.00395181714
-0.00455611272
-0.00471674773
-0.00459726121
-0.00457382891
-0.00449977265
-0.00419781966
-0.00397884129
-0.00411826382
-0.00437960009
-0.00437638054
-0.00452275966
-0.00521410126
-0.00478066589
-0.00325056054
-0.00341047601
-0.0059109478
-0.00670049848
-0.000484227002
0.0128959762
0.0293538483
0.0422838953
0.0435140542
0.034269471
0.0124659677
2.00650858e-06
6.30127868e-06
9.2302672e-05
-5.44550663e-05
-0.000752812463
-0.00180201929
-0.00283909502
-0.00375551924
-0.0045028835
-0.00488557605
-0.00492668872
-0.00488685726
-0.00467132954
-0.00417025333
-0.00382809323
-0.00407580904
-0.00446458328
-0.00436379398
-0.00441904171
-0.0051759769
-0.00474601937
-0.00318699307
-0.00347519305
-0.00601389792
-0.00678482886
-0.00149858602
0.00970046681
0.0246479187
0.0395154124
0.0445277292
0.0323930874
0.00954527527
2.02051025e-06
5.48458258e-08
8.41627126e-05
-5.04678966e-06
-0.000591863667
-0.00155644806
-0.00258370955
-0.00354478539
-0.00439595993
-0.00496153009
-0.00517481305
-0.00515191281
-0.00478331517
-0.00407615021
-0.00369821819
-0.00413980979
-0.00460549559
-0.00433856527
-0.00438973289
-0.00518953715
-0.00468240646
-0.00337497865
-0.00415255859
-0.00643618757
-0.00618743368
-0.000860556243
0.00854887498
0.0211538785
0.0359835283
0.045198369
0.033652534
0.00616998964
-1.13796826e-06
-6.19434496e-06
7.02890073e-05
3.50788375e-05
-0.00044073296
-0.00131749225
-0.0023304594
-0.00332896817
-0.00425348325
-0.00494517651
-0.00528310351
-0.00525047778
-0.00471664237
-0.00387514678
-0.00363898674
-0.00435675774
-0.00475685117
-0.00427849073
-0.00445818546
-0.00522218205
-0.00459774372
-0.00388806244
-0.00527068718
-0.00672204844
-0.00474774724
0.0010993279
0.00927181564
0.0196417962
0.0328599291
0.0447402695
0.0373196083
0.00478483631
-7.78847622e-06
-1.1248667e-05
5.70512251e-05
6.18528025e-05
-0.000315631391
-0.00110355622
-0.00209174079
-0.00311830288
-0.00409138251
-0.0048500779
-0.00523669237
-0.00513944699
-0.00445689085
-0.00363827278
-0.00375398265
-0.00472534554
-0.00482416496
-0.00421373339
-0.0046306698
-0.00521741544
-0.00460220406
-0.00475628467
-0.00630740635
-0.00615101615
-0.00234444408
0.00388444229
0.0112234483
0.0199827406
0.0311429122
0.0432738217
0.0408798751
0.00780921978
-1.33988535e-05
-1.02949619e-05
4.86038543e-05
7.71012058e-05
-0.000227469707
-0.000930319912
-0.00188039941
-0.00291896519
-0.00391385868
-0.00468465895
-0.00504795311
-0.00485008678
-0.00409613679
-0.0035140107
-0.00412300109
-0.00513171272
-0.00474890484
-0.00421582065
-0.00485395794
-0.00516182967
-0.00483954822
-0.00573099574
-0.0065687063
-0.00445391801
0.000553425776
0.00675182543
0.0135672065
0.0213707546
0.03083015
0.0415586396
0.0426974177
0.0148120309
-1.30706793e-05
6.56164789e-07
5.54263784e-05
8.32286303e-05
-0.000173430489
-0.000795854594
-0.00169376796
-0.00271934418
-0.00370425842
-0.00444525173
-0.00474738361
-0.00446884893
-0.00378501716
-0.00363585528
-0.00470747023
-0.00539461177
-0.00458030985
-0.00432818607
-0.00503717801
-0.00511320892
-0.00526536147
-0.0063108067
-0.00584395514
-0.00237448297
0.00283449115
0.00876317344
0.015417206
0.0228228675
0.0311116647
0.0399332089
0.0425734565
0.021917173
-9.50423416e-06
8.67019709e-06
7.24750465e-05
9.61232963e-05
-0.000123502589
-0.000665811775
-0.0014932855
-0.00247495035
-0.00342347119
-0.00412338664
-0.00438192796
-0.00410662966
-0.00366078318
-0.00403450802
-0.00533180701
-0.00544604662
-0.00442729199
-0.00451483415
-0.00512301766
-0.00509059149
-0.00558348817
-0.00625111782
-0.0048129564
-0.00120774404
0.00342020403
0.00907615651
0.0159414365
0.0234802404
0.0310879983
0.0382001174
0.0406498973
0.024606074
-1.61236408e-05
-2.77005889e-06
5.7931423e-05
0.000116645193
-3.08567647e-05
-0.000470294418
-0.0012001331
-0.00211364762
-0.00302482107
-0.00371814065
-0.00400643336
-0.00385949387
-0.00378517739
-0.00462130832
-0.00583414236
-0.00535979828
-0.00435717458
-0.00469744389
-0.0051025618
-0.00498796689
-0.00553813887
-0.00583598399
-0.00435604804
-0.00162956912
0.00197493828
0.00725407077
0.0145224909
0.0227542709
0.0303644977
0.0361542011
0.0372159282
0.0218925208
-3.68924176e-05
-2.23032456e-05
1.31749056e-05
9.41930767e-05
7.15387804e-05
-0.000199120918
-0.00077790358
-0.00159878529
-0.00249195349
-0.00324599917
-0.00366913856
-0.00377901351
-0.00412922435
-0.005256211
-0.00616861075
-0.00525355877
-0.00435972858
-0.00482427372
-0.00498836139
-0.00469101404
-0.00511535642
-0.00538292203
-0.00454375048
-0.00309640871
-0.000850389548
0.00352456784
0.0109189271
0.020276718
0.0289076514
0.0343001513
0.0336387541
0.0178703389
-3.88247926e-05
-3.23615082e-05
-1.78383685e-05
4.31548755e-05
0.000103157547
2.43173718e-05
-0.000337697145
-0.00101031833
-0.00188183027
-0.00275563625
-0.00341275236
-0.00387216007
-0.00460945382
-0.00583247597
-0.00637412101
-0.00522519752
-0.0044044232
-0.00489219633
-0.00483811925
-0.00422151618
-0.00440620344
-0.004810254
-0.00465544352
-0.00429524337
-0.00357265709
-0.000967875684
0.0055349963
0.0158289842
0.0264721778
0.0331451796
0.0321612067
0.0171078498
-2.52524678e-05
-3.53446053e-05
-2.88154516e-05
5.37704131e-06
7.67212962e-05
0.000118753067
-2.37523811e-05
-0.000495758232
-0.00132201783
-0.00234768091
-0.00329599263
-0.00412436614
-0.0051412869
-0.00630705575
-0.00653314853
-0.00531535387
-0.00449852338
-0.00488925651
-0.00474492434
-0.00377210812
-0.00353255173
-0.00389793008
-0.00405911512
-0.00420533282
-0.00462274618
-0.00433095713
-0.000248525828
0.00975334253
0.0225672464
0.0320986326
0.0329623091
0.0193625924
-1.05318813e-05
-3.2412624e-05
-4.09795604e-05
-2.65994832e-05
3.19595444e-05
0.000136449327
0.000164974447
-0.00013960922
-0.000962175844
-0.00216695071
-0.00339320395
-0.00451135316
-0.00566189344
-0.00668431619
-0.00671443481
-0.00554031219
-0.00465346857
-0.00484623112
-0.00471800821
-0.00360355289
-0.0027875867
-0.00270580118
-0.00279219931
-0.00294660827
-0.00365412428
-0.00512050274
-0.00444803894
0.00341321709
0.0173204945
0.0300304977
0.0341958062
0.0215102405
1.00502862e-05
6.40157568e-06
-4.36211331e-05
-4.81436154e-05
2.17005141e-05
0.000192826131
0.000307917909
5.61582248e-06
-0.000946802529
-0.0023339906
-0.00373234207
-0.0049772811
-0.00611750361
-0.00698126356
-0.00695322141
-0.00591082294
-0.00493128954
-0.0048335301
-0.00473497437
-0.00376098725
-0.00252980112
-0.00175665967
-0.00144101058
-0.0014550155
-0.00196764282
-0.00384048949
-0.00596062975
-0.00141453172
0.0119605236
0.0267464593
0.0345710958
0.0227708082
2.10382694e-05
7.89303635e-05
6.44250309e-05
3.9907903e-05
0.00011128771
0.000290105177
0.000322831356
-0.000190815627
-0.001351822
-0.00282323599
-0.00421258568
-0.00540615956
-0.00643977294
-0.00718692934
-0.00723560463
-0.00643236842
-0.00542775026
-0.00498843115
-0.0048107484
-0.00412108319
-0.00290243587
-0.00169192931
-0.000918322558
-0.000682924713
-0.000947310753
-0.00257833241
-0.00567627212
-0.00392386983
0.00794719488
0.0231466242
0.033891458
0.024853731
3.48748459e-05
6.57898147e-05
0.00015852082
0.000226919334
0.000277305604
0.000307339875
7.60943502e-05
-0.000719327566
-0.0019794709
-0.00334326996
-0.00455488669
-0.00560041678
-0.00653151538
-0.00726374688
-0.00752366719
-0.00710965383
-0.00627963107
-0.00559533499
-0.005197501
-0.00470822283
-0.00383465014
-0.00271971246
-0.00179996336
-0.00128542898
-0.00113339874
-0.00241388942
-0.00555881092
-0.0047331032
0.00583245466
0.0203143666
0.0322949165
0.0284822075
0.000185940063
0.000128362016
0.000132996438
0.000245053114
0.000380115519
0.000359372841
-6.46378097e-05
-0.00098991983
-0.00215816379
-0.00324802901
-0.00415462447
-0.00497968683
-0.00583317311
-0.0066843547
-0.00734098216
-0.00756443674
-0.00730026885
-0.00677836426
-0.00625935677
-0.00576683034
-0.00518211475
-0.00444926666
-0.00370861926
-0.00299159835
-0.00239413921
-0.00336979092
-0.0061654793
-0.00485975698
0.00526049111
0.0186703207
0.0300841516
0.0321688683
0.000354515643
0.000190674293
0.000105347198
0.000142087668
0.000270608515
0.000353105803
0.000141506057
-0.000483932362
-0.0013263368
-0.00209130594
-0.00265217077
-0.00308953319
-0.00357563997
-0.00424757045
-0.00511583663
-0.00603045435
-0.00675870437
-0.0071478122
-0.00721053198
-0.00703568793
-0.00666757101
-0.00615597499
-0.0055322238
-0.00468881392
-0.0040285249
-0.00510592104
-0.00712437616
-0.00441231874
0.00580192792
0.0180084928
0.0277370008
0.0340699778
0.000175207303
0.000140212913
0.000120628203
0.000103723625
0.000193699128
0.000345526636
0.000431341883
0.000331538388
4.17719609e-05
-0.000329723189
-0.000657905228
-0.000880123201
-0.00101464847
-0.0011531907
-0.00144806667
-0.00205457059
-0.00301381551
-0.00417866748
-0.00528890882
-0.00612040025
-0.00654329678
-0.00654352882
-0.00616588273
-0.00558991087
-0.00565678984
-0.00708557078
-0.00756793212
-0.00285962895
0.00732083469
0.017995416
0.0256638536
0.0337777088
-0.000403258813
-0.000536365462
-0.000495348718
-8.91111308e-05
-0.000515362433
-0.000963485493
-0.00120930667
-0.00123009595
-0.00109495255
-0.000882510801
-0.000638859393
-0.000375622803
-8.55223223e-05
0.000232199427
0.000531427011
0.000682602911
0.000494510124
-0.000175110159
-0.00129332654
-0.00262943277
-0.00389455541
-0.00487644109
-0.00555272114
-0.00634216732
-0.00752749272
-0.00816293591
-0.00592241033
0.000637942669
0.0100436791
0.0185029279
0.0239808841
0.032021296
0.000537776947
-0.00158374963
0.012181666
0.0228940032
0.0265433769
0.0249077804
0.0201908641
0.0146900407
0.00973663887
0.00566043871
0.00244674259
-2.46229558e-05
-0.00188585941
-0.00324553698
-0.00418721141
-0.00479702179
-0.00519633438
-0.00554130752
-0.00597225218
-0.00654762257
-0.00722719972
-0.00787845622
-0.00836980105
-0.00842317784
-0.00734570144
-0.00448625271
0.00051581543
0.00722222112
0.0143030092
0.0196946161
0.0226799571
0.0299130945
-0.00231392883
0.0274227244
0.0548267048
0.0667864637
0.0680329545
0.0652644802
0.0622582145
0.059236263
0.0559934759
0.0522212858
0.0477551999
0.0428783995
0.0378772052
0.0329722855
0.0283305882
0.0240804485
0.0203119933
0.0170690216
0.0143542952
0.012148187
0.0104391089
0.00925063282
0.00866301106
0.00880642897
0.00970507924
0.0114137791
0.0139560844
0.0169575311
0.0198121164
0.0214331384
0.021759997
0.0282765308
0.0736863292
0.0961327354
0.0911995154
0.0735146597
0.0556498997
0.0425949485
0.0346353224
0.0305545446
0.0289120477
0.0290591285
0.0305875217
0.0325607654
0.0342607268
0.0353323741
0.0356623335
0.0352936818
0.0343617494
0.0330441181
0.0315226139
0.0299562779
0.0284708071
0.0271598644
0.0260961994
0.0253282428
0.0248677908
0.0246729697
0.0245651422
0.0243716129
0.0239318793
0.0226082847
0.0210209271
0.0277731751
0.108804677
0.101050698
0.0731704723
0.0446332368
0.0247379839
0.0138383395
0.00903555631
0.00755334815
0.00764602032
0.00840784399
0.00938028834
0.0105611669
0.0121199177
0.0140615833
0.0162011402
0.0183123343
0.0202036774
0.0217521304
0.0229079149
0.0236795194
0.024110967
0.0242614347
0.024191435
0.023954572
0.0235989402
0.0231579842
0.0226301648
0.0220052906
0.0212722704
0.019809567
0.0193005275
0.02855024
0.124956632
0.0944468161
0.0533724802
0.0232877996
0.00834628877
0.00338610757
0.00289135664
0.00380256922
0.00496176997
0.00607280928
0.00709833704
0.00804836611
0.00884880952
0.00946401144
0.0100022167
0.0105626295
0.0111929449
0.0118896878
0.0126160651
0.0133240787
0.0139718769
0.0145326417
0.0149945931
0.0153565544
0.0156274645
0.015831229
0.0160046423
0.0161968425
0.0163751246
0.0160238815
0.0182283353
0.0310124834
0.128513608
0.0802981945
0.034355247
0.0102123128
0.00286391555
0.00236794649
0.00312224204
0.00361854592
0.00396626765
0.00444417292
0.00512854239
0.00594828144
0.00679139199
0.00754317132
0.00816629837
0.00863499159
0.00894777498
0.00912435705
0.0091941898
0.0091853006
0.00911821673
0.00901077095
0.00889339602
0.00882350428
0.00888401239
0.00916539593
0.00974324796
0.0106752381
0.0117926361
0.0129212608
0.0200795979
0.0328942351
0.124434525
0.0666423989
0.0232230487
0.00652750109
0.0035586032
0.00371177951
0.00341719034
0.00279497278
0.00254721085
0.00290637821
0.00373184235
0.00480686895
0.00597924685
0.00715165487
0.00811704894
0.00878496302
0.0091100767
0.00908928609
0.00875437563
0.00816664025
0.00741342889
0.00659572393
0.00582074633
0.00519813842
0.0048312955
0.00483634438
0.00538223209
0.00661336912
0.00846801199
0.0132745509
0.0258115957
0.0306664807
0.121781914
0.0579620958
0.0192608078
0.00692024357
0.00522923889
0.00534722586
0.00473915237
0.00382451097
0.00325397714
0.00314229351
0.0033186171
0.00366641646
0.00421317508
0.00492757689
0.0054129227
0.00601816158
0.00655546082
0.00672396628
0.00651001298
0.00604529253
0.00545929998
0.00480991045
0.0040745369
0.00323221903
0.00241057321
0.00198949272
0.00252658464
0.00466212154
0.00956187398
0.0194517234
0.0317952286
0.0262562734
0.120808651
0.0552927099
0.020369232
0.00894964521
0.0077779986
0.00869030182
0.0086174657
0.0076034251
0.00629933962
0.00504049565
0.00389390552
0.002918748
0.00227388091
0.00213386254
0.00250528629
0.00303849597
0.00355666867
0.00393573843
0.0041431171
0.00419155711
0.00404048646
0.00358024216
0.00273325484
0.00165085742
0.000855737244
0.00117679523
0.00352160538
0.00874104986
0.0174580421
0.0286047996
0.0353840526
0.0227925553
0.122290458
0.0594858862
0.0253829855
0.0126836848
0.011413975
0.0133797854
0.0146417018
0.0144330157
0.0132395164
0.0116468085
0.0100038315
0.00848754054
0.00722813556
0.00633512103
0.00582617933
0.0055539579
0.0054185063
0.00534229606
0.0052356092
0.00500771117
0.00457286252
0.00392222863
0.00324573911
0.00302110831
0.00395789471
0.00678450033
0.0119951839
0.0196021852
0.0286097384
0.0358514993
0.0348263192
0.0172317482
0.127272178
0.0701508994
0.0356084993
0.0198240042
0.0163494473
0.0184321644
0.0214645794
0.0233963376
0.0238625408
0.0232327294
0.022001288
0.0205270844
0.0189943751
0.0174775655
0.0160243821
0.014692214
0.0135025694
0.0124467184
0.011512902
0.0107073592
0.0100952608
0.00984959897
0.0102773784
0.0117799442
0.0147320023
0.0193133534
0.0253230239
0.0319105884
0.0371109572
0.037309578
0.0275170257
0.00524060702
0.137357692
0.0896766414
0.0555612965
0.0349830452
0.0258693054
0.0243700273
0.0267069421
0.0300743676
0.032843163
0.0343357073
0.0345062776
0.0336496355
0.0321753361
0.0304496294
0.0286844909
0.0269292999
0.0252773113
0.023816817
0.022639265
0.0218522908
0.0215898256
0.0220135101
0.023290892
0.0255411389
0.0287472532
0.0326334805
0.0364880591
0.0389212748
0.0377095914
0.0303463955
0.0167425533
0.00523084758
0.152800527
0.122381499
0.0941064329
0.0706079216
0.0536674286
0.0430700732
0.03775473
0.0362345589
0.0370698593
0.039025241
0.0411318914
0.0426904053
0.0432588974
0.042698325
0.0414525947
0.0403130507
0.0391497359
0.0380879993
0.0372274877
0.036660497
0.0364741868
0.0367356626
0.0374627478
0.0385767736
0.0398308828
0.040708505
0.0403249634
0.0374818036
0.0312972163
0.0231960512
0.0202804936
0.030862336
0.174798643
0.174654214
0.165678107
0.150951579
0.134092929
0.117043782
0.101092908
0.0868752038
0.0746624426
0.0644959061
0.056301782
0.0499606983
0.0453304021
0.0422180969
0.0401482567
0.0384950985
0.037370884
0.0366259035
0.035996375
0.0355295684
0.0352586076
0.0351461089
0.0351289484
0.0350721878
0.0347236197
0.0336831065
0.0314313968
0.0275442912
0.0222733767
0.0176073694
0.0203629011
0.029017317
0.204952425
0.255435446
0.288553897
0.305252628
0.312631205
0.313851797
0.310866051
0.305207295
0.297916256
0.289691628
0.280967997
0.272007169
0.262931811
0.253820519
0.244662166
0.235404603
0.225986439
0.216422063
0.206715846
0.19668825
0.186150318
0.174886614
0.162627718
0.14905498
0.133829828
0.116712527
0.097864829
0.0783983494
0.0610983843
0.050737049
0.0405184589
0.0322996817
0.227036942
0.312222159
0.375289458
0.41828364
0.449369323
0.47147901
0.486482621
0.495942713
0.501014745
0.502547559
0.501188829
0.497426927
0.491452602
0.48359003
0.473809873
0.462128439
0.448513866
0.432935407
0.415366543
0.395812021
0.374305415
0.350884051
0.325521429
0.297996945
0.267698511
0.23343732
0.193541444
0.146887535
0.0959308914
0.0522382916
0.0371070685
0.0399078108
0.242161562
0.350236497
0.434942962
0.498004943
0.546981866
0.584450185
0.612559558
0.633260563
0.647990499
0.657732376
0.663120826
0.664539938
0.662163708
0.656014832
0.645948051
0.631951848
0.613978179
0.592001019
0.56607027
0.536380977
0.503334013
0.467578084
0.429979643
0.391483681
0.35279941
0.313848467
0.272987949
0.226450407
0.169439629
0.101779292
0.0404906794
0.0246431598
0.251442022
0.37324303
0.473219612
0.551409425
0.614405822
0.665186943
0.706210434
0.739341187
0.765660668
0.785746578
0.799920934
0.808389824
0.811304055
0.808803886
0.801170642
0.788330525
0.770121481
0.746332317
0.716753017
0.681282913
0.6400835
0.593751169
0.543436337
0.490839059
0.438035186
0.387082705
0.339182241
0.293055089
0.242827866
0.17778507
0.0899258157
-0.00165640063
0.255250445
0.384518364
0.494820918
0.583942355
0.6574217
0.718879335
0.770175739
0.812536315
0.846614497
0.872979555
0.892263905
0.905069443
0.911842548
0.912817894
0.908037665
0.897601165
0.881477851
0.85956393
0.831589874
0.797125792
0.755700349
0.707089952
0.65170248
0.590846121
0.526702927
0.462102424
0.40025632
0.343892695
0.292399387
0.236645099
0.156837198
0.0400999793
0.255927987
0.385375239
0.502553596
0.598230169
0.679184589
0.748257989
0.806610545
0.854975978
0.893999924
0.924617464
0.947794774
0.964171147
0.97401451
0.977420479
0.974471001
0.965197423
0.949888393
0.928821549
0.902198756
0.86993815
0.831497062
0.785959334
0.732553039
0.67141411
0.604008375
0.532772939
0.460694562
0.391612317
0.329711916
0.273769361
0.204189076
0.0801755064
0.254407328
0.375763617
0.496575861
0.596513094
0.681776796
0.755390024
0.818058408
0.870171529
0.912384056
0.945902073
0.972032341
0.991607534
1.00466945
1.01060124
1.00906881
1.00087328
0.986223227
0.965396287
0.938952612
0.907449939
0.870981921
0.82881226
0.779532095
0.721948313
0.656407298
0.584940092
0.510093743
0.434441421
0.362203273
0.299043432
0.236728792
0.120048701
0.250687615
0.357666158
0.476875211
0.579166307
0.666164352
0.741457206
0.806019053
0.860096868
0.904187721
0.939312415
0.966676539
0.987170211
1.00107722
1.0081412
1.00839851
1.00208597
0.989245497
0.970064219
0.945076519
0.915037533
0.880462099
0.84112219
0.795882219
0.743048618
0.681852079
0.613472973
0.540423419
0.464887489
0.388682173
0.317411553
0.255957191
0.155741641
0.24421754
0.333742599
0.444569261
0.545861103
0.632392226
0.706625641
0.770347481
0.82418897
0.868553403
0.904089585
0.931637953
0.951969731
0.965601095
0.972794037
0.973724584
0.968495723
0.957264642
0.940346684
0.918261982
0.891578003
0.860592233
0.825026462
0.783943428
0.736086895
0.680617464
0.617905109
0.549701145
0.478184981
0.404496906
0.330519285
0.265405305
0.183636992
0.228114553
0.305370735
0.403367977
0.498352451
0.581290825
0.651773594
0.711539002
0.761899575
0.803603595
0.83721694
0.863319176
0.882495415
0.895269884
0.902079472
0.903255247
0.898977357
0.889646637
0.875720122
0.857601103
0.835508368
0.809354379
0.778683561
0.74273188
0.700660515
0.651976958
0.596958379
0.536677392
0.472471657
0.405398343
0.335977736
0.268582584
0.202390299
0.182264251
0.263813166
0.353541549
0.439050192
0.514480204
0.578303964
0.631465168
0.675416653
0.71132251
0.740020225
0.762168457
0.778337127
0.789044994
0.794731273
0.795878732
0.793048689
0.786503534
0.776351124
0.76258973
0.745113502
0.723710586
0.698075071
0.667852744
0.632737847
0.592613102
0.547659655
0.498338719
0.445223881
0.38875605
0.329234638
0.267509927
0.210195095
0.147421453
0.212840277
0.293405408
0.369877649
0.436419316
0.491826063
0.536894279
0.573048584
0.601642059
0.623769676
0.640296349
0.651936347
0.659249772
0.662730297
0.662582965
0.658938969
0.652063627
0.64219938
0.629535205
0.614196992
0.596239892
0.575646137
0.552334169
0.526186012
0.497088663
0.464966839
0.429804636
0.391638433
0.350520024
0.306371619
0.259432547
0.210100778
0.198189073
0.166888739
0.198381996
0.250183493
0.30202864
0.346760326
0.382971394
0.411222974
0.432555555
0.448009602
0.458493077
0.464799364
0.467800192
0.467953529
0.465784082
0.461593018
0.455600969
0.447993281
0.438931153
0.428550355
0.416960599
0.404246388
0.390463754
0.375647405
0.35979296
0.342879275
0.324872331
0.305704808
0.285216626
0.26296696
0.23786757
0.205544517
0.522254152
0.437942099
0.364399458
0.321687277
0.302297204
0.295046635
0.292964142
0.292327035
0.291308736
0.289131443
0.285505091
0.280560195
0.273981056
0.265968959
0.256790013
0.246731815
0.236098836
0.225218519
0.214444787
0.204166078
0.194796181
0.186788233
0.180434636
0.176110668
0.174051626
0.174451954
0.177328656
0.18240673
0.189021829
0.195952399
0.20102186
0.194175868
0.517213369
0.44687218
0.363883115
0.286253636
0.217340847
0.159102246
0.11062341
0.0698827672
0.0350229053
0.00465435163
-0.0222165703
-0.0462534593
-0.0679053162
-0.0873990074
-0.10480325
-0.120072516
-0.133058922
-0.143501367
-0.151024593
-0.155047565
-0.155160631
-0.150808985
-0.141441544
-0.125040507
-0.100732048
-0.0680953986
-0.027478089
0.0197094505
0.0707803954
0.12148852
0.165042992
0.182746112
0.527631738
0.419351257
0.252234293
0.0964580047
-0.0317388592
-0.131586223
-0.208533157
-0.268752827
-0.317014525
-0.356476867
-0.389110497
-0.416133668
-0.438299989
-0.456060575
-0.469670587
-0.479265818
-0.48488584
-0.48655717
-0.483843496
-0.476039654
-0.462120275
-0.440782015
-0.410937447
-0.371316654
-0.320678867
-0.258304772
-0.184721058
-0.102170643
-0.0147712484
0.0708438321
0.14209014
0.175114882
0.540017428
0.391952298
0.179276249
-0.0113065908
-0.156948511
-0.264361103
-0.346036193
-0.41141417
-0.465685832
-0.511246101
-0.549179441
-0.580090251
-0.604419239
-0.62251321
-0.634632055
-0.640918981
-0.641512828
-0.636300808
-0.625696469
-0.610462384
-0.590639599
-0.565717186
-0.534328872
-0.493825964
-0.440086146
-0.368875343
-0.279050752
-0.174528579
-0.0629315861
0.0450113483
0.133439637
0.166827617
0.534747438
0.337202643
0.0926134196
-0.109529479
-0.25462981
-0.36089654
-0.446424126
-0.519832668
-0.583286849
-0.636895525
-0.680814972
-0.715604341
-0.741992847
-0.760642195
-0.772034027
-0.776446276
-0.773904054
-0.763949264
-0.746242894
-0.720676629
-0.687656114
-0.648250506
-0.603837581
-0.554724496
-0.497467787
-0.4238552
-0.327023337
-0.209779569
-0.0832746117
0.0378358109
0.134075633
0.154769227
0.521965545
0.280404576
0.0116994117
-0.188930875
-0.325714656
-0.431423242
-0.524256242
-0.606807454
-0.677113944
-0.73449593
-0.779930643
-0.814912542
-0.84073298
-0.858298081
-0.868191411
-0.870657336
-0.865681349
-0.853009154
-0.831933944
-0.801407697
-0.76056756
-0.709730321
-0.65134185
-0.589333795
-0.524444197
-0.447787658
-0.346564458
-0.220647654
-0.0848366638
0.0421612296
0.137577608
0.140834222
0.494871719
0.212733137
-0.0650177055
-0.25090016
-0.378251527
-0.488142777
-0.589645711
-0.677566228
-0.749167495
-0.805963982
-0.850523839
-0.884712892
-0.909638723
-0.926025614
-0.934398856
-0.935001682
-0.927998995
-0.913064748
-0.889400906
-0.855654035
-0.810104619
-0.751791832
-0.682664106
-0.608833218
-0.53541104
-0.454675822
-0.348688788
-0.215907409
-0.0751020165
0.0523466773
0.140674169
0.126688397
0.46597305
0.148187143
-0.127614212
-0.294518543
-0.417929223
-0.53569922
-0.642635557
-0.730482061
-0.800342469
-0.856330792
-0.900929084
-0.935033969
-0.959210739
-0.974239786
-0.980907978
-0.979600954
-0.970351924
-0.952805652
-0.926187116
-0.889110647
-0.839503572
-0.775542918
-0.698586496
-0.615804652
-0.535790169
-0.450769613
-0.338806572
-0.200519163
-0.0582167888
0.0652775679
0.142306408
0.112952535
0.439440618
0.0874237457
-0.175898791
-0.32400913
-0.449516372
-0.574510076
-0.681822898
-0.767016003
-0.83588372
-0.892579039
-0.937774113
-0.971335865
-0.993927075
-1.00689469
-1.01156489
-1.00840778
-0.997006374
-0.976672692
-0.946624037
-0.905616066
-0.851611324
-0.782532009
-0.699299802
-0.611073901
-0.52757294
-0.43741874
-0.318434538
-0.176364144
-0.0360820784
0.0794567082
0.142229298
0.100202507
0.416732716
0.0334029079
-0.209390044
-0.34311507
-0.474417432
-0.603012486
-0.707468141
-0.790448578
-0.859656493
-0.917255849
-0.962303051
-0.994543011
-1.01519994
-1.02600583
-1.02850345
-1.02376396
-1.01022022
-0.986566162
-0.952416047
-0.906789686
-0.847641208
-0.772989499
-0.685354108
-0.595832916
-0.510715343
-0.413669685
-0.287268582
-0.144044567
-0.00972366782
0.0938998633
0.140557423
0.089875405
0.398052368
-0.0122932299
-0.229834751
-0.354993141
-0.491923386
-0.620210059
-0.721134425
-0.802873206
-0.872393443
-0.930067947
-0.974381624
-1.00542406
-1.0247987
-1.03415624
-1.03530877
-1.02757194
-1.01018803
-0.982159189
-0.943190599
-0.892119099
-0.826900653
-0.747094631
-0.658404494
-0.570983683
-0.483362543
-0.377135885
-0.244512706
-0.104142452
0.0196857481
0.107664147
0.137504536
0.0810416925
0.383406774
-0.0483069811
-0.23978017
-0.361047204
-0.500390051
-0.625973741
-0.723954825
-0.804442871
-0.873218652
-0.93001434
-0.973336449
-1.0034464
-1.02194777
-1.03002735
-1.02817882
-1.0164738
-0.994434032
-0.961482613
-0.916981882
-0.859600722
-0.788546171
-0.706528651
-0.620743978
-0.535446012
-0.441523215
-0.325075303
-0.190014781
-0.0579350808
0.0505578811
0.119648994
0.131910355
0.0688802737
0.373063516
-0.0726155037
-0.241904636
-0.36108474
-0.498375941
-0.620351993
-0.715838535
-0.794124471
-0.860738114
-0.915652055
-0.957474149
-0.98610191
-1.00267429
-1.00819776
-1.00299892
-0.987051782
-0.96009419
-0.921627729
-0.870995636
-0.807957627
-0.734277914
-0.654468637
-0.572375717
-0.484474306
-0.380341664
-0.256387585
-0.125576565
-0.00814874292
0.0802832548
0.127885781
0.122820136
0.0560835935
0.367540691
-0.0836530207
-0.238804331
-0.353836792
-0.48469403
-0.60287629
-0.695518437
-0.770476406
-0.833442276
-0.885036961
-0.92420746
-0.950473966
-0.964320683
-0.966415457
-0.957072987
-0.936346456
-0.904059715
-0.860105717
-0.804852998
-0.739826117
-0.66780972
-0.590975446
-0.507452281
-0.41091178
-0.297436027
-0.173866531
-0.056199668
0.0401270573
0.105009833
0.13102183
0.110896421
0.0393485369
0.368083567
-0.0803623979
-0.230369181
-0.336948422
-0.458731683
-0.57169075
-0.661061417
-0.731847406
-0.789737046
-0.836276442
-0.871056015
-0.893511025
-0.903556332
-0.901465129
-0.887630148
-0.862271632
-0.82572014
-0.778682863
-0.722413996
-0.658472707
-0.58763528
-0.508437101
-0.417353037
-0.312424426
-0.198180879
-0.0861411052
0.010680894
0.0829718227
0.124519219
0.128138218
0.0840582324
-0.00391770221
0.379011955
-0.0651119048
-0.214173619
-0.3099373
-0.418412935
-0.523937112
-0.609481583
-0.675845707
-0.727953638
-0.768180253
-0.796929401
-0.814028207
-0.819390111
-0.813169986
-0.795625794
-0.767262136
-0.728765037
-0.680956335
-0.624514883
-0.559455098
-0.48472349
-0.398746243
-0.301466263
-0.196844074
-0.0933516585
-0.00130809753
0.0703652764
0.114408416
0.123590236
0.0951026426
0.0539195735
0.0814166919
0.406638404
-0.0356181029
-0.188692891
-0.273129855
-0.362986349
-0.456336386
-0.536400519
-0.598554512
-0.645376553
-0.679544707
-0.702255382
-0.713895778
-0.714631565
-0.704597589
-0.684062576
-0.653420489
-0.61303693
-0.563097494
-0.50345285
-0.433684677
-0.353676113
-0.264763997
-0.170948915
-0.0791475393
0.00205027776
0.0643047644
0.101059243
0.110522716
0.1067671
0.144913834
0.33220869
0.620029619
0.459799249
0.0199490478
-0.146908523
-0.225765734
-0.293853561
-0.367594782
-0.437176956
-0.494044116
-0.536414982
-0.565676097
-0.583306002
-0.590086607
-0.586353215
-0.572415143
-0.548450458
-0.514587905
-0.470916176
-0.417525524
-0.354713025
-0.283420321
-0.205857066
-0.126029874
-0.0497173828
0.0164472889
0.0667772681
0.0992561385
0.120192519
0.152048512
0.239590112
0.429203539
0.675955404
0.779194939
0.548155625
0.118968779
-0.07241282
-0.161721888
-0.214688688
-0.263270617
-0.312711485
-0.35802064
-0.394052113
-0.418661857
-0.431885569
-0.43446017
-0.427017533
-0.409996545
-0.383560012
-0.348009949
-0.303802828
-0.251767623
-0.193370549
-0.130993403
-0.0680574056
-0.00875399785
0.0428246512
0.0842098663
0.116567899
0.146543608
0.185676926
0.241713922
0.298254567
0.324068061
0.490858382
0.834567345
0.684073723
0.290182338
0.0727425764
-0.0518168607
-0.116782269
-0.153144295
-0.178807275
-0.201592665
-0.222121697
-0.238066041
-0.246901867
-0.247237156
-0.23895648
-0.222506701
-0.19835623
-0.167197473
-0.130009018
-0.0882043792
-0.0437090674
0.00108748555
0.0436178505
0.0817172271
0.114408449
0.142521801
0.168285322
0.192258038
0.20603098
0.185349752
0.118578761
0.193085829
0.518584821
0.848571394
0.862528698
0.561884359
0.354997585
0.188309475
0.0740919282
0.0031734037
-0.0341998948
-0.0498083073
-0.0531220378
-0.0511884361
-0.0482852178
-0.0460308485
-0.0420000207
-0.0314419917
-0.0161447667
0.00340363413
0.0261869698
0.051047373
0.0766431942
0.101620007
0.124859689
0.145772551
0.164428821
0.181242496
0.196089373
0.206937592
0.208020405
0.172982678
0.183299542
0.336180223
0.642289323
0.910271539
0.99575958
0.912567966
0.821479345
0.690054031
0.560446594
0.444159807
0.348844774
0.2746529
0.220589419
0.184481325
0.164005331
0.156739685
0.157564192
0.159544935
0.163851922
0.169828089
0.177210969
0.185643303
0.194814275
0.204494219
0.214610353
0.225322175
0.237073157
0.250558343
0.266875384
0.287897945
0.312067998
0.381086629
0.523772866
0.718882938
0.917485738
1.00297642
)
;

boundaryField
{
    inner_wall
    {
        type            zeroGradient;
    }
    outer_wall
    {
        type            fixedValue;
        value           uniform 0;
    }
    top
    {
        type            fixedValue;
        value           uniform 1;
    }
    bottom
    {
        type            inletOutlet;
        inletValue      uniform 0;
        value           nonuniform List<scalar> 
32
(
0
0
0
0
0
0
0
0
0
0
0
0
0
0
0
-0.00173339415
-0.0020943289
-0.0018766214
-0.00102509649
0.000454288074
0.00249477389
0.00493986087
0.00753204194
0.00995924448
0.0119426509
0.0133047502
0.0139937384
0.0140905245
0.0137872933
0.0141653644
0.0207384179
0.0337244284
)
;
    }
    front
    {
        type            wedge;
    }
    back
    {
        type            wedge;
    }
}


// ************************************************************************* //
