/*--------------------------------*- C++ -*----------------------------------*\
| =========                 |                                                 |
| \\      /  F ield         | OpenFOAM: The Open Source CFD Toolbox           |
|  \\    /   O peration     | Version:  2506                                  |
|   \\  /    A nd           | Website:  www.openfoam.com                      |
|    \\/     M anipulation  |                                                 |
\*---------------------------------------------------------------------------*/
FoamFile
{
    version     2.0;
    format      ascii;
    arch        "LSB;label=32;scalar=64";
    class       volScalarField;
    location    "405";
    object      p;
}
// * * * * * * * * * * * * * * * * * * * * * * * * * * * * * * * * * * * * * //

dimensions      [0 2 -2 0 0 0 0];

internalField   nonuniform List<scalar> 
3072
(
-0.00012396714
-9.41515139e-05
-9.04856871e-05
-8.44511937e-05
-7.46945385e-05
-6.29698045e-05
-5.10207574e-05
-3.99856074e-05
-2.77742515e-05
-1.40153739e-05
-7.56287423e-06
-7.76018072e-06
-7.62203946e-06
-6.31045963e-06
-4.47203966e-06
-2.49540329e-06
-5.35727213e-07
1.32379149e-06
3.02537117e-06
4.52418814e-06
5.80686723e-06
7.01603924e-06
8.04229856e-06
8.74650171e-06
9.27238659e-06
9.66435306e-06
9.94257602e-06
1.01314842e-05
1.02633915e-05
1.03857709e-05
1.05659044e-05
1.08151637e-05
-0.000264310359
-0.000186452058
-0.00016013862
-0.000141512682
-0.000123474748
-0.000104850597
-8.64209808e-05
-6.86357023e-05
-5.08429661e-05
-3.39335902e-05
-2.18125067e-05
-1.44699606e-05
-8.56999729e-06
-3.29989058e-06
1.3304266e-06
5.32479424e-06
8.74337205e-06
1.16448979e-05
1.40880965e-05
1.614984e-05
1.7777571e-05
1.92003328e-05
2.04184872e-05
2.123848e-05
2.18514341e-05
2.2331589e-05
2.27116306e-05
2.30231837e-05
2.33043173e-05
2.36021602e-05
2.39473821e-05
2.42410808e-05
-0.000326423737
-0.000221781149
-0.000176574299
-0.000146112974
-0.00012166952
-0.000100771809
-8.23236486e-05
-6.56796594e-05
-5.03713285e-05
-3.65146223e-05
-2.47567877e-05
-1.50289817e-05
-6.70548949e-06
5.33340095e-07
6.82426499e-06
1.22634338e-05
1.6934583e-05
2.09092985e-05
2.42732232e-05
2.72005841e-05
2.95866684e-05
3.1488107e-05
3.30811815e-05
3.43169396e-05
3.5285212e-05
3.60472264e-05
3.66469431e-05
3.71230516e-05
3.75126634e-05
3.78541557e-05
3.81780705e-05
3.84492391e-05
-0.000386212956
-0.000266915205
-0.000210788373
-0.000168760886
-0.000135763035
-0.000109664193
-8.7852249e-05
-6.89315988e-05
-5.21829796e-05
-3.72967271e-05
-2.41971174e-05
-1.27466981e-05
-2.72755945e-06
6.04070559e-06
1.36900901e-05
2.0324858e-05
2.60364011e-05
3.09110243e-05
3.50379051e-05
3.85009354e-05
4.1402296e-05
4.37573757e-05
4.56286023e-05
4.71510837e-05
4.83630232e-05
4.93170747e-05
5.00674424e-05
5.06623487e-05
5.11448617e-05
5.15569757e-05
5.19303052e-05
5.22253867e-05
-0.00044202543
-0.000315680864
-0.000246465877
-0.000194678391
-0.000154290805
-0.000122039141
-9.54364221e-05
-7.29132653e-05
-5.3456611e-05
-3.64583979e-05
-2.15552917e-05
-8.48038195e-06
2.98959622e-06
1.30326604e-05
2.17904819e-05
2.93831883e-05
3.59219848e-05
4.15134948e-05
4.6235532e-05
5.00708859e-05
5.32998007e-05
5.60636206e-05
5.82580787e-05
6.00108826e-05
6.14107743e-05
6.25243823e-05
6.34105594e-05
6.41221672e-05
6.47075402e-05
6.52151617e-05
6.56822421e-05
6.60574471e-05
-0.000490655543
-0.00035935023
-0.000280091352
-0.000220370421
-0.000173455094
-0.00013507458
-0.000103461402
-7.69815145e-05
-5.44126311e-05
-3.49372255e-05
-1.80135834e-05
-3.25701301e-06
9.62063314e-06
2.08409564e-05
3.05813572e-05
3.89918422e-05
4.62065057e-05
5.23489222e-05
5.75294644e-05
6.18424537e-05
6.54207479e-05
6.83737615e-05
7.07721883e-05
7.27057608e-05
7.42588164e-05
7.55059434e-05
7.65133927e-05
7.73399146e-05
7.80400465e-05
7.86710327e-05
7.92766197e-05
7.9777817e-05
-0.000531925642
-0.000396359959
-0.000311284762
-0.000245353262
-0.000191929182
-0.000147979162
-0.000111621328
-8.11856311e-05
-5.53781934e-05
-3.3274077e-05
-1.42175117e-05
2.27305993e-06
1.65601898e-05
2.89247688e-05
3.95928761e-05
4.87542716e-05
5.65747467e-05
6.32035678e-05
6.87778148e-05
7.34253048e-05
7.72691499e-05
8.04239554e-05
8.29931571e-05
8.50736124e-05
8.67550064e-05
8.811897e-05
8.92384865e-05
9.01781207e-05
9.09987057e-05
9.17668466e-05
9.25329856e-05
9.31836052e-05
-0.000566132863
-0.000427474202
-0.00033840678
-0.000267796742
-0.000209055516
-0.000160191529
-0.00011950081
-8.53394449e-05
-5.63984837e-05
-3.17025616e-05
-1.0525216e-05
7.68779391e-06
2.33651303e-05
3.68457809e-05
4.84057201e-05
5.82768962e-05
6.66602528e-05
7.37343315e-05
7.96608857e-05
8.45884514e-05
8.86545652e-05
9.19861555e-05
9.46997724e-05
9.69024838e-05
9.86922005e-05
0.000100157609
0.000101377785
0.000102422589
0.000103358678
0.000104261506
0.000105187557
0.000105987751
-0.000594147104
-0.000453435566
-0.000361224257
-0.000286857711
-0.000223988174
-0.000171079529
-0.000126662185
-8.91945159e-05
-5.74010034e-05
-3.02973747e-05
-7.12056495e-06
1.27313907e-05
2.9737749e-05
4.42862923e-05
5.66974947e-05
6.72425572e-05
7.61561977e-05
8.36456343e-05
8.98966249e-05
9.50775557e-05
9.93420406e-05
0.000102830403
0.000105670671
0.000107979475
0.000109862634
0.000111415452
0.000112722525
0.000113858404
0.000114894761
0.00011591458
0.000116979347
0.000117909069
-0.000616490272
-0.000474437077
-0.000379939836
-0.000302668763
-0.000236574554
-0.000180405225
-0.000132888809
-9.25991811e-05
-5.83162074e-05
-2.90711549e-05
-4.08767944e-06
1.72639361e-05
3.54982697e-05
5.10406466e-05
6.42480438e-05
7.54252607e-05
8.4836888e-05
9.27160459e-05
9.92705417e-05
0.000104687239
0.000109135035
0.000112766934
0.000115721507
0.00011812407
0.000120087585
0.000121713248
0.000123090475
0.000124297802
0.000125410945
0.00012651861
0.000127686052
0.000128710891
-0.000633726391
-0.000490848309
-0.000394799141
-0.000315366375
-0.000246803885
-0.000188073158
-0.000138060023
-9.54446374e-05
-5.90687972e-05
-2.79908757e-05
-1.43664229e-06
2.12367574e-05
4.05664351e-05
5.70046007e-05
7.09362353e-05
8.26930588e-05
9.25644224e-05
0.000100805383
0.000107642777
0.0001132796
0.000117898268
0.000121662976
0.000124721529
0.000127206772
0.000129237809
0.000130920808
0.000132349192
0.000133604724
0.000134766136
0.000135925854
0.00013715165
0.000138229387
-0.000646482586
-0.000503163839
-0.000406150075
-0.000325165649
-0.000254771239
-0.000194090766
-0.000142131284
-9.76636937e-05
-5.95900971e-05
-2.69997341e-05
8.70505341e-07
2.46668511e-05
4.49391233e-05
6.21574516e-05
7.67269641e-05
8.89997391e-05
9.92844502e-05
0.000107853698
0.000114949777
0.000120788951
0.000125564837
0.000129450915
0.000132602618
0.000135158966
0.000137244037
0.000138967957
0.000140427297
0.000141706299
0.000142885717
0.000144059748
0.000145297524
0.000146384224
-0.000655395
-0.00051191333
-0.000414398201
-0.000332349702
-0.000260647509
-0.000198537354
-0.000145114836
-9.92255504e-05
-5.98243729e-05
-2.60319088e-05
2.89996806e-06
2.7614909e-05
4.86684598e-05
6.65416582e-05
8.16531637e-05
9.43695621e-05
0.000105013724
0.000113871493
0.000121196971
0.000127216703
0.000132132989
0.000136126549
0.000139358704
0.000141973224
0.000144097935
0.000145845909
0.000147316011
0.000148594279
0.000149762593
0.000150915192
0.000152121579
0.000153176475
-0.000661078936
-0.00051762308
-0.000419969335
-0.000337236511
-0.000264647925
-0.000201538848
-0.000147064745
-0.000100129527
-5.97326749e-05
-2.50237201e-05
4.72978175e-06
3.01657076e-05
5.18407304e-05
7.0241623e-05
8.57953967e-05
9.88782463e-05
0.000109822816
0.000118924288
0.000126445214
0.000132619554
0.00013765589
0.00014174016
0.000145037899
0.000147696229
0.000149845563
0.00015160096
0.000153062817
0.000154318352
0.00015544983
0.000156550117
0.000157688322
0.000158677178
-0.000664111255
-0.000520794312
-0.000423284893
-0.000340155212
-0.000267010861
-0.000203250586
-0.000148064886
-0.000100401063
-5.92953157e-05
-2.39219923e-05
6.43675885e-06
3.24116569e-05
5.45577859e-05
7.33640349e-05
8.92619589e-05
0.000102633473
0.00011381742
0.000123114997
0.000130794329
0.000137094246
0.000142227483
0.000146383367
0.000149730145
0.000152417023
0.000154575981
0.000156323217
0.000157760011
0.000158974246
0.000160048007
0.000161071731
0.000162113587
0.00016301058
-0.000665021156
-0.00052189588
-0.000424752194
-0.000341432215
-0.000267982796
-0.000203844344
-0.000148219859
-0.000100087267
-5.85119797e-05
-2.26886625e-05
8.087818e-06
3.44409675e-05
5.69228155e-05
7.60220981e-05
9.21721859e-05
0.000105757868
0.000117121376
0.000126567314
0.000134367014
0.000140762094
0.000145967644
0.000150174851
0.000153553399
0.000156253524
0.000158407915
0.000160133219
0.000161531071
0.000162689622
0.000163690364
0.000164620635
0.000165547314
0.000166335591
-0.000664283757
-0.000521353104
-0.00042474609
-0.00034137595
-0.000267805625
-0.000203497198
-0.000147646338
-9.9250985e-05
-5.73992931e-05
-2.13019875e-05
9.73558497e-06
3.63304134e-05
5.90308826e-05
7.83243017e-05
9.46440254e-05
0.000108375747
0.000119863
0.000129411858
0.000137295012
0.000143755276
0.000149008654
0.000153247011
0.000156640443
0.000159339398
0.000161476593
0.000163168611
0.000164517028
0.000165609977
0.000166528092
0.000167355271
0.000168156926
0.000168828152
-0.000662312028
-0.000519541275
-0.000423607706
-0.000340272122
-0.000266708855
-0.000202383385
-0.000146465895
-9.79654739e-05
-5.59877997e-05
-1.97558944e-05
1.14166882e-05
3.81414484e-05
6.09631442e-05
8.03670501e-05
9.67854362e-05
0.00011060358
0.000122164889
0.000131775508
0.000139708175
0.000146205712
0.000151483999
0.000155734684
0.000159127532
0.000161812597
0.000163922142
0.000165572303
0.000166864325
0.000167886114
0.000168717311
0.000169438295
0.000170112971
0.000170666198
-0.000659462737
-0.000516783044
-0.000421639971
-0.000338378093
-0.000264903327
-0.000200668099
-0.00014479919
-9.63095946e-05
-5.43184018e-05
-1.80579519e-05
1.31521834e-05
3.99190391e-05
6.27841809e-05
8.22306784e-05
9.86892759e-05
0.00011254397
0.000124137158
0.000133774081
0.000141726673
0.000148236932
0.000153519928
0.00015776647
0.000161145501
0.000163806263
0.000165880253
0.00016748292
0.000168714994
0.000169664026
0.000170408622
0.00017102577
0.000171577926
0.000172018112
-0.00065603127
-0.000513345532
-0.000419107134
-0.000335921787
-0.000262578039
-0.000198502834
-0.000142760954
-9.436284e-05
-5.24380569e-05
-1.62258345e-05
1.49500574e-05
4.16931745e-05
6.45422287e-05
8.39786115e-05
0.000100431563
0.000114283157
0.000125874178
0.000135508428
0.000143456518
0.000149959137
0.000155230113
0.000159459048
0.000162813764
0.000165442454
0.00016747567
0.000169028035
0.000170199671
0.000171077698
0.000171739718
0.000172259597
0.000172698471
0.000173034883
-0.0006522497
-0.000509469036
-0.00041622325
-0.000333097793
-0.000259900235
-0.000196023493
-0.000140456042
-9.22007701e-05
-5.03951081e-05
-1.42827964e-05
1.68099543e-05
4.34834584e-05
6.6271262e-05
8.56571226e-05
0.000102071278
0.000115890789
0.000127453957
0.000137063243
0.000144987845
0.000151466967
0.00015671297
0.000160914097
0.000164236899
0.000166828426
0.000168818202
0.000170319987
0.000171433247
0.00017224465
0.000172830853
0.000173262963
0.000173600966
0.000173845663
-0.000648310258
-0.000505544149
-0.000413024038
-0.000330016462
-0.000257005345
-0.000193345661
-0.000137974608
-8.98902509e-05
-4.82343457e-05
-1.22521144e-05
1.87300567e-05
4.53080641e-05
6.79948983e-05
8.72928107e-05
0.000103649098
0.000117418984
0.000128937238
0.000138506131
0.000146393881
0.000152838289
0.000158050264
0.000162216694
0.000165502865
0.000168054684
0.000170000665
0.000171453711
0.000172512648
0.000173263686
0.000173782638
0.00017413824
0.000174389505
0.000174556007
-0.000644358959
-0.000501785823
-0.000409594876
-0.000326788174
-0.000254003718
-0.00019056492
-0.000135395026
-8.74934798e-05
-4.60036547e-05
-1.01712583e-05
2.0675251e-05
4.7129013e-05
6.97226416e-05
8.89476167e-05
0.000105226198
0.000118923704
0.000130380077
0.000139895604
0.000147736086
0.000154137473
0.000159309122
0.000163436491
0.000166683582
0.000169195163
0.000171098769
0.00017250647
0.000173516465
0.000174214534
0.000174675749
0.000174966848
0.000175145984
0.000175248273
-0.000640496176
-0.000498120184
-0.000406182325
-0.000323535137
-0.000250976946
-0.000187753795
-0.000132779474
-8.50588026e-05
-4.37370516e-05
-8.06452637e-06
2.26383413e-05
4.89662374e-05
7.14751503e-05
9.06225727e-05
0.000106806387
0.000120422744
0.00013181097
0.000141267564
0.000149055984
0.000155410568
0.000160539255
0.000164626191
0.000167834232
0.000170307092
0.000172171282
0.000173538246
0.000174505641
0.000175158734
0.000175572014
0.000175810634
0.000175931791
0.000175982903
-0.000636798791
-0.000494584562
-0.000402826629
-0.000320370955
-0.0002479943
-0.000184959215
-0.00013016642
-8.26130848e-05
-4.14414323e-05
-5.94912751e-06
2.4630166e-05
5.08467921e-05
7.32418246e-05
9.22816794e-05
0.000108380678
0.000121924314
0.000133247612
0.000142646237
0.000150382941
0.000156691062
0.000161777446
0.000165825253
0.000168996572
0.000171434203
0.000173261463
0.000174592063
0.00017552412
0.000176140582
0.000176515556
0.000176713275
0.000176789992
0.000176800985
-0.000633315272
-0.000491226211
-0.000399595129
-0.000317332082
-0.000245110601
-0.000182230354
-0.000127596922
-8.02021549e-05
-3.91860885e-05
-3.79692174e-06
2.66456131e-05
5.27497485e-05
7.50340749e-05
9.39659323e-05
0.000109982539
0.000123455068
0.000134714587
0.000144056359
0.000151742563
0.000158005629
0.000163051432
0.000167062191
0.000170198976
0.000172603914
0.000174402107
0.000175703823
0.000176605783
0.000177192554
0.000177537752
0.00017770458
0.000177748999
0.000177732279
-0.000630067755
-0.000488069483
-0.000396542394
-0.000314419166
-0.000242330222
-0.000179585884
-0.000125090991
-7.78327846e-05
-3.69476547e-05
-1.67685809e-06
2.86568864e-05
5.46618702e-05
7.68376983e-05
9.56694872e-05
0.000111612073
0.000125019861
0.000136220585
0.000145509653
0.00015314902
0.00015937043
0.00016437902
0.000168356295
0.000171462648
0.000173839623
0.000175611937
0.000176889274
0.000177767964
0.000178332395
0.000178655835
0.000178800845
0.000178823108
0.000178787749
-0.000627059524
-0.000485121826
-0.000393674691
-0.00031165462
-0.000239673986
-0.000177043605
-0.000122665193
-7.55222645e-05
-3.47484808e-05
4.17802047e-07
3.0659393e-05
5.6575285e-05
7.86536528e-05
9.73995205e-05
0.000113276689
0.000126626108
0.000137773554
0.000147014797
0.000154611686
0.000160795464
0.00016577071
0.000169718384
0.000172798376
0.000175151758
0.000176902822
0.000178160897
0.000179022015
0.00017957031
0.000179878799
0.000180009647
0.000180018329
0.000179971993
-0.00062428055
-0.000482378623
-0.000390988173
-0.000309043315
-0.000237147677
-0.000174609032
-0.000120325725
-7.32783386e-05
-3.25985598e-05
2.47666222e-06
3.26335141e-05
5.84777539e-05
8.04892222e-05
9.91675463e-05
0.000114983651
0.000128278501
0.000139377452
0.000148575722
0.000156134666
0.000162285074
0.000167231066
0.00017115316
0.000174210828
0.000176544768
0.000178278931
0.000179522352
0.000180370811
0.000180908237
0.000181207458
0.000181330427
0.000181332473
0.000181281317
-0.00062171157
-0.000479825855
-0.000388472046
-0.000306579001
-0.000234747202
-0.000172279619
-0.000118071421
-7.11009738e-05
-3.04986417e-05
4.49875872e-06
3.45780963e-05
6.03554805e-05
8.23333059e-05
0.000100977227
0.000116735454
0.000129977373
0.000141031817
0.000150191842
0.00015771744
0.00016383883
0.000168759714
0.000172660227
0.000175699483
0.000178017866
0.000179739055
0.000180971848
0.000181811816
0.000182342717
0.000182637242
0.000182757271
0.000182758041
0.000182706769
-0.000619327939
-0.000477443601
-0.000386110193
-0.000304249228
-0.000232462509
-0.000170046957
-0.00011589456
-6.8981792e-05
-2.84369044e-05
6.50498949e-06
3.65272309e-05
6.22291658e-05
8.41644486e-05
0.000102791225
0.000118507312
0.000131707452
0.000142726008
0.00015185498
0.000159353392
0.000165451099
0.000170351593
0.000174234777
0.000177259543
0.000179566067
0.000181277838
0.000182503486
0.00018333843
0.000183866288
0.000184159667
0.000184280471
0.000184283894
0.000184235897
-0.000617102798
-0.0004752091
-0.000383883717
-0.000302038646
-0.000230281416
-0.000167901691
-0.000113788351
-6.69163014e-05
-2.64114026e-05
8.49359716e-06
3.84765803e-05
6.41160525e-05
8.59987322e-05
0.000104600564
0.00012028923
0.000133461193
0.00014445354
0.000153558919
0.000161036367
0.000167115716
0.000172000428
0.000175870334
0.000178884236
0.000181182202
0.000182887618
0.000184109008
0.000184941687
0.000185469173
0.000185764022
0.00018588824
0.000185897008
0.000185854551
-0.000615008861
-0.000473098496
-0.000381772399
-0.000299930323
-0.000228190526
-0.000165834058
-0.000111746948
-6.49033385e-05
-2.44280126e-05
1.04470994e-05
4.03987537e-05
6.60079915e-05
8.78588532e-05
0.0001064286
0.000122091483
0.000135241545
0.00014621382
0.000155300891
0.000162762056
0.000168827253
0.00017369994
0.000177559923
0.00018056596
0.00018285807
0.000184559583
0.000185778957
0.000186611439
0.00018714047
0.000187438589
0.000187567946
0.000187583729
0.000187548162
-0.000613019583
-0.000471088028
-0.000379755673
-0.000297906267
-0.000226174824
-0.000163831886
-0.000109760737
-6.29355086e-05
-2.24808522e-05
1.23713194e-05
4.22998524e-05
6.79004032e-05
8.97387047e-05
0.000108273528
0.000123907494
0.000137041883
0.000148000609
0.000157074583
0.000164523804
0.000170578625
0.000175442593
0.00017929554
0.000182296233
0.000184584694
0.000186284232
0.000187503282
0.000188337045
0.000188868913
0.000189171427
0.000189306909
0.000189330562
0.000189302514
-0.000611110279
-0.000469155298
-0.000377814005
-0.000295948941
-0.000224219443
-0.00016188286
-0.000107819651
-6.10047514e-05
-2.05630934e-05
1.42732988e-05
4.41861468e-05
6.97849957e-05
9.16202656e-05
0.000110129611
0.000125739788
0.000138862637
0.000149811479
0.000158875817
0.000166316286
0.000172363588
0.000177221369
0.000181069498
0.000184066773
0.000186353235
0.000188052199
0.000189272092
0.00019010809
0.000190643549
0.000190951027
0.000191093027
0.000191124772
0.000191104311
-0.000609258787
-0.000467279957
-0.000375929603
-0.000294041906
-0.000222310356
-0.00015997512
-0.000105913645
-5.91024364e-05
-1.86666957e-05
1.61620254e-05
4.6066566e-05
7.16586319e-05
9.34859687e-05
0.000111986512
0.000127588527
0.000140702332
0.000151642726
0.000160699629
0.000168133701
0.000174175656
0.000179029176
0.000182874166
0.000185869462
0.000188155122
0.000189854477
0.000191075952
0.000191914712
0.000192454089
0.000192766666
0.000192915121
0.000192954691
0.000192941459
-0.000607445845
-0.000465444078
-0.00037408684
-0.000292170242
-0.000220435002
-0.000158098233
-0.000104034211
-5.72219853e-05
-1.67872837e-05
1.80389482e-05
4.79400894e-05
7.35278109e-05
9.5348421e-05
0.000113844917
0.000129444607
0.000142552817
0.000153487532
0.000162539534
0.000169969464
0.000176008015
0.000180858923
0.000184702155
0.000187696591
0.000189982328
0.000191682717
0.000192906194
0.000193747922
0.000194291218
0.000194608697
0.000194763204
0.000194809971
0.000194803281
-0.000605655381
-0.000463632483
-0.000372272603
-0.000290320733
-0.000218582489
-0.000156243082
-0.000102173791
-5.53574355e-05
-1.49205558e-05
1.9906509e-05
4.98075642e-05
7.53938548e-05
9.72097464e-05
0.000115704268
0.00013130441
0.00014440986
0.000155341427
0.000164390672
0.000171818277
0.000177854964
0.000182704542
0.000186547054
0.000189541438
0.000191827831
0.000193529615
0.000194755246
0.000195599888
0.000196146855
0.000196468796
0.000196628699
0.000196681773
0.000196680704
-0.000603874677
-0.00046183304
-0.000370476643
-0.00028848207
-0.000216744147
-0.000154402268
-0.000100326185
-5.35039307e-05
-1.30629818e-05
2.17668846e-05
5.16698105e-05
7.72565662e-05
9.90700883e-05
0.00011756461
0.000133166603
0.000146271036
0.000157201206
0.000166249228
0.000173675829
0.00017971177
0.00018456094
0.000188403456
0.000191398313
0.000193685692
0.000195389006
0.000196616731
0.000197464039
0.000198014247
0.000198340038
0.000198504521
0.000198562844
0.000198566316
-0.000602094168
-0.000460036789
-0.000368691093
-0.000286644808
-0.000214913693
-0.000152569912
-9.84864319e-05
-5.16575948e-05
-1.12116994e-05
2.36220203e-05
5.35279365e-05
7.9116382e-05
0.000100929312
0.000119425132
0.000135029696
0.000148134279
0.000159064256
0.000168112129
0.000175538653
0.000181574628
0.000186424018
0.000190267004
0.000193262635
0.00019555113
0.000197255932
0.000198485538
0.00019933513
0.000199888028
0.000200216949
0.000200385094
0.000200447521
0.000200454369
-0.000600306919
-0.000458237824
-0.000366905872
-0.000284805249
-0.000213087025
-0.000150741064
-9.6650529e-05
-4.98153659e-05
-9.36441526e-06
2.54735291e-05
5.53829408e-05
8.09737882e-05
0.00010278735
0.000121285155
0.000136892545
0.00014999808
0.000160928682
0.000169977124
0.000177404183
0.000183440703
0.000188290703
0.000192134422
0.000195130951
0.000197420542
0.000199126664
0.000200357831
0.000201209235
0.000201764204
0.00020209548
0.000202266312
0.000202331628
0.000202340781
-0.000598507933
-0.000456431593
-0.000365098102
-0.000282979008
-0.000211262044
-0.000148912159
-9.48157384e-05
-4.79750611e-05
-7.51939946e-06
2.73226725e-05
5.72356533e-05
8.28292398e-05
0.000104644221
0.000123144257
0.000138754447
0.000151861495
0.000162793267
0.000171842737
0.000179270719
0.000185308091
0.000190158919
0.000194003483
0.000197000906
0.000199291468
0.000200998657
0.000202231
0.000203083698
0.000203640092
0.000203972936
0.000204145414
0.000204212186
0.000204223458
-0.000596696289
-0.000454616793
-0.000363280197
-0.000281153629
-0.000209434583
-0.000147080921
-9.29800359e-05
-4.61349863e-05
-5.67532338e-06
2.91704137e-05
5.90867186e-05
8.46831064e-05
0.000106499975
0.000125002266
0.000140615137
0.000153724106
0.00016465742
0.000173708212
0.000181137351
0.000187175747
0.000192027502
0.000195872922
0.000198871157
0.000201162501
0.000202870458
0.000204103561
0.00020495702
0.000205514182
0.000205847809
0.000206021041
0.000206088361
0.000206100579
-0.000594872439
-0.000452793084
-0.000361454833
-0.000279328095
-0.000207604306
-0.000145247075
-9.11429291e-05
-4.42946252e-05
-3.83173607e-06
3.10170896e-05
6.09362998e-05
8.6535262e-05
0.000108354273
0.000126859221
0.000142474995
0.000155586129
0.000166521163
0.000175573445
0.000183003882
0.000189043398
0.000193896114
0.000197742355
0.000200741281
0.000203033197
0.000204741611
0.000205975064
0.000206828767
0.000207386068
0.000207719726
0.0002078929
0.000207960163
0.000207972051
-0.000593038187
-0.000450962271
-0.000359621575
-0.000277503512
-0.000205772143
-0.000143411424
-8.93051389e-05
-4.24545349e-05
-1.98906544e-06
3.28623531e-05
6.27839814e-05
8.83847679e-05
0.000110205344
0.000128715035
0.000144335873
0.00015744896
0.000168385375
0.000177439078
0.000184870848
0.000190911521
0.0001957652
0.00019961221
0.000202611707
0.000204903995
0.000206612581
0.000207846004
0.000208699477
0.000209256342
0.000209589351
0.000209761721
0.000209828267
0.000209838749
-0.000591196357
-0.000449127091
-0.000357773051
-0.000275689083
-0.000203941423
-0.000141575983
-8.74683245e-05
-4.06158915e-05
-1.47961632e-07
3.47061711e-05
6.46305729e-05
9.02332149e-05
0.000112053043
0.000130568173
0.00014619732
0.000159312799
0.000170250519
0.000179305732
0.000186739008
0.000192780992
0.000197635732
0.00020148354
0.00020448356
0.000206776088
0.000208484623
0.000209717704
0.000210570542
0.000211126478
0.000211458253
0.000211629101
0.000211694013
0.000211702674
-0.00058935227
-0.000447292149
-0.000355922748
-0.000273877712
-0.000202114955
-0.000139743693
-8.56346288e-05
-3.87802105e-05
1.69070256e-06
3.65484509e-05
6.64770775e-05
9.20832041e-05
0.0001139008
0.000132418525
0.000148056444
0.000161176152
0.000172116381
0.000181173884
0.000188609259
0.000194653005
0.00019950913
0.00020335794
0.000206358575
0.000208651326
0.000210359691
0.000211592212
0.000212444106
0.000212998717
0.000213328772
0.000213497456
0.000213559858
0.000213566468
-0.000587512519
-0.000445462899
-0.000354082513
-0.000272068687
-0.000200295824
-0.000137918469
-8.38071982e-05
-3.6950005e-05
3.52483134e-06
3.83872675e-05
6.83212324e-05
9.39320993e-05
0.000115749648
0.000134269883
0.000149915582
0.000163040736
0.000173984705
0.000183045409
0.00019048359
0.000196529668
0.000201387623
0.000205237753
0.000208239203
0.000210532265
0.000212240443
0.000213472285
0.00021432302
0.000214876007
0.000215203958
0.000215369995
0.000215429282
0.000215433245
-0.000585684535
-0.000443645922
-0.000352258557
-0.00027026852
-0.000198488381
-0.000136104573
-8.19896434e-05
-3.51281726e-05
5.35209008e-06
4.02206583e-05
7.01611098e-05
9.57777842e-05
0.000117598489
0.000136124165
0.000151778208
0.00016490942
0.000175858007
0.000184922786
0.000192364552
0.000198413637
0.000203273976
0.000207125866
0.000210128451
0.00021242203
0.000214130116
0.000215361273
0.000216210749
0.000216761925
0.000217087505
0.000217250542
0.000217306261
0.000217307085
-0.000583876663
-0.000441848971
-0.000350457118
-0.000268484623
-0.000196697862
-0.000134306531
-8.01857409e-05
-3.33176322e-05
7.17042081e-06
4.2047469e-05
7.19966548e-05
9.76213273e-05
0.000119447682
0.000137981057
0.000153644946
0.000166783539
0.000177738101
0.000186808208
0.000194254657
0.000200307687
0.000205171197
0.000209025482
0.000212029698
0.000214324157
0.000216032396
0.000217263001
0.000218111253
0.000218660563
0.000218983639
0.000219143466
0.000219195315
0.000219192657
-0.000582098094
-0.000440080641
-0.000348685329
-0.000266724629
-0.000194930243
-0.000132529347
-7.83996425e-05
-3.15216436e-05
8.97744967e-06
4.38661817e-05
7.3827217e-05
9.94629153e-05
0.000121297967
0.000139841469
0.00015551689
0.000168664611
0.000179626971
0.00018870406
0.000196156632
0.000202214838
0.000207082558
0.0002109401
0.000213946641
0.000216242527
0.000217951328
0.000219181674
0.00022002889
0.000220576433
0.000220897027
0.000221053592
0.000221101439
0.000221095118
-0.000580358669
-0.000438350083
-0.000346950996
-0.000264996358
-0.000193191963
-0.000130778387
-7.66357804e-05
-2.97436973e-05
1.07706114e-05
4.56751182e-05
7.56519756e-05
0.000101302633
0.00012315034
0.000141706579
0.000157395045
0.000170553997
0.000181526562
0.00019061278
0.000198073304
0.000204138249
0.000209011507
0.000212873415
0.000215883197
0.000218181254
0.000219891215
0.000221121771
0.000221968311
0.000222514358
0.000222832665
0.0002229861
0.000223030015
0.000223020032
-0.000578668615
-0.000436666721
-0.000345262261
-0.000263307622
-0.000191489591
-0.000129059126
-7.48986556e-05
-2.79873169e-05
1.25473642e-05
4.74727462e-05
7.74705516e-05
0.000103141702
0.000125007738
0.000143577637
0.000159278534
0.000172451794
0.000183438245
0.000192536567
0.00020000742
0.000206081083
0.000210961539
0.000214829201
0.00021784338
0.000220144566
0.000221856482
0.00022308791
0.000223934328
0.000224479342
0.000224795758
0.000224946412
0.0002249867
0.00022497327
-0.00057703827
-0.000435039983
-0.000343627326
-0.000261666039
-0.000189829606
-0.000127377002
-7.31927882e-05
-2.62561504e-05
1.43048959e-05
4.92570331e-05
7.92816444e-05
0.000104979711
0.00012687125
0.000145456454
0.000161168933
0.000174359962
0.000185364496
0.00019447833
0.000201962209
0.000208046818
0.00021293635
0.000216811352
0.000219831267
0.000222136722
0.00022385157
0.000225084717
0.00022593176
0.000226476413
0.000226791557
0.000226940023
0.000226977266
0.000226960857
-0.000575477743
-0.000433478982
-0.000342054138
-0.000260078808
-0.000188218167
-0.000125737248
-7.1522636e-05
-2.4554036e-05
1.60397809e-05
5.10245513e-05
8.10809271e-05
0.000106810563
0.000128736733
0.000147348509
0.000163075451
0.000176283902
0.000187309474
0.000196441994
0.00020394152
0.000210039266
0.000214939764
0.000218823751
0.000221850836
0.00022416182
0.000225880722
0.000227116606
0.000227965213
0.000228510393
0.000228825125
0.000228972273
0.000229007366
0.000228988731
-0.000573996412
-0.00043199204
-0.000340549918
-0.00025855224
-0.000186660596
-0.000124144278
-6.98917987e-05
-2.28838472e-05
1.77497637e-05
5.27735476e-05
8.28669488e-05
0.000108632612
0.000130601906
0.000149253347
0.000165000404
0.000178226617
0.000189276396
0.000198430659
0.000205948418
0.000212061527
0.00021697495
0.000220869653
0.000223905453
0.00022622336
0.000227947598
0.000229187417
0.000230038737
0.000230585564
0.000230901007
0.000231048006
0.000231082187
0.000231062393
-0.00057260241
-0.00043058617
-0.000339120685
-0.000257091266
-0.000185160912
-0.000122601256
-6.83025976e-05
-2.12470712e-05
1.94342136e-05
5.45045371e-05
8.46420932e-05
0.000110449446
0.000132462611
0.000151159493
0.000166940857
0.00018019353
0.000191270032
0.00020044771
0.000207985697
0.000214116202
0.000219044436
0.000222951584
0.000225997697
0.000228324022
0.000230055016
0.000231300148
0.000232155537
0.000232705372
0.000233022921
0.000233171255
0.00023320612
0.000233186556
-0.000571302159
-0.000429266601
-0.000337770876
-0.00025569901
-0.000183721503
-0.00012110992
-6.67560961e-05
-1.96441136e-05
2.10933709e-05
5.62184964e-05
8.6408391e-05
0.000112264449
0.000134322109
0.000153065827
0.0001688938
0.000182183789
0.000193290036
0.000202493173
0.000210053694
0.000216203874
0.000221149009
0.000225070511
0.000228128708
0.000230465127
0.000232204492
0.000233456526
0.000234317579
0.000234872047
0.000235193391
0.000235344874
0.00023538239
0.000235364774
-0.00057009986
-0.000428036198
-0.000336503026
-0.000254376299
-0.000182342804
-0.00011967041
-6.52520304e-05
-1.80743434e-05
2.27281521e-05
5.79164348e-05
8.816675e-05
0.000114079433
0.000136188327
0.000154980039
0.000170856862
0.000184190823
0.000195331717
0.000204564203
0.000212150528
0.000218323197
0.000223287684
0.000227225729
0.000230298017
0.000232646421
0.000234395989
0.000235656746
0.000236525311
0.000237086317
0.000237413454
0.000237570251
0.000237612771
0.000237599162
-0.000568996816
-0.000426894676
-0.000335317956
-0.000253120698
-0.000181022779
-0.000118281132
-6.37886785e-05
-1.65358745e-05
2.43404118e-05
5.95997965e-05
8.99177872e-05
0.000115893884
0.000138060373
0.000156903475
0.000172832441
0.000186214957
0.000197394068
0.000206659396
0.0002142746
0.000220472415
0.000225458613
0.000229415351
0.000232503751
0.000234866093
0.000236627808
0.00023789928
0.000238777411
0.000239347109
0.000239682339
0.000239846977
0.000239897273
0.00023989009
-0.000567990658
-0.000425838178
-0.000334216884
-0.00025192196
-0.000179753986
-0.000116937315
-6.23614116e-05
-1.50243978e-05
2.59319075e-05
6.1270681e-05
9.16632136e-05
0.000117708466
0.000139937712
0.000158835962
0.000174821187
0.000188255918
0.000199475333
0.000208776194
0.000216422863
0.000222648121
0.000227658113
0.000231635512
0.000234741957
0.000237120247
0.000238896232
0.000240180461
0.000241070468
0.00024165137
0.000241997341
0.000242172716
0.000242233946
0.000242235938
-0.000567074482
-0.000424860128
-0.000333197637
-0.000250757108
-0.000178519657
-0.00011562553
-6.09573296e-05
-1.35306488e-05
2.74935788e-05
6.29252747e-05
9.34011761e-05
0.000119522475
0.000141820499
0.000160775636
0.000176819037
0.000190309727
0.00020157149
0.000210910239
0.000218590535
0.000224845172
0.00022988078
0.000233880644
0.000237007052
0.000239403628
0.000241196649
0.000242492789
0.000243396488
0.000243991948
0.000244351906
0.000244541374
0.000244617008
0.000244631102
-0.000566234201
-0.000423947512
-0.000332189305
-0.000249682544
-0.00017734734
-0.000114348057
-5.95817152e-05
-1.20568562e-05
2.90811786e-05
6.45933381e-05
9.51495715e-05
0.000121348485
0.000143719006
0.000162726341
0.000178821391
0.000192370375
0.000203677588
0.000213055706
0.000220770622
0.000227055607
0.000232117841
0.000236141258
0.000239288709
0.000241704097
0.000243514272
0.000244830684
0.000245751642
0.000246362902
0.00024673929
0.00024694619
0.000247040817
0.000247072504
-0.000565449108
-0.000423078545
-0.000331186923
-0.000248646672
-0.000176188129
-0.000113071677
-5.82026731e-05
-1.05795452e-05
3.06554079e-05
6.62568306e-05
9.68969185e-05
0.000123175143
0.000145621857
0.000164684142
0.00018082923
0.000194435375
0.000205788101
0.000215205106
0.000222954247
0.000229269496
0.000234358615
0.000238406193
0.00024157572
0.000244011657
0.000245841425
0.00024717718
0.000248117338
0.000248748045
0.000249144567
0.000249372984
0.000249491296
0.00024954478
-0.000564692928
-0.000422224955
-0.000330205429
-0.00024758947
-0.000175014327
-0.000111784417
-5.68111744e-05
-9.08907333e-06
3.22399046e-05
6.79286804e-05
9.86470643e-05
0.000124995735
0.000147522658
0.000166664447
0.000182858283
0.000196501659
0.000207895234
0.000217348672
0.000225129825
0.000231473599
0.000236588499
0.00024065975
0.000243851465
0.000246308711
0.000248159457
0.000249516332
0.000250478169
0.000251131412
0.000251551716
0.000251806058
0.000251952989
0.000252031661
-0.000563927401
-0.000421348089
-0.000329201232
-0.000246487729
-0.000173798759
-0.000110458874
-5.53830528e-05
-7.5642437e-06
3.38558502e-05
6.96298945e-05
0.000100427301
0.000126845768
0.000149431561
0.000168630628
0.000184866106
0.000198541083
0.000209974952
0.000219464655
0.000227276659
0.000233647454
0.00023878683
0.000242880888
0.000246094476
0.000248573329
0.00025044601
0.000251825649
0.000252811475
0.000253490229
0.000253937992
0.000254222765
0.000254403582
0.000254512133
-0.000563101953
-0.000420402878
-0.000328124164
-0.000245305796
-0.000172506673
-0.000109062714
-5.38912708e-05
-5.98420039e-06
3.55175418e-05
7.1367601e-05
0.000102236841
0.000128717664
0.00015133089
0.000170563139
0.000186849524
0.000200558709
0.000212024368
0.000221542281
0.000229378992
0.000235771986
0.00024093207
0.000245046185
0.000248279901
0.000250779589
0.000252674368
0.000254077837
0.000255089581
0.000255796597
0.000256275389
0.000256595061
0.00025681512
0.000256958728
-0.000562152593
-0.000419361294
-0.000326903462
-0.00024399316
-0.000171097227
-0.000107559543
-5.23054205e-05
-4.32627505e-06
3.72384115e-05
7.31427385e-05
0.000104057722
0.00013057733
0.00015322215
0.000172497611
0.000188825167
0.000202553607
0.000214033186
0.000223565147
0.000231415918
0.000237822903
0.000242997358
0.000247126804
0.000250377366
0.000252895919
0.000254812033
0.000256239688
0.000257278744
0.000258016384
0.000258529502
0.000258888382
0.000259152989
0.000259336752
-0.000561015643
-0.000418291786
-0.000325368812
-0.000242461871
-0.00016951582
-0.000105902838
-5.05851279e-05
-2.55665129e-06
3.90469024e-05
7.49812903e-05
0.000105918128
0.000132455043
0.000155125571
0.000174417088
0.000190745735
0.000204479025
0.000215962337
0.00022549779
0.0002333527
0.000239765121
0.00024494689
0.000249086085
0.000252349334
0.000254883957
0.0002568199
0.000258271441
0.000259338638
0.000260108778
0.000260659098
0.000261061127
0.00026137527
0.000261603991
-0.000559603147
-0.00041698995
-0.000323543836
-0.000240666085
-0.000167701861
-0.000104040165
-4.86874454e-05
-6.4097448e-07
4.09691915e-05
7.69022696e-05
0.000107832169
0.000134359394
0.000157019473
0.0001762908
0.000192597037
0.0002063159
0.000217786423
0.000227310326
0.000235156068
0.000241562574
0.000246742266
0.000250883682
0.000254153837
0.00025670037
0.000258653477
0.000260127617
0.000261222922
0.00026202667
0.000262616373
0.000263064831
0.000263432863
0.000263710791
-0.000557823204
-0.000415296978
-0.000321382282
-0.00023854302
-0.000165586083
-0.000101912006
-4.65647719e-05
1.45720539e-06
4.30307849e-05
7.89198549e-05
0.000109801434
0.000136278587
0.00015888856
0.000178109988
0.000194369049
0.000208045615
0.000219478597
0.000228970072
0.000236789061
0.000243174939
0.000248340434
0.000252474306
0.000255743731
0.00025829645
0.000260262714
0.000261756978
0.000262879287
0.000263716759
0.000264347069
0.000264844281
0.000265269575
0.000265600105
-0.0005555717
-0.000413107481
-0.000318786757
-0.000236006564
-0.000163092322
-9.94540107e-05
-4.41650994e-05
3.77787711e-06
4.52601634e-05
8.10516207e-05
0.000111833418
0.000138211857
0.000160726657
0.000179858246
0.000196034382
0.00020963612
0.000221003005
0.000230437498
0.000238208847
0.000244556521
0.000249693248
0.000253807709
0.000257066946
0.000259618527
0.000261592501
0.000263103093
0.000264250047
0.000265120137
0.000265791059
0.000266338066
0.000266822623
0.000267207946
-0.000552728904
-0.000410310625
-0.000315651107
-0.000232961705
-0.000160139029
-9.65979004e-05
-4.14335129e-05
6.36273462e-06
4.76862915e-05
8.33145667e-05
0.000113934164
0.000140155553
0.000162521599
0.00018151498
0.000197565024
0.000211053774
0.00022232126
0.000231670066
0.000239369319
0.0002456582
0.000250749035
0.000254830033
0.000258067723
0.00026060915
0.000262583837
0.000264105484
0.000265273277
0.000266173422
0.000266883447
0.000267479665
0.000268023678
0.000268464346
-0.000549162614
-0.000406784221
-0.000311861424
-0.000229307446
-0.000156639718
-9.32718556e-05
-3.83129128e-05
9.25444409e-06
5.03380755e-05
8.57247925e-05
0.000116108101
0.000142103677
0.000164258177
0.000183056857
0.00019893063
0.000212262331
0.000223392162
0.000232622426
0.000240221661
0.000246428254
0.000251453616
0.000255484984
0.000258687903
0.000261208452
0.000263175231
0.000264701055
0.000265884243
0.000266810167
0.000267556
0.000268198905
0.000268800128
0.000269293398
-0.000544730511
-0.000402397163
-0.000307296757
-0.000224937653
-0.000152504145
-8.94017347e-05
-3.47451897e-05
1.24955972e-05
5.32434962e-05
8.82968446e-05
0.000118357677
0.00014404797
0.000165918807
0.000184458267
0.000200098784
0.000213223684
0.00022417289
0.000233247874
0.000240715967
0.00024681412
0.000251752193
0.000255715836
0.000258869032
0.000261356364
0.000263305032
0.00026482655
0.000266017997
0.000266963614
0.000267740014
0.000268425013
0.000269078455
0.000269615505
-0.000539282164
-0.000397011514
-0.000301831043
-0.000219742733
-0.000147640014
-8.49126802e-05
-3.06726378e-05
1.61275294e-05
5.64286996e-05
9.10431119e-05
0.000120683084
0.000145978019
0.000167484005
0.000185692091
0.000201036025
0.000213899181
0.000224620584
0.000233500148
0.000240803219
0.000246764519
0.000251591577
0.000255467713
0.000258554657
0.000260994867
0.000262913577
0.000264420507
0.00026561108
0.000266567955
0.000267366453
0.0002680846
0.000268784883
0.000269376598
-0.000532661399
-0.000390484717
-0.000295335451
-0.000213611771
-0.000141955013
-7.97309689e-05
-2.60395576e-05
2.01890261e-05
5.99170581e-05
9.39732829e-05
0.000123082141
0.00014788156
0.000168933117
0.000186730811
0.000201709327
0.000214251439
0.000224694456
0.000233335818
0.000240437928
0.000246232324
0.000250923279
0.000254690919
0.000257693926
0.000260071914
0.000261947515
0.000263428096
0.000264606967
0.000265564895
0.000266375688
0.000267116666
0.000267849681
0.000268479179
-0.000524709048
-0.00038267218
-0.000287681057
-0.00020643502
-0.000135359141
-7.37861167e-05
-2.0794053e-05
2.47148996e-05
6.37281844e-05
9.7093835e-05
0.000125550276
0.000149744971
0.000170245285
0.000187547937
0.000202087925
0.000214246531
0.000224358297
0.000232717055
0.000239581109
0.000245177683
0.000249706724
0.000253344168
0.000256244741
0.000258544406
0.000260362476
0.000261803345
0.000262957674
0.000263903949
0.000264714304
0.000265465045
0.000266215132
0.000266856487
-0.000515266074
-0.000373430192
-0.000278741851
-0.000198106738
-0.000127767359
-6.70132539e-05
-1.48900579e-05
2.97343982e-05
6.78768433e-05
0.0001004075
0.000128080575
0.000151553887
0.000171400626
0.000188119696
0.000202145476
0.000213856569
0.000223583426
0.000231614894
0.000238203819
0.000243571804
0.000247913251
0.00025139879
0.00025417819
0.00025638287
0.000258128049
0.000259514489
0.000260629657
0.000261549272
0.000262343163
0.000263085793
0.0002638343
0.000264477271
-0.000504177001
-0.000362619115
-0.000268398096
-0.000188528407
-0.000119102561
-5.93557905e-05
-8.28963685e-06
3.52693602e-05
7.23716598e-05
0.000103912592
0.000130663756
0.000153293822
0.000172381467
0.000188426842
0.00020186238
0.000213062471
0.000222351839
0.000230012713
0.0002362909
0.00024140091
0.000245530247
0.000248843017
0.000251482955
0.000253576005
0.000255232485
0.000256548808
0.000257608683
0.000258484614
0.000259243612
0.00025995745
0.000260681162
0.000261305256
-0.000491293569
-0.000350106731
-0.000256539954
-0.000177612277
-0.000109298839
-5.07683238e-05
-9.65588881e-07
4.13320238e-05
7.72134803e-05
0.000107602024
0.000133287889
0.000154950611
0.000173173468
0.000188456394
0.00020122808
0.000211856741
0.000220659401
0.000227909758
0.000233844796
0.000238670296
0.000242565398
0.000245686398
0.000248169892
0.000250135354
0.000251687331
0.000252917173
0.000253904278
0.00025471755
0.000255420688
0.000256081816
0.000256753371
0.00025733372
-0.000476478303
-0.000335771401
-0.000243071212
-0.000165285451
-9.83054446e-05
-4.12202122e-05
7.09520748e-06
4.79220934e-05
8.23930483e-05
0.000111461713
0.000135937595
0.000156510377
0.000173766326
0.000188203013
0.000200242995
0.000210245879
0.00021851863
0.000225324221
0.000230888819
0.000235407701
0.0002390501
0.00024196319
0.000244275286
0.000246098453
0.000247530681
0.000248657519
0.000249553383
0.000250283458
0.000250907648
0.000251489393
0.000252078
0.000252586446
-0.000459607378
-0.000319504862
-0.000227914766
-0.000151498171
-8.6093418e-05
-3.06998639e-05
1.58866037e-05
5.50217636e-05
8.78870393e-05
0.000115467705
0.000138592189
0.000157958654
0.000174153775
0.000187669765
0.000198919967
0.000208252411
0.000215961265
0.000222296327
0.000227470805
0.000231667639
0.000235044621
0.00023773853
0.000239868465
0.000241538501
0.000242839049
0.000243847483
0.000244632386
0.000245257381
0.000245776513
0.000246248594
0.000246719761
0.000247125112
-0.0004405697
-0.000301213319
-0.000211024785
-0.000136245728
-7.26523153e-05
-1.91961947e-05
2.53842704e-05
6.25913854e-05
9.36537468e-05
0.000119582655
0.000141222988
0.000159278551
0.000174332581
0.000186867821
0.000197284484
0.00020591547
0.000213038999
0.00021888897
0.000223663308
0.000227530639
0.0002306355
0.000233102452
0.000235039916
0.00023654437
0.000237698991
0.000238557123
0.000239215606
0.000239731962
0.00024012488
0.000240457906
0.000240775455
0.000241043805
-0.000419249136
-0.000280799518
-0.000192375191
-0.000119564179
-5.79341761e-05
-6.63792751e-06
3.55466152e-05
7.05677021e-05
9.96302826e-05
0.000123752425
0.000143790321
0.000160448494
0.000174300926
0.000185815376
0.000195374036
0.000203290433
0.000209823415
0.000215188062
0.000219564613
0.000223105454
0.000225939982
0.000228178618
0.000229916276
0.000231247895
0.000232298651
0.000233073204
0.000233547253
0.000233848379
0.000234077479
0.000234248376
0.000234380214
0.00023447766
-0.00039550432
-0.000258114709
-0.000171839886
-0.000101297056
-4.21238268e-05
6.54774364e-06
4.61251245e-05
7.87966259e-05
0.000105693658
0.000127877587
0.000146227303
0.000161433311
0.000174053189
0.00018453476
0.000193237184
0.000200449631
0.000206409208
0.000211309466
0.000215310755
0.000218548017
0.000221136366
0.000223175681
0.000224753235
0.000225930117
0.000226712169
0.000227240992
0.000227653787
0.000227893814
0.000227954459
0.00022790973
0.000227807368
0.00022770044
-0.000369314179
-0.000233137812
-0.000149571419
-8.15342414e-05
-2.55647719e-05
2.00938883e-05
5.70916555e-05
8.71116256e-05
0.000111700037
0.000131813458
0.000148442763
0.000162184926
0.000173578014
0.000183047568
0.000190924671
0.000197470763
0.000202895281
0.000207367758
0.000211027165
0.000213989069
0.000216351164
0.000218197044
0.000219599056
0.000220618314
0.000221308926
0.00022174022
0.00022193909
0.0002219393
0.000221796505
0.000221531276
0.000221170612
0.000220824926
-0.000340649475
-0.000205809746
-0.000125742137
-6.04229445e-05
-8.09062513e-06
3.38437743e-05
6.79723039e-05
9.53073852e-05
0.00011744265
0.000135512636
0.000150370916
0.00016265658
0.00017286622
0.000181382483
0.000188499758
0.000194446612
0.000199402737
0.00020351135
0.000206888348
0.000209629131
0.000211813725
0.000213510068
0.000214777247
0.000215667223
0.000216227218
0.000216502494
0.000216535786
0.000216359884
0.000216006166
0.000215489988
0.000214834797
0.000214218301
-0.00030951342
-0.000176410379
-0.000100546329
-3.87046758e-05
9.95078295e-06
4.81534127e-05
7.86917963e-05
0.000103073503
0.000122709534
0.000138698466
0.000151850263
0.000162764569
0.000171888167
0.000179555389
0.000186017996
0.000191467517
0.000196051649
0.000199886136
0.00020306332
0.000205658323
0.000207733574
0.000209342255
0.000210530229
0.000211338056
0.000211803069
0.000211960084
0.000211842846
0.000211483547
0.000210907696
0.000210120779
0.000209142318
0.000208226017
-0.000275799332
-0.000145528813
-7.37001463e-05
-1.64999577e-05
2.774579e-05
6.19528942e-05
8.87837014e-05
0.000110067267
0.000127187865
0.00014116496
0.000152733916
0.000162423158
0.000170614108
0.000177584151
0.000183537121
0.000188624857
0.000192962328
0.000196638183
0.000199722082
0.000202269846
0.00020432712
0.000205932038
0.000207117209
0.000207911481
0.000208340494
0.000208428731
0.000208201166
0.000207683937
0.000206896115
0.000205831375
0.000204503585
0.000203256688
-0.000239286253
-0.000113208861
-4.55483476e-05
5.7858235e-06
4.47196851e-05
7.44644094e-05
9.75074755e-05
0.000115736731
0.000130476984
0.000142638636
0.000152848388
0.000161539968
0.000169016032
0.000175490496
0.000181117152
0.000186008773
0.000190249791
0.000193904666
0.000197023396
0.000199645191
0.000201801033
0.000203515574
0.000204808515
0.000205695519
0.000206189033
0.000206299672
0.000206038861
0.000205420619
0.000204451859
0.000203109367
0.000201406387
0.000199787288
-0.000199685589
-7.91734713e-05
-1.72904648e-05
2.71746974e-05
6.01266487e-05
8.49730018e-05
0.00010420212
0.000119569749
0.000132222833
0.000142898698
0.000152077579
0.000160077487
0.000167112958
0.000173332666
0.000178843057
0.000183722847
0.000188031981
0.000191817074
0.00019511454
0.000197952305
0.000200350989
0.00020232516
0.000203884069
0.000205030796
0.00020576202
0.000206067266
0.000205930497
0.000205342671
0.000204286039
0.000202700045
0.000200574171
0.000198500337
-0.000156253399
-4.34459388e-05
1.01048685e-05
4.62731042e-05
7.25355536e-05
9.24170288e-05
0.000108133706
0.000121103124
0.000132172756
0.00014184444
0.000150423735
0.000158103674
0.000165010765
0.000171234257
0.000176842368
0.000181889656
0.000186421319
0.000190475493
0.000194083687
0.000197269698
0.000200049255
0.00020243401
0.000204433776
0.000206044346
0.000207253885
0.000208037173
0.000208321257
0.000208040117
0.000207127633
0.000205445675
0.000202878162
0.000200261661
-0.000107439834
-6.95993156e-06
3.45267304e-05
6.10013717e-05
8.0394097e-05
9.58110374e-05
0.000108788913
0.000120162725
0.000130369964
0.000139643934
0.000148116406
0.000155869395
0.000162954093
0.000169415261
0.000175300887
0.000180657653
0.00018553105
0.000189966502
0.000194008537
0.000197693991
0.000201043737
0.000204089337
0.000206880138
0.000209400741
0.00021162472
0.00021356866
0.000215047107
0.000215787477
0.000215620255
0.000214323298
0.000211483477
0.000208438307
-4.24569993e-05
2.91302113e-05
5.17417538e-05
6.76968408e-05
8.12777957e-05
9.37777702e-05
0.000105534099
0.000116609611
0.000126994223
0.000136678645
0.000145664698
0.000153945966
0.000161524502
0.000168436668
0.000174736963
0.000180479506
0.000185721322
0.000190528896
0.000194983758
0.000199157764
0.000203037752
0.000206573833
0.000209879752
0.000213282276
0.000217065816
0.00022084964
0.000223678264
0.0002254836
0.000227042637
0.000228189769
0.000227837116
0.000225776442
6.46116386e-05
6.48623e-05
6.23754342e-05
6.80875922e-05
7.77928425e-05
8.91339129e-05
0.000100943105
0.000112571925
0.000123662723
0.000134101877
0.000143879642
0.000152904564
0.000161079776
0.000168463688
0.000175161014
0.000181237071
0.000186754338
0.000191794191
0.000196498527
0.000201024069
0.000205401388
0.000209573079
0.000213608247
0.000217814464
0.000222895972
0.000229750383
0.00023862613
0.000250126852
0.000265205814
0.000285366098
0.000314261462
0.000349257288
)
;

boundaryField
{
    inner_wall
    {
        type            zeroGradient;
    }
    outer_wall
    {
        type            zeroGradient;
    }
    top
    {
        type            zeroGradient;
    }
    bottom
    {
        type            fixedValue;
        value           uniform 0;
    }
    front
    {
        type            wedge;
    }
    back
    {
        type            wedge;
    }
}


// ************************************************************************* //
