/*--------------------------------*- C++ -*----------------------------------*\
| =========                 |                                                 |
| \\      /  F ield         | OpenFOAM: The Open Source CFD Toolbox           |
|  \\    /   O peration     | Version:  2506                                  |
|   \\  /    A nd           | Website:  www.openfoam.com                      |
|    \\/     M anipulation  |                                                 |
\*---------------------------------------------------------------------------*/
FoamFile
{
    version     2.0;
    format      ascii;
    arch        "LSB;label=32;scalar=64";
    class       volScalarField;
    location    "145";
    object      p;
}
// * * * * * * * * * * * * * * * * * * * * * * * * * * * * * * * * * * * * * //

dimensions      [0 2 -2 0 0 0 0];

internalField   nonuniform List<scalar> 
3072
(
-0.000123967144
-9.41515162e-05
-9.04856885e-05
-8.44511946e-05
-7.46945372e-05
-6.29698016e-05
-5.10207542e-05
-3.99856048e-05
-2.77742488e-05
-1.40153703e-05
-7.56287005e-06
-7.76017585e-06
-7.62203441e-06
-6.31045429e-06
-4.47203456e-06
-2.49539826e-06
-5.35722535e-07
1.32379599e-06
3.02537531e-06
4.52419206e-06
5.80687106e-06
7.01604304e-06
8.04230215e-06
8.74650513e-06
9.27238983e-06
9.66435618e-06
9.94257907e-06
1.01314872e-05
1.02633945e-05
1.03857738e-05
1.05659072e-05
1.08151664e-05
-0.000264310375
-0.000186452073
-0.000160138637
-0.000141512697
-0.000123474757
-0.000104850601
-8.64209834e-05
-6.86357034e-05
-5.08429661e-05
-3.39335886e-05
-2.1812502e-05
-1.44699541e-05
-8.56998864e-06
-3.29988162e-06
1.33043655e-06
5.32480383e-06
8.74338197e-06
1.16449073e-05
1.40881061e-05
1.61498491e-05
1.77775802e-05
1.92003419e-05
2.04184962e-05
2.12384887e-05
2.18514426e-05
2.23315974e-05
2.27116389e-05
2.3023192e-05
2.33043256e-05
2.36021684e-05
2.39473902e-05
2.42410888e-05
-0.000326423759
-0.000221781175
-0.000176574332
-0.000146113012
-0.000121669554
-0.000100771841
-8.23236741e-05
-6.56796819e-05
-5.03713451e-05
-3.65146362e-05
-2.4756798e-05
-1.50289893e-05
-6.70549398e-06
5.33338289e-07
6.82426576e-06
1.22634367e-05
1.69345878e-05
2.09093048e-05
2.42732307e-05
2.72005926e-05
2.9586678e-05
3.14881176e-05
3.30811925e-05
3.4316951e-05
3.52852238e-05
3.60472384e-05
3.66469552e-05
3.71230639e-05
3.75126757e-05
3.78541681e-05
3.81780831e-05
3.84492517e-05
-0.000386212941
-0.00026691519
-0.000210788358
-0.000168760876
-0.000135763038
-0.000109664197
-8.78522586e-05
-6.8931604e-05
-5.21829861e-05
-3.72967293e-05
-2.41971202e-05
-1.27466977e-05
-2.72755883e-06
6.04070918e-06
1.36900945e-05
2.03248651e-05
2.60364092e-05
3.09110347e-05
3.50379165e-05
3.85009481e-05
4.14023091e-05
4.375739e-05
4.56286173e-05
4.71510995e-05
4.83630394e-05
4.93170914e-05
5.00674594e-05
5.06623659e-05
5.1144879e-05
5.15569932e-05
5.19303229e-05
5.22254046e-05
-0.000442025365
-0.00031568079
-0.000246465786
-0.000194678296
-0.00015429072
-0.000122039063
-9.54363533e-05
-7.29132024e-05
-5.34565556e-05
-3.64583467e-05
-2.15552467e-05
-8.48034031e-06
2.98963335e-06
1.30326951e-05
2.17905137e-05
2.93832185e-05
3.59220132e-05
4.15135223e-05
4.62355585e-05
5.00709118e-05
5.32998259e-05
5.60636454e-05
5.82581033e-05
6.00109071e-05
6.14107988e-05
6.25244067e-05
6.34105837e-05
6.41221914e-05
6.47075644e-05
6.52151858e-05
6.56822662e-05
6.60574711e-05
-0.000490655496
-0.000359350173
-0.000280091278
-0.000220370336
-0.000173455006
-0.000135074497
-0.000103461316
-7.69814331e-05
-5.44125498e-05
-3.49371511e-05
-1.80135115e-05
-3.25694786e-06
9.6206951e-06
2.08410128e-05
3.05814105e-05
3.89918913e-05
4.62065521e-05
5.23489653e-05
5.75295055e-05
6.18424926e-05
6.54207854e-05
6.83737975e-05
7.07722232e-05
7.27057946e-05
7.42588494e-05
7.55059756e-05
7.65134244e-05
7.73399459e-05
7.80400776e-05
7.86710636e-05
7.92766504e-05
7.97778476e-05
-0.000531925619
-0.000396359942
-0.000311284757
-0.000245353261
-0.000191929165
-0.000147979141
-0.000111621296
-8.11855969e-05
-5.5378152e-05
-3.32740343e-05
-1.42174648e-05
2.27310682e-06
1.65602387e-05
2.89248169e-05
3.95929247e-05
4.8754319e-05
5.65747937e-05
6.32036134e-05
6.87778596e-05
7.34253483e-05
7.72691926e-05
8.04239969e-05
8.29931978e-05
8.50736521e-05
8.67550454e-05
8.81190081e-05
8.92385241e-05
9.01781578e-05
9.09987424e-05
9.17668828e-05
9.25330213e-05
9.31836407e-05
-0.000566132831
-0.000427474178
-0.000338406768
-0.000267796735
-0.000209055517
-0.000160191526
-0.000119500809
-8.53394374e-05
-5.63984745e-05
-3.17025466e-05
-1.05251981e-05
7.68781656e-06
2.33651558e-05
3.68458098e-05
4.84057513e-05
5.82769296e-05
6.66602877e-05
7.37343677e-05
7.96609226e-05
8.4588489e-05
8.86546032e-05
9.19861936e-05
9.46998107e-05
9.6902522e-05
9.86922386e-05
0.000100157647
0.000101377823
0.000102422627
0.000103358715
0.000104261543
0.000105187594
0.000105987788
-0.000594147041
-0.000453435502
-0.000361224193
-0.000286857651
-0.000223988119
-0.000171079479
-0.000126662142
-8.91944765e-05
-5.74009699e-05
-3.02973425e-05
-7.12053604e-06
1.27314197e-05
2.97377767e-05
4.42863208e-05
5.6697523e-05
6.72425865e-05
7.61562274e-05
8.3645665e-05
8.98966562e-05
9.50775878e-05
9.93420732e-05
0.000102830436
0.000105670705
0.000107979509
0.000109862669
0.000111415487
0.00011272256
0.000113858439
0.000114894796
0.000115914615
0.000116979383
0.000117909105
-0.000616490206
-0.000474437006
-0.000379939758
-0.000302668682
-0.000236574468
-0.000180405141
-0.000132888726
-9.25991035e-05
-5.83161335e-05
-2.9071087e-05
-4.08761581e-06
1.72639948e-05
3.54983246e-05
5.1040698e-05
6.42480923e-05
7.54253068e-05
8.48369321e-05
9.27160883e-05
9.92705829e-05
0.00010468728
0.000109135075
0.000112766973
0.000115721545
0.000118124108
0.000120087623
0.000121713285
0.000123090512
0.000124297839
0.000125410982
0.000126518647
0.000127686089
0.000128710928
-0.000633726337
-0.000490848253
-0.000394799082
-0.000315366316
-0.000246803818
-0.00018807309
-0.000138059949
-9.54445636e-05
-5.90687204e-05
-2.79908011e-05
-1.43656735e-06
2.12368291e-05
4.05665055e-05
5.70046676e-05
7.09363001e-05
8.26931202e-05
9.25644816e-05
0.000100805439
0.000107642831
0.000113279651
0.000117898318
0.000121663024
0.000124721576
0.000127206817
0.000129237853
0.000130920851
0.000132349234
0.000133604765
0.000134766177
0.000135925894
0.00013715169
0.000138229426
-0.000646482545
-0.0005031638
-0.000406150039
-0.000325165613
-0.000254771208
-0.000194090732
-0.00014213125
-9.76636565e-05
-5.95900577e-05
-2.69996922e-05
8.70549608e-07
2.46668966e-05
4.49391703e-05
6.21574987e-05
7.6727012e-05
8.89997863e-05
9.92844973e-05
0.000107853744
0.000114949822
0.000120788995
0.00012556488
0.000129450958
0.00013260266
0.000135159008
0.000137244077
0.000138967997
0.000140427336
0.000141706337
0.000142885755
0.000144059786
0.000145297561
0.000146384261
-0.000655394962
-0.000511913294
-0.000414398169
-0.000332349675
-0.000260647486
-0.000198537335
-0.00014511482
-9.92255356e-05
-5.98243594e-05
-2.60318948e-05
2.8999824e-06
2.76149249e-05
4.86684768e-05
6.65416769e-05
8.16531837e-05
9.43695837e-05
0.000105013747
0.000113871517
0.000121196996
0.000127216728
0.000132133015
0.000136126576
0.000139358731
0.000141973252
0.000144097963
0.000145845937
0.00014731604
0.000148594308
0.000149762622
0.000150915221
0.000152121609
0.000153176506
-0.000661078892
-0.000517623035
-0.000419969291
-0.000337236467
-0.000264647881
-0.000201538806
-0.000147064705
-0.00010012949
-5.97326409e-05
-2.50236882e-05
4.72981076e-06
3.01657353e-05
5.1840756e-05
7.02416481e-05
8.57954206e-05
9.887827e-05
0.000109822839
0.000118924312
0.000126445237
0.000132619577
0.000137655913
0.000141740184
0.000145037923
0.000147696253
0.000149845587
0.000151600984
0.000153062841
0.000154318376
0.000155449855
0.000156550142
0.000157688347
0.000158677204
-0.000664111207
-0.000520794261
-0.000423284838
-0.000340155154
-0.000267010799
-0.000203250523
-0.000148064822
-0.000100401
-5.92952535e-05
-2.39219333e-05
6.43681579e-06
3.24117102e-05
5.45578365e-05
7.3364082e-05
8.92620034e-05
0.000102633515
0.000113817459
0.000123115033
0.000130794364
0.000137094279
0.000142227515
0.000146383397
0.000149730174
0.00015241705
0.000154576008
0.000156323243
0.000157760036
0.000158974271
0.000160048031
0.000161071755
0.000162113611
0.000163010603
-0.000665021127
-0.000521895851
-0.000424752164
-0.000341432183
-0.000267982764
-0.00020384431
-0.000148219824
-0.000100087231
-5.85119425e-05
-2.26886259e-05
8.08785548e-06
3.44410036e-05
5.69228517e-05
7.60221323e-05
9.21722197e-05
0.0001057579
0.000117121407
0.000126567343
0.000134367042
0.000140762121
0.000145967669
0.000150174874
0.000153553422
0.000156253546
0.000158407936
0.000160133239
0.000161531091
0.000162689642
0.000163690383
0.000164620653
0.000165547332
0.000166335608
-0.000664283752
-0.000521353103
-0.000424746094
-0.000341375959
-0.000267805635
-0.00020349721
-0.000147646349
-9.92509964e-05
-5.73993029e-05
-2.13019961e-05
9.73557845e-06
3.63304085e-05
5.90308797e-05
7.83243004e-05
9.46440258e-05
0.000108375749
0.000119863003
0.000129411862
0.000137295016
0.000143755281
0.00014900866
0.000153247017
0.000156640449
0.000159339405
0.0001614766
0.000163168618
0.000164517035
0.000165609984
0.000166528099
0.000167355278
0.000168156934
0.00016882816
-0.000662312022
-0.000519541271
-0.000423607704
-0.000340272122
-0.000266708857
-0.000202383388
-0.000146465901
-9.79654796e-05
-5.59878073e-05
-1.97559014e-05
1.14166799e-05
3.81414411e-05
6.09631365e-05
8.03670435e-05
9.67854296e-05
0.000110603574
0.000122164884
0.000131775504
0.000139708171
0.000146205709
0.000151483996
0.000155734682
0.00015912753
0.000161812596
0.000163922141
0.000165572303
0.000166864325
0.000167886114
0.00016871731
0.000169438295
0.000170112971
0.000170666199
-0.000659462722
-0.000516783024
-0.000421639946
-0.000338378065
-0.000264903297
-0.000200668068
-0.00014479916
-9.63095668e-05
-5.43183762e-05
-1.80579293e-05
1.31522034e-05
3.99190562e-05
6.27841954e-05
8.22306904e-05
9.86892857e-05
0.000112543977
0.000124137164
0.000133774086
0.000141726676
0.000148236934
0.000153519929
0.00015776647
0.0001611455
0.000163806261
0.000165880252
0.000167482918
0.000168714992
0.000169664023
0.000170408619
0.000171025766
0.000171577923
0.000172018108
-0.000656031269
-0.00051334553
-0.00041910713
-0.000335921781
-0.00026257803
-0.000198502824
-0.000142760942
-9.43628293e-05
-5.24380455e-05
-1.6225825e-05
1.4950067e-05
4.16931819e-05
6.45422356e-05
8.39786161e-05
0.000100431566
0.000114283159
0.000125874178
0.000135508427
0.000143456515
0.000149959134
0.000155230109
0.000159459042
0.000162813758
0.000165442447
0.000167475662
0.000169028026
0.000170199662
0.000171077689
0.000171739709
0.000172259587
0.000172698461
0.000173034872
-0.000652249721
-0.000509469064
-0.00041622329
-0.000333097836
-0.000259900279
-0.000196023537
-0.000140456083
-9.22008096e-05
-5.03951449e-05
-1.42828315e-05
1.68099219e-05
4.34834276e-05
6.62712337e-05
8.56570959e-05
0.000102071253
0.000115890765
0.000127453933
0.00013706322
0.000144987822
0.000151466945
0.000156712949
0.000160914075
0.000164236878
0.000166828405
0.000168818182
0.000170319967
0.000171433227
0.000172244629
0.000172830833
0.000173262943
0.000173600947
0.000173845643
-0.000648310282
-0.000505544177
-0.000413024072
-0.000330016499
-0.000257005387
-0.000193345703
-0.000137974652
-8.98902938e-05
-4.82343892e-05
-1.22521562e-05
1.87300143e-05
4.53080233e-05
6.79948596e-05
8.72927755e-05
0.000103649063
0.00011741895
0.000128937205
0.000138506099
0.00014639385
0.000152838258
0.000158050233
0.000162216664
0.000165502835
0.000168054655
0.000170000636
0.000171453683
0.00017251262
0.000173263658
0.000173782611
0.000174138212
0.000174389478
0.000174555981
-0.000644358974
-0.000501785835
-0.000409594886
-0.000326788182
-0.000254003727
-0.000190564929
-0.000135395037
-8.74934922e-05
-4.60036694e-05
-1.01712749e-05
2.0675232e-05
4.71289924e-05
6.97226196e-05
8.89475933e-05
0.000105226174
0.000118923678
0.00013038005
0.000139895576
0.000147736058
0.000154137444
0.000159309092
0.000163436461
0.000166683552
0.000169195132
0.000171098738
0.000172506439
0.000173516434
0.000174214503
0.000174675718
0.000174966817
0.000175145953
0.000175248242
-0.000640496207
-0.000498120213
-0.000406182352
-0.000323535162
-0.000250976967
-0.000187753816
-0.000132779493
-8.50588234e-05
-4.37370723e-05
-8.06454894e-06
2.26383189e-05
4.89662137e-05
7.14751245e-05
9.06225435e-05
0.000106806358
0.000120422713
0.000131810939
0.000141267532
0.000149055951
0.000155410534
0.000160539221
0.000164626157
0.000167834196
0.000170307056
0.000172171246
0.000173538209
0.000174505604
0.000175158697
0.000175571977
0.000175810596
0.000175931754
0.000175982865
-0.000636798849
-0.000494584623
-0.000402826691
-0.000320371019
-0.000247994364
-0.000184959279
-0.000130166482
-8.26131455e-05
-4.14414916e-05
-5.94918508e-06
2.46301103e-05
5.0846738e-05
7.32417717e-05
9.22816272e-05
0.000108380627
0.000121924263
0.000133247563
0.000142646189
0.000150382893
0.000156691014
0.000161777399
0.000165825206
0.000168996526
0.000171434156
0.000173261417
0.000174592017
0.000175524074
0.000176140537
0.00017651551
0.00017671323
0.000176789948
0.00017680094
-0.00063331533
-0.00049122627
-0.000399595191
-0.000317332146
-0.000245110667
-0.000182230421
-0.000127596989
-8.02022213e-05
-3.91861551e-05
-3.79698708e-06
2.6645548e-05
5.27496853e-05
7.50340126e-05
9.39658717e-05
0.000109982479
0.000123455009
0.00013471453
0.000144056303
0.000151742508
0.000158005574
0.000163051378
0.000167062138
0.000170198923
0.000172603861
0.000174402055
0.000175703771
0.000176605731
0.000177192503
0.000177537701
0.000177704529
0.000177748948
0.000177732229
-0.0006300678
-0.000488069525
-0.000396542435
-0.000314419206
-0.000242330261
-0.000179585925
-0.000125091032
-7.78328271e-05
-3.69476994e-05
-1.67690511e-06
2.86568367e-05
5.46618202e-05
7.68376485e-05
9.56694368e-05
0.000111612022
0.000125019809
0.000136220532
0.0001455096
0.000153148967
0.000159370376
0.000164378966
0.000168356241
0.000171462593
0.000173839568
0.000175611882
0.00017688922
0.000177767909
0.00017833234
0.000178655781
0.00017880079
0.000178823053
0.000178787695
-0.000627059579
-0.00048512188
-0.000393674743
-0.00031165467
-0.000239674033
-0.000177043653
-0.000122665239
-7.55223121e-05
-3.47485286e-05
4.17752896e-07
3.06593436e-05
5.65752343e-05
7.86536011e-05
9.73994672e-05
0.000113276636
0.000126626054
0.000137773499
0.000147014741
0.000154611629
0.000160795406
0.000165770653
0.000169718326
0.000172798317
0.000175151699
0.000176902763
0.000178160838
0.000179021956
0.000179570251
0.00017987874
0.000180009588
0.000180018269
0.000179971933
-0.000624280627
-0.000482378702
-0.000390988253
-0.000309043397
-0.000237147758
-0.000174609113
-0.000120325804
-7.3278417e-05
-3.25986355e-05
2.47658901e-06
3.26334443e-05
5.84776833e-05
8.04891503e-05
9.91674749e-05
0.000114983581
0.000128278432
0.000139377384
0.000148575654
0.000156134599
0.000162285007
0.000167230999
0.000171153093
0.000174210762
0.000176544702
0.000178278865
0.000179522287
0.000180370745
0.000180908172
0.000181207393
0.000181330362
0.000181332408
0.000181281253
-0.000621711646
-0.000479825933
-0.000388472127
-0.000306579083
-0.000234747286
-0.000172279702
-0.000118071505
-7.1101057e-05
-3.04987246e-05
4.49867785e-06
3.45780164e-05
6.0355402e-05
8.23332278e-05
0.000100977151
0.000116735378
0.000129977298
0.000141031742
0.000150191768
0.000157717367
0.000163838758
0.000168759642
0.000172660156
0.000175699411
0.000178017796
0.000179738985
0.000180971777
0.000181811746
0.000182342647
0.000182637173
0.000182757201
0.000182757971
0.0001827067
-0.000619328005
-0.000477443665
-0.000386110256
-0.00030424929
-0.000232462571
-0.00017004702
-0.000115894623
-6.89818563e-05
-2.84369706e-05
6.50492201e-06
3.65271617e-05
6.2229097e-05
8.41643794e-05
0.000102791155
0.000118507241
0.000131707381
0.000142725937
0.000151854909
0.00015935332
0.000165451028
0.000170351521
0.000174234705
0.000177259471
0.000179565995
0.000181277766
0.000182503414
0.000183338358
0.000183866217
0.000184159595
0.000184280399
0.000184283822
0.000184235825
-0.000617102871
-0.000475209172
-0.000383883787
-0.000302038714
-0.000230281483
-0.000167901757
-0.000113788417
-6.69163676e-05
-2.6411469e-05
8.49352927e-06
3.84765117e-05
6.41159828e-05
8.5998662e-05
0.000104600493
0.000120289159
0.00013346112
0.000144453468
0.000153558846
0.000161036294
0.000167115642
0.000172000354
0.00017587026
0.000178884162
0.000181182128
0.000182887544
0.000184108933
0.000184941613
0.000185469098
0.000185763947
0.000185888166
0.000185896933
0.000185854475
-0.00061500895
-0.000473098586
-0.000381772491
-0.000299930415
-0.000228190617
-0.000165834149
-0.000111747038
-6.49034274e-05
-2.44280999e-05
1.04470128e-05
4.0398668e-05
6.60079063e-05
8.78587698e-05
0.000106428518
0.000122091401
0.000135241464
0.000146213739
0.00015530081
0.000162761975
0.000168827172
0.00017369986
0.000177559843
0.00018056588
0.000182857991
0.000184559503
0.000185778878
0.00018661136
0.000187140391
0.00018743851
0.000187567867
0.00018758365
0.000187548084
-0.000613019672
-0.000471088118
-0.000379755765
-0.00029790636
-0.000226174918
-0.00016383198
-0.000109760831
-6.29356021e-05
-2.24809455e-05
1.23712276e-05
4.22997612e-05
6.79003134e-05
8.9738616e-05
0.00010827344
0.000123907407
0.000137041797
0.000148000524
0.000157074498
0.00016452372
0.000170578541
0.00017544251
0.000179295457
0.00018229615
0.000184584611
0.00018628415
0.0001875032
0.000188336963
0.000188868831
0.000189171345
0.000189306827
0.00018933048
0.000189302433
-0.000611110359
-0.000469155377
-0.000377814083
-0.000295949019
-0.000224219521
-0.000161882938
-0.00010781973
-6.10048311e-05
-2.05631741e-05
1.42732176e-05
4.41860648e-05
6.97849131e-05
9.1620183e-05
0.000110129529
0.000125739706
0.000138862554
0.000149811396
0.000158875734
0.000166316202
0.000172363505
0.000177221286
0.000181069414
0.00018406669
0.000186353151
0.000188052116
0.000189272008
0.000190108006
0.000190643466
0.000190950944
0.000191092944
0.000191124688
0.000191104228
-0.000609258872
-0.00046728004
-0.000375929685
-0.000294041987
-0.000222310435
-0.000159975199
-0.000105913724
-5.91025161e-05
-1.86667755e-05
1.61619447e-05
4.60664848e-05
7.16585498e-05
9.34858862e-05
0.000111986429
0.000127588443
0.000140702248
0.000151642643
0.000160699545
0.000168133617
0.000174175571
0.000179029091
0.000182874081
0.000185869377
0.000188155037
0.000189854392
0.000191075867
0.000191914627
0.000192454004
0.00019276658
0.000192915036
0.000192954606
0.000192941373
-0.000607445941
-0.000465444175
-0.000374086938
-0.000292170339
-0.0002204351
-0.00015809833
-0.000104034307
-5.72220803e-05
-1.67873776e-05
1.8038855e-05
4.79399974e-05
7.35277198e-05
9.53483296e-05
0.000113844825
0.000129444516
0.000142552726
0.000153487442
0.000162539444
0.000169969375
0.000176007926
0.000180858834
0.000184702066
0.000187696503
0.00018998224
0.000191682628
0.000192906106
0.000193747834
0.00019429113
0.000194608609
0.000194763116
0.000194809883
0.000194803194
-0.000605655477
-0.00046363258
-0.000372272701
-0.000290320832
-0.000218582588
-0.000156243182
-0.00010217389
-5.53575341e-05
-1.49206539e-05
1.99064118e-05
4.98074678e-05
7.53937595e-05
9.72096517e-05
0.000115704174
0.000131304317
0.000144409766
0.000155341334
0.00016439058
0.000171818185
0.000177854873
0.00018270445
0.000186546963
0.000189541347
0.000191827741
0.000193529525
0.000194755156
0.000195599798
0.000196146765
0.000196468706
0.00019662861
0.000196681683
0.000196680614
-0.000603874766
-0.000461833128
-0.00037047673
-0.000288482158
-0.000216744234
-0.000154402355
-0.000100326273
-5.35040193e-05
-1.3063071e-05
2.1766795e-05
5.16697202e-05
7.72564755e-05
9.9069998e-05
0.00011756452
0.000133166513
0.000146270946
0.000157201115
0.000166249137
0.000173675738
0.000179711679
0.000184560849
0.000188403365
0.000191398222
0.000193685601
0.000195388915
0.00019661664
0.000197463949
0.000198014157
0.000198339948
0.00019850443
0.000198562753
0.000198566225
-0.000602094259
-0.00046003688
-0.000368691182
-0.000286644896
-0.000214913781
-0.000152569999
-9.84865195e-05
-5.16576827e-05
-1.12117877e-05
2.36219315e-05
5.35278473e-05
7.91162922e-05
0.000100929222
0.000119425042
0.000135029605
0.000148134188
0.000159064166
0.000168112038
0.000175538562
0.000181574537
0.000186423926
0.000190266912
0.000193262543
0.000195551038
0.000197255841
0.000198485447
0.000199335039
0.000199887936
0.000200216857
0.000200385002
0.000200447429
0.000200454278
-0.000600307018
-0.000458237923
-0.000366905972
-0.000284805349
-0.000213087125
-0.000150741164
-9.66506281e-05
-4.98154643e-05
-9.36451312e-06
2.54734319e-05
5.53828444e-05
8.09736924e-05
0.000102787254
0.000121285058
0.000136892449
0.000149997985
0.000160928587
0.000169977029
0.000177404089
0.000183440609
0.000188290609
0.000192134329
0.000195130857
0.000197420448
0.000199126571
0.000200357738
0.000201209142
0.00020176411
0.000202095387
0.000202266218
0.000202331534
0.000202340688
-0.000598508032
-0.000456431693
-0.000365098203
-0.00028297911
-0.000211262145
-0.00014891226
-9.48158397e-05
-4.7975162e-05
-7.5194998e-06
2.73225728e-05
5.72355543e-05
8.28291414e-05
0.000104644123
0.000123144159
0.00013875435
0.000151861398
0.00016279317
0.000171842641
0.000179270623
0.000185307996
0.000190158824
0.000194003388
0.000197000811
0.000199291374
0.000200998563
0.000202230906
0.000203083604
0.000203639998
0.000203972842
0.00020414532
0.000204212092
0.000204223364
-0.000596696383
-0.000454616886
-0.00036328029
-0.000281153722
-0.000209434676
-0.000147081014
-9.29801292e-05
-4.61350798e-05
-5.67541715e-06
2.91703195e-05
5.90866241e-05
8.46830116e-05
0.000106499881
0.000125002172
0.000140615043
0.000153724012
0.000164657326
0.000173708118
0.000181137256
0.000187175653
0.000192027407
0.000195872828
0.000198871062
0.000201162407
0.000202870363
0.000204103467
0.000204956926
0.000205514088
0.000205847714
0.000206020946
0.000206088266
0.000206100485
-0.000594872534
-0.000452793178
-0.000361454926
-0.000279328188
-0.000207604399
-0.000145247168
-9.11430217e-05
-4.42947179e-05
-3.83182901e-06
3.10169963e-05
6.09362063e-05
8.65351681e-05
0.000108354179
0.000126859127
0.0001424749
0.000155586035
0.000166521068
0.00017557335
0.000183003787
0.000189043304
0.00019389602
0.00019774226
0.000200741186
0.000203033102
0.000204741516
0.000205974969
0.000206828672
0.000207385973
0.000207719631
0.000207892805
0.000207960068
0.000207971955
-0.000593038287
-0.000450962372
-0.000359621676
-0.000277503613
-0.000205772244
-0.000143411524
-8.93052391e-05
-4.24546347e-05
-1.9891648e-06
3.28622542e-05
6.27838831e-05
8.838467e-05
0.000110205246
0.000128714937
0.000144335775
0.000157448862
0.000168385278
0.000177438981
0.000184870751
0.000190911425
0.000195765104
0.000199612114
0.000202611611
0.000204903899
0.000206612484
0.000207845908
0.000208699381
0.000209256246
0.000209589255
0.000209761625
0.000209828171
0.000209838653
-0.000591196457
-0.000449127192
-0.000357773152
-0.000275689185
-0.000203941525
-0.000141576084
-8.7468426e-05
-4.06159926e-05
-1.48062383e-07
3.47060708e-05
6.46304729e-05
9.02331154e-05
0.000112052944
0.000130568074
0.000146197221
0.0001593127
0.000170250422
0.000179305634
0.000186738911
0.000192780894
0.000197635635
0.000201483443
0.000204483464
0.000206775991
0.000208484526
0.000209717607
0.000210570446
0.000211126382
0.000211458157
0.000211629005
0.000211693917
0.000211702578
-0.000589352366
-0.000447292245
-0.000355922844
-0.000273877807
-0.00020211505
-0.000139743788
-8.56347243e-05
-3.87803061e-05
1.69060673e-06
3.65483549e-05
6.64769812e-05
9.20831076e-05
0.000113900704
0.000132418429
0.000148056347
0.000161176056
0.000172116285
0.000181173788
0.000188609162
0.000194652908
0.000199509034
0.000203357844
0.000206358479
0.00020865123
0.000210359595
0.000211592116
0.00021244401
0.000212998621
0.000213328676
0.00021349736
0.000213559762
0.000213566372
-0.000587512616
-0.000445462995
-0.000354082609
-0.000272068782
-0.000200295919
-0.000137918564
-8.38072929e-05
-3.69500998e-05
3.52473634e-06
3.83871723e-05
6.83211371e-05
9.3932004e-05
0.000115749553
0.000134269787
0.000149915486
0.00016304064
0.000173984609
0.000183045313
0.000190483493
0.000196529572
0.000201387526
0.000205237657
0.000208239107
0.000210532169
0.000212240347
0.000213472189
0.000214322924
0.000214875911
0.000215203862
0.000215369898
0.000215429186
0.000215433149
-0.000585684635
-0.000443646022
-0.000352258658
-0.000270268621
-0.000198488482
-0.000136104673
-8.19897433e-05
-3.51282722e-05
5.35199073e-06
4.02205592e-05
7.01610111e-05
9.57776859e-05
0.000117598391
0.000136124067
0.000151778111
0.000164909322
0.00017585791
0.000184922689
0.000192364455
0.00019841354
0.000203273879
0.000207125769
0.000210128354
0.000212421933
0.000214130019
0.000215361176
0.000216210653
0.000216761828
0.000217087408
0.000217250445
0.000217306165
0.000217306989
-0.000583876762
-0.000441849071
-0.000350457218
-0.000268484723
-0.000196697963
-0.000134306631
-8.01858416e-05
-3.33177326e-05
7.17032067e-06
4.20473692e-05
7.19965551e-05
9.76212278e-05
0.000119447583
0.000137980958
0.000153644848
0.000166783441
0.000177738003
0.00018680811
0.00019425456
0.000200307589
0.000205171099
0.000209025385
0.000212029601
0.00021432406
0.000216032299
0.000217262904
0.000218111156
0.000218660466
0.000218983543
0.00021914337
0.000219195218
0.00021919256
-0.000582098191
-0.000440080737
-0.000348685425
-0.000266724725
-0.000194930339
-0.000132529443
-7.83997387e-05
-3.15217399e-05
8.97735325e-06
4.38660853e-05
7.38271203e-05
9.94628185e-05
0.00012129787
0.000139841373
0.000155516794
0.000168664515
0.000179626874
0.000188703963
0.000196156535
0.000202214741
0.000207082462
0.000210940004
0.000213946545
0.000216242431
0.000217951232
0.000219181578
0.000220028794
0.000220576337
0.000220896931
0.000221053496
0.000221101343
0.000221095021
-0.000580358766
-0.00043835018
-0.000346951092
-0.000264996454
-0.000193192058
-0.000130778483
-7.66358756e-05
-2.97437927e-05
1.0770516e-05
4.56750226e-05
7.56518801e-05
0.000101302538
0.000123150245
0.000141706483
0.000157394949
0.0001705539
0.000181526466
0.000190612684
0.000198073208
0.000204138153
0.000209011411
0.000212873319
0.000215883101
0.000218181158
0.000219891119
0.000221121674
0.000221968215
0.000222514262
0.000222832569
0.000222986004
0.000223029919
0.000223019936
-0.000578668714
-0.00043666682
-0.00034526236
-0.000263307721
-0.00019148969
-0.000129059224
-7.4898754e-05
-2.79874152e-05
1.25472661e-05
4.74726483e-05
7.7470454e-05
0.000103141604
0.000125007641
0.00014357754
0.000159278437
0.000172451697
0.000183438149
0.00019253647
0.000200007324
0.000206080987
0.000210961443
0.000214829105
0.000217843284
0.00022014447
0.000221856386
0.000223087814
0.000223934232
0.000224479246
0.000224795662
0.000224946316
0.000224986604
0.000224973174
-0.000577038369
-0.000435040081
-0.000343627425
-0.000261666138
-0.000189829705
-0.000127377101
-7.31928871e-05
-2.62562491e-05
1.43047974e-05
4.92569349e-05
7.92815463e-05
0.000104979614
0.000126871152
0.000145456356
0.000161168836
0.000174359865
0.0001853644
0.000194478233
0.000201962113
0.000208046722
0.000212936254
0.000216811256
0.000219831171
0.000222136625
0.000223851474
0.000225084621
0.000225931664
0.000226476317
0.000226791462
0.000226939928
0.00022697717
0.000226960761
-0.000575477839
-0.000433479078
-0.000342054234
-0.000260078903
-0.000188218262
-0.000125737343
-7.15227318e-05
-2.45541318e-05
1.60396849e-05
5.10244553e-05
8.10808311e-05
0.000106810466
0.000128736637
0.000147348413
0.000163075355
0.000176283806
0.000187309378
0.000196441898
0.000203941424
0.00021003917
0.000214939669
0.000218823655
0.000221850741
0.000224161724
0.000225880627
0.00022711651
0.000227965118
0.000228510297
0.00022882503
0.000228972178
0.00022900727
0.000228988636
-0.000573996508
-0.000431992135
-0.000340550014
-0.000258552335
-0.000186660691
-0.000124144373
-6.98918934e-05
-2.2883942e-05
1.77496689e-05
5.27734526e-05
8.28668539e-05
0.000108632517
0.000130601811
0.000149253252
0.000165000309
0.000178226522
0.000189276301
0.000198430563
0.000205948322
0.000212061432
0.000216974855
0.000220869558
0.000223905358
0.000226223265
0.000227947502
0.000229187322
0.000230038642
0.000230585469
0.000230900912
0.000231047911
0.000231082092
0.000231062298
-0.000572602507
-0.000430586267
-0.000339120782
-0.000257091363
-0.000185161009
-0.000122601352
-6.83026942e-05
-2.12471675e-05
1.94341174e-05
5.45044411e-05
8.46419973e-05
0.00011044935
0.000132462515
0.000151159398
0.000166940761
0.000180193435
0.000191269936
0.000200447615
0.000207985602
0.000214116107
0.000219044341
0.000222951489
0.000225997602
0.000228323927
0.000230054921
0.000231300053
0.000232155442
0.000232705277
0.000233022826
0.00023317116
0.000233206025
0.000233186462
-0.000571302256
-0.000429266697
-0.000337770973
-0.000255699107
-0.0001837216
-0.000121110017
-6.67561927e-05
-1.96442102e-05
2.10932745e-05
5.62184002e-05
8.6408295e-05
0.000112264353
0.000134322013
0.000153065732
0.000168893704
0.000182183694
0.000193289941
0.000202493078
0.000210053599
0.00021620378
0.000221148914
0.000225070417
0.000228128614
0.000230465032
0.000232204397
0.000233456431
0.000234317484
0.000234871953
0.000235193296
0.00023534478
0.000235382295
0.00023536468
-0.000570099955
-0.000428036292
-0.000336503121
-0.000254376394
-0.000182342899
-0.000119670505
-6.5252125e-05
-1.80744381e-05
2.27280574e-05
5.79163401e-05
8.81666553e-05
0.000114079338
0.000136188233
0.000154979945
0.000170856767
0.000184190728
0.000195331622
0.000204564108
0.000212150434
0.000218323102
0.00022328759
0.000227225635
0.000230297923
0.000232646327
0.000234395895
0.000235656652
0.000236525217
0.000237086223
0.00023741336
0.000237570157
0.000237612677
0.000237599068
-0.00056899691
-0.00042689477
-0.00033531805
-0.000253120792
-0.000181022873
-0.000118281225
-6.37887721e-05
-1.65359681e-05
2.43403181e-05
5.95997028e-05
8.99176935e-05
0.00011589379
0.000138060279
0.000156903381
0.000172832347
0.000186214863
0.000197393974
0.000206659302
0.000214274506
0.000220472321
0.000225458519
0.000229415258
0.000232503657
0.000234865999
0.000236627714
0.000237899186
0.000238777318
0.000239347016
0.000239682245
0.000239846884
0.000239897179
0.000239889996
-0.000567990753
-0.000425838273
-0.000334216979
-0.000251922055
-0.000179754081
-0.00011693741
-6.23615062e-05
-1.50244922e-05
2.59318133e-05
6.1270587e-05
9.16631198e-05
0.000117708372
0.000139937619
0.000158835868
0.000174821093
0.000188255824
0.00019947524
0.000208776101
0.00021642277
0.000222648028
0.00022765802
0.000231635418
0.000234741864
0.000237120154
0.000238896139
0.000240180368
0.000241070375
0.000241651277
0.000241997248
0.000242172623
0.000242233853
0.000242235845
-0.000567074576
-0.000424860222
-0.000333197732
-0.000250757203
-0.000178519752
-0.000115625625
-6.09574243e-05
-1.35307433e-05
2.74934847e-05
6.29251809e-05
9.34010824e-05
0.000119522382
0.000141820405
0.000160775543
0.000176818944
0.000190309634
0.000201571397
0.000210910146
0.000218590442
0.000224845078
0.000229880687
0.000233880551
0.000237006959
0.000239403536
0.000241196556
0.000242492697
0.000243396395
0.000243991855
0.000244351813
0.000244541281
0.000244616916
0.000244631009
-0.000566234294
-0.000423947605
-0.000332189398
-0.000249682637
-0.000177347433
-0.00011434815
-5.95818084e-05
-1.20569494e-05
2.90810855e-05
6.45932451e-05
9.51494786e-05
0.000121348392
0.000143718913
0.000162726249
0.000178821298
0.000192370282
0.000203677495
0.000213055613
0.000220770529
0.000227055514
0.000232117748
0.000236141166
0.000239288617
0.000241704005
0.00024351418
0.000244830592
0.00024575155
0.000246362809
0.000246739198
0.000246946098
0.000247040725
0.000247072412
-0.0005654492
-0.000423078638
-0.000331187015
-0.000248646765
-0.000176188221
-0.000113071769
-5.82027653e-05
-1.05796375e-05
3.06553157e-05
6.62567383e-05
9.68968262e-05
0.000123175051
0.000145621764
0.00016468405
0.000180829137
0.000194435282
0.000205788009
0.000215205014
0.000222954155
0.000229269404
0.000234358523
0.000238406101
0.000241575628
0.000244011565
0.000245841333
0.000247177088
0.000248117246
0.000248747953
0.000249144475
0.000249372892
0.000249491204
0.000249544688
-0.000564693021
-0.000422225048
-0.000330205522
-0.000247589563
-0.00017501442
-0.000111784509
-5.68112668e-05
-9.08916565e-06
3.22398124e-05
6.79285882e-05
9.86469721e-05
0.000124995643
0.000147522566
0.000166664355
0.000182858191
0.000196501567
0.000207895142
0.00021734858
0.000225129734
0.000231473507
0.000236588407
0.000240659659
0.000243851374
0.000246308619
0.000248159366
0.000249516241
0.000250478077
0.00025113132
0.000251551624
0.000251805966
0.000251952898
0.000252031569
-0.000563927493
-0.000421348181
-0.000329201325
-0.000246487821
-0.000173798852
-0.000110458966
-5.53831451e-05
-7.56433585e-06
3.38557581e-05
6.96298025e-05
0.000100427209
0.000126845677
0.000149431469
0.000168630536
0.000184866014
0.000198540991
0.000209974861
0.000219464564
0.000227276568
0.000233647363
0.000238786739
0.000242880796
0.000246094384
0.000248573238
0.000250445919
0.000251825558
0.000252811384
0.000253490138
0.000253937901
0.000254222674
0.000254403491
0.000254512042
-0.000563102044
-0.00042040297
-0.000328124255
-0.000245305887
-0.000172506765
-0.000109062805
-5.38913622e-05
-5.98429172e-06
3.55174505e-05
7.13675097e-05
0.000102236749
0.000128717573
0.000151330798
0.000170563048
0.000186849433
0.000200558618
0.000212024277
0.00022154219
0.000229378901
0.000235771895
0.000240931979
0.000245046094
0.00024827981
0.000250779498
0.000252674277
0.000254077746
0.00025508949
0.000255796506
0.000256275298
0.00025659497
0.000256815029
0.000256958637
-0.000562152684
-0.000419361385
-0.000326903553
-0.000243993251
-0.000171097318
-0.000107559634
-5.23055112e-05
-4.32636579e-06
3.72383207e-05
7.31426478e-05
0.000104057631
0.000130577239
0.000153222059
0.000172497521
0.000188825076
0.000202553517
0.000214033096
0.000223565057
0.000231415828
0.000237822813
0.000242997268
0.000247126714
0.000250377275
0.000252895828
0.000254811943
0.000256239598
0.000257278654
0.000258016294
0.000258529411
0.000258888291
0.000259152899
0.000259336662
-0.000561015734
-0.000418291877
-0.000325368903
-0.000242461962
-0.000169515911
-0.000105902929
-5.05852186e-05
-2.55674193e-06
3.90468118e-05
7.49811998e-05
0.000105918037
0.000132454953
0.000155125481
0.000174416998
0.000190745644
0.000204478934
0.000215962247
0.000225497699
0.00023335261
0.000239765031
0.0002449468
0.000249085995
0.000252349244
0.000254883867
0.00025681981
0.000258271351
0.000259338548
0.000260108688
0.000260659008
0.000261061037
0.00026137518
0.000261603901
-0.000559603237
-0.00041699004
-0.000323543926
-0.000240666176
-0.000167701952
-0.000104040255
-4.86875358e-05
-6.41064903e-07
4.09691011e-05
7.69021793e-05
0.000107832079
0.000134359303
0.000157019382
0.00017629071
0.000192596947
0.00020631581
0.000217786333
0.000227310236
0.000235155978
0.000241562484
0.000246742176
0.000250883592
0.000254153747
0.00025670028
0.000258653388
0.000260127528
0.000261222833
0.000262026581
0.000262616283
0.000263064741
0.000263432773
0.000263710701
-0.000557823294
-0.000415297068
-0.000321382372
-0.00023854311
-0.000165586173
-0.000101912096
-4.65648618e-05
1.45711554e-06
4.30306951e-05
7.89197651e-05
0.000109801344
0.000136278497
0.00015888847
0.000178109898
0.000194368959
0.000208045526
0.000219478508
0.000228969982
0.000236788972
0.000243174849
0.000248340344
0.000252474217
0.000255743642
0.000258296361
0.000260262624
0.000261756889
0.000262879198
0.000263716669
0.00026434698
0.000264844191
0.000265269485
0.000265600015
-0.000555571789
-0.000413107571
-0.000318786846
-0.000236006653
-0.000163092411
-9.94541001e-05
-4.41651887e-05
3.77778774e-06
4.52600741e-05
8.10515313e-05
0.000111833329
0.000138211768
0.000160726567
0.000179858156
0.000196034293
0.000209636031
0.000221002916
0.000230437409
0.000238208757
0.000244556432
0.000249693159
0.00025380762
0.000257066856
0.000259618437
0.000261592412
0.000263103004
0.000264249958
0.000265120048
0.00026579097
0.000266337977
0.000266822534
0.000267207857
-0.000552728993
-0.000410310714
-0.000315651196
-0.000232961794
-0.000160139118
-9.65979896e-05
-4.14336021e-05
6.36264548e-06
4.76862024e-05
8.33144776e-05
0.000113934075
0.000140155464
0.00016252151
0.000181514891
0.000197564935
0.000211053685
0.000222321171
0.000231669977
0.00023936923
0.000245658112
0.000250748946
0.000254829944
0.000258067635
0.000260609061
0.000262583749
0.000264105395
0.000265273189
0.000266173333
0.000266883358
0.000267479576
0.000268023589
0.000268464257
-0.000549162703
-0.00040678431
-0.000311861513
-0.000229307535
-0.000156639807
-9.32719446e-05
-3.83130018e-05
9.25435514e-06
5.03379866e-05
8.57247037e-05
0.000116108013
0.000142103588
0.000164258088
0.000183056768
0.000198930542
0.000212262243
0.000223392073
0.000232622337
0.000240221572
0.000246428165
0.000251453527
0.000255484895
0.000258687815
0.000261208364
0.000263175142
0.000264700967
0.000265884154
0.000266810079
0.000267555911
0.000268198817
0.000268800039
0.00026929331
-0.0005447306
-0.000402397251
-0.000307296845
-0.000224937742
-0.000152504234
-8.94018233e-05
-3.47452783e-05
1.24955086e-05
5.32434076e-05
8.8296756e-05
0.000118357589
0.000144047881
0.000165918718
0.000184458179
0.000200098695
0.000213223595
0.000224172802
0.000233247786
0.000240715878
0.000246814032
0.000251752105
0.000255715748
0.000258868944
0.000261356276
0.000263304944
0.000264826462
0.000266017908
0.000266963526
0.000267739926
0.000268424924
0.000269078367
0.000269615417
-0.000539282253
-0.000397011602
-0.000301831131
-0.000219742822
-0.000147640103
-8.49127685e-05
-3.06727261e-05
1.61274412e-05
5.64286113e-05
9.10430236e-05
0.000120682996
0.000145977931
0.000167483917
0.000185692002
0.000201035937
0.000213899093
0.000224620496
0.00023350006
0.000240803131
0.000246764431
0.000251591489
0.000255467624
0.000258554569
0.000260994779
0.000262913489
0.000264420419
0.000265610992
0.000266567867
0.000267366365
0.000268084512
0.000268784795
0.00026937651
-0.000532661487
-0.000390484805
-0.000295335539
-0.000213611859
-0.000141955101
-7.97310569e-05
-2.60396457e-05
2.01889381e-05
5.99169701e-05
9.3973195e-05
0.000123082053
0.000147881472
0.000168933029
0.000186730723
0.000201709239
0.000214251351
0.000224694368
0.00023333573
0.000240437841
0.000246232236
0.000250923191
0.000254690831
0.000257693839
0.000260071827
0.000261947427
0.000263428009
0.00026460688
0.000265564808
0.000266375601
0.000267116578
0.000267849593
0.000268479091
-0.000524709136
-0.000382672268
-0.000287681145
-0.000206435107
-0.000135359229
-7.37862045e-05
-2.07941409e-05
2.47148118e-05
6.37280966e-05
9.70937472e-05
0.000125550188
0.000149744884
0.000170245197
0.000187547849
0.000202087837
0.000214246443
0.000224358209
0.000232716967
0.000239581021
0.000245177595
0.000249706637
0.00025334408
0.000256244654
0.000258544318
0.000260362388
0.000261803257
0.000262957586
0.000263903862
0.000264714217
0.000265464958
0.000266215044
0.000266856399
-0.000515266162
-0.00037343028
-0.000278741939
-0.000198106826
-0.000127767447
-6.70133416e-05
-1.48901456e-05
2.97343105e-05
6.78767557e-05
0.000100407413
0.000128080488
0.000151553799
0.000171400538
0.000188119609
0.000202145388
0.000213856481
0.000223583338
0.000231614807
0.000238203732
0.000243571716
0.000247913164
0.000251398702
0.000254178103
0.000256382782
0.000258127962
0.000259514401
0.00026062957
0.000261549184
0.000262343075
0.000263085706
0.000263834212
0.000264477184
-0.000504177088
-0.000362619202
-0.000268398183
-0.000188528494
-0.000119102648
-5.9355878e-05
-8.28972426e-06
3.52692728e-05
7.23715724e-05
0.000103912505
0.000130663668
0.000153293735
0.00017238138
0.000188426755
0.000201862293
0.000213062384
0.000222351752
0.000230012625
0.000236290813
0.000241400822
0.000245530159
0.000248842929
0.000251482868
0.000253575918
0.000255232398
0.000256548721
0.000257608595
0.000258484527
0.000259243525
0.000259957363
0.000260681075
0.000261305169
-0.000491293657
-0.000350106818
-0.000256540041
-0.000177612364
-0.000109298926
-5.0768411e-05
-9.65676088e-07
4.13319366e-05
7.72133931e-05
0.000107601937
0.000133287802
0.000154950523
0.000173173381
0.000188456307
0.000201227993
0.000211856654
0.000220659314
0.000227909671
0.000233844709
0.000238670209
0.000242565311
0.000245686311
0.000248169805
0.000250135267
0.000251687244
0.000252917086
0.000253904191
0.000254717463
0.000255420601
0.000256081729
0.000256753284
0.000257333633
-0.00047647839
-0.000335771488
-0.000243071299
-0.000165285538
-9.83055317e-05
-4.12202992e-05
7.09512044e-06
4.79220064e-05
8.23929613e-05
0.000111461626
0.000135937508
0.00015651029
0.000173766239
0.000188202926
0.000200242908
0.000210245792
0.000218518543
0.000225324134
0.000230888732
0.000235407615
0.000239050013
0.000241963103
0.000244275199
0.000246098366
0.000247530595
0.000248657432
0.000249553296
0.000250283371
0.000250907561
0.000251489306
0.000252077913
0.000252586359
-0.000459607465
-0.000319504949
-0.000227914853
-0.000151498258
-8.60935049e-05
-3.06999509e-05
1.58865168e-05
5.50216767e-05
8.78869525e-05
0.000115467618
0.000138592102
0.000157958567
0.000174153688
0.000187669679
0.00019891988
0.000208252324
0.000215961179
0.000222296241
0.000227470718
0.000231667553
0.000235044534
0.000237738443
0.000239868378
0.000241538414
0.000242838962
0.000243847396
0.000244632299
0.000245257294
0.000245776426
0.000246248507
0.000246719674
0.000247125026
-0.000440569787
-0.000301213406
-0.000211024871
-0.000136245814
-7.26524021e-05
-1.91962815e-05
2.53841836e-05
6.25912986e-05
9.36536601e-05
0.000119582568
0.000141222901
0.000159278464
0.000174332494
0.000186867734
0.000197284397
0.000205915383
0.000213038912
0.000218888883
0.000223663222
0.000227530553
0.000230635413
0.000233102365
0.00023503983
0.000236544283
0.000237698905
0.000238557037
0.00023921552
0.000239731875
0.000240124793
0.00024045782
0.000240775368
0.000241043718
-0.000419249222
-0.000280799604
-0.000192375278
-0.000119564266
-5.79342627e-05
-6.63801415e-06
3.55465286e-05
7.05676154e-05
9.9630196e-05
0.000123752338
0.000143790235
0.000160448407
0.00017430084
0.00018581529
0.000195373949
0.000203290346
0.000209823328
0.000215187976
0.000219564526
0.000223105367
0.000225939895
0.000228178531
0.00022991619
0.000231247808
0.000232298564
0.000233073117
0.000233547167
0.000233848293
0.000234077393
0.00023424829
0.000234380128
0.000234477574
-0.000395504407
-0.000258114796
-0.000171839973
-0.000101297143
-4.21239133e-05
6.54765711e-06
4.6125038e-05
7.87965394e-05
0.000105693572
0.0001278775
0.000146227217
0.000161433225
0.000174053102
0.000184534674
0.000193237097
0.000200449544
0.000206409121
0.000211309379
0.000215310668
0.00021854793
0.00022113628
0.000223175594
0.000224753149
0.00022593003
0.000226712082
0.000227240906
0.0002276537
0.000227893728
0.000227954372
0.000227909644
0.000227807281
0.000227700354
-0.000369314266
-0.000233137898
-0.000149571505
-8.15343278e-05
-2.55648584e-05
2.00938019e-05
5.70915691e-05
8.71115392e-05
0.00011169995
0.000131813372
0.000148442676
0.000162184839
0.000173577927
0.000183047482
0.000190924585
0.000197470677
0.000202895195
0.000207367671
0.000211027079
0.000213988982
0.000216351078
0.000218196958
0.00021959897
0.000220618228
0.00022130884
0.000221740134
0.000221939004
0.000221939214
0.000221796418
0.000221531189
0.000221170525
0.00022082484
-0.000340649561
-0.000205809832
-0.000125742224
-6.04230309e-05
-8.0907115e-06
3.3843688e-05
6.79722176e-05
9.53072988e-05
0.000117442564
0.00013551255
0.00015037083
0.000162656494
0.000172866134
0.000181382397
0.000188499671
0.000194446526
0.000199402651
0.000203511263
0.000206888262
0.000209629045
0.000211813639
0.000213509981
0.000214777161
0.000215667137
0.000216227132
0.000216502407
0.0002165357
0.000216359798
0.00021600608
0.000215489902
0.00021483471
0.000214218215
-0.000309513506
-0.000176410465
-0.000100546416
-3.87047621e-05
9.95069666e-06
4.81533264e-05
7.869171e-05
0.000103073416
0.000122709448
0.00013869838
0.000151850176
0.000162764482
0.000171888081
0.000179555303
0.00018601791
0.00019146743
0.000196051563
0.00019988605
0.000203063234
0.000205658236
0.000207733488
0.000209342169
0.000210530142
0.00021133797
0.000211802983
0.000211959998
0.00021184276
0.00021148346
0.00021090761
0.000210120693
0.000209142231
0.000208225931
-0.000275799418
-0.000145528899
-7.37002326e-05
-1.65000439e-05
2.77457038e-05
6.1952808e-05
8.87836151e-05
0.000110067181
0.000127187779
0.000141164873
0.00015273383
0.000162423072
0.000170614022
0.000177584065
0.000183537034
0.00018862477
0.000192962242
0.000196638097
0.000199721996
0.00020226976
0.000204327034
0.000205931952
0.000207117123
0.000207911395
0.000208340408
0.000208428645
0.00020820108
0.000207683851
0.000206896029
0.000205831289
0.000204503499
0.000203256602
-0.000239286339
-0.000113208947
-4.55484338e-05
5.78573732e-06
4.4719599e-05
7.44643232e-05
9.75073894e-05
0.000115736644
0.000130476898
0.00014263855
0.000152848302
0.000161539882
0.000169015946
0.00017549041
0.000181117066
0.000186008687
0.000190249705
0.00019390458
0.00019702331
0.000199645105
0.000201800947
0.000203515488
0.000204808429
0.000205695433
0.000206188947
0.000206299586
0.000206038775
0.000205420533
0.000204451773
0.000203109281
0.0002014063
0.000199787202
-0.000199685676
-7.91735575e-05
-1.72905509e-05
2.71746113e-05
6.01265625e-05
8.49729157e-05
0.000104202034
0.000119569663
0.000132222747
0.000142898612
0.000152077493
0.000160077401
0.000167112872
0.00017333258
0.000178842971
0.000183722761
0.000188031895
0.000191816988
0.000195114454
0.000197952219
0.000200350903
0.000202325074
0.000203883983
0.00020503071
0.000205761934
0.00020606718
0.000205930411
0.000205342585
0.000204285953
0.000202699959
0.000200574085
0.000198500251
-0.000156253486
-4.34460249e-05
1.01047824e-05
4.62730181e-05
7.25354675e-05
9.24169427e-05
0.00010813362
0.000121103037
0.00013217267
0.000141844354
0.000150423649
0.000158103588
0.000165010679
0.000171234171
0.000176842281
0.00018188957
0.000186421233
0.000190475407
0.000194083601
0.000197269612
0.000200049169
0.000202433924
0.00020443369
0.00020604426
0.000207253799
0.000208037087
0.000208321171
0.000208040031
0.000207127547
0.000205445589
0.000202878076
0.000200261575
-0.00010743992
-6.96001765e-06
3.45266443e-05
6.10012857e-05
8.03940109e-05
9.58109513e-05
0.000108788827
0.000120162639
0.000130369878
0.000139643848
0.00014811632
0.000155869308
0.000162954007
0.000169415175
0.000175300801
0.000180657567
0.000185530964
0.000189966416
0.000194008451
0.000197693905
0.000201043651
0.000204089251
0.000206880052
0.000209400655
0.000211624634
0.000213568574
0.000215047021
0.000215787391
0.000215620169
0.000214323212
0.000211483391
0.000208438221
-4.24570854e-05
2.91301252e-05
5.17416677e-05
6.76967547e-05
8.12777096e-05
9.37776842e-05
0.000105534013
0.000116609525
0.000126994137
0.000136678559
0.000145664612
0.00015394588
0.000161524416
0.000168436582
0.000174736877
0.00018047942
0.000185721235
0.00019052881
0.000194983672
0.000199157678
0.000203037666
0.000206573747
0.000209879666
0.00021328219
0.00021706573
0.000220849554
0.000223678178
0.000225483514
0.000227042551
0.000228189683
0.00022783703
0.000225776356
6.46115526e-05
6.48622139e-05
6.23753481e-05
6.80875061e-05
7.77927565e-05
8.91338269e-05
0.000100943019
0.000112571839
0.000123662637
0.000134101791
0.000143879555
0.000152904478
0.00016107969
0.000168463602
0.000175160928
0.000181236985
0.000186754252
0.000191794105
0.000196498441
0.000201023983
0.000205401302
0.000209572993
0.000213608161
0.000217814378
0.000222895886
0.000229750297
0.000238626044
0.000250126766
0.000265205728
0.000285366012
0.000314261376
0.000349257202
)
;

boundaryField
{
    inner_wall
    {
        type            zeroGradient;
    }
    outer_wall
    {
        type            zeroGradient;
    }
    top
    {
        type            zeroGradient;
    }
    bottom
    {
        type            fixedValue;
        value           uniform 0;
    }
    front
    {
        type            wedge;
    }
    back
    {
        type            wedge;
    }
}


// ************************************************************************* //
