/*--------------------------------*- C++ -*----------------------------------*\
| =========                 |                                                 |
| \\      /  F ield         | OpenFOAM: The Open Source CFD Toolbox           |
|  \\    /   O peration     | Version:  2506                                  |
|   \\  /    A nd           | Website:  www.openfoam.com                      |
|    \\/     M anipulation  |                                                 |
\*---------------------------------------------------------------------------*/
FoamFile
{
    version     2.0;
    format      ascii;
    arch        "LSB;label=32;scalar=64";
    class       volScalarField;
    location    "283";
    object      C;
}
// * * * * * * * * * * * * * * * * * * * * * * * * * * * * * * * * * * * * * //

dimensions      [0 0 0 0 0 0 0];

internalField   nonuniform List<scalar> 
3072
(
2.19669572e-09
-3.19957267e-07
-1.41717054e-06
2.04131682e-05
6.16744337e-05
-8.45009197e-05
-0.000703284346
-0.00179289603
-0.00319183574
-0.00502420735
-0.00817678361
-0.0184191713
-0.0375074513
-0.0524378148
-0.0157897483
0.143532768
0.433827013
0.746603518
0.959136939
1.03533316
1.02864708
1.00650098
0.997234386
0.997954145
1.00159604
1.00579402
1.00763178
1.0017643
0.979010062
0.899977468
0.677957403
0.261399866
-1.58457668e-09
2.18797579e-07
1.13221049e-05
-1.66731772e-05
-0.000250614361
-0.000373645461
0.000756373842
0.00379337466
0.00755993853
0.0094902852
0.00660667444
-0.00350666523
-0.025697202
-0.0514697005
-0.0240858754
0.140494054
0.444259534
0.764514524
0.971443787
1.03740128
1.02571656
1.00429078
0.99689462
0.998321343
1.00199454
1.00612589
1.0076471
1.00112114
0.9773985
0.896528417
0.67272348
0.257331561
9.42589351e-09
2.54745974e-06
-2.29273871e-06
-0.000161112639
-0.000192704539
0.00166720615
0.00667400959
0.0125461981
0.0156750588
0.0155498153
0.0137374531
0.00709474295
-0.0142567246
-0.0486389863
-0.0308987269
0.135395013
0.447577894
0.772889595
0.977107754
1.03781983
1.02400069
1.00328796
0.996844932
0.998529185
1.00218813
1.00628414
1.00763821
1.00082192
0.976828973
0.895831845
0.672966203
0.260145975
1.36525879e-08
3.49685028e-06
-2.1648604e-05
-0.000261171248
0.000184345747
0.00405933521
0.0111187016
0.0161628011
0.0166340799
0.0158504988
0.0142441669
0.0120832229
-0.00630186561
-0.0463055822
-0.032741109
0.140644338
0.462881641
0.790058911
0.986093796
1.03814581
1.02154276
1.00198724
0.996802724
0.998795945
1.00243563
1.00648382
1.00762219
1.00044463
0.976100694
0.894788256
0.672485834
0.262603696
8.42551607e-10
3.87212717e-06
-2.34717109e-05
-0.000279971132
0.000254192239
0.00463735842
0.012381924
0.0173446139
0.0177209417
0.0167854165
0.0131844739
0.0119581971
-0.00745684095
-0.0476674757
-0.0229739221
0.169878289
0.503828762
0.822434832
0.99902103
1.03746472
1.01801382
1.00051338
0.996874125
0.999136526
1.00273592
1.00671766
1.00757131
0.999953725
0.975166025
0.893382705
0.671634362
0.265517467
-1.0245261e-07
4.17056751e-06
-1.5346726e-05
-0.000268342777
3.29406951e-05
0.0035070431
0.0100501379
0.0149071526
0.0167799082
0.0146339353
0.0118796405
0.00887300916
-0.0162312318
-0.0505707659
0.0056103135
0.237217478
0.581160949
0.873845092
1.01541057
1.03465591
1.01298472
0.998865873
0.997121999
0.999602584
1.00314941
1.00702743
1.00744885
0.999194578
0.97366301
0.890760592
0.668899755
0.267249783
-1.41774639e-08
4.46267899e-06
-1.99459537e-06
-0.000224812177
-0.000230487531
0.00174505148
0.0058978652
0.0094938573
0.0108126452
0.00908509194
0.00848408106
0.000495671072
-0.0319053389
-0.0435557266
0.0734217675
0.356446826
0.695353072
0.937450996
1.02977357
1.02818392
1.00688747
0.99749846
0.997642742
1.00019865
1.00370696
1.00741945
1.00718939
0.998030454
0.971332657
0.886401226
0.663568912
0.267144798
-1.05447337e-06
2.94507959e-06
9.72170312e-06
-0.000155817803
-0.00034530963
0.000381403799
0.00223737272
0.00407867378
0.00432409693
0.00434757627
0.00291592696
-0.0168577041
-0.0443900647
0.00373141528
0.209003672
0.532145196
0.830594989
0.996079241
1.03455459
1.01788877
1.0011556
0.996979676
0.998429647
1.00090021
1.0044337
1.00786713
1.00669201
0.996314639
0.967928624
0.879845647
0.655057753
0.264662563
3.24048079e-06
6.64295798e-06
2.33220463e-05
-7.38296763e-05
-0.000285531251
-0.000224865843
0.000253830618
0.000706385231
0.000953651925
0.00118594468
-0.0114431796
-0.0369483328
-0.0145060668
0.140919722
0.430346531
0.742120105
0.952727712
1.02972077
1.02630331
1.00651853
0.997634887
0.997515723
0.999320925
1.00169862
1.00534762
1.00829008
1.00581341
0.993895442
0.963224787
0.870742326
0.64307105
0.259610355
-1.91038564e-05
-1.95208875e-05
-1.54322552e-06
-3.80733141e-05
-0.000174783746
-0.000297469421
-0.000309900312
-0.000381323554
-0.000115807948
-0.0109178674
-0.0312588223
-0.00773684636
0.13462436
0.40333464
0.706386323
0.928062927
1.02334786
1.03025724
1.01066488
0.998736384
0.997139049
0.998614857
1.00012342
1.00266162
1.00643646
1.00853647
1.00437503
0.990621023
0.956998683
0.858808957
0.627519656
0.252033781
9.71563572e-05
0.000106070553
0.000130401086
0.000113796373
5.25290391e-05
-7.23476258e-05
-0.000139291126
-0.000184093835
-0.0122856215
-0.0238029676
0.022946675
0.185823496
0.453605005
0.737391402
0.939475726
1.02565878
1.0311676
1.0115523
0.998974115
0.996971262
0.99843349
0.999486583
1.00088016
1.0039149
1.00759921
1.0083792
1.00218864
0.986352377
0.949029027
0.843836846
0.608514617
0.242182152
-0.000544732719
-0.000596491205
-0.00061833191
-0.000484962904
-0.000440350401
4.07056064e-06
-0.00108722063
-0.013227571
0.00216057916
0.103936122
0.314155835
0.586070606
0.831612784
0.983704575
1.03572494
1.02850448
1.00825944
0.997722007
0.996900828
0.998653787
0.999413628
0.999944422
1.00192123
1.00549302
1.00859992
1.00754944
0.999098079
0.980977414
0.939103903
0.82571776
0.586365047
0.230458582
0.00332049044
0.00362477066
0.00374927924
0.00251524907
0.00163712622
-0.00363313953
0.0122385551
0.108002934
0.30073905
0.552470239
0.792219192
0.95867207
1.03288521
1.0390971
1.01856949
1.00130589
0.995890226
0.997347026
0.99928632
0.999611869
0.999501182
1.00060682
1.00349971
1.00719566
1.00910276
1.00580756
0.995022874
0.974420846
0.927046493
0.804498679
0.561590137
0.217378496
-0.0243178068
-0.0268848472
-0.0268570824
-0.0057188838
0.0709976071
0.226332657
0.445373981
0.678657045
0.8738418
0.997661287
1.04697113
1.04430435
1.02144798
1.00221816
0.994862697
0.995904
0.998856338
1.00014855
0.999779757
0.99923579
0.999789555
1.00198266
1.00545709
1.00864309
1.00878376
1.00302018
0.98998581
0.966650636
0.912765503
0.780454795
0.534925768
0.203527325
0.328394659
0.422991533
0.559343597
0.719878435
0.865025444
0.975935136
1.04275495
1.06612455
1.05714176
1.03288693
1.00935252
0.995634639
0.992482116
0.995322581
0.998972732
1.00072739
1.00056279
0.999640646
0.999011167
0.999308848
1.00092242
1.00388321
1.00738399
1.0094637
1.00743665
0.999211714
0.984115704
0.95769034
0.896333811
0.754161935
0.50730984
0.189516232
1.02866541
1.0456512
1.05253227
1.04866234
1.03676819
1.0207549
1.00511533
0.993766929
0.988721595
0.989462446
0.993516493
0.997927784
1.00072194
1.00149809
1.00097458
1.000075
0.999334281
0.998938228
0.999091357
1.00019116
1.00255904
1.00590267
1.00891889
1.00940449
1.00503621
0.994578663
0.977627133
0.947650316
0.878084054
0.726537025
0.479831912
0.175935937
0.996109433
0.993354587
0.991442636
0.990971522
0.991964805
0.99415192
0.99697182
0.999673916
1.00156866
1.00231044
1.00203208
1.00122407
1.00042252
0.999911723
0.999641783
0.99940364
0.99911891
0.999029219
0.999641969
1.00142931
1.00440077
1.00774933
1.00979456
1.00838558
1.00176975
0.989455324
0.970790309
0.93678237
0.858686087
0.698810444
0.453642581
0.163312159
1.00067368
1.00117645
1.00159271
1.00178963
1.00172858
1.00141567
1.0009116
1.00033687
0.9998459
0.999570513
0.999557269
0.999734818
0.999936282
0.999974841
0.999745989
0.999319762
0.998985323
0.999207623
1.00045995
1.00293556
1.00622717
1.00915005
1.00989053
1.00655508
0.997999475
0.984235552
0.963913447
0.925536736
0.839152463
0.672407118
0.429832868
0.152068149
0.999869628
0.999769803
0.999680546
0.999629753
0.999625852
0.999668622
0.99975104
0.999861118
0.999984558
1.00010517
1.00019951
1.00022783
1.0001329
0.99986484
0.999441152
0.999022883
0.998951479
0.999676719
1.00154221
1.0044805
1.00776162
1.00996948
1.00931276
1.00424204
0.994152514
0.979294233
0.957343055
0.914571485
0.820728165
0.648747068
0.409308268
0.142499501
1.00002666
1.00004773
1.00006814
1.00008189
1.00008432
1.00007139
1.00004512
1.00001867
1.00001325
1.00004284
1.00009143
1.00009895
0.999977392
0.999669142
0.999233522
0.998914646
0.999125546
1.0003023
1.00264348
1.00583128
1.00888427
1.01027131
1.00831996
1.00183046
0.99061281
0.974940248
0.951454304
0.904669205
0.804670685
0.629016765
0.392688069
0.134764278
0.999994126
0.999989601
0.999985916
0.999984135
0.999981899
0.999976351
0.999970598
0.99997742
1.00001274
1.00007717
1.00013476
1.00010879
0.999914138
0.999529179
0.999079939
0.998881041
0.999373566
1.00093598
1.00361425
1.00688787
1.00961213
1.0102258
1.0072069
0.999652225
0.987655687
0.971393794
0.94660262
0.89656814
0.79199095
0.61398383
0.380253932
0.128888631
1.00000112
1.00000227
1.00000405
1.00000592
1.00000448
0.999996586
0.999986879
0.99999104
1.00002635
1.00008946
1.00013468
1.00007629
0.99983315
0.99941072
0.998982145
0.998906693
0.999632235
1.00147792
1.00436652
1.00763315
1.01003629
1.01002558
1.00621597
0.997925621
0.985426751
0.96877375
0.943044254
0.890777926
0.78325642
0.603912273
0.371956081
0.12478567
0.999999576
0.999999439
1.00000002
1.00000103
0.999998959
0.999990822
0.999982253
0.999990306
1.00003181
1.00009885
1.00013763
1.00005657
0.999779728
0.999334529
0.998928031
0.998947323
0.999837647
1.00186952
1.00487862
1.00810785
1.01026405
1.00982008
1.00549246
0.996744613
0.983953842
0.967092301
0.940869266
0.887468179
0.778527861
0.598592724
0.367468972
0.122283786
0.999999923
1.00000008
1.00000097
1.00000218
1.00000006
0.999991602
0.999982968
0.999992064
1.00003568
1.00010354
1.00013751
1.00004297
0.999747376
0.999291201
0.998900852
0.998978068
0.999964201
1.00209966
1.00517001
1.00836859
1.01037868
1.0096923
1.00508592
0.99610196
0.983175529
0.966264781
0.939987847
0.886473755
0.777433372
0.597458654
0.366275673
0.121157948
0.999999841
0.999999925
1.00000074
1.00000193
0.999999794
0.999991279
0.999982646
0.999992108
1.00003657
1.00010506
1.0001378
1.00003872
0.999736187
0.999275451
0.998890386
0.998988536
1.00000998
1.00218391
1.00527763
1.00846739
1.01043009
1.00966693
1.00497604
0.995925181
0.982975215
0.966137188
0.940173275
0.887396344
0.779331454
0.599741206
0.367757262
0.12115943
0.999999859
0.999999948
1.00000076
1.000002
0.999999997
0.999991561
0.999982705
0.999991571
1.00003546
1.0001041
1.00013839
1.00004199
0.999741808
0.999280831
0.998890956
0.998979301
0.999988003
1.00215103
1.00524246
1.00844558
1.01044198
1.00973202
1.00510454
0.996110544
0.983210098
0.966515459
0.941126365
0.889748428
0.783507684
0.604613808
0.371247672
0.122024642
0.999999856
0.999999926
1.0000007
1.00000198
1.00000021
0.999992004
0.999982817
0.999990375
1.00003257
1.00010111
1.00013923
1.00005121
0.999760552
0.999302597
0.998900174
0.998955477
0.999915528
1.00203123
1.00510194
1.00833532
1.01042497
1.00986246
1.00540354
0.996546876
0.98372364
0.967190434
0.942552543
0.893071898
0.78927382
0.611274996
0.376119979
0.123501554
0.999999859
0.999999914
1.00000065
1.00000197
1.00000048
0.999992604
0.999983062
0.999988928
1.00002871
1.0000967
1.00013973
1.00006348
0.999787243
0.999335376
0.998916834
0.998925357
0.999813863
1.00185745
1.00489269
1.00816336
1.01038092
1.01002412
1.0058019
0.997139731
0.984418344
0.968042051
0.944206746
0.89687856
0.795944837
0.619056937
0.381902633
0.125406593
0.999999861
0.9999999
1.00000058
1.00000194
1.00000076
0.999993268
0.999983416
0.999987454
1.00002441
1.00009143
1.00013953
1.00007658
0.999817577
0.999374474
0.998939627
0.998895645
0.999700751
1.00165726
1.00464537
1.00795231
1.01031212
1.01019016
1.00624233
0.997809882
0.985206016
0.968966233
0.945906099
0.900813922
0.802995511
0.627410966
0.388189021
0.127575393
0.999999864
0.999999888
1.00000052
1.0000019
1.00000102
0.999993945
0.999983859
0.999986115
1.00002011
1.00008577
1.00013854
1.00008892
0.999848229
0.999415936
0.998966783
0.998870458
0.99958893
1.00145166
1.0043845
1.00772173
1.01022343
1.01034313
1.00668304
0.99849735
0.986021014
0.969892629
0.94753171
0.904631419
0.810039797
0.635924301
0.394669385
0.12987914
0.999999867
0.999999878
1.00000046
1.00000186
1.00000124
0.999994592
0.999984355
0.999984986
1.00001609
1.00008014
1.00013686
1.0000997
0.999877025
0.99945675
0.998996262
0.998851443
0.999486139
1.00125492
1.00412817
1.00748777
1.01012174
1.01047444
1.00709727
0.999160126
0.986815476
0.97077479
0.949016711
0.90818308
0.816821198
0.64430612
0.401118474
0.132219986
0.99999987
0.99999987
1.00000041
1.00000181
1.00000143
0.999995182
0.999984868
0.99998408
1.0000125
1.00007479
1.00013469
1.0001087
0.999902931
0.999495042
0.999026197
0.998838493
0.999396001
1.0010754
1.00388844
1.00726268
1.01001457
1.01058203
1.00747043
0.99977183
0.987557441
0.971584879
0.950331406
0.911395122
0.823187731
0.652369615
0.407385902
0.134528757
0.999999872
0.999999864
1.00000036
1.00000177
1.00000159
0.999995701
0.999985365
0.999983381
1.0000094
1.00006992
1.00013228
1.00011594
0.999925471
0.999529635
0.999055009
0.99883062
0.999319549
1.00091728
1.00367259
1.00705518
1.00990892
1.01066774
1.00779664
1.00031809
0.988227451
0.972307853
0.951469662
0.914244862
0.829065235
0.660008931
0.413380939
0.136759799
0.999999875
0.999999858
1.00000032
1.00000172
1.00000172
0.999996143
0.999985821
0.999982856
1.00000681
1.00006567
1.00012986
1.00012161
0.999944453
0.999559775
0.999081422
0.99882651
0.999256357
1.00078203
1.00348445
1.00687087
1.00981057
1.01073531
1.00807552
1.00079312
0.988815571
0.972937409
0.952438821
0.916741537
0.834433596
0.667178035
0.419058358
0.138885793
0.999999877
0.999999854
1.00000029
1.00000169
1.00000182
0.999996509
0.999986219
0.999982467
1.00000469
1.00006208
1.00012762
1.00012595
0.999960033
0.99958523
0.999104611
0.998824846
0.999205137
1.00066921
1.00332514
1.0067127
1.0097237
1.010789
1.00830998
1.00119707
0.98931899
0.973473315
0.953253257
0.918912753
0.839308729
0.673874126
0.424407191
0.140893672
0.999999879
0.99999985
1.00000026
1.00000166
1.0000019
0.999996804
0.999986549
0.999982178
1.00000301
1.00005915
1.00012567
1.00012925
0.999972521
0.999606076
0.999124127
0.998824508
0.999164277
1.00057726
1.00319397
1.00658142
1.00965083
1.01083277
1.00850464
1.00153395
0.989740047
0.973919611
0.953930476
0.920795294
0.843729211
0.680124678
0.42944165
0.1427811
0.99999988
0.999999846
1.00000023
1.00000164
1.00000196
0.999997035
0.99998681
0.999981959
1.00000169
1.00005683
1.00012408
1.00013176
0.999982328
0.999622652
0.999139882
0.99882465
0.999132071
1.00050392
1.00308883
1.0064761
1.00959293
1.01086993
1.0086649
1.00181023
0.990084818
0.974283482
0.954489044
0.922429536
0.847747352
0.685978522
0.434194927
0.144554227
0.999999882
0.999999842
1.00000021
1.00000162
1.00000201
0.999997213
0.999987008
0.999981789
1.00000068
1.00005504
1.00012284
1.00013369
0.9999899
0.999635491
0.99915211
0.99882472
0.999106851
1.00044651
1.00300668
1.00639438
1.00954964
1.010903
1.00879639
1.0020339
0.990361994
0.974574403
0.954947477
0.923855979
0.85142285
0.691499063
0.43871433
0.146225941
0.999999884
0.999999838
1.0000002
1.00000161
1.00000205
0.999997347
0.999987148
0.999981649
0.999999915
1.00005371
1.00012195
1.00013519
0.999995668
0.999645198
0.999161235
0.998824417
0.999087106
1.00040221
1.00294391
1.00633306
1.00951958
1.01093372
1.00890462
1.00221374
0.990581898
0.974803345
0.955323542
0.925113014
0.854817914
0.696758525
0.443056924
0.147814133
0.999999885
0.999999834
1.00000019
1.0000016
1.00000209
0.999997446
0.999987243
0.99998153
0.999999339
1.00005274
1.00012134
1.0001364
1.00000004
0.999652405
0.999167796
0.998823632
0.999071507
1.00036823
1.00289668
1.00628837
1.00950066
1.01096324
1.0089948
1.00235874
0.990755702
0.974982098
0.955633858
0.926235612
0.857993734
0.701833386
0.447286005
0.149340248
0.999999887
0.99999983
1.00000018
1.0000016
1.00000212
0.99999752
0.999987302
0.999981422
0.999998901
1.00005204
1.00012096
1.00013741
1.00000338
0.999657744
0.999172397
0.998822392
0.999058891
1.00034188
1.0028611
1.0062563
1.0094904
1.01099221
1.00907176
1.00247779
0.990894846
0.975122718
0.955893668
0.927254638
0.861007992
0.706800855
0.451468366
0.150828214
0.999999889
0.999999826
1.00000017
1.0000016
1.00000215
0.999997577
0.999987339
0.999981321
0.999998553
1.00005153
1.00012073
1.00013829
1.00000605
0.999661831
0.999175664
0.998820808
0.999048236
1.00032065
1.0028334
1.00623281
1.00948609
1.01102095
1.00913993
1.00257944
0.991010595
0.975237097
0.956116724
0.928196556
0.863913178
0.711736226
0.455672201
0.152303668
0.999999891
0.999999822
1.00000016
1.0000016
1.00000217
0.999997627
0.999987363
0.999981224
0.999998252
1.0000511
1.00012059
1.0001391
1.00000835
0.999665249
0.999178217
0.998819041
0.99903864
1.00030218
1.00280996
1.00621396
1.00948499
1.01104955
1.00920335
1.00267171
0.991113731
0.975336641
0.956315241
0.929083359
0.866755404
0.71671077
0.459964384
0.15379023
0.999999893
0.999999818
1.00000015
1.00000161
1.0000022
0.999997675
0.999987386
0.999981128
0.999997959
1.00005069
1.00012045
1.00013989
1.00001058
0.999668536
0.999180644
0.998817275
0.999029318
1.00028435
1.00278742
1.00619605
1.00948445
1.01107796
1.00926562
1.00276199
0.991214325
0.975432041
0.956499905
0.92993264
0.869573516
0.721790031
0.464411461
0.155313949
0.999999895
0.999999814
1.00000014
1.00000161
1.00000223
0.999997729
0.999987418
0.999981032
0.999997639
1.00005023
1.00012026
1.0001407
1.00001299
0.999672177
0.999183489
0.998815705
0.999019592
1.00026523
1.00276276
1.00617565
1.00948197
1.01110602
1.00932994
1.00285695
0.991321608
0.975533162
0.956679965
0.930757845
0.872398888
0.727033033
0.469077217
0.156899211
0.999999897
0.99999981
1.00000013
1.0000016
1.00000226
0.999997795
0.999987468
0.999980936
0.999997263
1.00004964
1.00011995
1.00014156
1.00001578
0.999676599
0.999187243
0.998814529
0.999008899
1.00024314
1.00273324
1.00614965
1.0094752
1.01113345
1.00939906
1.00296254
0.991443915
0.97564901
0.956863402
0.931568652
0.875255615
0.732492674
0.474024565
0.158570882
0.9999999
0.999999806
1.00000012
1.0000016
1.00000229
0.999997878
0.999987546
0.999980839
0.999996804
1.00004887
1.00011946
1.00014248
1.00001915
0.999682194
0.999192367
0.998813962
0.998996776
1.00021664
1.00269645
1.00611525
1.00946198
1.0111599
1.00947526
1.0030839
0.991588605
0.975787692
0.957057046
0.932371237
0.878160322
0.738214959
0.47931464
0.160353091
0.999999903
0.999999802
1.0000001
1.00000159
1.00000233
0.999997984
0.999987658
0.999980745
0.999996242
1.00004787
1.00011874
1.00014347
1.00002327
0.999689304
0.999199285
0.99881423
0.998982892
1.00018454
1.00265038
1.00607003
1.00944035
1.01118486
1.0095603
1.00322524
0.991761906
0.975956276
0.957266631
0.93316847
0.88112167
0.744237555
0.48500632
0.162269789
0.999999907
0.999999799
1.00000009
1.00000158
1.00000236
0.999998114
0.999987812
0.999980655
0.999995563
1.0000466
1.00011773
1.00014451
1.00002821
0.999698166
0.999208325
0.998815569
0.998967089
1.00014603
1.0025935
1.00601207
1.00940863
1.01120772
1.00965531
1.00338969
0.991968695
0.976160601
0.95749681
0.933960156
0.884139985
0.750588446
0.491155752
0.164345542
0.999999911
0.999999796
1.00000007
1.00000156
1.0000024
0.999998273
0.999988013
0.999980574
0.999994764
1.00004504
1.00011639
1.00014558
1.000034
0.999708909
0.999219719
0.99881821
0.998949402
1.00010071
1.00252486
1.00593999
1.00936545
1.01122772
1.00976069
1.00357915
0.992212311
0.976405089
0.957751189
0.934743445
0.887207213
0.757284706
0.497814855
0.166603985
0.999999915
0.999999793
1.00000005
1.00000153
1.00000244
0.999998459
0.999988264
0.99998051
0.999993848
1.00004318
1.00011471
1.00014663
1.00004063
0.999721572
0.999233612
0.998822387
0.998930042
1.00004859
1.0024441
1.00585302
1.0093098
1.011244
1.00987617
1.00379419
0.992494386
0.976692542
0.958032328
0.935513339
0.890307126
0.764331344
0.505030824
0.169068515
0.99999992
0.999999791
1.00000002
1.0000015
1.00000248
0.999998671
0.999988567
0.999980469
0.999992827
1.00004102
1.00011265
1.00014761
1.000048
0.99973609
0.99925004
0.99882831
0.99890939
0.999990105
1.00235151
1.0057511
1.00924115
1.01125563
1.01000068
1.00403398
0.992814628
0.977023847
0.958341646
0.936263257
0.893415715
0.771719867
0.512844679
0.171762139
0.999999925
0.999999791
0.999999995
1.00000146
1.00000252
0.999998906
0.99998892
0.999980458
0.999991723
1.00003859
1.00011023
1.00014845
1.00005597
0.999752285
0.999268915
0.998836142
0.998887979
0.999926139
1.00224809
1.00563494
1.00915954
1.01126174
1.01013246
1.0042961
0.993170564
0.977397584
0.958679173
0.93698562
0.896501855
0.779426658
0.521289279
0.174707165
0.999999931
0.99999979
0.999999967
1.00000141
1.00000256
0.99999916
0.99998932
0.999980486
0.999990564
1.00003594
1.00010745
1.00014909
1.00006433
0.999769861
0.999289993
0.998845952
0.998866461
0.999858023
1.00213563
1.00550625
1.00906583
1.01126165
1.010269
1.00457647
0.993557232
0.977809544
0.95904313
0.937672423
0.899528402
0.787411352
0.530386707
0.177924534
0.999999937
0.999999791
0.999999937
1.00000136
1.00000259
0.999999426
0.999989758
0.999980556
0.999989387
1.00003314
1.00010438
1.00014947
1.00007284
0.999788363
0.999312811
0.998857649
0.998845568
0.999787582
1.00201687
1.00536792
1.00896189
1.0112551
1.01040721
1.00486923
0.993966902
0.978252208
0.95942935
0.938315763
0.902453933
0.795615707
0.540145372
0.18143288
0.999999944
0.999999792
0.999999908
1.0000013
1.00000262
0.999999696
0.999990221
0.99998067
0.999988232
1.00003027
1.00010111
1.00014955
1.00008119
0.999807157
0.99933663
0.998870904
0.998826039
0.999717094
1.0018955
1.00522415
1.00885088
1.01124247
1.01054354
1.00516677
0.994388939
0.978714376
0.959830662
0.938908268
0.905235348
0.803963789
0.550557612
0.185247826
0.99999995
0.999999795
0.999999878
1.00000125
1.00000264
0.999999961
0.999990694
0.999980821
0.999987143
1.00002744
1.00009778
1.00014937
1.00008905
0.999825495
0.999360472
0.998885112
0.998808513
0.999649158
1.00177613
1.00508051
1.00873736
1.01122502
1.01067424
1.00545995
0.994809889
0.979181031
0.960236325
0.93944333
0.907831229
0.81236397
0.561598445
0.189382164
0.999999957
0.999999798
0.999999849
1.00000119
1.00000266
1.00000021
0.999991153
0.999980997
0.999986157
1.00002479
1.00009454
1.00014896
1.00009613
0.999842547
0.999383125
0.998899359
0.998793436
0.999586559
1.00166408
1.00494383
1.00862737
1.01120511
1.01079566
1.00573832
0.995213664
0.979633383
0.960631525
0.939914908
0.910205328
0.820712167
0.573224888
0.193846918
0.999999964
0.999999801
0.999999823
1.00000113
1.00000267
1.00000044
0.999991575
0.999981179
0.999985309
1.00002244
1.00009161
1.00014844
1.00010216
0.99985744
0.99940321
0.998912445
0.998781005
0.99953212
1.00156526
1.00482211
1.00852837
1.01118624
1.01090436
1.00599033
0.995581703
0.980048969
0.960996941
0.940316819
0.912329657
0.828895892
0.585375485
0.198653676
0.999999971
0.999999804
0.999999798
1.00000109
1.00000267
1.00000062
0.999991929
0.999981339
0.999984631
1.00002054
1.00008924
1.00014797
1.00010691
0.999869239
0.999419174
0.998922908
0.9987712
0.999488754
1.00148623
1.00472453
1.00844933
1.01117314
1.01099716
1.00620322
0.995892808
0.980401509
0.961308232
0.940641411
0.914186468
0.836798085
0.597968511
0.203817652
0.999999977
0.999999807
0.999999778
1.00000105
1.00000268
1.00000076
0.99999218
0.999981441
0.999984153
1.00001926
1.00008769
1.00014775
1.00011009
0.999876866
0.999429197
0.998928999
0.998763902
0.999459704
1.00143444
1.00466176
1.00840085
1.01117162
1.01107081
1.00636259
0.996122602
0.980660447
0.961535443
0.940877665
0.915768816
0.84430148
0.610899255
0.209361767
0.999999984
0.999999808
0.999999762
1.00000102
1.00000269
1.00000084
0.999992291
0.999981449
0.99998391
1.00001878
1.00008729
1.00014798
1.0001114
0.999879103
0.999431244
0.9989288
0.998759068
0.999448759
1.00141849
1.00464601
1.00839507
1.01118844
1.0111216
1.00645184
0.996242862
0.980790383
0.961642505
0.941008338
0.91707872
0.851297453
0.62403963
0.21532096
0.99999999
0.999999808
0.999999751
1.00000102
1.00000271
1.00000085
0.999992228
0.99998133
0.999983942
1.00001927
1.00008831
1.00014881
1.00011046
0.999874701
0.999423306
0.998920507
0.998756946
0.999460294
1.00144795
1.00469084
1.00844545
1.01123096
1.01114507
1.00645166
0.996220938
0.980750518
0.961586299
0.941002935
0.918117727
0.857711128
0.637252173
0.221742946
0.999999996
0.999999805
0.999999745
1.00000104
1.00000274
1.00000079
0.999991977
0.999981072
0.999984284
1.0000209
1.00009098
1.00015031
1.00010672
0.999862182
0.999403246
0.998902579
0.998758696
0.999500253
1.00153425
1.0048113
1.00856604
1.01130585
1.0111346
1.00633897
0.996018259
0.980491472
0.961310132
0.940790147
0.918847498
0.863571749
0.650400798
0.228576327
1
0.999999802
0.999999742
1.00000108
1.00000278
1.00000063
0.999991487
0.999980656
0.999985081
1.00002403
1.00009572
1.00015239
1.00009891
0.99983884
0.999367835
0.998873576
0.998767727
0.999579134
1.0016946
1.00502725
1.0087722
1.01141606
1.01107498
1.00607942
0.995585694
0.979957745
0.96076188
0.940330323
0.91923999
0.868849368
0.663381732
0.235777012
1.00000001
0.999999797
0.999999745
1.00000115
1.00000283
1.00000034
0.999990702
0.999980099
0.999986564
1.00002912
1.00010289
1.00015457
1.00008496
0.999801089
0.99931362
0.998833385
0.998790817
0.999712421
1.00195125
1.00536149
1.00907823
1.01155864
1.01094102
1.00562622
0.994861014
0.979081199
0.959877914
0.93957701
0.91928025
0.873502487
0.676050056
0.24331257
1.00000001
0.999999791
0.999999756
1.00000126
1.00000287
0.999999865
0.999989561
0.999979472
0.999989109
1.00003679
1.00011273
1.0001557
1.00006159
0.999744214
0.999237288
0.998784607
0.998840608
0.999923577
1.00233381
1.00583992
1.00949453
1.01171919
1.01069046
1.00491353
0.993764657
0.977780554
0.958586058
0.938477807
0.918948955
0.877505657
0.688269853
0.2511252
1.00000002
0.999999783
0.999999778
1.0000014
1.0000029
0.999999147
0.999988013
0.999978953
0.99999331
1.00004779
1.00012515
1.00015341
1.00002355
0.999661857
0.999136241
0.998734906
0.998939468
1.00024801
1.00288126
1.00649008
1.01002213
1.01186339
1.01025446
1.00384794
0.992193475
0.975957515
0.956803657
0.936974355
0.918225652
0.880842878
0.699909944
0.25913773
1.00000002
0.999999772
0.999999814
1.00000159
1.00000288
0.99999809
0.999986035
0.999978892
1.00000005
1.00006296
1.0001393
1.00014331
0.999962906
0.999546426
0.999011169
0.998701801
0.999125138
1.00073714
1.00364184
1.00733529
1.01064168
1.01192307
1.00952398
1.00229766
0.990014026
0.973494045
0.954437642
0.935003491
0.917088444
0.883508649
0.710850235
0.267253992
1.00000002
0.999999761
0.999999867
1.00000182
1.00000275
0.999996586
0.999983678
0.999979912
1.00001055
1.00008287
1.00015268
1.00011786
0.999868742
0.999391258
0.998871429
0.998720393
0.999458046
1.00146133
1.00466835
1.00838152
1.01129404
1.01177491
1.00833092
1.00007916
0.987055312
0.970250052
0.951385256
0.932499172
0.915515248
0.885507161
0.720985075
0.275361622
1.00000002
0.999999748
0.999999944
1.00000209
1.00000245
0.999994519
0.999981149
0.99998303
1.00002627
1.00010727
1.00015982
1.00006505
0.999727702
0.999194864
0.998743772
0.998854437
1.0000295
1.00250916
1.00600477
1.00959221
1.01184852
1.01120911
1.00642313
0.996941211
0.983101337
0.966061892
0.947535598
0.929394893
0.913485091
0.886850608
0.730222572
0.283331928
1.00000002
0.999999737
1.00000005
1.00000239
1.00000187
0.999991802
0.999978916
0.999989746
1.00004866
1.00013383
1.00015048
0.999967677
0.99952731
0.998970787
0.998687561
0.99921077
1.00096606
1.00397387
1.00765289
1.01084075
1.01205186
1.0098856
1.00343443
0.992549401
0.97788679
0.960744341
0.942773778
0.925627652
0.910980466
0.887558122
0.738483702
0.291020802
1.00000002
0.999999728
1.00000018
1.00000269
1.00000088
0.999988432
0.999977848
1.00000203
1.00007831
1.00015624
1.00010762
0.999804827
0.999265333
0.998765983
0.998816337
0.999951367
1.00241806
1.00591093
1.00950335
1.01182966
1.01145369
1.00727935
0.998854195
0.986476437
0.971100032
0.954098554
0.936988823
0.92114382
0.90799065
0.887655161
0.745700593
0.298269586
1.00000002
0.999999722
1.00000035
1.00000293
0.999999345
0.999984581
0.999979337
1.00002203
1.00011349
1.00016159
1.00000677
0.999559025
0.998969192
0.998688968
0.999319651
1.00128704
1.00450832
1.00824121
1.01121131
1.01196765
1.00931068
1.00262407
0.99200814
0.978207722
0.962399524
0.945929095
0.930086475
0.915907097
0.904515865
0.887173209
0.751813545
0.304903153
1.00000001
0.999999722
1.00000055
1.00000308
0.999997154
0.999980702
0.999985321
1.00005127
1.0001478
1.00012811
0.999819811
0.999233979
0.99872865
0.998942359
1.00046512
1.00341804
1.00720009
1.01056579
1.01200137
1.01020988
1.00448973
0.994879977
0.9820725
0.967177381
0.951451794
0.936073323
0.922007727
0.909908535
0.9005721
0.886149981
0.7567702
0.310736915
1.00000001
0.999999729
1.00000077
1.00000304
0.999994259
0.99997762
0.999998073
1.0000892
1.00016738
1.00002545
0.999528107
0.998887462
0.998737416
0.999836336
1.00253455
1.00636267
1.01003349
1.01187069
1.01041652
1.00490579
0.995425977
0.982775507
0.968156551
0.952853925
0.937998834
0.924445034
0.912752761
0.903177918
0.896196064
0.88463041
0.760543324
0.31570402
1.00000001
0.999999745
1.000001
1.00000276
0.999990731
0.999976559
1.00001963
1.00013116
1.00014911
0.999821549
0.999149956
0.998676933
0.999319694
1.00172815
1.00561743
1.0096053
1.01170638
1.01016186
1.00410757
0.993774208
0.980244636
0.965000223
0.949496033
0.934892429
0.921957852
0.911090087
0.902407248
0.895794169
0.89144815
0.882649786
0.762949382
0.319335445
1
0.99999977
1.00000123
1.00000218
0.999986803
0.999979032
1.00005082
1.00016627
1.0000622
0.999500464
0.998782135
0.99889704
1.0008847
1.00479974
1.00918188
1.01155093
1.00959516
1.00222702
0.989905854
0.974228472
0.957203798
0.940633044
0.925786819
0.913353573
0.903544089
0.896245416
0.89116623
0.887893974
0.886416485
0.880266951
0.763974184
0.321499701
0.999999999
0.999999802
1.00000143
1.00000127
0.999982882
0.999986537
1.00009002
1.00017677
0.999876369
0.999092057
0.998640222
0.999958552
1.00372291
1.0085968
1.01144222
1.00897637
0.99957827
0.983973004
0.964589387
0.944332181
0.925591729
0.909830099
0.897629005
0.888947085
0.883380173
0.880375254
0.879338237
0.879665865
0.881206574
0.877531167
0.763583343
0.322130105
0.999999996
0.999999839
1.00000159
1.00000005
0.999979506
1.0000001
1.00013224
1.0001402
0.999577854
0.998704372
0.999059828
1.0022372
1.00758629
1.01139699
1.00883471
0.997056361
0.976880313
0.951979971
0.926736527
0.904498788
0.886995127
0.874612325
0.866929612
0.863189067
0.862522026
0.864141211
0.867334052
0.871374868
0.87599759
0.874502115
0.761516928
0.320796739
0.999999994
0.999999879
1.00000169
0.999998593
0.999977237
1.00001977
1.00016918
1.000036
0.999189165
0.998534632
1.000407
1.00575759
1.01116342
1.00982349
0.99637084
0.970909345
0.938707661
0.906571447
0.879447653
0.859392876
0.846339883
0.839272452
0.836947907
0.838285121
0.842437752
0.848556428
0.855825946
0.863430907
0.871005648
0.871214194
0.757524262
0.317198718
0.999999993
0.999999919
1.00000173
0.999997005
0.999976514
1.00004429
1.00019101
0.999855142
0.998780682
0.998825968
1.00287556
1.00982828
1.01189191
0.999537423
0.969838145
0.929232839
0.888357299
0.855131615
0.832150685
0.818323278
0.811444503
0.809638545
0.811782921
0.817145387
0.825061227
0.834799237
0.845511741
0.856248847
0.866461964
0.867659319
0.751203888
0.310955775
0.999999992
0.999999957
1.00000171
0.999995418
0.999977505
1.0000712
1.00018971
0.999608965
0.998457728
0.999753659
1.00624848
1.01298068
1.00681886
0.977749728
0.929837714
0.878504058
0.837679756
0.811753545
0.797947408
0.791696021
0.789808664
0.791042111
0.795097447
0.802069735
0.811848288
0.82384151
0.837051765
0.850262464
0.862601555
0.863745776
0.741963263
0.301641694
0.999999992
0.999999992
1.00000165
0.999993952
0.99998002
1.00009743
1.0001631
0.999330972
0.998314678
1.00127668
1.00982481
1.01364847
0.994854504
0.946891506
0.88497612
0.832955044
0.80235649
0.788873978
0.784407189
0.783342473
0.78343074
0.784328805
0.787245507
0.793449294
0.803342272
0.816297534
0.831004661
0.845901972
0.8596807
0.859188303
0.728758801
0.288633906
0.999999992
1.00000002
1.00000156
0.9999927
0.999983516
1.00012015
1.00011758
0.999068397
0.998371445
1.0030492
1.01270172
1.01155924
0.979330758
0.916407189
0.849471997
0.806000277
0.789139419
0.784911104
0.784750898
0.785564842
0.785015092
0.783979765
0.784947993
0.789866281
0.799306059
0.812514046
0.827911375
0.843623998
0.857747207
0.85334734
0.709837755
0.270761476
0.999999992
1.00000005
1.00000146
0.999991713
0.999987185
1.00013743
1.00006811
0.998867847
0.998534639
1.0044817
1.01429086
1.00875859
0.968166743
0.899334192
0.834626886
0.799339925
0.789095389
0.786204016
0.78558753
0.78659626
0.784942501
0.783790152
0.784842502
0.789942971
0.799543208
0.812813615
0.828141788
0.843829148
0.85736057
0.844353439
0.681797295
0.24847858
0.999999993
1.00000006
1.00000137
0.999991033
0.999990018
1.00014802
1.00003545
0.998767487
0.998629239
1.00492928
1.01450402
1.00858688
0.969700622
0.905184352
0.843731901
0.807010106
0.793210425
0.788734623
0.786023943
0.785046543
0.785189215
0.786056548
0.789253784
0.795725606
0.805606378
0.818216478
0.832692556
0.848180418
0.858634384
0.826197675
0.637459417
0.22073545
0.999999993
1.00000007
1.00000132
0.99999071
0.999990939
1.00015018
1.00004236
0.998809387
0.998508189
1.00383895
1.01311502
1.01249547
0.986481668
0.93526047
0.877217017
0.832994765
0.809755938
0.801003245
0.797224532
0.794045642
0.792515435
0.794476515
0.798663206
0.805735716
0.81562089
0.828362994
0.843438452
0.857268076
0.853749103
0.785025699
0.568079529
0.18554162
0.999999993
1.00000007
1.00000132
0.999990976
0.999988574
1.00013697
1.00011679
0.999090953
0.998161007
1.00119557
1.00943024
1.01588868
1.00872493
0.981270524
0.93812274
0.891772473
0.854342106
0.831913745
0.824133337
0.826805126
0.834576177
0.842959547
0.850624847
0.856806621
0.865011951
0.872441529
0.874928559
0.862147194
0.812446699
0.689655762
0.458483236
0.139868567
0.999999993
1.00000006
1.00000138
0.999992782
0.999979912
1.00009751
1.00021945
0.999593299
0.998253271
0.998498466
1.00306342
1.01136158
1.01839493
1.01766138
1.00503703
0.980456078
0.94696422
0.908719145
0.869448641
0.831835705
0.797556789
0.767541995
0.742055697
0.719819237
0.696035699
0.669060207
0.634694651
0.586145607
0.513004743
0.402870126
0.24931765
0.0721680161
0.999999993
1.00000001
1.00000143
0.999996611
0.99997372
1.00003244
1.0002316
1.00013087
0.999169888
0.997810726
0.997741343
1.00066056
1.00697726
1.0155816
1.02456131
1.03206825
1.03678437
1.03793441
1.03505
1.02767989
1.01513459
0.996274436
0.969324042
0.9317092
0.879956279
0.809815458
0.71700936
0.598714798
0.456361884
0.299581758
0.149484963
0.0332788307
0.999999995
0.999999944
1.0000011
1.00000118
0.999979363
0.999971565
1.00010374
1.0003218
1.0002366
0.999467137
0.998063086
0.996531052
0.995536824
0.995611944
0.997044806
0.999929889
1.00427331
1.01008014
1.01739568
1.02629632
1.03682261
1.04882713
1.06168
1.07373959
1.08147148
1.07813694
1.05218495
0.986101192
0.857765314
0.648445143
0.363987995
0.0734911611
0.999999999
0.999999924
1.00000034
1.00000337
0.999995731
0.999961945
0.999958513
1.00008226
1.00033352
1.00057838
1.00064191
1.00040783
0.999849646
0.999008679
0.997960382
0.996794428
0.995614915
0.994558913
0.993831864
0.993761001
0.994867277
0.99794521
1.0041066
1.01466882
1.03062234
1.05118667
1.07073669
1.07346274
1.02666174
0.878115085
0.574093577
0.137661679
1
0.999999971
0.999999761
1.00000157
1.00000596
0.999996769
0.999959534
0.999913999
0.999902747
0.999956873
1.00008036
1.00025599
1.00045697
1.00065422
1.00081774
1.0009142
1.00090289
1.00073247
1.00034216
0.9996752
0.998721061
0.997616296
0.996845695
0.997569394
1.00199412
1.01336388
1.03443204
1.06206536
1.07488457
1.01394998
0.770912748
0.251171534
1
1.00000001
0.999999874
0.999999398
1.00000139
1.00000822
1.00001419
1.00000973
0.999990251
0.999958057
0.999919328
0.999881042
0.99984971
0.999831428
0.999832358
0.999859002
0.999917614
1.00001165
1.00013538
1.0002608
1.00031595
1.00016069
0.999594921
0.998498791
0.997297145
0.997924979
1.00498045
1.024945
1.0574912
1.06910105
0.942764015
0.446253092
1
0.999999998
1.00000005
1.00000003
0.999999152
0.999997767
0.999997743
1.00000052
1.00000603
1.00001316
1.00002053
1.00002688
1.00003107
1.00003201
1.00002859
1.00001966
1.0000044
0.999983294
0.999960274
0.999946661
0.999965437
1.00004796
1.00020173
1.00032241
1.00008981
0.999126606
0.998030161
1.00054296
1.0146707
1.04431075
1.04582447
0.770400674
)
;

boundaryField
{
    inner_wall
    {
        type            zeroGradient;
    }
    outer_wall
    {
        type            fixedValue;
        value           uniform 0;
    }
    top
    {
        type            fixedValue;
        value           uniform 1;
    }
    bottom
    {
        type            inletOutlet;
        inletValue      uniform 0;
        value           nonuniform List<scalar> 
32
(
0
0
0
0
0
0
0
0
0
0
-0.00817678361
-0.0184191713
-0.0375074513
-0.0524378148
-0.0157897483
0.143532768
0.433827013
0.746603518
0.959136939
1.03533316
1.02864708
1.00650098
0.997234386
0.997954145
1.00159604
1.00579402
1.00763178
1.0017643
0.979010062
0.899977468
0.677957403
0.261399866
)
;
    }
    front
    {
        type            wedge;
    }
    back
    {
        type            wedge;
    }
}


// ************************************************************************* //
