/*--------------------------------*- C++ -*----------------------------------*\
| =========                 |                                                 |
| \\      /  F ield         | OpenFOAM: The Open Source CFD Toolbox           |
|  \\    /   O peration     | Version:  2506                                  |
|   \\  /    A nd           | Website:  www.openfoam.com                      |
|    \\/     M anipulation  |                                                 |
\*---------------------------------------------------------------------------*/
FoamFile
{
    version     2.0;
    format      ascii;
    arch        "LSB;label=32;scalar=64";
    class       volScalarField;
    location    "260";
    object      C;
}
// * * * * * * * * * * * * * * * * * * * * * * * * * * * * * * * * * * * * * //

dimensions      [0 0 0 0 0 0 0];

internalField   nonuniform List<scalar> 
3072
(
2.20941412e-09
-3.21141975e-07
-1.40863291e-06
2.04896803e-05
6.15903931e-05
-8.55084313e-05
-0.000704964229
-0.00179188453
-0.00318303766
-0.00500630815
-0.00815733013
-0.0184050525
-0.0375000269
-0.0524358554
-0.0157904371
0.14353172
0.433826519
0.746603504
0.959137035
1.03533297
1.02864656
1.00650126
0.997237666
0.997959441
1.00159069
1.00575256
1.00754473
1.00170667
0.979186481
0.900566439
0.678743943
0.261764548
-1.61380609e-09
2.22536693e-07
1.13401674e-05
-1.69309441e-05
-0.000251343794
-0.000372236396
0.000766053901
0.00381559635
0.0075918777
0.00952423132
0.00663629439
-0.00348607392
-0.0256869559
-0.0514669366
-0.0240864613
0.140493002
0.444259057
0.764514527
0.971443874
1.03740106
1.02571602
1.00429121
0.996898225
0.998326562
1.00198751
1.00608075
1.00755716
1.00106819
0.97759216
0.897141072
0.673526943
0.257700034
9.43420966e-09
2.5558239e-06
-2.39582033e-06
-0.000161761281
-0.000191725796
0.00167815453
0.00670330901
0.0125928433
0.015730343
0.0156041083
0.0137811625
0.00712269853
-0.0142435197
-0.048635416
-0.0308992023
0.135393961
0.447577422
0.772889605
0.977107835
1.03781959
1.02400016
1.00328848
0.996848713
0.998534314
1.00218014
1.00623707
1.00754699
1.00077123
0.977029695
0.896453434
0.673778433
0.260523792
1.36789919e-08
3.50522063e-06
-2.185985e-05
-0.000261986356
0.000187627499
0.0040794983
0.0111647119
0.016230832
0.0167130138
0.0159256788
0.0143008201
0.012117533
-0.00628638111
-0.0463015024
-0.03274154
0.140643304
0.462881202
0.79005894
0.986093868
1.03814554
1.02154223
1.0019879
0.996806738
0.99880093
1.00242635
1.0064343
1.0075294
1.00039682
0.976310333
0.895421349
0.673308826
0.262991927
8.1838773e-10
3.88220011e-06
-2.36974218e-05
-0.000280835114
0.000257906746
0.00465987779
0.0124331189
0.0174200798
0.0178124107
0.0168675267
0.0132440171
0.0119927473
-0.00744201771
-0.0476639169
-0.0229745015
0.16987733
0.503828416
0.822434894
0.999021081
1.03746441
1.01801332
1.00051426
0.99687844
0.999141236
1.00272487
1.00666507
1.00747686
0.999909921
0.975386503
0.894028449
0.672467816
0.265917032
-1.02667259e-07
4.18490618e-06
-1.55401617e-05
-0.000269273778
3.54005275e-05
0.00352504695
0.0100929046
0.0149714976
0.0168544512
0.0147011455
0.0119277467
0.00889974519
-0.0162207281
-0.0505688732
0.00560949528
0.237216708
0.581160756
0.873845192
1.01541058
1.03465552
1.01298427
0.998867099
0.997126727
0.999606734
1.00313559
1.00697045
1.00735252
0.999157346
0.973899538
0.891423404
0.669743923
0.267659494
-1.48151331e-08
4.48187949e-06
-2.1267897e-06
-0.00022573522
-0.000229800683
0.00175549978
0.00592488506
0.00953581898
0.0108601832
0.00912676411
0.00851249262
0.000510080681
-0.0319007598
-0.0435556783
0.0734208823
0.356446352
0.695353045
0.937451109
1.0297735
1.02818345
1.00688717
0.997500248
0.997647968
1.00020168
1.00368887
1.00735634
1.00709127
0.998003877
0.971592697
0.887086976
0.664423728
0.267562301
-1.0558064e-06
2.96741439e-06
9.66222397e-06
-0.000156591403
-0.000345872294
0.000385305136
0.00224959288
0.00409847682
0.00434599022
0.00436559941
0.00292682445
-0.016853444
-0.0443897015
0.00373058747
0.209003057
0.532145037
0.830595073
0.996079317
1.03455439
1.01788823
1.00115561
0.996982298
0.998435316
1.0009011
1.00440923
1.00779598
1.00659299
0.996304609
0.968221597
0.880561059
0.655922671
0.265084484
3.23819274e-06
6.66504589e-06
2.33278067e-05
-7.43461354e-05
-0.000286492688
-0.000224655191
0.000256821162
0.000711816598
0.000959342188
0.00118980193
-0.0114418347
-0.0369487302
-0.0145069674
0.140919104
0.430346332
0.742120149
0.952727817
1.02972075
1.02630295
1.00651802
0.997635517
0.997519456
0.999326641
1.00169566
1.00531409
1.00820921
1.00571582
0.993909953
0.96356146
0.87149391
0.643944635
0.260032677
-1.91072769e-05
-1.95029214e-05
-1.49554916e-06
-3.83191919e-05
-0.000175531225
-0.000298372948
-0.000310501544
-0.000381690291
-0.00011628664
-0.0109186982
-0.0312598423
-0.00773769438
0.134623895
0.403334511
0.706386366
0.928063021
1.0233479
1.03025706
1.01066438
0.998736129
0.99714072
0.998619822
1.00012815
1.0026522
1.00639079
1.00844513
1.00428345
0.99067034
0.957390444
0.859602006
0.628399268
0.25245214
9.71518067e-05
0.000106081485
0.000130461134
0.000113749478
5.21901991e-05
-7.30080257e-05
-0.00014019576
-0.000185063611
-0.0122865243
-0.023803685
0.0229462289
0.185823316
0.453604994
0.737391457
0.939475798
1.02565884
1.03116752
1.01155193
0.998973604
0.996971702
0.998436659
0.999492424
1.00088184
1.00389549
1.00753848
1.00827844
1.00211049
0.986448868
0.949486888
0.844674472
0.609396245
0.242592147
-0.00054473858
-0.000596488915
-0.000618285179
-0.000484918609
-0.000440391092
3.90132741e-06
-0.00108748273
-0.0132278187
0.00216041082
0.103936051
0.314155836
0.586070635
0.831612813
0.983704612
1.03572499
1.02850445
1.00825918
0.997721481
0.996900679
0.998655538
0.999418493
0.999949852
1.00191656
1.00545945
1.00852222
1.00744312
0.999044033
0.981134845
0.939637232
0.826600128
0.587243379
0.230856072
0.00332048699
0.00362477026
0.00374930485
0.00251530098
0.00163718943
-0.00363308982
0.0122385844
0.108002939
0.300739038
0.552470216
0.792219164
0.95867205
1.03288522
1.03909714
1.01856949
1.0013057
0.995889744
0.997346624
0.999287177
0.99961549
0.999507187
1.00060919
1.00348422
1.00714399
1.00900846
1.00570312
0.995006459
0.974653015
0.927661611
0.805422574
0.562458928
0.217759906
-0.0243178307
-0.0268848778
-0.0268571078
-0.00571894245
0.0709974974
0.226332507
0.445373825
0.67865691
0.873841701
0.997661226
1.04697111
1.04430438
1.02144804
1.00221818
0.994862546
0.995903559
0.998855828
1.00014887
0.999782361
0.999241291
0.999794851
1.00197786
1.00542584
1.00857093
1.00867663
1.00292872
0.990022187
0.966969481
0.913464435
0.781413728
0.535778477
0.203889908
0.328394644
0.42299148
0.559343487
0.719878331
0.865025358
0.975935078
1.04275492
1.06612454
1.05714176
1.03288695
1.00935256
0.995634704
0.992482149
0.995322452
0.998972321
1.00072683
1.00056278
0.999642481
0.999015897
0.999315125
1.00092366
1.00386627
1.00733294
1.00937159
1.00732431
0.999146965
0.984219545
0.958103875
0.897113581
0.755146861
0.508140456
0.189858298
1.02866543
1.0456512
1.05253228
1.04866234
1.03676819
1.0207549
1.00511533
0.993766926
0.988721601
0.989462479
0.993516555
0.997927822
1.00072183
1.00149771
1.00097399
1.00007474
0.999335497
0.998942138
0.999097698
1.00019575
1.00255187
1.00586902
1.00884637
1.00929662
1.00492936
0.994554885
0.977810044
0.948160993
0.878936854
0.727537625
0.480635791
0.176256948
0.996109429
0.993354583
0.991442634
0.990971521
0.991964802
0.994151913
0.996971811
0.999673917
1.00156869
1.00231051
1.00203213
1.001224
1.00042218
0.999911127
0.999641324
0.999404292
0.999121948
0.999035094
0.99964831
1.00142884
1.00438099
1.00769627
1.00970213
1.00826929
1.00168024
0.989484527
0.971058545
0.937386422
0.859600422
0.699816719
0.454417114
0.163612711
1.00067368
1.00117645
1.00159272
1.00178963
1.00172858
1.00141566
1.0009116
1.00033689
0.999845959
0.999570583
0.999557251
0.999734566
0.999935727
0.999974227
0.999746097
0.999321831
0.998990294
0.999214549
1.00046398
1.00292675
1.00619206
1.00907761
1.00978267
1.0064391
0.997937594
0.984325002
0.964266674
0.926224796
0.840115027
0.673410893
0.430577818
0.152349833
0.999869631
0.999769803
0.999680547
0.999629754
0.999625846
0.999668613
0.999751045
0.99986116
0.999984634
1.00010521
1.00019938
1.00022739
1.00013223
0.999864473
0.999442184
0.999026541
0.998957947
0.999683317
1.00154174
1.00446126
1.00771068
1.00988022
1.00919543
1.00413419
0.994124665
0.979445063
0.957774549
0.915330293
0.82172591
0.649743031
0.410025712
0.142764677
1.00002666
1.00004773
1.00006814
1.00008189
1.00008432
1.00007138
1.00004514
1.00001873
1.00001333
1.00004283
1.00009117
1.00009836
0.999976734
0.999669226
0.999235612
0.998919715
0.999132785
1.00030731
1.0026372
1.00580118
1.00881907
1.01016924
1.00819879
1.00173577
0.990620381
0.975147597
0.95195244
0.905483807
0.805692476
0.630002774
0.393381974
0.135015799
0.999994125
0.999989601
0.999985918
0.999984135
0.99998189
0.999976346
0.999970623
0.99997749
1.00001281
1.0000771
1.00013439
1.00010811
0.999913592
0.999529784
0.999083004
0.998887147
0.999380905
1.00093869
1.00360201
1.00684805
1.00953549
1.01011505
1.00708585
0.999572197
0.98769534
0.971648222
0.947153024
0.897423881
0.793028403
0.614960539
0.380929509
0.129129563
1.00000113
1.00000227
1.00000406
1.00000592
1.00000447
0.999996583
0.999986911
0.999991116
1.00002641
1.00008934
1.00013423
1.00007557
0.999832751
0.999411796
0.998985972
0.998913452
0.999639275
1.0014783
1.00434914
1.00758568
1.0099514
1.00990953
1.00609696
0.997858639
0.985491788
0.969063297
0.943631927
0.891661764
0.78430389
0.604882293
0.37261908
0.125019049
0.999999577
0.999999439
1.00000002
1.00000103
0.999998951
0.999990821
0.999982289
0.999990385
1.00003186
1.0000987
1.00013713
1.00005584
0.999779457
0.999335954
0.998932373
0.998954442
0.999844292
1.00186805
1.00485751
1.00805514
1.01017387
1.00970111
1.00537566
0.996687084
0.984035982
0.967404496
0.941480185
0.88836924
0.779581868
0.599559654
0.368125061
0.122512434
0.999999923
1.00000008
1.00000097
1.00000218
1.00000005
0.999991601
0.999983007
0.999992145
1.00003572
1.00010336
1.00013698
1.00004224
0.999747187
0.999292833
0.998905481
0.998985362
0.999970556
1.00209705
1.00514672
1.00831293
1.01028564
1.0095719
1.00497052
0.996049581
0.9832665
0.966588169
0.940609919
0.887383348
0.778491854
0.598426235
0.366929966
0.121384353
0.999999841
0.999999926
1.00000074
1.00000193
0.999999785
0.999991278
0.999982685
0.999992188
1.00003661
1.00010488
1.00013726
1.00003799
0.999736025
0.999277156
0.998895119
0.998995893
1.00001623
1.0021809
1.00525359
1.00841073
1.0103361
1.00954602
1.00486091
0.995873921
0.983067843
0.96646222
0.94079673
0.888307725
0.780393139
0.600712769
0.368414037
0.121385678
0.99999986
0.999999949
1.00000076
1.000002
0.999999987
0.99999156
0.999982743
0.999991652
1.0000355
1.00010393
1.00013786
1.00004126
0.999741627
0.999282499
0.998895647
0.998986646
0.999994329
1.00214824
1.00521881
1.00838944
1.01034847
1.00961124
1.0049887
0.9960572
0.983298811
0.966834798
0.94174375
0.89065656
0.784571823
0.605592039
0.371910187
0.12225231
0.999999856
0.999999927
1.0000007
1.00000198
1.0000002
0.999992001
0.999982852
0.999990455
1.00003262
1.00010095
1.00013872
1.00005048
0.999760317
0.999304142
0.998904709
0.998962747
0.999922051
1.00202911
1.00507953
1.00828083
1.01033302
1.00974229
1.00528634
0.996489207
0.983804492
0.967498858
0.94315859
0.893973346
0.790340055
0.612261842
0.376790499
0.123731752
0.999999859
0.999999914
1.00000065
1.00000197
1.00000047
0.9999926
0.999983094
0.999989006
1.00002876
1.00009657
1.00013924
1.00006275
0.999786936
0.999336747
0.998921136
0.998932497
0.999820634
1.00185625
1.00487203
1.00811123
1.01029124
1.00990497
1.00568308
0.997076516
0.984489068
0.968336432
0.944798096
0.897770882
0.797012685
0.620053618
0.382582718
0.125640127
0.999999862
0.999999901
1.00000058
1.00000194
1.00000075
0.999993263
0.999983444
0.99998753
1.00002447
1.00009131
1.00013908
1.00007585
0.999817194
0.999375649
0.998943655
0.998902612
0.999707766
1.00165708
1.00462669
1.00790291
1.01022514
1.01007236
1.00612191
0.997740692
0.985265646
0.969245097
0.946480977
0.901695623
0.804064523
0.628418123
0.388879603
0.127812788
0.999999864
0.999999889
1.00000052
1.0000019
1.000001
0.999993939
0.999983884
0.999986189
1.00002018
1.00008568
1.00013811
1.00008821
0.999847774
0.999416915
0.998970522
0.99887722
0.99959615
1.00145247
1.00436783
1.00767518
1.01013935
1.01022691
1.00656122
0.998422307
0.986069538
0.970155751
0.948089585
0.905501789
0.811109589
0.636942155
0.395370918
0.1301207
0.999999867
0.999999879
1.00000046
1.00000186
1.00000123
0.999994584
0.999984377
0.999985056
1.00001617
1.00008007
1.00013646
1.000099
0.99987651
0.999457546
0.99899972
0.998857984
0.999493511
1.00125664
1.00411341
1.00744397
1.01004054
1.01035992
1.00697433
0.999079686
0.986853498
0.971022806
0.949557971
0.909042048
0.817891503
0.645334611
0.401831063
0.132465843
0.99999987
0.999999871
1.00000041
1.00000181
1.00000142
0.999995173
0.999984887
0.999984147
1.00001258
1.00007474
1.00013433
1.00010801
0.999902366
0.999495676
0.999029394
0.998844812
0.999403475
1.0010779
1.00387539
1.00722144
1.0099361
1.01046922
1.00734667
0.999686607
0.987585919
0.971818958
0.950857061
0.912243103
0.824258416
0.653408516
0.408109419
0.134778923
0.999999872
0.999999864
1.00000036
1.00000177
1.00000158
0.999995691
0.999985381
0.999983445
1.00000948
1.00006989
1.00013195
1.00011527
0.999924866
0.99953013
0.999057972
0.998836726
0.999327084
1.00092045
1.00366105
1.00701622
1.00983296
1.01055658
1.00767229
1.00022874
0.988247504
0.972529452
0.951981102
0.915082618
0.830136299
0.661057935
0.414115112
0.137014202
0.999999875
0.999999859
1.00000032
1.00000173
1.00000171
0.999996133
0.999985835
0.999982917
1.00000689
1.00006565
1.00012955
1.00012095
0.999943819
0.999560153
0.999084182
0.998832423
0.999263921
1.00078574
1.00347418
1.00683389
1.00973682
1.01062567
1.00795077
1.0007003
0.988828354
0.973148092
0.95293763
0.917570045
0.835505151
0.668236815
0.419802842
0.13914431
0.999999877
0.999999854
1.00000028
1.00000169
1.00000181
0.999996498
0.999986231
0.999982526
1.00000478
1.00006207
1.00012733
1.00012531
0.999959377
0.999585513
0.999107199
0.998830588
0.999212712
1.00067335
1.00331594
1.00667738
1.00965184
1.01068069
1.00818496
1.00110136
0.989325611
0.973674633
0.953741072
0.919733104
0.840380975
0.674942373
0.42516162
0.141156154
0.999999879
0.99999985
1.00000026
1.00000166
1.00000189
0.999996793
0.999986559
0.999982235
1.00000309
1.00005914
1.0001254
1.00012862
0.999971848
0.999606283
0.999126576
0.998830107
0.999171851
1.00058175
1.00318563
1.00654749
1.00958055
1.01072561
1.00837944
1.00143586
0.989741523
0.974113024
0.954408881
0.921608603
0.844802404
0.681202122
0.430205675
0.143047389
0.999999881
0.999999846
1.00000023
1.00000164
1.00000195
0.999997024
0.99998682
0.999982016
1.00000178
1.00005683
1.00012381
1.00013114
0.999981644
0.9996228
0.999142219
0.998830132
0.999139638
1.00050868
1.00308119
1.00644327
1.00952394
1.01076371
1.00853956
1.0017102
0.990082047
0.974470304
0.954959504
0.923236873
0.848821773
0.687064948
0.434968246
0.144824172
0.999999882
0.999999842
1.00000022
1.00000162
1.000002
0.999997202
0.999987016
0.999981844
1.00000077
1.00005505
1.00012259
1.00013308
0.999989206
0.999635594
0.999154361
0.99883011
0.999114412
1.00045148
1.00299958
1.00636244
1.00948168
1.01079752
1.00867093
1.00193229
0.990355743
0.974755774
0.955411284
0.924658314
0.852498779
0.692594319
0.439496706
0.146499409
0.999999884
0.999999838
1.0000002
1.00000161
1.00000204
0.999997336
0.999987156
0.999981703
1
1.00005372
1.0001217
1.00013459
0.999994967
0.999645266
0.999163419
0.998829736
0.999094663
1.00040735
1.00293723
1.0063018
1.00945241
1.01082882
1.00877905
1.00211083
0.990572795
0.974980215
0.955781783
0.925911177
0.855895605
0.697862525
0.443848206
0.148091019
0.999999886
0.999999834
1.00000019
1.0000016
1.00000208
0.999997435
0.999987251
0.999981583
0.999999425
1.00005275
1.0001211
1.0001358
0.99999933
0.999652446
0.99916993
0.998828899
0.999079063
1.00037349
1.00289032
1.00625764
1.00943411
1.01085878
1.00886911
1.00225475
0.990744245
0.975155219
0.956087403
0.927030272
0.859073397
0.702946109
0.448086139
0.149620481
0.999999887
0.99999983
1.00000018
1.0000016
1.00000211
0.999997509
0.99998731
0.999981475
0.999998987
1.00005206
1.00012072
1.00013681
1.00000267
0.999657765
0.999174493
0.99882762
0.99906645
1.00034725
1.00285501
1.00622599
1.00942433
1.01088807
1.00894594
1.00237289
0.990881402
0.97529265
0.956343164
0.928046284
0.862089779
0.707922345
0.452277399
0.151111764
0.999999889
0.999999826
1.00000017
1.0000016
1.00000214
0.999997567
0.999987346
0.999981374
0.999998639
1.00005154
1.0001205
1.0001377
1.00000533
0.999661836
0.999177731
0.998826006
0.999055798
1.00032611
1.00282752
1.00620284
1.00942039
1.01091706
1.00901398
1.00247372
0.990995412
0.975404217
0.956562601
0.928985494
0.86499717
0.712866588
0.456490288
0.152590551
0.999999891
0.999999822
1.00000016
1.0000016
1.00000217
0.999997616
0.99998737
0.999981277
0.999998338
1.00005112
1.00012036
1.00013851
1.00000764
0.999665239
0.999180258
0.998824214
0.999046208
1.00030772
1.00280426
1.00618429
1.00941963
1.01094588
1.00907726
1.00256524
0.991096945
0.975501156
0.956757724
0.929869718
0.867841608
0.717850164
0.460791789
0.154080501
0.999999893
0.999999818
1.00000015
1.00000161
1.0000022
0.999997664
0.999987393
0.999981181
0.999998045
1.00005071
1.00012022
1.00013931
1.00000986
0.999668512
0.999182661
0.998822425
0.999036891
1.00028996
1.00278191
1.00616666
1.00941941
1.01097449
1.00913939
1.00265478
0.991195973
0.975594001
0.956939027
0.930716375
0.870661858
0.722938665
0.465248558
0.155607712
0.999999895
0.999999814
1.00000014
1.00000161
1.00000223
0.999997718
0.999987424
0.999981084
0.999997725
1.00005025
1.00012004
1.00014012
1.00001226
0.999672138
0.999185478
0.998820827
0.99902717
1.00027092
1.00275744
1.00614656
1.00941728
1.01100277
1.00920359
1.002749
0.991301638
0.975692476
0.957115589
0.931538752
0.87348921
0.728191159
0.469924491
0.157196616
0.999999897
0.99999981
1.00000013
1.00000161
1.00000226
0.999997784
0.999987474
0.999980987
0.999997349
1.00004966
1.00011973
1.00014098
1.00001505
0.999676543
0.999189201
0.998819619
0.999016477
1.00024892
1.00272813
1.00612091
1.00941091
1.01103049
1.0092726
1.0028538
0.991422199
0.975805468
0.957295238
0.932346376
0.876347677
0.733660578
0.474882612
0.158872127
0.9999999
0.999999806
1.00000012
1.0000016
1.00000229
0.999997867
0.999987551
0.99998089
0.999996891
1.0000489
1.00011925
1.0001419
1.00001842
0.999682118
0.999194286
0.998819009
0.999004351
1.00022252
1.00269161
1.00608693
1.00939819
1.01105729
1.00934872
1.00297429
0.99156495
0.975940977
0.957484669
0.93314529
0.879253797
0.739392954
0.480184165
0.160658421
0.999999903
0.999999803
1.0000001
1.00000159
1.00000232
0.999997973
0.999987663
0.999980795
0.999996329
1.0000479
1.00011853
1.00014289
1.00002253
0.999689204
0.999201156
0.998819224
0.998990457
1.00019052
1.00264583
1.00604221
1.00937717
1.01108271
1.00943371
1.00311468
0.991736067
0.976105988
0.957689508
0.93393824
0.882216142
0.745425974
0.485888142
0.162579499
0.999999907
0.999999799
1.00000009
1.00000158
1.00000236
0.999998103
0.999987816
0.999980704
0.999995651
1.00004663
1.00011752
1.00014394
1.00002747
0.999698038
0.999210138
0.998820495
0.998974637
1.00015214
1.00258931
1.00598485
1.00934618
1.01110615
1.00952871
1.00327807
0.991940392
0.976306276
0.957914324
0.934724937
0.885234951
0.751787627
0.492050798
0.164659978
0.999999911
0.999999796
1.00000007
1.00000156
1.00000239
0.999998261
0.999988016
0.999980622
0.999994852
1.00004507
1.0001162
1.00014502
1.00003326
0.999708748
0.999221462
0.998823053
0.998956923
1.00010696
1.00252108
1.00591348
1.00930387
1.01112686
1.00963414
1.00346638
0.992181244
0.976546225
0.958162667
0.935502454
0.888302087
0.758494981
0.498724162
0.166923546
0.999999915
0.999999794
1.00000005
1.00000153
1.00000243
0.999998446
0.999988266
0.999980556
0.999993935
1.00004321
1.00011452
1.00014608
1.00003988
0.999721374
0.999235274
0.99882713
0.998937524
1.00005499
1.00244079
1.00582734
1.00924925
1.01114399
1.00974973
1.00368018
0.992460252
0.976828624
0.958437075
0.936265748
0.891401247
0.765553021
0.50595553
0.169393652
0.99999992
0.999999792
1.00000002
1.0000015
1.00000248
0.999998657
0.999988568
0.999980514
0.999992914
1.00004106
1.00011248
1.00014708
1.00004725
0.999735851
0.99925161
0.998832937
0.998916821
0.999996664
1.00234872
1.00572635
1.00918178
1.01115663
1.00987443
1.00391865
0.992777141
0.977154375
0.95873898
0.937008227
0.894508356
0.772953216
0.513786015
0.172093359
0.999999925
0.999999791
0.999999997
1.00000146
1.00000252
0.999998892
0.999988921
0.999980502
0.999991809
1.00003864
1.00011006
1.00014793
1.00005522
0.999752002
0.999270383
0.998840636
0.998895346
0.999932863
1.00224586
1.00561121
1.00910149
1.01116388
1.01000647
1.00417939
0.993129471
0.977522106
0.959068462
0.93772234
0.897592244
0.780671896
0.522248559
0.175045028
0.999999931
0.999999791
0.999999968
1.00000141
1.00000255
0.999999146
0.99998932
0.999980528
0.99999065
1.00003599
1.0001073
1.00014858
1.00006358
0.999769531
0.999291351
0.998850301
0.99887375
0.999864912
1.00213399
1.00548362
1.00900921
1.01116508
1.01014336
1.00445835
0.993512338
0.977927684
0.959423836
0.938400161
0.900615751
0.788668631
0.531365315
0.178269656
0.999999937
0.999999791
0.999999939
1.00000136
1.00000259
0.999999413
0.999989757
0.999980596
0.999989472
1.00003319
1.00010425
1.00014898
1.00007209
0.999787988
0.999314055
0.998861842
0.998852765
0.999794629
1.00201584
1.00534643
1.00890679
1.01115991
1.01028201
1.0047497
0.993918085
0.978363705
0.95980108
0.939033918
0.903537475
0.796885099
0.541144741
0.181785929
0.999999944
0.999999793
0.999999909
1.00000131
1.00000261
0.999999683
0.999990219
0.999980707
0.999988316
1.00003033
1.00010099
1.00014909
1.00008044
0.999806738
0.999337759
0.998874936
0.998833135
0.999724288
1.00189508
1.00520383
1.00879735
1.01114873
1.01041886
1.00504588
0.994336175
0.978819118
0.960193213
0.939616434
0.906314388
0.805245278
0.551579199
0.185609524
0.99999995
0.999999795
0.99999988
1.00000125
1.00000264
0.999999949
0.999990691
0.999980856
0.999987226
1.00002751
1.00009767
1.00014892
1.00008831
0.999825034
0.99936149
0.998888984
0.9988155
0.999656482
1.00177628
1.00506133
1.00868539
1.01113276
1.01055013
1.00533778
0.994753265
0.979279092
0.960589734
0.94014136
0.908905205
0.813657454
0.562643706
0.189753279
0.999999957
0.999999798
0.999999851
1.00000119
1.00000265
1.0000002
0.999991149
0.99998103
0.999986238
1.00002486
1.00009445
1.00014853
1.00009539
0.99984205
0.999384041
0.998903079
0.998800315
0.999593993
1.00166476
1.00492572
1.00857687
1.01111426
1.01067213
1.00561499
0.995153391
0.979725053
0.960976115
0.940602971
0.911273879
0.822017467
0.57429525
0.194228271
0.999999964
0.999999801
0.999999824
1.00000114
1.00000266
1.00000042
0.99999157
0.99998121
0.999985389
1.00002251
1.00009153
1.00014802
1.00010143
0.999856913
0.999404038
0.998916032
0.998787785
0.999539643
1.00156641
1.00480494
1.00847919
1.01109669
1.01078139
1.00586597
0.995518128
0.980134778
0.961333363
0.940995458
0.913392696
0.830212774
0.586472315
0.19904615
0.99999997
0.999999804
0.9999998
1.00000109
1.00000267
1.00000061
0.999991923
0.999981368
0.99998471
1.00002062
1.00008916
1.00014757
1.00010618
0.999868688
0.999419932
0.998926387
0.998777899
0.999496346
1.00148774
1.00470812
1.00840123
1.01108464
1.01087464
1.006078
0.995826421
0.980482264
0.961637505
0.941311603
0.91524427
0.838126288
0.599093087
0.204222208
0.999999977
0.999999807
0.99999978
1.00000105
1.00000268
1.00000075
0.999992173
0.999981469
0.999984231
1.00001934
1.00008763
1.00014735
1.00010937
0.999876299
0.999429909
0.99893241
0.998770551
0.999467346
1.0014362
1.00464586
1.00835348
1.01108386
1.01094859
1.00623669
0.996054056
0.980737261
0.96185901
0.941540878
0.916822104
0.845640772
0.612052727
0.209779479
0.999999984
0.999999808
0.999999764
1.00000103
1.00000269
1.00000083
0.999992284
0.999981475
0.999983987
1.00001886
1.00008723
1.00014759
1.00011068
0.99987853
0.999431942
0.998932193
0.99876571
0.999456431
1.00142035
1.00463031
1.00834797
1.01110093
1.01099942
1.00632547
0.996172994
0.980864727
0.961962289
0.941666593
0.918128758
0.852647704
0.625222983
0.215753058
0.999999991
0.999999808
0.999999753
1.00000103
1.00000271
1.00000084
0.99999222
0.999981357
0.99998402
1.00001935
1.00008824
1.00014841
1.00010973
0.999874134
0.999424028
0.998923944
0.998763634
0.999467974
1.00144973
1.00467494
1.00839804
1.0111431
1.01102259
1.00632506
0.996150794
0.980824265
0.961904768
0.941658862
0.919166387
0.859072462
0.638466238
0.222190856
0.999999996
0.999999805
0.999999747
1.00000104
1.00000274
1.00000078
0.99999197
0.9999811
0.999984363
1.00002098
1.00009091
1.00014991
1.00010599
0.999861634
0.999404037
0.998906134
0.998765493
0.999507906
1.00153572
1.0047947
1.0085176
1.0112169
1.01101139
1.00621243
0.995949139
0.98056697
0.961630396
0.941447034
0.919897291
0.864944939
0.651646374
0.229041421
1
0.999999802
0.999999744
1.00000108
1.00000277
1.00000061
0.999991481
0.999980687
0.999985162
1.0000241
1.00009563
1.00015196
1.00009816
0.999838331
0.999368758
0.998877344
0.998774703
0.999586703
1.00169544
1.00500929
1.00872181
1.01132508
1.01095055
1.00595336
0.995519281
0.980037958
0.961087817
0.940992251
0.920294112
0.870235649
0.664659643
0.236260616
1.00000001
0.999999797
0.999999748
1.00000115
1.00000282
1.00000032
0.999990697
0.999980133
0.999986648
1.00002919
1.00010278
1.00015411
1.0000842
0.999800652
0.999314758
0.998837482
0.998798045
0.999719795
1.00195102
1.00534133
1.00902474
1.01146455
1.01081486
1.00550131
0.994799525
0.979169886
0.960214347
0.94024902
0.920342745
0.874903605
0.677361068
0.24381602
1.00000001
0.999999791
0.999999759
1.00000126
1.00000287
0.999999852
0.999989559
0.999979512
0.999989197
1.00003685
1.00011258
1.00015518
1.00006082
0.999743901
0.999238754
0.998789173
0.998848145
0.999930551
1.00233186
1.00581643
1.00943652
1.01162072
1.01056214
1.00479084
0.993711075
0.97788251
0.958938968
0.939166038
0.920024795
0.878923958
0.689614726
0.251649785
1.00000002
0.999999783
0.99999978
1.0000014
1.00000289
0.999999134
0.999988014
0.999979001
0.999993402
1.00004783
1.00012495
1.00015282
1.00002279
0.999661748
0.999138188
0.998740103
0.998947317
1.00025421
1.00287665
1.00646175
1.00995782
1.01175916
1.01012383
1.00372926
0.992151901
0.976078916
0.957180453
0.937686235
0.919320843
0.882281373
0.701289466
0.259684651
1.00000002
0.999999772
0.999999815
1.00000159
1.00000287
0.999998077
0.99998604
0.999978949
1.00000015
1.00006297
1.00013902
1.00014265
0.999962187
0.999546651
0.999013802
0.998707788
0.999133183
1.00074188
1.00363316
1.0073001
1.01056896
1.01181175
1.00939147
1.00218597
0.989990195
0.973642912
0.954847524
0.935747949
0.918210123
0.884971069
0.712265258
0.267824312
1.00000002
0.999999761
0.999999869
1.00000182
1.00000274
0.999996573
0.999983691
0.999979981
1.00001064
1.00008283
1.0001523
1.00011712
0.999868154
0.999392018
0.998875004
0.998727275
0.99946591
1.00146344
1.00465354
1.00833684
1.01121055
1.01165554
1.00819811
0.999979333
0.98705734
0.970436893
0.95183965
0.93328688
0.916671768
0.886997989
0.722436542
0.275956227
1.00000002
0.999999748
0.999999946
1.00000209
1.00000244
0.999994508
0.999981172
0.999983111
1.00002635
1.00010715
1.00015932
1.00006427
0.999727401
0.999196446
0.998748563
0.998862138
1.00003632
1.00250667
1.00598083
1.00953473
1.01175189
1.01108177
1.00629379
0.996861144
0.983140792
0.966300548
0.948048717
0.930238541
0.914686102
0.888375086
0.731711535
0.283951479
1.00000002
0.999999737
1.00000005
1.00000239
1.00000186
0.999991793
0.999978952
0.999989838
1.0000487
1.0001336
1.00014984
0.999966948
0.999527562
0.99897357
0.998693762
0.999218778
1.00097007
1.00396358
1.0076157
1.0107667
1.01194051
1.00975271
1.0033161
0.992501746
0.97798019
0.961053094
0.943363283
0.92654224
0.912236969
0.889122223
0.740011317
0.291665686
1.00000002
0.999999727
1.00000019
1.00000268
1.00000087
0.999988429
0.999977901
1.00000213
1.00007829
1.00015586
1.00010686
0.999804346
0.999266545
0.998770372
0.998823811
0.99995827
1.00241605
1.00588802
1.0094477
1.01173563
1.0113285
1.00714801
0.998760867
0.986481104
0.97127088
0.954501504
0.937676566
0.92214693
0.909315001
0.889265514
0.747268086
0.29893986
1.00000002
0.999999722
1.00000036
1.00000293
0.999999331
0.999984588
0.999979409
1.00002211
1.00011337
1.00016103
1.000006
0.999559149
0.998971892
0.998695178
0.999327421
1.00128979
1.00449496
1.00819912
1.01113189
1.01185286
1.00917841
1.00251022
0.991964412
0.978295466
0.962680948
0.946457777
0.930899261
0.917019088
0.905921702
0.888836971
0.753422156
0.305598484
1.00000001
0.999999723
1.00000055
1.00000307
0.99999714
0.999980722
0.99998541
1.00005131
1.00014752
1.00012739
0.999819288
0.999235255
0.998733336
0.998949909
1.0004705
1.00341102
1.00716758
1.01049727
1.0118957
1.01008111
1.00436939
0.994815141
0.982119766
0.967394654
0.95188976
0.93676843
0.922977953
0.911152571
0.902074136
0.887874638
0.75842109
0.311456523
1.00000001
0.999999731
1.00000078
1.00000304
0.999994246
0.999977657
0.999998172
1.00008916
1.0001669
1.00002467
0.999528276
0.998890549
0.998744108
0.999843112
1.00253198
1.00633716
1.00997285
1.0117719
1.01029231
1.00478725
0.995359863
0.982817325
0.968361617
0.953268912
0.938655657
0.925357947
0.913918716
0.904579708
0.89780971
0.886423493
0.762237484
0.316446908
1.00000001
0.999999747
1.00000101
1.00000276
0.999990722
0.999976617
1.00001972
1.00013099
1.00014842
0.999820996
0.999151477
0.998682283
0.999327044
1.00172909
1.00559772
1.00955092
1.01161291
1.01004292
1.00399777
0.993725213
0.98031576
0.965247289
0.949961944
0.935601652
0.922915306
0.912283677
0.903812753
0.897381275
0.893188943
0.884518535
0.764687227
0.320099453
1
0.999999771
1.00000123
1.00000217
0.9999868
0.99997911
1.00005087
1.00016592
1.0000614
0.99950063
0.998785713
0.998904175
1.00088865
1.00478585
1.00913376
1.01146269
1.00948313
1.0021342
0.989895786
0.974371255
0.957560348
0.941243218
0.926664293
0.914487382
0.904904807
0.897793274
0.892859181
0.889694507
0.888299212
0.882217841
0.765755657
0.322282214
0.999999999
0.999999802
1.00000143
1.00000126
0.999982889
0.999986633
1.00009
1.0001762
0.999875692
0.99909362
0.998646146
0.999964897
1.00371553
1.00855645
1.01136029
1.00887311
0.999511027
0.984027656
0.964858263
0.944889232
0.926475341
0.911038015
0.899124354
0.890670878
0.885265389
0.882358454
0.881367836
0.881706677
0.883244416
0.879569566
0.765407783
0.322928182
0.999999996
0.999999839
1.00000159
1.00000004
0.999979525
1.0000002
1.0001321
1.00013945
0.999577702
0.998707999
0.99906717
1.00223689
1.00755638
1.01132323
1.00873937
0.997016658
0.977019686
0.95243328
0.927607338
0.905829934
0.888762019
0.876736148
0.869301755
0.865695772
0.865063619
0.866642225
0.869746639
0.873678632
0.87819979
0.876630709
0.763381901
0.321606071
0.999999994
0.999999879
1.00000169
0.99999858
0.999977269
1.00001987
1.00016889
1.00003516
0.99919007
0.998540574
1.00041271
1.00574141
1.0111016
1.00973125
0.996343055
0.971122833
0.939372448
0.907856078
0.881420528
0.862006217
0.849452254
0.842693508
0.840484966
0.841775547
0.845763052
0.851646683
0.85865559
0.86601038
0.873375296
0.873432569
0.759425645
0.318013954
0.999999993
0.99999992
1.00000173
0.999996993
0.999976559
1.00004436
1.00019055
0.999854428
0.998783163
0.998833569
1.00287411
1.00978624
1.01180185
0.999488783
0.970058159
0.930041531
0.890049443
0.857858281
0.835867264
0.822815426
0.816400296
0.814736805
0.816750669
0.821784882
0.829259135
0.838517267
0.848768612
0.859101606
0.868993764
0.869963045
0.753135312
0.311770264
0.999999992
0.999999958
1.00000171
0.999995406
0.999977562
1.00007124
1.00018909
0.999608614
0.998462073
0.999761104
1.00623306
1.01290784
1.00673026
0.977870051
0.930588657
0.880369799
0.840996793
0.816569575
0.804018201
0.798575077
0.796987608
0.798070244
0.801634278
0.807913123
0.816922784
0.828167021
0.840709037
0.853365051
0.865279594
0.866125558
0.743915511
0.3024473
0.999999992
0.999999993
1.00000165
0.999993943
0.999980086
1.00009742
1.00016235
0.999331202
0.998320781
1.00128143
1.0097902
1.01355077
0.994823351
0.947339683
0.886548669
0.83627032
0.807709118
0.796125653
0.793075734
0.792735098
0.792859091
0.793219687
0.795228613
0.800356827
0.809164246
0.821126479
0.834987183
0.849205447
0.862476987
0.861629186
0.730718625
0.289420405
0.999999992
1.00000002
1.00000156
0.999992692
0.999983588
1.00012009
1.00011676
0.999069311
0.998378829
1.00304926
1.01264771
1.01145224
0.979407716
0.917268477
0.85193889
0.810737488
0.796319293
0.79420003
0.795498521
0.796905903
0.796097918
0.794157226
0.793874946
0.797441327
0.805585568
0.817646129
0.832088482
0.847049605
0.860619057
0.855827103
0.711786043
0.271515012
0.999999992
1.00000005
1.00000146
0.999991707
0.999987261
1.00013732
1.00006725
0.998869364
0.998542694
1.00447719
1.01422374
1.00865534
0.968338482
0.900475669
0.837601472
0.804754697
0.796997883
0.796159725
0.796916246
0.798388758
0.796234005
0.794078798
0.793824726
0.797546009
0.805840674
0.817962697
0.832337892
0.847276425
0.860256942
0.846842649
0.683704733
0.249185186
0.999999993
1.00000006
1.00000137
0.999991028
0.999990096
1.00014787
1.00003459
0.998769319
0.998637489
1.0049233
1.01443552
1.00848642
0.969861474
0.906227519
0.846397324
0.811793588
0.800136955
0.797398602
0.795782798
0.795187372
0.795042614
0.795140956
0.79729902
0.802641129
0.811427105
0.823055048
0.836702799
0.851533417
0.861496235
0.828649736
0.639275353
0.22137656
0.999999993
1.00000007
1.00000132
0.999990706
0.999991019
1.00015003
1.00004149
0.998811018
0.998516184
1.00383696
1.01306258
1.01239663
0.98650778
0.935807622
0.878798189
0.836013328
0.814321303
0.806904444
0.804040034
0.801291081
0.799752593
0.801354628
0.804957758
0.811334171
0.820501816
0.832570971
0.847060579
0.860411066
0.85649957
0.787358422
0.569727586
0.186092227
0.999999993
1.00000008
1.00000132
0.999990971
0.999988653
1.00013688
1.00011594
0.999091497
0.998167573
1.00120194
1.00940795
1.01581102
1.0086279
0.981302189
0.938528052
0.892811913
0.856194367
0.834617727
0.827588796
0.830814717
0.838900343
0.847364991
0.854923142
0.860872993
0.868789109
0.875906964
0.878085054
0.864998998
0.814961884
0.691712951
0.459844197
0.140294383
0.999999993
1.00000006
1.00000137
0.999992774
0.999979981
1.00009754
1.00021876
0.999592561
0.998256488
0.998507715
1.00306844
1.01133811
1.01832048
1.01753873
1.00490744
0.980392503
0.947050163
0.909025902
0.87002094
0.832688191
0.798678374
0.768903481
0.743616702
0.721530418
0.69783661
0.670896066
0.636507407
0.587865587
0.514538475
0.404092102
0.25008438
0.0723953123
0.999999993
1.00000001
1.00000142
0.999996598
0.99997376
1.00003257
1.00023132
1.00012969
0.999169345
0.997814572
0.997751929
1.00067442
1.0069844
1.01556924
1.02451934
1.03199277
1.03667819
1.03780513
1.03490736
1.02753354
1.01499289
0.996143949
0.969209669
0.931614465
0.879883576
0.809766177
0.716984145
0.598713259
0.456381884
0.299618061
0.149526536
0.0332969624
0.999999995
0.999999945
1.0000011
1.00000116
0.999979359
0.99997169
1.00010389
1.00032136
1.00023513
0.999465332
0.998062983
0.996535034
0.995546437
0.995627315
0.997064817
0.999952765
1.00429721
1.01010351
1.0174174
1.02631568
1.03683921
1.0488408
1.06169068
1.07374734
1.08147641
1.07813923
1.05218486
0.986099109
0.857761825
0.648441139
0.363984791
0.0734903282
0.999999999
0.999999924
1.00000034
1.00000337
0.999995703
0.99996196
0.999958696
1.00008255
1.00033353
1.0005776
1.00064
1.00040477
0.999845697
0.999004224
0.997955798
0.996790009
0.995610855
0.994555321
0.993828786
0.993758445
0.99486523
0.997943648
1.00410549
1.01466813
1.03062202
1.05118669
1.07073698
1.07346322
1.02666231
0.878115628
0.574093938
0.137661753
1
0.999999971
0.999999761
1.00000157
1.00000595
0.999996724
0.999959505
0.999914097
0.999903073
0.999957454
1.00008115
1.00025691
1.00045793
1.00065514
1.00081859
1.00091496
1.00090355
1.00073303
1.00034261
0.999675557
0.998721331
0.997616486
0.996845812
0.997569446
1.00199412
1.01336383
1.03443196
1.06206526
1.07488448
1.0139499
0.770912702
0.251171527
1
1.00000001
0.999999873
0.9999994
1.0000014
1.00000822
1.00001415
1.00000964
0.999990103
0.999957869
0.999919121
0.999880834
0.999849513
0.999831249
0.999832201
0.999858868
0.999917502
1.00001156
1.0001353
1.00026075
1.00031592
1.00016067
0.99959491
0.998498791
0.997297153
0.997924994
1.00498047
1.02494502
1.05749122
1.06910106
0.94276402
0.446253092
1
0.999999998
1.00000005
1.00000003
0.999999152
0.999997771
0.999997757
1.00000055
1.00000606
1.0000132
1.00002057
1.00002692
1.0000311
1.00003204
1.00002861
1.00001968
1.00000442
0.999983309
0.999960286
0.99994667
0.999965443
1.00004797
1.00020173
1.00032241
1.00008981
0.999126603
0.998030157
1.00054296
1.0146707
1.04431074
1.04582447
0.770400674
)
;

boundaryField
{
    inner_wall
    {
        type            zeroGradient;
    }
    outer_wall
    {
        type            fixedValue;
        value           uniform 0;
    }
    top
    {
        type            fixedValue;
        value           uniform 1;
    }
    bottom
    {
        type            inletOutlet;
        inletValue      uniform 0;
        value           nonuniform List<scalar> 
32
(
0
0
0
0
0
0
0
0
0
0
-0.00815733013
-0.0184050525
-0.0375000269
-0.0524358554
-0.0157904371
0.14353172
0.433826519
0.746603504
0.959137035
1.03533297
1.02864656
1.00650126
0.997237666
0.997959441
1.00159069
1.00575256
1.00754473
1.00170667
0.979186481
0.900566439
0.678743943
0.261764548
)
;
    }
    front
    {
        type            wedge;
    }
    back
    {
        type            wedge;
    }
}


// ************************************************************************* //
