/*--------------------------------*- C++ -*----------------------------------*\
| =========                 |                                                 |
| \\      /  F ield         | OpenFOAM: The Open Source CFD Toolbox           |
|  \\    /   O peration     | Version:  2506                                  |
|   \\  /    A nd           | Website:  www.openfoam.com                      |
|    \\/     M anipulation  |                                                 |
\*---------------------------------------------------------------------------*/
FoamFile
{
    version     2.0;
    format      ascii;
    arch        "LSB;label=32;scalar=64";
    class       volScalarField;
    location    "913";
    object      p;
}
// * * * * * * * * * * * * * * * * * * * * * * * * * * * * * * * * * * * * * //

dimensions      [0 2 -2 0 0 0 0];

internalField   nonuniform List<scalar> 
3072
(
-0.000123967128
-9.41515008e-05
-9.0485678e-05
-8.44511873e-05
-7.4694545e-05
-6.29698221e-05
-5.10207742e-05
-3.99856213e-05
-2.77742643e-05
-1.40153896e-05
-7.56289029e-06
-7.76020046e-06
-7.62205901e-06
-6.31048171e-06
-4.47205989e-06
-2.49542428e-06
-5.35746243e-07
1.32377222e-06
3.02535357e-06
4.52417121e-06
5.80685075e-06
7.01602259e-06
8.04228296e-06
8.7464867e-06
9.27237209e-06
9.66433908e-06
9.94256202e-06
1.01314703e-05
1.02633775e-05
1.03857573e-05
1.05658916e-05
1.08151517e-05
-0.000264310262
-0.000186451959
-0.000160138519
-0.000141512586
-0.000123474707
-0.000104850575
-8.64209739e-05
-6.86356925e-05
-5.08429589e-05
-3.39335853e-05
-2.18125227e-05
-1.44699816e-05
-8.57003507e-06
-3.29992515e-06
1.33038306e-06
5.32475652e-06
8.74332955e-06
1.16448598e-05
1.40880558e-05
1.61498035e-05
1.77775324e-05
1.92002954e-05
2.04184498e-05
2.12384443e-05
2.18513988e-05
2.23315542e-05
2.27115951e-05
2.30231479e-05
2.33042807e-05
2.36021243e-05
2.39473471e-05
2.42410467e-05
-0.000326423528
-0.000221780922
-0.000176574036
-0.000146112685
-0.000121669246
-0.000100771556
-8.2323441e-05
-6.56794758e-05
-5.03711843e-05
-3.65144949e-05
-2.47566778e-05
-1.50288877e-05
-6.70541393e-06
5.33396597e-07
6.824305e-06
1.2263458e-05
1.69345951e-05
2.09092979e-05
2.42732146e-05
2.72005674e-05
2.95866438e-05
3.14880744e-05
3.30811457e-05
3.43168997e-05
3.52851691e-05
3.60471806e-05
3.66468952e-05
3.71230025e-05
3.75126137e-05
3.78541048e-05
3.81780176e-05
3.84491843e-05
-0.000386213056
-0.000266915285
-0.000210788433
-0.000168760898
-0.00013576296
-0.000109664124
-8.78521467e-05
-6.89315386e-05
-5.21829072e-05
-3.7296693e-05
-2.41970701e-05
-1.27466804e-05
-2.72753367e-06
6.04070515e-06
1.36900921e-05
2.03248386e-05
2.60363801e-05
3.09109856e-05
3.50378634e-05
3.85008827e-05
4.14022445e-05
4.37573148e-05
4.5628539e-05
4.7151014e-05
4.83629519e-05
4.93169985e-05
5.00673653e-05
5.0662269e-05
5.11447822e-05
5.15568939e-05
5.19302207e-05
5.22252999e-05
-0.000442025827
-0.000315681327
-0.00024646646
-0.000194679043
-0.000154291366
-0.000122039678
-9.54368798e-05
-7.29136959e-05
-5.34569791e-05
-3.64587458e-05
-2.15555898e-05
-8.48066143e-06
2.98935276e-06
1.30324319e-05
2.17902782e-05
2.93829958e-05
3.59218082e-05
4.15133252e-05
4.62353713e-05
5.00707295e-05
5.32996515e-05
5.60634764e-05
5.82579371e-05
6.00107427e-05
6.14106355e-05
6.25242452e-05
6.34104228e-05
6.41220322e-05
6.47074058e-05
6.52150288e-05
6.56821109e-05
6.60573171e-05
-0.000490655766
-0.000359350518
-0.000280091768
-0.000220370872
-0.000173455615
-0.000135075027
-0.000103461916
-7.69819642e-05
-5.44131087e-05
-3.49376364e-05
-1.80139988e-05
-3.2573709e-06
9.62028012e-06
2.08406478e-05
3.05810562e-05
3.89915739e-05
4.6206246e-05
5.23486863e-05
5.75292361e-05
6.18422407e-05
6.54205398e-05
6.83735644e-05
7.07719955e-05
7.2705575e-05
7.42586343e-05
7.55057654e-05
7.65132169e-05
7.73397404e-05
7.80398724e-05
7.86708598e-05
7.92764484e-05
7.97776472e-05
-0.00053192563
-0.000396359892
-0.00031128457
-0.00024535307
-0.000191929086
-0.000147979105
-0.000111621344
-8.11856735e-05
-5.53782943e-05
-3.32741908e-05
-1.42176675e-05
2.27289831e-06
1.65600009e-05
2.89245786e-05
3.95926695e-05
4.87540663e-05
5.65745328e-05
6.32033569e-05
6.87776005e-05
7.34250935e-05
7.72689369e-05
8.04237449e-05
8.29929459e-05
8.50734037e-05
8.67547979e-05
8.81187639e-05
8.92382812e-05
9.01779168e-05
9.09985019e-05
9.17666433e-05
9.25327829e-05
9.31834031e-05
-0.000566133057
-0.00042747433
-0.000338406827
-0.00026779673
-0.000209055453
-0.00016019149
-0.000119500754
-8.53394396e-05
-5.63984786e-05
-3.17026082e-05
-1.05252719e-05
7.68769446e-06
2.33650187e-05
3.68456372e-05
4.84055653e-05
5.82767197e-05
6.66600676e-05
7.37341328e-05
7.96606812e-05
8.4588239e-05
8.86543493e-05
9.19859351e-05
9.46995502e-05
9.69022591e-05
9.8691975e-05
0.000100157382
0.000101377557
0.000102422361
0.000103358449
0.000104261277
0.000105187328
0.000105987521
-0.000594147595
-0.000453436082
-0.000361224793
-0.000286858269
-0.000223988672
-0.000171080024
-0.000126662598
-8.91949216e-05
-5.7401344e-05
-3.02977124e-05
-7.12086051e-06
1.27310943e-05
2.97374773e-05
4.4286018e-05
5.6697234e-05
6.72422934e-05
7.61559408e-05
8.36453745e-05
8.98963683e-05
9.50772968e-05
9.9341783e-05
0.000102830144
0.000105670412
0.000107979216
0.000109862374
0.000111415192
0.000112722265
0.000113858144
0.000114894502
0.000115914321
0.000116979088
0.00011790881
-0.000616490709
-0.000474437549
-0.000379940378
-0.000302669312
-0.000236575187
-0.000180405815
-0.000132889433
-9.25997415e-05
-5.8316768e-05
-2.90716571e-05
-4.08816849e-06
1.72634925e-05
3.54978415e-05
5.1040251e-05
6.42476618e-05
7.54249009e-05
8.48365388e-05
9.27157113e-05
9.92702147e-05
0.000104686922
0.000109134723
0.000112766628
0.000115721205
0.000118123771
0.000120087289
0.000121712954
0.000123090183
0.000124297511
0.000125410655
0.000126518319
0.000127685762
0.0001287106
-0.00063372664
-0.000490848546
-0.000394799356
-0.000315366597
-0.00024680414
-0.00018807343
-0.00013806035
-9.54449716e-05
-5.90691754e-05
-2.79912499e-05
-1.43704264e-06
2.12363679e-05
4.05660332e-05
5.70042119e-05
7.09358426e-05
8.26926788e-05
9.2564043e-05
0.000100805014
0.000107642411
0.000113279243
0.000117897914
0.000121662629
0.000124721185
0.000127206433
0.000129237473
0.000130920476
0.000132348863
0.000133604397
0.000134765809
0.000135925529
0.000137151328
0.000138229066
-0.000646482907
-0.000503164133
-0.000406150325
-0.000325165882
-0.000254771424
-0.000194090969
-0.000142131472
-9.76639166e-05
-5.95903281e-05
-2.69999983e-05
8.70226145e-07
2.4666549e-05
4.49388075e-05
6.21571231e-05
7.67266259e-05
8.89993956e-05
9.92841007e-05
0.000107853347
0.000114949423
0.000120788599
0.000125564484
0.000129450565
0.000132602268
0.000135158619
0.000137243691
0.000138967614
0.000140426955
0.000141705957
0.000142885376
0.000144059408
0.000145297185
0.000146383887
-0.000655395478
-0.000511913813
-0.000414398694
-0.000332350191
-0.000260647965
-0.000198537798
-0.000145115232
-9.92259401e-05
-5.98247261e-05
-2.60322638e-05
2.8996336e-06
2.76145691e-05
4.86681294e-05
6.65413219e-05
8.16528309e-05
9.43692246e-05
0.000105013387
0.000113871153
0.00012119663
0.00012721636
0.000132132646
0.000136126205
0.000139358359
0.000141972879
0.000144097589
0.000145845564
0.000147315666
0.000148593935
0.000149762249
0.000150914847
0.000152121234
0.00015317613
-0.000661079405
-0.000517623565
-0.000419969847
-0.000337237032
-0.000264648481
-0.000201539386
-0.000147065294
-0.000100130043
-5.97331826e-05
-2.50241961e-05
4.72932029e-06
3.01652696e-05
5.18403057e-05
7.02412137e-05
8.57949976e-05
9.88778566e-05
0.000109822433
0.000118923912
0.000126444842
0.000132619186
0.000137655524
0.000141739797
0.000145037538
0.000147695869
0.000149845205
0.000151600602
0.000153062461
0.000154317996
0.000155449475
0.000156549762
0.000157687965
0.000158676821
-0.000664111669
-0.000520794721
-0.0004232853
-0.000340155614
-0.000267011289
-0.000203251014
-0.000148065347
-0.000100401519
-5.92957953e-05
-2.39224608e-05
6.4362802e-06
3.24111929e-05
5.45573203e-05
7.33635841e-05
8.92615107e-05
0.000102633038
0.000113816989
0.000123114577
0.000130793913
0.000137093839
0.000142227081
0.000146382971
0.000149729752
0.000152416635
0.000154575596
0.000156322836
0.000157759632
0.000158973869
0.000160047631
0.000161071357
0.000162113215
0.000163010209
-0.000665021569
-0.000521896285
-0.00042475258
-0.000341432598
-0.000267983151
-0.000203844708
-0.000148220214
-0.000100087637
-5.85123555e-05
-2.26890498e-05
8.08742093e-06
3.44405658e-05
5.6922406e-05
7.60216896e-05
9.21717728e-05
0.000105757459
0.000117120965
0.00012656691
0.000134366609
0.000140761695
0.000145967246
0.000150174458
0.000153553007
0.000156253137
0.000158407529
0.000160132837
0.000161530691
0.000162689243
0.000163689985
0.000164620258
0.000165546939
0.000166335218
-0.000664284204
-0.000521353549
-0.000424746534
-0.000341376384
-0.000267806046
-0.000203497606
-0.000147646725
-9.92513655e-05
-5.7399658e-05
-2.13023518e-05
9.73522792e-06
3.63300539e-05
5.9030525e-05
7.83239414e-05
9.46436647e-05
0.000108375384
0.000119862637
0.000129411493
0.000137294646
0.00014375491
0.000149008288
0.000153246645
0.000156640076
0.000159339032
0.000161476227
0.000163168245
0.000164516663
0.000165609613
0.000166527727
0.000167354906
0.00016815656
0.000168827786
-0.000662312461
-0.000519541714
-0.000423608155
-0.000340272574
-0.000266709321
-0.000202383843
-0.000146466353
-9.79659171e-05
-5.59882339e-05
-1.97563145e-05
1.14162789e-05
3.81410488e-05
6.09627535e-05
8.03666651e-05
9.67850576e-05
0.000110603204
0.000122164518
0.000131775139
0.000139707808
0.000146205346
0.000151483634
0.00015573432
0.000159127169
0.000161812235
0.00016392178
0.000165571942
0.000166863965
0.000167885754
0.000168716951
0.000169437935
0.00017011261
0.000170665836
-0.000659463161
-0.000516783467
-0.000421640395
-0.000338378517
-0.000264903771
-0.000200668541
-0.000144799651
-9.63100481e-05
-5.43188652e-05
-1.80584039e-05
1.31517292e-05
3.99185978e-05
6.27837419e-05
8.22302517e-05
9.86888534e-05
0.000112543558
0.00012413675
0.000133773682
0.000141726278
0.000148236544
0.000153519544
0.00015776609
0.000161145124
0.00016380589
0.000165879883
0.000167482552
0.000168714628
0.000169663661
0.000170408258
0.000171025407
0.000171577565
0.000172017751
-0.000656031679
-0.000513345936
-0.000419107524
-0.000335922176
-0.000262578417
-0.000198503217
-0.000142761337
-9.4363227e-05
-5.24384492e-05
-1.62262277e-05
1.49496577e-05
4.16927777e-05
6.45418277e-05
8.39782165e-05
0.000100431166
0.000114282768
0.000125873788
0.000135508046
0.000143456136
0.000149958762
0.000155229739
0.000159458678
0.000162813396
0.00016544209
0.000167475307
0.000169027675
0.000170199312
0.000171077341
0.000171739362
0.000172259242
0.000172698118
0.000173034532
-0.000652250103
-0.000509469424
-0.000416223605
-0.000333098138
-0.000259900574
-0.000196023828
-0.00014045637
-9.22010955e-05
-5.03954296e-05
-1.4283119e-05
1.68096309e-05
4.34831336e-05
6.62709342e-05
8.56567933e-05
0.000102070947
0.000115890457
0.000127453623
0.000137062909
0.00014498751
0.000151466632
0.000156712635
0.000160913762
0.000164236564
0.000166828091
0.000168817868
0.000170319653
0.000171432913
0.000172244316
0.000172830519
0.000173262629
0.000173600632
0.000173845327
-0.000648310641
-0.000505544526
-0.000413024409
-0.000330016826
-0.000257005708
-0.00019334602
-0.000137974963
-8.98906011e-05
-4.82346893e-05
-1.22524545e-05
1.87297251e-05
4.53077357e-05
6.79945724e-05
8.72924819e-05
0.000103648773
0.000117418659
0.000128936916
0.000138505809
0.00014639356
0.000152837967
0.000158049943
0.000162216372
0.000165502543
0.000168054363
0.000170000343
0.00017145339
0.000172512327
0.000173263365
0.000173782318
0.000174137919
0.000174389184
0.000174555685
-0.000644359338
-0.000501786204
-0.000409595261
-0.000326788559
-0.000254004114
-0.000190565313
-0.000135395425
-8.74938722e-05
-4.60040483e-05
-1.01716424e-05
2.06748706e-05
4.71286414e-05
6.97222739e-05
8.89472574e-05
0.000105225843
0.000118923356
0.000130379733
0.000139895266
0.000147735751
0.000154137143
0.000159308794
0.000163436166
0.000166683259
0.000169194843
0.000171098451
0.000172506153
0.000173516149
0.000174214219
0.000174675434
0.000174966534
0.000175145671
0.000175247961
-0.000640496507
-0.000498120519
-0.000406182663
-0.000323535478
-0.000250977288
-0.000187754139
-0.00013277982
-8.50591473e-05
-4.37373994e-05
-8.06486969e-06
2.26379932e-05
4.89658938e-05
7.14748075e-05
9.06222397e-05
0.000106806053
0.000120422416
0.000131810642
0.000141267242
0.000149055663
0.000155410252
0.00016053894
0.00016462588
0.000167833922
0.000170306785
0.000172170976
0.000173537942
0.000174505338
0.000175158432
0.000175571712
0.000175810333
0.000175931492
0.000175982606
-0.00063679907
-0.000494584836
-0.000402826897
-0.000320371218
-0.00024799456
-0.000184959473
-0.000130166676
-8.26133416e-05
-4.14416909e-05
-5.94938803e-06
2.46299023e-05
5.08465261e-05
7.32415557e-05
9.22814098e-05
0.000108380406
0.000121924041
0.000133247338
0.000142645962
0.000150382664
0.000156690786
0.000161777169
0.000165824977
0.000168996296
0.000171433926
0.000173261187
0.000174591786
0.000175523844
0.000176140306
0.000176515279
0.000176712998
0.000176789715
0.000176800707
-0.000633315551
-0.000491226487
-0.000399595402
-0.000317332352
-0.000245110864
-0.000182230617
-0.000127597179
-8.02024141e-05
-3.91863433e-05
-3.79717758e-06
2.66453618e-05
5.27494945e-05
7.50338231e-05
9.39656777e-05
0.000109982285
0.000123454811
0.000134714331
0.000144056101
0.000151742306
0.00015800537
0.000163051173
0.000167061932
0.000170198717
0.000172603653
0.000174401846
0.000175703563
0.000176605522
0.000177192294
0.000177537492
0.00017770432
0.000177748737
0.000177732017
-0.000630068061
-0.000488069791
-0.000396542707
-0.000314419479
-0.000242330539
-0.000179586198
-0.000125091306
-7.78330945e-05
-3.69479611e-05
-1.6771554e-06
2.86565972e-05
5.46615853e-05
7.68374136e-05
9.56692073e-05
0.000111611796
0.000125019588
0.000136220315
0.000145509388
0.000153148757
0.00015937017
0.000164378762
0.000168356038
0.000171462393
0.000173839369
0.000175611684
0.000176889023
0.000177767713
0.000178332144
0.000178655585
0.000178800595
0.000178822859
0.0001787875
-0.000627059787
-0.000485122094
-0.000393674963
-0.000311654896
-0.000239674264
-0.000177043884
-0.000122665473
-7.55225408e-05
-3.47487577e-05
4.17530093e-07
3.06591192e-05
5.65750165e-05
7.86533846e-05
9.7399259e-05
0.000113276428
0.000126625852
0.000137773299
0.000147014546
0.000154611436
0.000160795217
0.000165770465
0.000169718141
0.000172798134
0.000175151518
0.000176902583
0.00017816066
0.000179021777
0.000179570074
0.000179878563
0.000180009412
0.000180018094
0.000179971759
-0.000624280753
-0.000482378821
-0.000390988365
-0.000309043502
-0.000237147865
-0.000174609218
-0.000120325913
-7.32785256e-05
-3.25987539e-05
2.47646427e-06
3.26333054e-05
5.84775479e-05
8.04890182e-05
9.91673415e-05
0.000114983444
0.000128278293
0.000139377242
0.000148575511
0.000156134455
0.000162284863
0.000167230854
0.000171152947
0.000174210616
0.000176544556
0.000178278718
0.000179522139
0.000180370598
0.000180908024
0.000181207245
0.000181330213
0.000181332259
0.000181281103
-0.000621711768
-0.00047982605
-0.000388472237
-0.000306579188
-0.000234747382
-0.000172279801
-0.000118071598
-7.11011548e-05
-3.04988193e-05
4.49857596e-06
3.45779148e-05
6.03552943e-05
8.23331207e-05
0.000100977039
0.000116735267
0.000129977183
0.000141031626
0.000150191649
0.000157717248
0.000163838636
0.00016875952
0.000172660031
0.000175699286
0.000178017669
0.000179738858
0.00018097165
0.000181811618
0.000182342519
0.000182637045
0.000182757073
0.000182757842
0.00018270657
-0.000619328165
-0.000477443829
-0.000386110426
-0.000304249462
-0.000232462745
-0.000170047191
-0.000115894792
-6.89820205e-05
-2.84371274e-05
6.50477206e-06
3.65270194e-05
6.22289554e-05
8.41642399e-05
0.000102791021
0.000118507109
0.000131707252
0.00014272581
0.000151854785
0.000159353197
0.000165450906
0.000170351401
0.000174234587
0.000177259354
0.000179565878
0.00018127765
0.000182503298
0.000183338242
0.000183866101
0.00018415948
0.000184280284
0.000184283708
0.00018423571
-0.000617102991
-0.000475209298
-0.000383883918
-0.000302038851
-0.000230281626
-0.000167901899
-0.000113788562
-6.69165089e-05
-2.64116115e-05
8.49339426e-06
3.84763777e-05
6.41158559e-05
8.59985359e-05
0.000104600372
0.000120289039
0.000133461005
0.000144453353
0.000153558735
0.000161036184
0.000167115535
0.000172000248
0.000175870156
0.000178884058
0.000181182025
0.000182887442
0.000184108833
0.000184941512
0.000185468998
0.000185763848
0.000185888067
0.000185896835
0.000185854378
-0.000615008999
-0.00047309863
-0.00038177253
-0.00029993045
-0.000228190654
-0.000165834185
-0.00011174708
-6.49034712e-05
-2.44281509e-05
1.04469604e-05
4.03986112e-05
6.60078491e-05
8.7858706e-05
0.000106428451
0.000122091332
0.000135241395
0.000146213668
0.000155300739
0.000162761903
0.000168827099
0.000173699786
0.000177559769
0.000180565805
0.000182857916
0.000184559428
0.000185778802
0.000186611284
0.000187140315
0.000187438433
0.00018756779
0.000187583573
0.000187548006
-0.000613019718
-0.000471088159
-0.0003797558
-0.000297906391
-0.000226174941
-0.000163832005
-0.000109760852
-6.29356284e-05
-2.248097e-05
1.2371196e-05
4.22997294e-05
6.79002756e-05
8.97385767e-05
0.000108273396
0.000123907362
0.000137041749
0.000148000475
0.000157074446
0.000164523667
0.000170578486
0.000175442454
0.0001792954
0.000182296093
0.000184584552
0.00018628409
0.00018750314
0.000188336903
0.000188868771
0.000189171285
0.000189306766
0.000189330419
0.000189302371
-0.000611110437
-0.000469155458
-0.000377814169
-0.000295949106
-0.000224219608
-0.000161883023
-0.000107819811
-6.10049087e-05
-2.05632476e-05
1.42731467e-05
4.4185998e-05
6.978485e-05
9.16201213e-05
0.000110129468
0.000125739646
0.000138862497
0.00014981134
0.00015887568
0.000166316149
0.000172363452
0.000177221234
0.000181069363
0.000184066639
0.000186353101
0.000188052066
0.000189271959
0.000190107957
0.000190643416
0.000190950894
0.000191092894
0.000191124639
0.000191104179
-0.000609258922
-0.000467280095
-0.000375929745
-0.000294042051
-0.000222310505
-0.000159975268
-0.000105913795
-5.91025826e-05
-1.86668429e-05
1.61618827e-05
4.60664241e-05
7.16584944e-05
9.34858324e-05
0.000111986378
0.000127588393
0.000140702201
0.000151642596
0.000160699501
0.000168133574
0.00017417553
0.00017902905
0.000182874041
0.000185869337
0.000188154998
0.000189854354
0.000191075829
0.00019191459
0.000192453967
0.000192766543
0.000192914999
0.00019295457
0.000192941338
-0.000607445933
-0.000465444164
-0.000374086923
-0.000292170324
-0.000220435085
-0.000158098317
-0.000104034299
-5.7222074e-05
-1.67873756e-05
1.80388553e-05
4.79399924e-05
7.35277116e-05
9.53483213e-05
0.000113844819
0.000129444507
0.000142552715
0.000153487428
0.00016253943
0.000169969359
0.00017600791
0.000180858817
0.000184702049
0.000187696485
0.000189982222
0.00019168261
0.000192906088
0.000193747815
0.000194291111
0.00019460859
0.000194763096
0.000194809862
0.000194803173
-0.000605655466
-0.000463632565
-0.000372272681
-0.000290320808
-0.00021858256
-0.000156243155
-0.000102173863
-5.53575111e-05
-1.49206305e-05
1.99064301e-05
4.98074847e-05
7.5393771e-05
9.72096616e-05
0.000115704181
0.000131304324
0.00014440977
0.000155341337
0.00016439058
0.000171818185
0.000177854871
0.000182704448
0.000186546959
0.000189541342
0.000191827735
0.000193529519
0.000194755149
0.00019559979
0.000196146758
0.000196468698
0.000196628602
0.000196681675
0.000196680606
-0.000603874783
-0.000461833147
-0.000370476753
-0.000288482181
-0.000216744256
-0.000154402376
-0.000100326291
-5.35040352e-05
-1.30630842e-05
2.17667838e-05
5.16697128e-05
7.72564706e-05
9.90699924e-05
0.000117564513
0.000133166508
0.000146270942
0.000157201113
0.000166249136
0.000173675737
0.000179711679
0.000184560849
0.000188403365
0.000191398223
0.000193685602
0.000195388916
0.000196616641
0.00019746395
0.000198014158
0.000198339948
0.000198504431
0.000198562754
0.000198566226
-0.000602094257
-0.000460036882
-0.000368691189
-0.000286644908
-0.000214913795
-0.000152570013
-9.84865329e-05
-5.16576932e-05
-1.12117979e-05
2.36219249e-05
5.35278422e-05
7.91162909e-05
0.000100929222
0.000119425043
0.000135029607
0.000148134192
0.00015906417
0.000168112044
0.000175538568
0.000181574544
0.000186423934
0.000190266921
0.000193262552
0.000195551047
0.00019725585
0.000198485456
0.000199335048
0.000199887946
0.000200216867
0.000200385013
0.00020044744
0.000200454289
-0.000600306974
-0.000458237878
-0.000366905923
-0.000284805299
-0.000213087076
-0.000150741116
-9.66505827e-05
-4.9815421e-05
-9.36447246e-06
2.54734704e-05
5.53828794e-05
8.0973725e-05
0.000102787287
0.000121285092
0.000136892481
0.000149998015
0.000160928616
0.000169977057
0.000177404116
0.000183440635
0.000188290635
0.000192134353
0.000195130881
0.000197420472
0.000199126594
0.000200357761
0.000201209165
0.000201764133
0.000202095409
0.000202266241
0.000202331556
0.00020234071
-0.000598507984
-0.000456431641
-0.000365098147
-0.000282979051
-0.000211262086
-0.000148912201
-9.48157806e-05
-4.79751053e-05
-7.51944413e-06
2.73226251e-05
5.72356047e-05
8.28291882e-05
0.000104644168
0.000123144202
0.000138754393
0.000151861438
0.00016279321
0.000171842679
0.000179270661
0.000185308032
0.000190158859
0.000194003422
0.000197000844
0.000199291406
0.000200998595
0.000202230937
0.000203083635
0.000203640029
0.000203972873
0.000204145351
0.000204212123
0.000204223394
-0.000596696356
-0.000454616861
-0.000363280266
-0.000281153699
-0.000209434652
-0.00014708099
-9.29801035e-05
-4.61350527e-05
-5.6753884e-06
2.91703499e-05
5.90866567e-05
8.46830459e-05
0.000106499914
0.000125002205
0.000140615076
0.000153724046
0.000164657361
0.000173708154
0.000181137293
0.000187175689
0.000192027444
0.000195872865
0.000198871099
0.000201162444
0.0002028704
0.000204103504
0.000204956963
0.000205514125
0.000205847751
0.000206020983
0.000206088303
0.000206100522
-0.000594872496
-0.000452793143
-0.000361454895
-0.000279328159
-0.00020760437
-0.00014524714
-9.11429934e-05
-4.4294688e-05
-3.83179843e-06
3.10170292e-05
6.09362404e-05
8.65352045e-05
0.000108354217
0.000126859165
0.000142474939
0.000155586074
0.000166521108
0.000175573391
0.000183003829
0.000189043346
0.000193896062
0.000197742303
0.000200741229
0.000203033145
0.000204741559
0.000205975012
0.000206828715
0.000207386016
0.000207719674
0.000207892849
0.000207960112
0.000207971999
-0.000593038216
-0.0004509623
-0.000359621603
-0.000277503539
-0.000205772171
-0.000143411453
-8.93051691e-05
-4.24545661e-05
-1.9890981e-06
3.28623192e-05
6.27839454e-05
8.83847305e-05
0.000110205306
0.000128714998
0.000144335835
0.000157448921
0.000168385335
0.000177439037
0.000184870807
0.000190911479
0.000195765158
0.000199612168
0.000202611665
0.000204903952
0.000206612538
0.000207845961
0.000208699434
0.000209256298
0.000209589307
0.000209761677
0.000209828223
0.000209838704
-0.000591196385
-0.000449127117
-0.000357773076
-0.000275689104
-0.000203941443
-0.000141576004
-8.74683457e-05
-4.06159148e-05
-1.47985476e-07
3.4706145e-05
6.46305462e-05
9.02331863e-05
0.000112053014
0.000130568142
0.000146197289
0.000159312766
0.000170250486
0.000179305697
0.000186738974
0.000192780956
0.000197635696
0.000201483504
0.000204483524
0.000206776051
0.000208484585
0.000209717666
0.000210570504
0.00021112644
0.000211458215
0.000211629063
0.000211693975
0.000211702635
-0.000589352309
-0.00044729219
-0.00035592279
-0.000273877754
-0.000202114997
-0.000139743734
-8.56346693e-05
-3.87802504e-05
1.69066362e-06
3.65484127e-05
6.64770409e-05
9.20831682e-05
0.000113900765
0.000132418489
0.000148056408
0.000161176117
0.000172116346
0.00018117385
0.000188609224
0.000194652971
0.000199509097
0.000203357906
0.000206358541
0.000208651292
0.000210359657
0.000211592178
0.000212444072
0.000212998683
0.000213328738
0.000213497422
0.000213559824
0.000213566434
-0.000587512551
-0.000445462932
-0.000354082549
-0.000272068724
-0.000200295863
-0.000137918508
-8.38072371e-05
-3.69500424e-05
3.52479423e-06
3.83872321e-05
6.83211968e-05
9.39320648e-05
0.000115749613
0.000134269849
0.000149915549
0.000163040704
0.000173984674
0.000183045378
0.000190483559
0.000196529638
0.000201387592
0.000205237723
0.000208239173
0.000210532235
0.000212240413
0.000213472255
0.00021432299
0.000214875977
0.000215203928
0.000215369965
0.000215429253
0.000215433215
-0.000585684549
-0.000443645934
-0.000352258569
-0.000270268532
-0.000198488394
-0.000136104586
-8.19896575e-05
-3.51281873e-05
5.35207408e-06
4.02206417e-05
7.01610917e-05
9.57777652e-05
0.000117598469
0.000136124144
0.000151778187
0.000164909398
0.000175857985
0.000184922764
0.00019236453
0.000198413614
0.000203273953
0.000207125843
0.000210128427
0.000212422006
0.000214130092
0.000215361249
0.000216210725
0.0002167619
0.00021708748
0.000217250517
0.000217306236
0.00021730706
-0.000583876676
-0.000441848983
-0.000350457128
-0.000268484632
-0.000196697869
-0.000134306539
-8.01857484e-05
-3.33176416e-05
7.17041127e-06
4.20474573e-05
7.19966433e-05
9.76213143e-05
0.00011944767
0.000137981042
0.00015364493
0.000166783522
0.000177738084
0.00018680819
0.000194254639
0.000200307668
0.000205171178
0.000209025463
0.000212029678
0.000214324137
0.000216032375
0.00021726298
0.000218111232
0.000218660542
0.000218983619
0.000219143445
0.000219195294
0.000219192636
-0.000582098116
-0.000440080663
-0.000348685352
-0.000266724652
-0.000194930266
-0.00013252937
-7.83996644e-05
-3.15216651e-05
8.97742895e-06
4.38661613e-05
7.38271976e-05
9.94628964e-05
0.000121297949
0.000139841452
0.000155516873
0.000168664593
0.000179626953
0.000188704042
0.000196156614
0.00020221482
0.000207082541
0.000210940083
0.000213946624
0.000216242509
0.000217951311
0.000219181657
0.000220028872
0.000220576415
0.000220897009
0.000221053574
0.000221101421
0.0002210951
-0.000580358686
-0.000438350101
-0.000346951015
-0.000264996378
-0.000193191984
-0.000130778409
-7.66358018e-05
-2.97437177e-05
1.07705911e-05
4.56750991e-05
7.56519563e-05
0.000101302615
0.000123150321
0.000141706561
0.000157395029
0.00017055398
0.000181526546
0.000190612764
0.000198073288
0.000204138234
0.000209011492
0.000212873399
0.000215883182
0.000218181238
0.000219891199
0.000221121755
0.000221968296
0.000222514343
0.00022283265
0.000222986085
0.00022303
0.000223020017
-0.000578668619
-0.000436666724
-0.000345262264
-0.000263307624
-0.000191489594
-0.000129059129
-7.48986601e-05
-2.79873218e-05
1.25473582e-05
4.74727399e-05
7.74705442e-05
0.000103141694
0.000125007729
0.000143577628
0.000159278524
0.000172451784
0.000183438235
0.000192536557
0.00020000741
0.000206081072
0.000210961528
0.00021482919
0.000217843369
0.000220144555
0.000221856471
0.000223087898
0.000223934316
0.00022447933
0.000224795746
0.0002249464
0.000224986688
0.000224973258
-0.000577038274
-0.000435039985
-0.000343627327
-0.00026166604
-0.000189829606
-0.000127377002
-7.31927877e-05
-2.62561514e-05
1.43048951e-05
4.92570307e-05
7.92816421e-05
0.000104979708
0.000126871246
0.000145456449
0.000161168927
0.000174359955
0.00018536449
0.000194478322
0.000201962202
0.00020804681
0.000212936342
0.000216811344
0.000219831258
0.000222136713
0.000223851561
0.000225084708
0.00022593175
0.000226476404
0.000226791548
0.000226940014
0.000226977257
0.000226960847
-0.000575477753
-0.000433478992
-0.000342054149
-0.000260078819
-0.000188218177
-0.000125737258
-7.15226454e-05
-2.45540451e-05
1.60397725e-05
5.1024543e-05
8.10809194e-05
0.000106810555
0.000128736726
0.000147348502
0.000163075445
0.000176283895
0.000187309467
0.000196441987
0.000203941513
0.000210039259
0.000214939757
0.000218823744
0.000221850829
0.000224161812
0.000225880715
0.000227116599
0.000227965206
0.000228510385
0.000228825118
0.000228972266
0.000229007358
0.000228988724
-0.000573996418
-0.000431992047
-0.000340549926
-0.000258552248
-0.000186660606
-0.000124144288
-6.98918085e-05
-2.28838562e-05
1.77497546e-05
5.27735392e-05
8.28669405e-05
0.000108632604
0.000130601899
0.00014925334
0.000165000398
0.000178226611
0.00018927639
0.000198430653
0.000205948412
0.000212061521
0.000216974944
0.000220869648
0.000223905448
0.000226223354
0.000227947592
0.000229187412
0.000230038731
0.000230585558
0.000230901001
0.000231048
0.000231082181
0.000231062388
-0.000572602408
-0.000430586168
-0.000339120683
-0.000257091263
-0.00018516091
-0.000122601253
-6.83025964e-05
-2.12470703e-05
1.94342135e-05
5.45045367e-05
8.46420921e-05
0.000110449445
0.000132462609
0.000151159491
0.000166940854
0.000180193528
0.000191270029
0.000200447708
0.000207985694
0.000214116199
0.000219044433
0.000222951581
0.000225997694
0.000228324019
0.000230055012
0.000231300144
0.000232155533
0.000232705368
0.000233022917
0.000233171251
0.000233206116
0.000233186553
-0.000571302157
-0.000429266598
-0.000337770873
-0.000255699006
-0.000183721498
-0.000121109915
-6.67560912e-05
-1.96441097e-05
2.10933748e-05
5.62184993e-05
8.64083937e-05
0.000112264451
0.00013432211
0.000153065828
0.0001688938
0.000182183789
0.000193290036
0.000202493173
0.000210053693
0.000216203873
0.000221149007
0.00022507051
0.000228128706
0.000230465125
0.00023220449
0.000233456523
0.000234317576
0.000234872045
0.000235193388
0.000235344872
0.000235382387
0.000235364772
-0.000570099862
-0.0004280362
-0.000336503029
-0.000254376302
-0.000182342806
-0.000119670412
-6.52520319e-05
-1.80743449e-05
2.27281514e-05
5.79164339e-05
8.81667496e-05
0.000114079432
0.000136188327
0.000154980039
0.000170856862
0.000184190822
0.000195331717
0.000204564202
0.000212150528
0.000218323196
0.000223287684
0.000227225728
0.000230298016
0.00023264642
0.000234395989
0.000235656745
0.00023652531
0.000237086316
0.000237413453
0.00023757025
0.00023761277
0.000237599161
-0.000568996816
-0.000426894676
-0.000335317957
-0.000253120699
-0.000181022782
-0.000118281134
-6.37886812e-05
-1.65358765e-05
2.43404096e-05
5.9599795e-05
8.99177859e-05
0.000115893883
0.000138060372
0.000156903475
0.00017283244
0.000186214957
0.000197394067
0.000206659396
0.0002142746
0.000220472415
0.000225458613
0.000229415351
0.000232503751
0.000234866093
0.000236627808
0.00023789928
0.000238777411
0.000239347109
0.000239682339
0.000239846977
0.000239897273
0.00023989009
-0.000567990653
-0.000425838172
-0.000334216878
-0.000251921955
-0.000179753981
-0.00011693731
-6.2361407e-05
-1.50243936e-05
2.59319108e-05
6.12706838e-05
9.16632163e-05
0.000117708468
0.000139937715
0.000158835964
0.000174821189
0.00018825592
0.000199475335
0.000208776196
0.000216422865
0.000222648123
0.000227658115
0.000231635513
0.000234741958
0.000237120248
0.000238896234
0.000240180462
0.000241070469
0.000241651371
0.000241997342
0.000242172718
0.000242233947
0.000242235939
-0.000567074476
-0.000424860121
-0.000333197631
-0.000250757101
-0.000178519649
-0.000115625523
-6.09573216e-05
-1.35306413e-05
2.74935841e-05
6.29252791e-05
9.34011801e-05
0.000119522479
0.000141820503
0.00016077564
0.00017681904
0.000190309731
0.000201571493
0.000210910242
0.000218590538
0.000224845174
0.000229880782
0.000233880647
0.000237007054
0.000239403631
0.000241196651
0.000242492791
0.00024339649
0.00024399195
0.000244351908
0.000244541376
0.00024461701
0.000244631104
-0.000566234198
-0.00042394751
-0.000332189303
-0.000249682541
-0.000177347338
-0.000114348054
-5.95817121e-05
-1.20568529e-05
2.90811819e-05
6.45933412e-05
9.51495747e-05
0.000121348488
0.000143719009
0.000162726345
0.000178821394
0.000192370378
0.000203677591
0.000213055709
0.000220770625
0.00022705561
0.000232117844
0.000236141261
0.000239288712
0.0002417041
0.000243514275
0.000244830687
0.000245751645
0.000246362904
0.000246739293
0.000246946192
0.00024704082
0.000247072507
-0.000565449104
-0.000423078542
-0.00033118692
-0.00024864667
-0.000176188126
-0.000113071675
-5.82026712e-05
-1.0579543e-05
3.06554103e-05
6.62568333e-05
9.68969214e-05
0.000123175146
0.00014562186
0.000164684146
0.000180829233
0.000194435378
0.000205788104
0.000215205109
0.000222954251
0.0002292695
0.000234358618
0.000238406197
0.000241575723
0.00024401166
0.000245841428
0.000247177183
0.000248117341
0.000248748048
0.00024914457
0.000249372987
0.000249491299
0.000249544783
-0.000564692923
-0.000422224949
-0.000330205423
-0.000247589463
-0.000175014321
-0.00011178441
-5.68111688e-05
-9.08906764e-06
3.22399098e-05
6.79286856e-05
9.86470692e-05
0.00012499574
0.000147522663
0.000166664452
0.000182858287
0.000196501663
0.000207895238
0.000217348676
0.00022512983
0.000231473603
0.000236588503
0.000240659754
0.000243851469
0.000246308715
0.000248159461
0.000249516336
0.000250478173
0.000251131416
0.00025155172
0.000251806062
0.000251952993
0.000252031665
-0.000563927394
-0.000421348082
-0.000329201225
-0.000246487722
-0.000173798752
-0.000110458867
-5.53830455e-05
-7.56423709e-06
3.3855857e-05
6.96299006e-05
0.000100427307
0.000126845774
0.000149431566
0.000168630633
0.000184866111
0.000198541088
0.000209974957
0.00021946466
0.000227276664
0.000233647459
0.000238786834
0.000242880892
0.00024609448
0.000248573333
0.000250446014
0.000251825653
0.000252811479
0.000253490233
0.000253937996
0.000254222769
0.000254403586
0.000254512138
-0.000563101948
-0.000420402874
-0.00032812416
-0.000245305792
-0.00017250667
-0.00010906271
-5.38912668e-05
-5.98419611e-06
3.55175464e-05
7.13676056e-05
0.000102236845
0.000128717669
0.000151330894
0.000170563144
0.000186849529
0.000200558714
0.000212024373
0.000221542286
0.000229378997
0.00023577199
0.000240932075
0.00024504619
0.000248279906
0.000250779593
0.000252674372
0.000254077842
0.000255089585
0.000255796601
0.000256275393
0.000256595066
0.000256815124
0.000256958732
-0.000562152587
-0.000419361289
-0.000326903457
-0.000243993155
-0.000171097223
-0.000107559539
-5.23054166e-05
-4.3262711e-06
3.72384155e-05
7.31427427e-05
0.000104057726
0.000130577334
0.000153222154
0.000172497616
0.000188825171
0.000202553612
0.000214033191
0.000223565152
0.000231415923
0.000237822908
0.000242997363
0.000247126809
0.00025037737
0.000252895924
0.000254812038
0.000256239693
0.000257278749
0.000258016389
0.000258529506
0.000258888386
0.000259152994
0.000259336757
-0.00056101564
-0.000418291782
-0.000325368805
-0.000242461863
-0.000169515813
-0.000105902831
-5.05851214e-05
-2.55664481e-06
3.90469084e-05
7.49812962e-05
0.000105918133
0.000132455049
0.000155125577
0.000174417093
0.00019074574
0.00020447903
0.000215962342
0.000225497795
0.000233352706
0.000239765126
0.000244946895
0.00024908609
0.000252349339
0.000254883962
0.000256819905
0.000258271446
0.000259338643
0.000260108783
0.000260659103
0.000261061132
0.000261375275
0.000261603996
-0.000559603143
-0.000416989945
-0.000323543829
-0.000240666079
-0.000167701854
-0.000104040158
-4.86874378e-05
-6.40967531e-07
4.09691985e-05
7.69022762e-05
0.000107832175
0.0001343594
0.000157019479
0.000176290806
0.000192597043
0.000206315905
0.000217786428
0.000227310332
0.000235156073
0.000241562579
0.000246742271
0.000250883687
0.000254153842
0.000256700375
0.000258653482
0.000260127622
0.000261222927
0.000262026675
0.000262616378
0.000263064836
0.000263432868
0.000263710796
-0.000557823201
-0.000415296974
-0.000321382278
-0.000238543015
-0.000165586078
-0.000101912001
-4.65647668e-05
1.45721069e-06
4.30307904e-05
7.89198604e-05
0.000109801439
0.000136278593
0.000158888565
0.000178109994
0.000194369055
0.000208045621
0.000219478603
0.000228970077
0.000236789067
0.000243174944
0.000248340439
0.000252474311
0.000255743736
0.000258296456
0.000260262719
0.000261756984
0.000262879292
0.000263716764
0.000264347074
0.000264844286
0.00026526958
0.00026560011
-0.000555571694
-0.000413107475
-0.000318786751
-0.000236006559
-0.000163092317
-9.94540063e-05
-4.41650948e-05
3.77788172e-06
4.52601681e-05
8.10516255e-05
0.000111833423
0.000138211862
0.000160726662
0.000179858251
0.000196034388
0.000209636125
0.000221003011
0.000230437503
0.000238208852
0.000244556526
0.000249693253
0.000253807714
0.000257066951
0.000259618532
0.000261592507
0.000263103098
0.000264250052
0.000265120142
0.000265791064
0.000266338072
0.000266822628
0.000267207952
-0.000552728897
-0.000410310619
-0.0003156511
-0.000232961699
-0.000160139023
-9.65978945e-05
-4.14335074e-05
6.36274018e-06
4.76862968e-05
8.3314572e-05
0.000113934169
0.000140155558
0.000162521604
0.000181514985
0.000197565029
0.000211053779
0.000222321265
0.000231670071
0.000239369324
0.000245658206
0.00025074904
0.000254830038
0.000258067729
0.000260609155
0.000262583842
0.000264105489
0.000265273283
0.000266173427
0.000266883452
0.00026747967
0.000268023683
0.000268464351
-0.000549162608
-0.000406784215
-0.000311861417
-0.00022930744
-0.000156639712
-9.32718496e-05
-3.83129066e-05
9.25445004e-06
5.03380815e-05
8.57247983e-05
0.000116108107
0.000142103682
0.000164258182
0.000183056862
0.000198930636
0.000212262337
0.000223392167
0.000232622431
0.000240221666
0.000246428259
0.000251453621
0.000255484989
0.000258687908
0.000261208457
0.000263175236
0.00026470106
0.000265884248
0.000266810172
0.000267556005
0.00026819891
0.000268800133
0.000269293403
-0.000544730506
-0.000402397158
-0.000307296752
-0.000224937648
-0.00015250414
-8.94017294e-05
-3.47451843e-05
1.24956026e-05
5.32435017e-05
8.829685e-05
0.000118357683
0.000144047975
0.000165918812
0.000184458273
0.000200098789
0.000213223689
0.000224172895
0.000233247879
0.000240715972
0.000246814125
0.000251752198
0.000255715841
0.000258869037
0.000261356369
0.000263305037
0.000264826555
0.000266018002
0.000266963619
0.000267740019
0.000268425018
0.00026907846
0.00026961551
-0.000539282159
-0.000397011509
-0.000301831038
-0.000219742729
-0.00014764001
-8.49126755e-05
-3.0672633e-05
1.61275343e-05
5.64287045e-05
9.10431168e-05
0.000120683089
0.000145978024
0.00016748401
0.000185692096
0.00020103603
0.000213899186
0.000224620589
0.000233500153
0.000240803224
0.000246764524
0.000251591582
0.000255467717
0.000258554662
0.000260994872
0.000262913582
0.000264420512
0.000265611085
0.00026656796
0.000267366458
0.000268084605
0.000268784888
0.000269376602
-0.000532661394
-0.000390484712
-0.000295335446
-0.000213611766
-0.000141955008
-7.9730964e-05
-2.60395529e-05
2.01890308e-05
5.99170627e-05
9.39732876e-05
0.000123082145
0.000147881565
0.000168933122
0.000186730815
0.000201709332
0.000214251444
0.000224694461
0.000233335823
0.000240437933
0.000246232329
0.000250923284
0.000254690924
0.000257693931
0.000260071919
0.00026194752
0.000263428101
0.000264606972
0.0002655649
0.000266375693
0.000267116671
0.000267849685
0.000268479184
-0.000524709043
-0.000382672175
-0.000287681052
-0.000206435015
-0.000135359136
-7.37861118e-05
-2.07940481e-05
2.47149045e-05
6.37281893e-05
9.70938398e-05
0.00012555028
0.000149744976
0.00017024529
0.000187547942
0.000202087929
0.000214246535
0.000224358301
0.000232717059
0.000239581113
0.000245177687
0.000249706729
0.000253344172
0.000256244746
0.000258544411
0.000260362481
0.000261803349
0.000262957678
0.000263903954
0.000264714309
0.00026546505
0.000266215136
0.000266856491
-0.00051526607
-0.000373430187
-0.000278741847
-0.000198106734
-0.000127767354
-6.70132492e-05
-1.48900532e-05
2.97344029e-05
6.78768481e-05
0.000100407505
0.00012808058
0.000151553891
0.00017140063
0.000188119701
0.00020214548
0.000213856573
0.00022358343
0.000231614899
0.000238203823
0.000243571808
0.000247913256
0.000251398794
0.000254178195
0.000256382874
0.000258128054
0.000259514493
0.000260629662
0.000261549276
0.000262343167
0.000263085797
0.000263834304
0.000264477275
-0.000504176996
-0.00036261911
-0.000268398091
-0.000188528402
-0.000119102557
-5.93557861e-05
-8.28963241e-06
3.52693646e-05
7.23716642e-05
0.000103912597
0.00013066376
0.000153293826
0.000172381472
0.000188426846
0.000201862385
0.000213062476
0.000222351844
0.000230012717
0.000236290904
0.000241400914
0.000245530251
0.000248843021
0.00025148296
0.00025357601
0.00025523249
0.000256548812
0.000257608687
0.000258484618
0.000259243617
0.000259957454
0.000260681166
0.00026130526
-0.000491293565
-0.000350106727
-0.000256539949
-0.000177612273
-0.000109298835
-5.07683196e-05
-9.65584722e-07
4.13320279e-05
7.72134845e-05
0.000107602028
0.000133287893
0.000154950615
0.000173173472
0.000188456399
0.000201228084
0.000211856745
0.000220659405
0.000227909762
0.0002338448
0.0002386703
0.000242565403
0.000245686402
0.000248169896
0.000250135358
0.000251687335
0.000252917177
0.000253904282
0.000254717555
0.000255420692
0.00025608182
0.000256753375
0.000257333724
-0.000476478299
-0.000335771397
-0.000243071208
-0.000165285447
-9.83054405e-05
-4.12202081e-05
7.09521154e-06
4.79220975e-05
8.23930523e-05
0.000111461717
0.000135937599
0.000156510381
0.00017376633
0.000188203017
0.000200242999
0.000210245883
0.000218518634
0.000225324225
0.000230888823
0.000235407705
0.000239050104
0.000241963194
0.00024427529
0.000246098457
0.000247530685
0.000248657523
0.000249553387
0.000250283462
0.000250907652
0.000251489397
0.000252078004
0.000252586449
-0.000459607374
-0.000319504858
-0.000227914762
-0.000151498167
-8.6093414e-05
-3.069986e-05
1.58866076e-05
5.50217675e-05
8.78870433e-05
0.000115467709
0.000138592193
0.000157958658
0.000174153779
0.000187669769
0.000198919971
0.000208252415
0.000215961269
0.000222296331
0.000227470809
0.000231667643
0.000235044625
0.000237738534
0.000239868468
0.000241538505
0.000242839053
0.000243847487
0.00024463239
0.000245257385
0.000245776517
0.000246248598
0.000246719765
0.000247125116
-0.000440569696
-0.000301213315
-0.000211024781
-0.000136245724
-7.26523115e-05
-1.91961909e-05
2.53842742e-05
6.25913891e-05
9.36537506e-05
0.000119582659
0.000141222992
0.000159278554
0.000174332584
0.000186867825
0.000197284488
0.000205915473
0.000213039003
0.000218888973
0.000223663312
0.000227530643
0.000230635504
0.000233102455
0.00023503992
0.000236544373
0.000237698995
0.000238557127
0.00023921561
0.000239731965
0.000240124884
0.00024045791
0.000240775458
0.000241043808
-0.000419249132
-0.000280799514
-0.000192375188
-0.000119564175
-5.79341724e-05
-6.63792389e-06
3.55466189e-05
7.05677057e-05
9.96302862e-05
0.000123752428
0.000143790325
0.000160448498
0.00017430093
0.00018581538
0.000195374039
0.000203290436
0.000209823419
0.000215188066
0.000219564616
0.000223105457
0.000225939985
0.000228178622
0.00022991628
0.000231247898
0.000232298654
0.000233073207
0.000233547257
0.000233848383
0.000234077483
0.00023424838
0.000234380218
0.000234477664
-0.000395504317
-0.000258114706
-0.000171839883
-0.000101297053
-4.21238233e-05
6.54774712e-06
4.6125128e-05
7.87966294e-05
0.000105693662
0.00012787759
0.000146227307
0.000161433315
0.000174053192
0.000184534764
0.000193237187
0.000200449634
0.000206409211
0.000211309469
0.000215310758
0.00021854802
0.00022113637
0.000223175684
0.000224753239
0.00022593012
0.000226712172
0.000227240995
0.00022765379
0.000227893818
0.000227954462
0.000227909734
0.000227807371
0.000227700444
-0.000369314176
-0.000233137808
-0.000149571416
-8.1534238e-05
-2.55647685e-05
2.00938917e-05
5.70916589e-05
8.7111629e-05
0.00011170004
0.000131813461
0.000148442766
0.000162184929
0.000173578017
0.000183047571
0.000190924675
0.000197470766
0.000202895285
0.000207367761
0.000211027168
0.000213989072
0.000216351167
0.000218197047
0.00021959906
0.000220618317
0.000221308929
0.000221740223
0.000221939093
0.000221939303
0.000221796508
0.000221531279
0.000221170615
0.000220824929
-0.000340649472
-0.000205809743
-0.000125742134
-6.04229412e-05
-8.09062185e-06
3.38437776e-05
6.79723072e-05
9.53073885e-05
0.000117442653
0.00013551264
0.00015037092
0.000162656583
0.000172866224
0.000181382487
0.000188499761
0.000194446615
0.00019940274
0.000203511353
0.000206888351
0.000209629134
0.000211813728
0.000213510071
0.00021477725
0.000215667226
0.000216227222
0.000216502497
0.000216535789
0.000216359888
0.000216006169
0.000215489992
0.0002148348
0.000214218304
-0.000309513416
-0.000176410376
-0.000100546326
-3.87046726e-05
9.95078614e-06
4.81534159e-05
7.86917995e-05
0.000103073506
0.000122709537
0.000138698469
0.000151850266
0.000162764572
0.000171888171
0.000179555392
0.000186017999
0.00019146752
0.000196051652
0.000199886139
0.000203063323
0.000205658326
0.000207733577
0.000209342258
0.000210530232
0.000211338059
0.000211803072
0.000211960087
0.000211842849
0.00021148355
0.000210907699
0.000210120782
0.000209142321
0.00020822602
-0.000275799329
-0.000145528809
-7.37001432e-05
-1.64999546e-05
2.77457932e-05
6.19528973e-05
8.87837045e-05
0.000110067271
0.000127187868
0.000141164963
0.000152733919
0.000162423161
0.000170614111
0.000177584154
0.000183537124
0.00018862486
0.000192962331
0.000196638186
0.000199722085
0.000202269849
0.000204327123
0.000205932041
0.000207117212
0.000207911484
0.000208340497
0.000208428734
0.000208201169
0.00020768394
0.000206896118
0.000205831378
0.000204503588
0.000203256691
-0.00023928625
-0.000113208858
-4.55483445e-05
5.78582655e-06
4.47196882e-05
7.44644125e-05
9.75074786e-05
0.000115736734
0.000130476987
0.000142638639
0.000152848391
0.000161539971
0.000169016035
0.000175490499
0.000181117155
0.000186008776
0.000190249794
0.000193904669
0.000197023399
0.000199645194
0.000201801036
0.000203515577
0.000204808518
0.000205695522
0.000206189036
0.000206299675
0.000206038864
0.000205420622
0.000204451862
0.00020310937
0.00020140639
0.000199787291
-0.000199685586
-7.91734683e-05
-1.72904618e-05
2.71747004e-05
6.01266517e-05
8.49730048e-05
0.000104202123
0.000119569752
0.000132222836
0.000142898701
0.000152077582
0.00016007749
0.000167112961
0.000173332669
0.00017884306
0.00018372285
0.000188031984
0.000191817077
0.000195114543
0.000197952308
0.000200350992
0.000202325163
0.000203884072
0.000205030799
0.000205762023
0.000206067269
0.0002059305
0.000205342674
0.000204286042
0.000202700048
0.000200574174
0.00019850034
-0.000156253397
-4.34459358e-05
1.01048715e-05
4.62731072e-05
7.25355566e-05
9.24170318e-05
0.000108133709
0.000121103127
0.000132172759
0.000141844443
0.000150423738
0.000158103677
0.000165010768
0.00017123426
0.00017684237
0.000181889659
0.000186421322
0.000190475496
0.00019408369
0.000197269701
0.000200049258
0.000202434013
0.000204433779
0.000206044348
0.000207253888
0.000208037176
0.00020832126
0.00020804012
0.000207127636
0.000205445678
0.000202878165
0.000200261664
-0.000107439831
-6.95992863e-06
3.45267334e-05
6.10013747e-05
8.03940999e-05
9.58110403e-05
0.000108788916
0.000120162728
0.000130369967
0.000139643937
0.000148116409
0.000155869397
0.000162954096
0.000169415264
0.00017530089
0.000180657656
0.000185531053
0.000189966505
0.00019400854
0.000197693994
0.00020104374
0.00020408934
0.000206880141
0.000209400744
0.000211624723
0.000213568663
0.00021504711
0.00021578748
0.000215620258
0.000214323301
0.00021148348
0.00020843831
-4.24569964e-05
2.91302142e-05
5.17417567e-05
6.76968437e-05
8.12777986e-05
9.37777731e-05
0.000105534102
0.000116609614
0.000126994226
0.000136678648
0.000145664701
0.000153945969
0.000161524505
0.000168436671
0.000174736966
0.000180479509
0.000185721324
0.000190528898
0.000194983761
0.000199157766
0.000203037755
0.000206573836
0.000209879755
0.000213282278
0.000217065819
0.000220849642
0.000223678267
0.000225483603
0.000227042639
0.000228189772
0.000227837119
0.000225776445
6.46116415e-05
6.48623028e-05
6.23754371e-05
6.80875951e-05
7.77928454e-05
8.91339158e-05
0.000100943108
0.000112571928
0.000123662726
0.00013410188
0.000143879644
0.000152904567
0.000161079779
0.000168463691
0.000175161017
0.000181237074
0.000186754341
0.000191794194
0.00019649853
0.000201024072
0.000205401391
0.000209573082
0.000213608249
0.000217814467
0.000222895975
0.000229750386
0.000238626133
0.000250126855
0.000265205816
0.000285366101
0.000314261465
0.000349257291
)
;

boundaryField
{
    inner_wall
    {
        type            zeroGradient;
    }
    outer_wall
    {
        type            zeroGradient;
    }
    top
    {
        type            zeroGradient;
    }
    bottom
    {
        type            fixedValue;
        value           uniform 0;
    }
    front
    {
        type            wedge;
    }
    back
    {
        type            wedge;
    }
}


// ************************************************************************* //
