/*--------------------------------*- C++ -*----------------------------------*\
| =========                 |                                                 |
| \\      /  F ield         | OpenFOAM: The Open Source CFD Toolbox           |
|  \\    /   O peration     | Version:  2506                                  |
|   \\  /    A nd           | Website:  www.openfoam.com                      |
|    \\/     M anipulation  |                                                 |
\*---------------------------------------------------------------------------*/
FoamFile
{
    version     2.0;
    format      ascii;
    arch        "LSB;label=32;scalar=64";
    class       volScalarField;
    location    "298";
    object      p;
}
// * * * * * * * * * * * * * * * * * * * * * * * * * * * * * * * * * * * * * //

dimensions      [0 2 -2 0 0 0 0];

internalField   nonuniform List<scalar> 
3072
(
-0.00012396713
-9.41515028e-05
-9.048568e-05
-8.44511885e-05
-7.46945454e-05
-6.29698209e-05
-5.10207734e-05
-3.99856205e-05
-2.77742637e-05
-1.40153887e-05
-7.56288941e-06
-7.76019919e-06
-7.6220577e-06
-6.3104801e-06
-4.47205841e-06
-2.4954227e-06
-5.35744807e-07
1.32377371e-06
3.02535492e-06
4.5241725e-06
5.80685204e-06
7.01602392e-06
8.0422842e-06
8.74648788e-06
9.27237322e-06
9.66434017e-06
9.94256313e-06
1.01314714e-05
1.02633786e-05
1.03857584e-05
1.05658926e-05
1.08151526e-05
-0.000264310273
-0.000186451971
-0.000160138532
-0.0001415126
-0.000123474713
-0.000104850581
-8.64209774e-05
-6.86356972e-05
-5.08429629e-05
-3.39335892e-05
-2.18125243e-05
-1.44699827e-05
-8.57003425e-06
-3.29992452e-06
1.33038483e-06
5.32475788e-06
8.74333162e-06
1.16448616e-05
1.40880581e-05
1.61498054e-05
1.77775347e-05
1.92002978e-05
2.04184523e-05
2.12384466e-05
2.18514012e-05
2.23315566e-05
2.27115977e-05
2.30231506e-05
2.33042835e-05
2.3602127e-05
2.39473497e-05
2.42410491e-05
-0.000326423553
-0.000221780948
-0.000176574066
-0.000146112716
-0.000121669279
-0.000100771585
-8.23234676e-05
-6.5679499e-05
-5.03712046e-05
-3.65145131e-05
-2.47566949e-05
-1.50289028e-05
-6.70542739e-06
5.33385509e-07
6.82429561e-06
1.22634507e-05
1.69345891e-05
2.09092937e-05
2.42732113e-05
2.72005653e-05
2.95866429e-05
3.14880746e-05
3.30811464e-05
3.4316901e-05
3.52851709e-05
3.60471829e-05
3.66468978e-05
3.71230053e-05
3.75126167e-05
3.7854108e-05
3.81780212e-05
3.84491882e-05
-0.000386213042
-0.000266915276
-0.000210788426
-0.000168760899
-0.000135762966
-0.000109664132
-8.78521551e-05
-6.89315444e-05
-5.21829138e-05
-3.72966966e-05
-2.41970753e-05
-1.27466831e-05
-2.72753758e-06
6.04070375e-06
1.36900901e-05
2.03248387e-05
2.60363801e-05
3.09109876e-05
3.50378654e-05
3.8500886e-05
4.14022474e-05
4.37573189e-05
4.56285434e-05
4.71510192e-05
4.83629573e-05
4.93170046e-05
5.00673714e-05
5.06622755e-05
5.11447886e-05
5.15569007e-05
5.19302279e-05
5.22253075e-05
-0.000442025793
-0.000315681283
-0.000246466403
-0.000194678973
-0.000154291308
-0.000122039618
-9.54368288e-05
-7.29136463e-05
-5.3456936e-05
-3.64587046e-05
-2.15555539e-05
-8.48062794e-06
2.98938235e-06
1.30324593e-05
2.17903028e-05
2.93830186e-05
3.59218291e-05
4.15133448e-05
4.62353898e-05
5.00707472e-05
5.32996681e-05
5.60634921e-05
5.82579524e-05
6.00107576e-05
6.14106501e-05
6.25242596e-05
6.34104371e-05
6.41220463e-05
6.47074198e-05
6.52150426e-05
6.56821243e-05
6.60573303e-05
-0.000490655747
-0.000359350494
-0.00028009173
-0.000220370835
-0.000173455566
-0.000135074989
-0.000103461868
-7.69819236e-05
-5.4413063e-05
-3.49375979e-05
-1.80139583e-05
-3.25733644e-06
9.6203152e-06
2.08406782e-05
3.05810866e-05
3.8991601e-05
4.62062727e-05
5.23487105e-05
5.75292599e-05
6.18422629e-05
6.54205617e-05
6.8373585e-05
7.07720159e-05
7.27055946e-05
7.42586536e-05
7.55057842e-05
7.65132357e-05
7.7339759e-05
7.80398911e-05
7.86708783e-05
7.92764666e-05
7.97776651e-05
-0.000531925645
-0.000396359911
-0.000311284607
-0.000245353102
-0.000191929114
-0.000147979125
-0.000111621361
-8.11856847e-05
-5.53783006e-05
-3.32741936e-05
-1.42176659e-05
2.27290253e-06
1.65600085e-05
2.89245881e-05
3.95926815e-05
4.87540798e-05
5.65745479e-05
6.3203373e-05
6.87776176e-05
7.34251114e-05
7.72689555e-05
8.04237642e-05
8.29929656e-05
8.50734238e-05
8.67548185e-05
8.81187846e-05
8.92383021e-05
9.01779378e-05
9.0998523e-05
9.17666645e-05
9.25328044e-05
9.31834248e-05
-0.000566133033
-0.000427474315
-0.000338406817
-0.000267796733
-0.000209055457
-0.000160191495
-0.00011950076
-8.53394416e-05
-5.6398481e-05
-3.17026052e-05
-1.0525269e-05
7.68770267e-06
2.33650273e-05
3.68456502e-05
4.84055789e-05
5.82767366e-05
6.66600851e-05
7.37341527e-05
7.96607016e-05
8.45882611e-05
8.86543716e-05
9.19859586e-05
9.4699574e-05
9.69022837e-05
9.86919998e-05
0.000100157407
0.000101377583
0.000102422387
0.000103358475
0.000104261303
0.000105187354
0.000105987548
-0.000594147533
-0.000453436014
-0.000361224722
-0.000286858188
-0.000223988601
-0.000171079949
-0.000126662534
-8.91948568e-05
-5.74012878e-05
-3.02976569e-05
-7.12081089e-06
1.27311429e-05
2.9737522e-05
4.42860618e-05
5.66972753e-05
6.7242334e-05
7.61559798e-05
8.36454129e-05
8.98964057e-05
9.50773339e-05
9.93418194e-05
0.00010283018
0.000105670448
0.000107979251
0.00010986241
0.000111415227
0.0001127223
0.000113858179
0.000114894536
0.000115914355
0.000116979122
0.000117908844
-0.000616490656
-0.000474437494
-0.000379940311
-0.000302669249
-0.000236575109
-0.000180405745
-0.000132889355
-9.25996717e-05
-5.8316695e-05
-2.90715921e-05
-4.08810276e-06
1.72635519e-05
3.54979006e-05
5.10403053e-05
6.42477156e-05
7.54249512e-05
8.48365885e-05
9.27157585e-05
9.92702614e-05
0.000104686967
0.000109134768
0.000112766671
0.000115721248
0.000118123813
0.000120087331
0.000121712995
0.000123090225
0.000124297552
0.000125410696
0.00012651836
0.000127685802
0.000128710641
-0.000633726623
-0.000490848531
-0.00039479935
-0.000315366587
-0.000246804132
-0.000188073417
-0.000138060332
-9.54449501e-05
-5.90691483e-05
-2.79912202e-05
-1.43700852e-06
2.12364036e-05
4.0566072e-05
5.70042516e-05
7.09358843e-05
8.26927211e-05
9.25640864e-05
0.000100805058
0.000107642456
0.000113279288
0.000117897959
0.000121662674
0.00012472123
0.000127206479
0.000129237519
0.000130920522
0.000132348909
0.000133604443
0.000134765855
0.000135925575
0.000137151374
0.000138229112
-0.000646482861
-0.000503164093
-0.00040615029
-0.000325165854
-0.000254771401
-0.000194090946
-0.000142131451
-9.76638914e-05
-5.95903032e-05
-2.69999677e-05
8.70257343e-07
2.46665852e-05
4.49388446e-05
6.2157164e-05
7.67266677e-05
8.89994401e-05
9.92841459e-05
0.000107853394
0.000114949471
0.000120788648
0.000125564533
0.000129450615
0.000132602318
0.00013515867
0.000137243742
0.000138967665
0.000140427006
0.000141706008
0.000142885427
0.000144059459
0.000145297236
0.000146383939
-0.000655395395
-0.000511913726
-0.000414398603
-0.000332350094
-0.000260647874
-0.000198537706
-0.000145115148
-9.92258573e-05
-5.98246504e-05
-2.60321887e-05
2.89970376e-06
2.76146387e-05
4.86681958e-05
6.65413879e-05
8.1652895e-05
9.43692882e-05
0.00010501345
0.000113871215
0.000121196692
0.000127216421
0.000132132706
0.000136126265
0.000139358419
0.000141972939
0.000144097649
0.000145845623
0.000147315726
0.000148593994
0.000149762308
0.000150914907
0.000152121293
0.000153176188
-0.000661079329
-0.000517623486
-0.000419969761
-0.000337236945
-0.000264648384
-0.000201539293
-0.000147065196
-0.000100129951
-5.97330885e-05
-2.50241087e-05
4.72940769e-06
3.01653515e-05
5.1840387e-05
7.02412909e-05
8.57950741e-05
9.88779302e-05
0.000109822506
0.000118923982
0.000126444913
0.000132619254
0.000137655593
0.000141739864
0.000145037605
0.000147695935
0.000149845271
0.000151600668
0.000153062526
0.000154318061
0.000155449541
0.000156549827
0.00015768803
0.000158676886
-0.000664111613
-0.000520794668
-0.000423285252
-0.000340155567
-0.000267011242
-0.000203250965
-0.000148065294
-0.000100401465
-5.92957355e-05
-2.39223997e-05
6.43634498e-06
3.24112583e-05
5.4557388e-05
7.3363652e-05
8.92615799e-05
0.000102633108
0.000113817059
0.000123114647
0.000130793984
0.000137093909
0.000142227151
0.000146383041
0.000149729822
0.000152416705
0.000154575666
0.000156322906
0.000157759702
0.000158973939
0.0001600477
0.000161071426
0.000162113284
0.000163010279
-0.000665021495
-0.000521896215
-0.000424752515
-0.000341432536
-0.000267983095
-0.000203844651
-0.000148220161
-0.00010008758
-5.85122993e-05
-2.26889892e-05
8.08748197e-06
3.44406306e-05
5.69224715e-05
7.60217578e-05
9.21718417e-05
0.00010575753
0.000117121037
0.000126566982
0.000134366681
0.000140761769
0.000145967319
0.000150174531
0.000153553081
0.000156253211
0.000158407603
0.000160132911
0.000161530765
0.000162689318
0.000163690059
0.000164620332
0.000165547014
0.000166335292
-0.000664284101
-0.000521353443
-0.000424746423
-0.000341376272
-0.000267805936
-0.000203497497
-0.000147646622
-9.92512641e-05
-5.73995622e-05
-2.13022572e-05
9.73531847e-06
3.63301437e-05
5.90306122e-05
7.8324028e-05
9.46437497e-05
0.000108375469
0.00011986272
0.000129411576
0.000137294728
0.000143754992
0.00014900837
0.000153246727
0.000156640158
0.000159339113
0.000161476308
0.000163168326
0.000164516743
0.000165609693
0.000166527808
0.000167354986
0.00016815664
0.000168827866
-0.000662312364
-0.000519541614
-0.00042360805
-0.000340272467
-0.000266709207
-0.000202383732
-0.000146466239
-9.79658075e-05
-5.59881235e-05
-1.97562095e-05
1.14163834e-05
3.81411488e-05
6.09628528e-05
8.03667609e-05
9.67851526e-05
0.000110603297
0.00012216461
0.000131775229
0.000139707897
0.000146205434
0.000151483722
0.000155734407
0.000159127256
0.00016181232
0.000163921865
0.000165572027
0.00016686405
0.000167885839
0.000168717036
0.000169438019
0.000170112694
0.000170665921
-0.000659463078
-0.000516783387
-0.000421640321
-0.000338378446
-0.000264903698
-0.000200668467
-0.000144799572
-9.63099682e-05
-5.43187807e-05
-1.80583191e-05
1.31518171e-05
3.99186855e-05
6.27838314e-05
8.22303408e-05
9.86889435e-05
0.000112543647
0.00012413684
0.000133773772
0.000141726368
0.000148236633
0.000153519633
0.000157766179
0.000161145213
0.000163805978
0.000165879971
0.000167482641
0.000168714716
0.000169663749
0.000170408346
0.000171025495
0.000171577653
0.000172017839
-0.000656031585
-0.000513345845
-0.00041910744
-0.000335922093
-0.000262578341
-0.000198503139
-0.000142761262
-9.43631481e-05
-5.24383708e-05
-1.62261456e-05
1.49497402e-05
4.16928629e-05
6.45419135e-05
8.39783042e-05
0.000100431254
0.000114282857
0.000125873878
0.000135508136
0.000143456226
0.000149958853
0.00015522983
0.000159458769
0.000162813487
0.000165442181
0.000167475398
0.000169027766
0.000170199403
0.000171077432
0.000171739453
0.000172259333
0.000172698209
0.000173034623
-0.000652249992
-0.000509469311
-0.000416223485
-0.000333098019
-0.000259900455
-0.000196023712
-0.000140456258
-9.22009856e-05
-5.03953237e-05
-1.42830142e-05
1.68097326e-05
4.34832348e-05
6.62710335e-05
8.56568922e-05
0.000102071045
0.000115890555
0.00012745372
0.000137063006
0.000144987606
0.000151466728
0.000156712731
0.000160913857
0.000164236659
0.000166828186
0.000168817963
0.000170319748
0.000171433008
0.00017224441
0.000172830613
0.000173262723
0.000173600726
0.000173845421
-0.000648310534
-0.000505544416
-0.000413024295
-0.00033001671
-0.000257005588
-0.000193345901
-0.000137974842
-8.98904839e-05
-4.82345723e-05
-1.22523415e-05
1.87298375e-05
4.53078449e-05
6.79946805e-05
8.7292587e-05
0.000103648877
0.000117418762
0.000128937018
0.00013850591
0.000146393661
0.000152838067
0.000158050042
0.000162216471
0.000165502641
0.00016805446
0.00017000044
0.000171453487
0.000172512424
0.000173263462
0.000173782415
0.000174138016
0.00017438928
0.000174555781
-0.000644359243
-0.000501786109
-0.000409595168
-0.000326788468
-0.00025400402
-0.000190565219
-0.000135395327
-8.74937748e-05
-4.6003948e-05
-1.01715425e-05
2.06749726e-05
4.71287426e-05
6.9722376e-05
8.89473587e-05
0.000105225945
0.000118923457
0.000130379834
0.000139895366
0.000147735851
0.000154137243
0.000159308893
0.000163436266
0.000166683359
0.000169194942
0.000171098549
0.000172506252
0.000173516248
0.000174214317
0.000174675533
0.000174966633
0.000175145769
0.000175248059
-0.000640496406
-0.00049812042
-0.000406182566
-0.000323535383
-0.000250977196
-0.000187754046
-0.000132779728
-8.50590533e-05
-4.37373055e-05
-8.0647735e-06
2.26380895e-05
4.89659914e-05
7.14749057e-05
9.06223392e-05
0.000106806153
0.000120422516
0.000131810742
0.000141267342
0.000149055763
0.000155410352
0.00016053904
0.000164625981
0.000167834022
0.000170306885
0.000172171076
0.000173538042
0.000174505437
0.000175158532
0.000175571812
0.000175810433
0.000175931592
0.000175982705
-0.000636798956
-0.000494584722
-0.000402826781
-0.000320371102
-0.000247994446
-0.00018495936
-0.000130166565
-8.26132315e-05
-4.14415821e-05
-5.94928031e-06
2.46300088e-05
5.08466318e-05
7.32416605e-05
9.22815141e-05
0.000108380509
0.000121924144
0.000133247441
0.000142646065
0.000150382767
0.000156690888
0.000161777271
0.000165825078
0.000168996397
0.000171434027
0.000173261288
0.000174591887
0.000175523945
0.000176140406
0.00017651538
0.000176713099
0.000176789815
0.000176800807
-0.000633315439
-0.000491226374
-0.000399595288
-0.000317332237
-0.000245110747
-0.000182230501
-0.000127597062
-8.02022996e-05
-3.91862292e-05
-3.79706567e-06
2.66454734e-05
5.27496043e-05
7.50339321e-05
9.39657851e-05
0.000109982392
0.000123454917
0.000134714437
0.000144056205
0.00015174241
0.000158005473
0.000163051276
0.000167062034
0.000170198819
0.000172603756
0.000174401948
0.000175703664
0.000176605624
0.000177192395
0.000177537593
0.000177704421
0.000177748839
0.000177732119
-0.000630067959
-0.00048806969
-0.000396542606
-0.000314419379
-0.000242330438
-0.000179586096
-0.000125091203
-7.78329916e-05
-3.69478568e-05
-1.67705125e-06
2.86567026e-05
5.46616902e-05
7.68375187e-05
9.56693118e-05
0.000111611901
0.000125019692
0.000136220419
0.000145509491
0.00015314886
0.000159370273
0.000164378864
0.000168356141
0.000171462495
0.000173839471
0.000175611786
0.000176889125
0.000177767814
0.000178332246
0.000178655687
0.000178800697
0.00017882296
0.000178787602
-0.000627059684
-0.000485121992
-0.000393674861
-0.000311654795
-0.000239674165
-0.000177043784
-0.000122665375
-7.55224412e-05
-3.4748658e-05
4.17630877e-07
3.06592203e-05
5.65751182e-05
7.86534864e-05
9.73993611e-05
0.00011327653
0.000126625955
0.000137773401
0.000147014648
0.000154611538
0.00016079532
0.000165770567
0.000169718243
0.000172798236
0.00017515162
0.000176902685
0.000178160761
0.000179021879
0.000179570176
0.000179878664
0.000180009514
0.000180018196
0.000179971861
-0.000624280643
-0.000482378711
-0.000390988254
-0.000309043391
-0.000237147755
-0.000174609108
-0.000120325805
-7.32784178e-05
-3.25986474e-05
2.47657002e-06
3.26334096e-05
5.8477652e-05
8.04891223e-05
9.91674454e-05
0.000114983548
0.000128278397
0.000139377345
0.000148575614
0.000156134557
0.000162284965
0.000167230956
0.000171153049
0.000174210718
0.000176544657
0.00017827882
0.000179522241
0.000180370699
0.000180908126
0.000181207346
0.000181330315
0.00018133236
0.000181281204
-0.00062171166
-0.000479825942
-0.000388472127
-0.000306579079
-0.000234747271
-0.000172279691
-0.000118071487
-7.11010454e-05
-3.04987102e-05
4.49868351e-06
3.45780216e-05
6.03554001e-05
8.23332263e-05
0.000100977143
0.000116735371
0.000129977287
0.00014103173
0.000150191752
0.00015771735
0.000163838738
0.000168759622
0.000172660133
0.000175699388
0.000178017771
0.000179738959
0.000180971751
0.000181811719
0.00018234262
0.000182637145
0.000182757173
0.000182757943
0.000182706671
-0.000619328063
-0.000477443728
-0.000386110325
-0.000304249361
-0.000232462644
-0.00017004709
-0.00011589469
-6.89819188e-05
-2.84370246e-05
6.50487461e-06
3.65271227e-05
6.2229058e-05
8.41643426e-05
0.000102791123
0.000118507212
0.000131707354
0.000142725912
0.000151854886
0.000159353299
0.000165451008
0.000170351502
0.000174234688
0.000177259454
0.000179565979
0.000181277751
0.000182503398
0.000183338342
0.000183866201
0.00018415958
0.000184280384
0.000184283808
0.00018423581
-0.00061710289
-0.000475209197
-0.000383883818
-0.000302038752
-0.000230281527
-0.000167901801
-0.000113788464
-6.69164102e-05
-2.64115127e-05
8.49349374e-06
3.84764775e-05
6.41159559e-05
8.5998636e-05
0.000104600473
0.000120289139
0.000133461105
0.000144453454
0.000153558836
0.000161036284
0.000167115635
0.000172000348
0.000175870256
0.000178884158
0.000181182125
0.000182887542
0.000184108932
0.000184941612
0.000185469097
0.000185763947
0.000185888166
0.000185896934
0.000185854477
-0.000615008895
-0.000473098526
-0.000381772425
-0.000299930345
-0.00022819055
-0.000165834081
-0.000111746977
-6.49033688e-05
-2.44280493e-05
1.04470617e-05
4.03987121e-05
6.60079498e-05
8.78588063e-05
0.000106428551
0.000122091432
0.000135241494
0.000146213768
0.000155300838
0.000162762002
0.000168827198
0.000173699885
0.000177559868
0.000180565904
0.000182858015
0.000184559527
0.000185778901
0.000186611382
0.000187140413
0.000187438532
0.000187567889
0.000187583671
0.000187548104
-0.000613019615
-0.000471088056
-0.000379755697
-0.000297906287
-0.000226174838
-0.000163831902
-0.000109760749
-6.29355257e-05
-2.24808674e-05
1.23712976e-05
4.22998307e-05
6.79003763e-05
8.97386771e-05
0.000108273496
0.000123907462
0.000137041848
0.000148000574
0.000157074544
0.000164523766
0.000170578585
0.000175442552
0.000179295498
0.000182296191
0.00018458465
0.000186284188
0.000187503238
0.000188337
0.000188868868
0.000189171382
0.000189306863
0.000189330516
0.000189302468
-0.000611110339
-0.000469155361
-0.000377814071
-0.000295949009
-0.000224219511
-0.000161882925
-0.000107819713
-6.10048108e-05
-2.05631492e-05
1.42732447e-05
4.41860963e-05
6.9784948e-05
9.16202194e-05
0.000110129565
0.000125739744
0.000138862594
0.000149811438
0.000158875777
0.000166316246
0.000172363549
0.000177221331
0.00018106946
0.000184066736
0.000186353198
0.000188052163
0.000189272055
0.000190108053
0.000190643512
0.000190950991
0.00019109299
0.000191124735
0.000191104275
-0.000609258825
-0.000467279998
-0.000375929649
-0.000294041956
-0.00022231041
-0.000159975173
-0.0001059137
-5.91024872e-05
-1.86667475e-05
1.61619783e-05
4.60665198e-05
7.16585904e-05
9.34859284e-05
0.000111986474
0.000127588489
0.000140702297
0.000151642692
0.000160699597
0.000168133669
0.000174175625
0.000179029145
0.000182874137
0.000185869433
0.000188155094
0.000189854449
0.000191075925
0.000191914685
0.000192454062
0.000192766638
0.000192915094
0.000192954665
0.000192941433
-0.000607445835
-0.000465444066
-0.000374086826
-0.000292170226
-0.000220434987
-0.00015809822
-0.000104034202
-5.72219775e-05
-1.67872795e-05
1.80389512e-05
4.7940088e-05
7.35278071e-05
9.53484167e-05
0.000113844914
0.000129444602
0.00014255281
0.000153487523
0.000162539525
0.000169969454
0.000176008005
0.000180858912
0.000184702143
0.00018769658
0.000189982316
0.000191682704
0.000192906182
0.000193747909
0.000194291205
0.000194608684
0.00019476319
0.000194809956
0.000194803267
-0.00060565537
-0.000463632469
-0.000372272585
-0.000290320711
-0.000218582463
-0.000156243059
-0.000102173766
-5.5357415e-05
-1.49205346e-05
1.99065256e-05
4.980758e-05
7.53938658e-05
9.72097562e-05
0.000115704275
0.000131304418
0.000144409864
0.000155341431
0.000164390674
0.000171818279
0.000177854964
0.000182704541
0.000186547052
0.000189541435
0.000191827828
0.000193529612
0.000194755242
0.000195599883
0.00019614685
0.000196468791
0.000196628695
0.000196681768
0.000196680699
-0.00060387469
-0.000461833055
-0.00037047666
-0.000288482088
-0.000216744164
-0.000154402283
-0.000100326198
-5.35039423e-05
-1.30629911e-05
2.17668767e-05
5.16698058e-05
7.72565635e-05
9.90700852e-05
0.000117564605
0.0001331666
0.000146271035
0.000157201205
0.000166249228
0.000173675829
0.000179711771
0.000184560941
0.000188403457
0.000191398315
0.000193685694
0.000195389008
0.000196616733
0.000197464042
0.000198014249
0.00019834004
0.000198504523
0.000198562846
0.000198566318
-0.000602094166
-0.00046003679
-0.000368691097
-0.000286644817
-0.000214913704
-0.000152569922
-9.84864421e-05
-5.16576022e-05
-1.12117069e-05
2.3622016e-05
5.35279334e-05
7.91163822e-05
0.000100929314
0.000119425135
0.000135029698
0.000148134283
0.000159064261
0.000168112135
0.000175538659
0.000181574635
0.000186424025
0.000190267012
0.000193262643
0.000195551138
0.000197255941
0.000198485547
0.000199335139
0.000199888037
0.000200216958
0.000200385103
0.00020044753
0.000200454379
-0.000600306882
-0.000458237786
-0.000366905832
-0.000284805207
-0.000213086985
-0.000150741025
-9.66504913e-05
-4.98153298e-05
-9.36438144e-06
2.54735613e-05
5.53829701e-05
8.09738155e-05
0.000102787377
0.000121285182
0.000136892571
0.000149998105
0.000160928706
0.000169977147
0.000177404206
0.000183440724
0.000188290724
0.000192134443
0.000195130971
0.000197420562
0.000199126684
0.000200357851
0.000201209254
0.000201764223
0.000202095499
0.00020226633
0.000202331646
0.000202340799
-0.000598507893
-0.000456431551
-0.000365098056
-0.00028297896
-0.000211261995
-0.00014891211
-9.48156898e-05
-4.79750148e-05
-7.51935378e-06
2.73227152e-05
5.72356946e-05
8.28292779e-05
0.000104644258
0.000123144292
0.000138754482
0.000151861528
0.000162793299
0.000171842768
0.000179270749
0.00018530812
0.000190158948
0.000194003511
0.000197000933
0.000199291495
0.000200998684
0.000202231026
0.000203083724
0.000203640117
0.000203972962
0.000204145439
0.000204212211
0.000204223483
-0.000596696267
-0.000454616773
-0.000363280178
-0.00028115361
-0.000209434564
-0.000147080902
-9.29800154e-05
-4.61349645e-05
-5.67530021e-06
2.9170438e-05
5.90867449e-05
8.4683134e-05
0.000106500002
0.000125002293
0.000140615164
0.000153724134
0.000164657449
0.000173708241
0.00018113738
0.000187175777
0.000192027532
0.000195872952
0.000198871187
0.000201162532
0.000202870488
0.000204103591
0.00020495705
0.000205514212
0.000205847839
0.000206021071
0.000206088391
0.00020610061
-0.000594872409
-0.000452793056
-0.000361454808
-0.000279328072
-0.000207604284
-0.000145247053
-9.11429066e-05
-4.42946013e-05
-3.83171166e-06
3.1017116e-05
6.09363272e-05
8.65352914e-05
0.000108354303
0.000126859252
0.000142475025
0.000155586161
0.000166521195
0.000175573478
0.000183003915
0.000189043432
0.000193896148
0.00019774239
0.000200741315
0.000203033231
0.000204741646
0.000205975099
0.000206828802
0.000207386103
0.000207719761
0.000207892935
0.000207960198
0.000207972086
-0.000593038128
-0.000450962213
-0.000359621515
-0.000277503452
-0.000205772084
-0.000143411366
-8.93050823e-05
-4.24544795e-05
-1.98901152e-06
3.28624056e-05
6.27840318e-05
8.83848168e-05
0.000110205392
0.000128715084
0.000144335921
0.000157449007
0.000168385421
0.000177439123
0.000184870893
0.000190911565
0.000195765244
0.000199612253
0.00020261175
0.000204904038
0.000206612623
0.000207846047
0.000208699519
0.000209256384
0.000209589393
0.000209761763
0.000209828308
0.00020983879
-0.000591196299
-0.000449127031
-0.00035777299
-0.000275689018
-0.000203941357
-0.000141575917
-8.74682596e-05
-4.06158289e-05
-1.47899614e-07
3.47062307e-05
6.46306318e-05
9.02332718e-05
0.0001120531
0.000130568228
0.000146197374
0.000159312851
0.000170250572
0.000179305782
0.000186739059
0.000192781041
0.000197635781
0.000201483588
0.000204483608
0.000206776135
0.00020848467
0.000209717751
0.000210570589
0.000211126525
0.0002114583
0.000211629147
0.00021169406
0.00021170272
-0.000589352225
-0.000447292106
-0.000355922706
-0.00027387767
-0.000202114912
-0.00013974365
-8.56345851e-05
-3.87801662e-05
1.69074783e-06
3.65484969e-05
6.64771251e-05
9.20832524e-05
0.000113900849
0.000132418574
0.000148056492
0.000161176201
0.00017211643
0.000181173934
0.000188609308
0.000194653054
0.00019950918
0.00020335799
0.000206358625
0.000208651376
0.000210359741
0.000211592262
0.000212444156
0.000212998767
0.000213328822
0.000213497506
0.000213559908
0.000213566518
-0.000587512468
-0.000445462849
-0.000354082466
-0.000272068641
-0.00020029578
-0.000137918424
-8.3807154e-05
-3.69499592e-05
3.52487736e-06
3.83873152e-05
6.832128e-05
9.3932148e-05
0.000115749696
0.000134269932
0.000149915632
0.000163040787
0.000173984757
0.000183045461
0.000190483642
0.000196529721
0.000201387675
0.000205237806
0.000208239256
0.000210532318
0.000212240496
0.000213472338
0.000214323073
0.00021487606
0.000215204011
0.000215370048
0.000215429336
0.000215433298
-0.000585684465
-0.000443645851
-0.000352258486
-0.000270268448
-0.00019848831
-0.000136104503
-8.19895743e-05
-3.51281042e-05
5.35215705e-06
4.02207245e-05
7.01611745e-05
9.5777848e-05
0.000117598551
0.000136124226
0.00015177827
0.00016490948
0.000175858068
0.000184922846
0.000192364612
0.000198413696
0.000203274035
0.000207125925
0.00021012851
0.000212422088
0.000214130174
0.000215361331
0.000216210807
0.000216761983
0.000217087562
0.000217250599
0.000217306318
0.000217307142
-0.000583876593
-0.0004418489
-0.000350457045
-0.000268484549
-0.000196697787
-0.000134306456
-8.01856658e-05
-3.33175592e-05
7.17049363e-06
4.20475395e-05
7.19967255e-05
9.76213965e-05
0.000119447752
0.000137981124
0.000153645012
0.000166783604
0.000177738165
0.000186808271
0.000194254721
0.00020030775
0.000205171259
0.000209025544
0.000212029759
0.000214324219
0.000216032457
0.000217263062
0.000218111314
0.000218660624
0.0002189837
0.000219143527
0.000219195375
0.000219192717
-0.000582098035
-0.000440080582
-0.000348685271
-0.000266724571
-0.000194930185
-0.000132529289
-7.83995833e-05
-3.1521584e-05
8.9775101e-06
4.38662423e-05
7.38272787e-05
9.94629775e-05
0.00012129803
0.000139841533
0.000155516954
0.000168664674
0.000179627034
0.000188704123
0.000196156695
0.000202214901
0.000207082622
0.000210940163
0.000213946705
0.00021624259
0.000217951392
0.000219181737
0.000220028953
0.000220576496
0.00022089709
0.000221053655
0.000221101502
0.000221095181
-0.000580358605
-0.00043835002
-0.000346950934
-0.000264996298
-0.000193191904
-0.000130778328
-7.66357216e-05
-2.97436374e-05
1.07706714e-05
4.56751795e-05
7.56520366e-05
0.000101302695
0.000123150402
0.000141706642
0.000157395109
0.000170554061
0.000181526626
0.000190612845
0.000198073368
0.000204138314
0.000209011572
0.00021287348
0.000215883262
0.000218181319
0.00021989128
0.000221121836
0.000221968376
0.000222514423
0.00022283273
0.000222986165
0.000223030081
0.000223020097
-0.000578668538
-0.000436666644
-0.000345262183
-0.000263307544
-0.000191489514
-0.000129059049
-7.48985798e-05
-2.79872417e-05
1.25474383e-05
4.74728199e-05
7.74706242e-05
0.000103141774
0.000125007809
0.000143577708
0.000159278604
0.000172451864
0.000183438315
0.000192536636
0.000200007489
0.000206081152
0.000210961608
0.00021482927
0.000217843448
0.000220144634
0.000221856551
0.000223087978
0.000223934396
0.00022447941
0.000224795826
0.000224946479
0.000224986768
0.000224973338
-0.000577038194
-0.000435039905
-0.000343627247
-0.00026166596
-0.000189829526
-0.000127376922
-7.3192708e-05
-2.62560717e-05
1.43049747e-05
4.92571103e-05
7.92817216e-05
0.000104979787
0.000126871326
0.000145456528
0.000161169007
0.000174360034
0.000185364569
0.000194478402
0.000201962281
0.00020804689
0.000212936421
0.000216811423
0.000219831337
0.000222136792
0.00022385164
0.000225084787
0.000225931829
0.000226476483
0.000226791627
0.000226940093
0.000226977336
0.000226960927
-0.000575477674
-0.000433478913
-0.00034205407
-0.00026007874
-0.000188218098
-0.000125737179
-7.15225666e-05
-2.45539664e-05
1.60398513e-05
5.10246217e-05
8.10809982e-05
0.000106810634
0.000128736805
0.000147348581
0.000163075523
0.000176283974
0.000187309546
0.000196442066
0.000203941592
0.000210039337
0.000214939836
0.000218823823
0.000221850908
0.000224161891
0.000225880794
0.000227116677
0.000227965284
0.000228510464
0.000228825196
0.000228972344
0.000229007437
0.000228988802
-0.00057399634
-0.000431991969
-0.000340549848
-0.00025855217
-0.000186660527
-0.00012414421
-6.98917305e-05
-2.28837781e-05
1.77498327e-05
5.27736174e-05
8.28670186e-05
0.000108632682
0.000130601977
0.000149253418
0.000165000476
0.000178226689
0.000189276468
0.000198430731
0.00020594849
0.0002120616
0.000216975023
0.000220869726
0.000223905526
0.000226223432
0.00022794767
0.00022918749
0.000230038809
0.000230585636
0.000230901079
0.000231048078
0.000231082259
0.000231062466
-0.00057260233
-0.000430586089
-0.000339120604
-0.000257091185
-0.000185160832
-0.000122601175
-6.83025184e-05
-2.12469924e-05
1.94342914e-05
5.45046146e-05
8.464217e-05
0.000110449523
0.000132462687
0.000151159569
0.000166940932
0.000180193606
0.000191270107
0.000200447785
0.000207985772
0.000214116276
0.00021904451
0.000222951659
0.000225997771
0.000228324096
0.00023005509
0.000231300222
0.000232155611
0.000232705446
0.000233022994
0.000233171329
0.000233206194
0.00023318663
-0.000571302079
-0.00042926652
-0.000337770795
-0.000255698928
-0.00018372142
-0.000121109838
-6.67560136e-05
-1.96440322e-05
2.10934523e-05
5.62185767e-05
8.64084711e-05
0.000112264528
0.000134322188
0.000153065905
0.000168893877
0.000182183866
0.000193290113
0.00020249325
0.00021005377
0.00021620395
0.000221149085
0.000225070587
0.000228128784
0.000230465202
0.000232204567
0.000233456601
0.000234317654
0.000234872122
0.000235193465
0.000235344949
0.000235382464
0.000235364849
-0.000570099785
-0.000428036123
-0.000336502952
-0.000254376225
-0.000182342729
-0.000119670336
-6.52519549e-05
-1.8074268e-05
2.27282283e-05
5.79165109e-05
8.81668266e-05
0.000114079509
0.000136188404
0.000154980116
0.000170856939
0.000184190899
0.000195331793
0.000204564279
0.000212150605
0.000218323273
0.00022328776
0.000227225805
0.000230298093
0.000232646497
0.000234396065
0.000235656822
0.000236525386
0.000237086393
0.00023741353
0.000237570327
0.000237612847
0.000237599238
-0.000568996739
-0.0004268946
-0.000335317881
-0.000253120623
-0.000181022706
-0.000118281058
-6.37886048e-05
-1.65358001e-05
2.4340486e-05
5.95998715e-05
8.99178624e-05
0.00011589396
0.000138060449
0.000156903551
0.000172832517
0.000186215033
0.000197394144
0.000206659472
0.000214274677
0.000220472492
0.000225458689
0.000229415428
0.000232503827
0.000234866169
0.000236627884
0.000237899356
0.000238777488
0.000239347185
0.000239682415
0.000239847054
0.000239897349
0.000239890166
-0.000567990576
-0.000425838096
-0.000334216802
-0.000251921878
-0.000179753904
-0.000116937234
-6.23613307e-05
-1.50243174e-05
2.5931987e-05
6.127076e-05
9.16632924e-05
0.000117708544
0.000139937791
0.00015883604
0.000174821265
0.000188255996
0.000199475411
0.000208776272
0.000216422941
0.000222648199
0.000227658191
0.000231635589
0.000234742034
0.000237120324
0.00023889631
0.000240180538
0.000241070545
0.000241651447
0.000241997418
0.000242172793
0.000242234023
0.000242236015
-0.0005670744
-0.000424860045
-0.000333197555
-0.000250757025
-0.000178519573
-0.000115625446
-6.09572456e-05
-1.35305653e-05
2.749366e-05
6.29253549e-05
9.34012559e-05
0.000119522555
0.000141820578
0.000160775716
0.000176819116
0.000190309806
0.000201571569
0.000210910318
0.000218590613
0.00022484525
0.000229880858
0.000233880722
0.00023700713
0.000239403706
0.000241196727
0.000242492867
0.000243396566
0.000243992025
0.000244351984
0.000244541451
0.000244617086
0.000244631179
-0.000566234123
-0.000423947434
-0.000332189227
-0.000249682466
-0.000177347262
-0.000114347979
-5.95816365e-05
-1.20567774e-05
2.90812575e-05
6.45934167e-05
9.51496502e-05
0.000121348563
0.000143719085
0.00016272642
0.000178821469
0.000192370454
0.000203677666
0.000213055784
0.0002207707
0.000227055685
0.000232117919
0.000236141337
0.000239288788
0.000241704175
0.00024351435
0.000244830762
0.00024575172
0.00024636298
0.000246739368
0.000246946268
0.000247040895
0.000247072582
-0.000565449029
-0.000423078467
-0.000331186845
-0.000248646595
-0.000176188051
-0.0001130716
-5.82025961e-05
-1.05794678e-05
3.06554854e-05
6.62569085e-05
9.68969966e-05
0.000123175222
0.000145621935
0.000164684221
0.000180829308
0.000194435453
0.00020578818
0.000215205185
0.000222954326
0.000229269575
0.000234358693
0.000238406272
0.000241575798
0.000244011735
0.000245841503
0.000247177258
0.000248117416
0.000248748123
0.000249144645
0.000249373062
0.000249491374
0.000249544858
-0.000564692847
-0.000422224874
-0.000330205348
-0.000247589388
-0.000175014246
-0.000111784335
-5.68110938e-05
-9.08899273e-06
3.22399847e-05
6.79287605e-05
9.86471441e-05
0.000124995815
0.000147522738
0.000166664527
0.000182858362
0.000196501738
0.000207895313
0.000217348751
0.000225129904
0.000231473678
0.000236588578
0.000240659829
0.000243851544
0.00024630879
0.000248159536
0.000249516411
0.000250478247
0.000251131491
0.000251551795
0.000251806136
0.000251953068
0.000252031739
-0.000563927319
-0.000421348007
-0.000329201151
-0.000246487648
-0.000173798677
-0.000110458792
-5.53829708e-05
-7.56416233e-06
3.38559317e-05
6.96299754e-05
0.000100427382
0.000126845849
0.000149431641
0.000168630708
0.000184866186
0.000198541163
0.000209975032
0.000219464735
0.000227276738
0.000233647533
0.000238786909
0.000242880967
0.000246094555
0.000248573408
0.000250446089
0.000251825728
0.000252811554
0.000253490308
0.000253938071
0.000254222844
0.00025440366
0.000254512212
-0.000563101873
-0.000420402799
-0.000328124085
-0.000245305717
-0.000172506595
-0.000109062635
-5.38911922e-05
-5.9841216e-06
3.55176209e-05
7.13676801e-05
0.00010223692
0.000128717744
0.000151330969
0.000170563218
0.000186849604
0.000200558788
0.000212024447
0.00022154236
0.000229379071
0.000235772065
0.000240932149
0.000245046264
0.00024827998
0.000250779668
0.000252674447
0.000254077916
0.00025508966
0.000255796676
0.000256275467
0.00025659514
0.000256815198
0.000256958807
-0.000562152513
-0.000419361215
-0.000326903383
-0.000243993081
-0.000171097149
-0.000107559465
-5.23053424e-05
-4.32619685e-06
3.72384897e-05
7.3142817e-05
0.0001040578
0.000130577408
0.000153222228
0.00017249769
0.000188825246
0.000202553686
0.000214033265
0.000223565226
0.000231415997
0.000237822982
0.000242997437
0.000247126883
0.000250377444
0.000252895998
0.000254812112
0.000256239767
0.000257278823
0.000258016463
0.000258529581
0.000258888461
0.000259153068
0.000259336831
-0.000561015566
-0.000418291707
-0.000325368731
-0.000242461789
-0.000169515739
-0.000105902757
-5.05850473e-05
-2.55657083e-06
3.90469824e-05
7.49813702e-05
0.000105918207
0.000132455123
0.000155125651
0.000174417167
0.000190745814
0.000204479104
0.000215962416
0.000225497869
0.00023335278
0.0002397652
0.000244946969
0.000249086164
0.000252349413
0.000254884036
0.000256819978
0.00025827152
0.000259338717
0.000260108857
0.000260659177
0.000261061206
0.000261375349
0.00026160407
-0.000559603069
-0.000416989871
-0.000323543755
-0.000240666005
-0.00016770178
-0.000104040084
-4.8687364e-05
-6.40893678e-07
4.09692724e-05
7.69023501e-05
0.000107832249
0.000134359474
0.000157019553
0.00017629088
0.000192597117
0.000206315979
0.000217786502
0.000227310406
0.000235156147
0.000241562653
0.000246742345
0.00025088376
0.000254153916
0.000256700449
0.000258653556
0.000260127696
0.000261223001
0.000262026749
0.000262616452
0.00026306491
0.000263432942
0.00026371087
-0.000557823127
-0.0004152969
-0.000321382204
-0.000238542941
-0.000165586005
-0.000101911927
-4.65646931e-05
1.45728438e-06
4.30308641e-05
7.89199341e-05
0.000109801513
0.000136278666
0.000158888639
0.000178110067
0.000194369128
0.000208045694
0.000219478676
0.000228970151
0.00023678914
0.000243175018
0.000248340512
0.000252474385
0.00025574381
0.000258296529
0.000260262793
0.000261757057
0.000262879366
0.000263716837
0.000264347148
0.00026484436
0.000265269653
0.000265600183
-0.00055557162
-0.000413107402
-0.000318786678
-0.000236006486
-0.000163092244
-9.94539327e-05
-4.41650213e-05
3.77795527e-06
4.52602417e-05
8.1051699e-05
0.000111833497
0.000138211935
0.000160726735
0.000179858324
0.000196034461
0.000209636199
0.000221003084
0.000230437577
0.000238208925
0.0002445566
0.000249693327
0.000253807788
0.000257067024
0.000259618605
0.00026159258
0.000263103172
0.000264250126
0.000265120216
0.000265791137
0.000266338145
0.000266822702
0.000267208025
-0.000552728824
-0.000410310545
-0.000315651027
-0.000232961625
-0.000160138949
-9.65978212e-05
-4.1433434e-05
6.36281354e-06
4.76863702e-05
8.33146454e-05
0.000113934242
0.000140155631
0.000162521677
0.000181515059
0.000197565103
0.000211053852
0.000222321338
0.000231670144
0.000239369397
0.000245658279
0.000250749114
0.000254830111
0.000258067802
0.000260609228
0.000262583916
0.000264105562
0.000265273356
0.0002661735
0.000266883525
0.000267479743
0.000268023756
0.000268464425
-0.000549162535
-0.000406784142
-0.000311861344
-0.000229307367
-0.000156639639
-9.32717763e-05
-3.83128334e-05
9.25452329e-06
5.03381547e-05
8.57248715e-05
0.00011610818
0.000142103756
0.000164258256
0.000183056935
0.000198930709
0.00021226241
0.00022339224
0.000232622504
0.000240221739
0.000246428332
0.000251453694
0.000255485062
0.000258687982
0.00026120853
0.000263175309
0.000264701134
0.000265884321
0.000266810245
0.000267556078
0.000268198983
0.000268800206
0.000269293476
-0.000544730433
-0.000402397084
-0.000307296678
-0.000224937575
-0.000152504067
-8.94016563e-05
-3.47451112e-05
1.24956758e-05
5.32435749e-05
8.82969232e-05
0.000118357756
0.000144048048
0.000165918885
0.000184458346
0.000200098862
0.000213223762
0.000224172968
0.000233247952
0.000240716045
0.000246814198
0.000251752271
0.000255715914
0.00025886911
0.000261356442
0.000263305111
0.000264826628
0.000266018075
0.000266963692
0.000267740092
0.000268425091
0.000269078533
0.000269615583
-0.000539282086
-0.000397011436
-0.000301830965
-0.000219742656
-0.000147639937
-8.49126025e-05
-3.06725599e-05
1.61276073e-05
5.64287775e-05
9.10431898e-05
0.000120683162
0.000145978097
0.000167484083
0.000185692169
0.000201036103
0.000213899259
0.000224620662
0.000233500226
0.000240803297
0.000246764597
0.000251591655
0.00025546779
0.000258554735
0.000260994945
0.000262913655
0.000264420585
0.000265611157
0.000266568033
0.000267366531
0.000268084678
0.000268784961
0.000269376675
-0.000532661321
-0.000390484639
-0.000295335373
-0.000213611693
-0.000141954935
-7.97308911e-05
-2.603948e-05
2.01891038e-05
5.99171357e-05
9.39733605e-05
0.000123082218
0.000147881638
0.000168933195
0.000186730888
0.000201709405
0.000214251516
0.000224694534
0.000233335896
0.000240438006
0.000246232402
0.000250923357
0.000254690997
0.000257694004
0.000260071992
0.000261947592
0.000263428174
0.000264607045
0.000265564973
0.000266375766
0.000267116744
0.000267849758
0.000268479257
-0.000524708971
-0.000382672103
-0.000287680979
-0.000206434942
-0.000135359063
-7.37860389e-05
-2.07939753e-05
2.47149773e-05
6.37282621e-05
9.70939126e-05
0.000125550353
0.000149745049
0.000170245363
0.000187548014
0.000202088002
0.000214246608
0.000224358374
0.000232717132
0.000239581186
0.00024517776
0.000249706801
0.000253344245
0.000256244819
0.000258544483
0.000260362553
0.000261803422
0.000262957751
0.000263904027
0.000264714382
0.000265465122
0.000266215209
0.000266856564
-0.000515265997
-0.000373430114
-0.000278741774
-0.000198106661
-0.000127767282
-6.70131765e-05
-1.48899805e-05
2.97344756e-05
6.78769208e-05
0.000100407578
0.000128080653
0.000151553964
0.000171400703
0.000188119774
0.000202145553
0.000213856646
0.000223583503
0.000231614971
0.000238203896
0.000243571881
0.000247913328
0.000251398867
0.000254178267
0.000256382947
0.000258128126
0.000259514566
0.000260629734
0.000261549349
0.00026234324
0.00026308587
0.000263834377
0.000264477348
-0.000504176923
-0.000362619037
-0.000268398019
-0.00018852833
-0.000119102484
-5.93557134e-05
-8.28955974e-06
3.52694373e-05
7.23717369e-05
0.000103912669
0.000130663833
0.000153293899
0.000172381544
0.000188426919
0.000201862457
0.000213062548
0.000222351916
0.00023001279
0.000236290977
0.000241400987
0.000245530324
0.000248843093
0.000251483032
0.000253576082
0.000255232562
0.000256548885
0.000257608759
0.000258484691
0.000259243689
0.000259957527
0.000260681239
0.000261305333
-0.000491293493
-0.000350106654
-0.000256539877
-0.0001776122
-0.000109298762
-5.07682471e-05
-9.65512114e-07
4.13321005e-05
7.72135571e-05
0.000107602101
0.000133287966
0.000154950687
0.000173173545
0.000188456471
0.000201228157
0.000211856818
0.000220659478
0.000227909834
0.000233844873
0.000238670372
0.000242565475
0.000245686475
0.000248169968
0.00025013543
0.000251687408
0.000252917249
0.000253904355
0.000254717627
0.000255420764
0.000256081892
0.000256753448
0.000257333797
-0.000476478226
-0.000335771324
-0.000243071135
-0.000165285374
-9.8305368e-05
-4.12201356e-05
7.09528407e-06
4.792217e-05
8.23931249e-05
0.00011146179
0.000135937671
0.000156510454
0.000173766402
0.000188203089
0.000200243071
0.000210245955
0.000218518706
0.000225324297
0.000230888896
0.000235407778
0.000239050177
0.000241963266
0.000244275362
0.000246098529
0.000247530758
0.000248657596
0.000249553459
0.000250283534
0.000250907724
0.000251489469
0.000252078076
0.000252586522
-0.000459607302
-0.000319504786
-0.00022791469
-0.000151498095
-8.60933415e-05
-3.06997875e-05
1.58866801e-05
5.502184e-05
8.78871158e-05
0.000115467781
0.000138592265
0.00015795873
0.000174153851
0.000187669842
0.000198920043
0.000208252487
0.000215961342
0.000222296404
0.000227470881
0.000231667716
0.000235044697
0.000237738606
0.000239868541
0.000241538577
0.000242839125
0.000243847559
0.000244632462
0.000245257457
0.000245776589
0.00024624867
0.000246719837
0.000247125189
-0.000440569624
-0.000301213243
-0.000211024708
-0.000136245651
-7.26522391e-05
-1.91961184e-05
2.53843466e-05
6.25914616e-05
9.3653823e-05
0.000119582731
0.000141223064
0.000159278627
0.000174332657
0.000186867897
0.00019728456
0.000205915546
0.000213039075
0.000218889046
0.000223663385
0.000227530715
0.000230635576
0.000233102528
0.000235039992
0.000236544446
0.000237699067
0.000238557199
0.000239215682
0.000239732038
0.000240124956
0.000240457982
0.000240775531
0.000241043881
-0.000419249059
-0.000280799442
-0.000192375115
-0.000119564103
-5.79341e-05
-6.6378515e-06
3.55466912e-05
7.05677781e-05
9.96303586e-05
0.000123752501
0.000143790397
0.00016044857
0.000174301002
0.000185815452
0.000195374112
0.000203290509
0.000209823491
0.000215188138
0.000219564689
0.00022310553
0.000225940057
0.000228178694
0.000229916352
0.000231247971
0.000232298727
0.00023307328
0.000233547329
0.000233848455
0.000234077555
0.000234248452
0.00023438029
0.000234477736
-0.000395504244
-0.000258114633
-0.00017183981
-0.000101296981
-4.2123751e-05
6.54781947e-06
4.61252003e-05
7.87967017e-05
0.000105693734
0.000127877662
0.000146227379
0.000161433387
0.000174053264
0.000184534836
0.000193237259
0.000200449707
0.000206409283
0.000211309541
0.00021531083
0.000218548093
0.000221136442
0.000223175756
0.000224753311
0.000225930192
0.000226712245
0.000227241068
0.000227653862
0.00022789389
0.000227954534
0.000227909806
0.000227807443
0.000227700516
-0.000369314103
-0.000233137736
-0.000149571343
-8.15341657e-05
-2.55646962e-05
2.0093964e-05
5.70917312e-05
8.71117013e-05
0.000111700112
0.000131813534
0.000148442838
0.000162185002
0.000173578089
0.000183047644
0.000190924747
0.000197470839
0.000202895357
0.000207367833
0.000211027241
0.000213989144
0.00021635124
0.00021819712
0.000219599132
0.000220618389
0.000221309002
0.000221740296
0.000221939165
0.000221939376
0.00022179658
0.000221531351
0.000221170687
0.000220825002
-0.000340649399
-0.00020580967
-0.000125742062
-6.04228689e-05
-8.09054955e-06
3.38438499e-05
6.79723795e-05
9.53074608e-05
0.000117442725
0.000135512712
0.000150370992
0.000162656656
0.000172866296
0.000181382559
0.000188499833
0.000194446688
0.000199402813
0.000203511425
0.000206888424
0.000209629206
0.0002118138
0.000213510143
0.000214777323
0.000215667298
0.000216227294
0.000216502569
0.000216535861
0.00021635996
0.000216006241
0.000215490064
0.000214834872
0.000214218377
-0.000309513344
-0.000176410303
-0.000100546254
-3.87046003e-05
9.9508584e-06
4.81534881e-05
7.86918717e-05
0.000103073578
0.000122709609
0.000138698541
0.000151850338
0.000162764644
0.000171888243
0.000179555465
0.000186018072
0.000191467592
0.000196051724
0.000199886211
0.000203063395
0.000205658398
0.000207733649
0.00020934233
0.000210530304
0.000211338132
0.000211803144
0.00021196016
0.000211842921
0.000211483622
0.000210907771
0.000210120854
0.000209142393
0.000208226093
-0.000275799257
-0.000145528737
-7.3700071e-05
-1.64998823e-05
2.77458654e-05
6.19529695e-05
8.87837767e-05
0.000110067343
0.00012718794
0.000141165035
0.000152733991
0.000162423233
0.000170614183
0.000177584226
0.000183537196
0.000188624932
0.000192962404
0.000196638258
0.000199722157
0.000202269922
0.000204327195
0.000205932113
0.000207117284
0.000207911557
0.000208340569
0.000208428806
0.000208201241
0.000207684012
0.000206896191
0.00020583145
0.00020450366
0.000203256763
-0.000239286178
-0.000113208785
-4.55482723e-05
5.78589878e-06
4.47197604e-05
7.44644847e-05
9.75075508e-05
0.000115736806
0.000130477059
0.000142638711
0.000152848464
0.000161540043
0.000169016107
0.000175490572
0.000181117227
0.000186008848
0.000190249866
0.000193904741
0.000197023471
0.000199645267
0.000201801108
0.000203515649
0.00020480859
0.000205695594
0.000206189108
0.000206299747
0.000206038936
0.000205420694
0.000204451935
0.000203109442
0.000201406462
0.000199787364
-0.000199685514
-7.91733961e-05
-1.72903896e-05
2.71747726e-05
6.01267239e-05
8.4973077e-05
0.000104202196
0.000119569825
0.000132222908
0.000142898773
0.000152077655
0.000160077562
0.000167113033
0.000173332741
0.000178843132
0.000183722922
0.000188032056
0.000191817149
0.000195114615
0.00019795238
0.000200351064
0.000202325235
0.000203884144
0.000205030872
0.000205762095
0.000206067341
0.000205930572
0.000205342746
0.000204286114
0.000202700121
0.000200574246
0.000198500412
-0.000156253324
-4.34458636e-05
1.01049437e-05
4.62731794e-05
7.25356288e-05
9.2417104e-05
0.000108133781
0.000121103199
0.000132172831
0.000141844515
0.00015042381
0.00015810375
0.000165010841
0.000171234333
0.000176842443
0.000181889731
0.000186421394
0.000190475568
0.000194083762
0.000197269773
0.00020004933
0.000202434085
0.000204433851
0.000206044421
0.00020725396
0.000208037248
0.000208321332
0.000208040192
0.000207127708
0.00020544575
0.000202878237
0.000200261736
-0.000107439759
-6.95985643e-06
3.45268056e-05
6.10014469e-05
8.03941721e-05
9.58111125e-05
0.000108788988
0.0001201628
0.000130370039
0.000139644009
0.000148116481
0.00015586947
0.000162954168
0.000169415336
0.000175300962
0.000180657728
0.000185531125
0.000189966577
0.000194008612
0.000197694066
0.000201043812
0.000204089412
0.000206880213
0.000209400817
0.000211624795
0.000213568735
0.000215047182
0.000215787553
0.00021562033
0.000214323373
0.000211483552
0.000208438382
-4.24569242e-05
2.91302864e-05
5.17418289e-05
6.76969159e-05
8.12778707e-05
9.37778453e-05
0.000105534174
0.000116609686
0.000126994298
0.00013667872
0.000145664774
0.000153946041
0.000161524577
0.000168436743
0.000174737038
0.000180479581
0.000185721397
0.000190528971
0.000194983834
0.000199157839
0.000203037827
0.000206573908
0.000209879827
0.000213282351
0.000217065891
0.000220849715
0.000223678339
0.000225483675
0.000227042712
0.000228189844
0.000227837191
0.000225776517
6.46117137e-05
6.4862375e-05
6.23755093e-05
6.80876673e-05
7.77929176e-05
8.9133988e-05
0.00010094318
0.000112572001
0.000123662798
0.000134101952
0.000143879717
0.000152904639
0.000161079851
0.000168463764
0.000175161089
0.000181237146
0.000186754413
0.000191794266
0.000196498602
0.000201024144
0.000205401463
0.000209573154
0.000213608322
0.000217814539
0.000222896047
0.000229750458
0.000238626205
0.000250126927
0.000265205889
0.000285366173
0.000314261537
0.000349257363
)
;

boundaryField
{
    inner_wall
    {
        type            zeroGradient;
    }
    outer_wall
    {
        type            zeroGradient;
    }
    top
    {
        type            zeroGradient;
    }
    bottom
    {
        type            fixedValue;
        value           uniform 0;
    }
    front
    {
        type            wedge;
    }
    back
    {
        type            wedge;
    }
}


// ************************************************************************* //
