/*--------------------------------*- C++ -*----------------------------------*\
| =========                 |                                                 |
| \\      /  F ield         | OpenFOAM: The Open Source CFD Toolbox           |
|  \\    /   O peration     | Version:  2506                                  |
|   \\  /    A nd           | Website:  www.openfoam.com                      |
|    \\/     M anipulation  |                                                 |
\*---------------------------------------------------------------------------*/
FoamFile
{
    version     2.0;
    format      ascii;
    arch        "LSB;label=32;scalar=64";
    class       volScalarField;
    location    "268";
    object      p;
}
// * * * * * * * * * * * * * * * * * * * * * * * * * * * * * * * * * * * * * //

dimensions      [0 2 -2 0 0 0 0];

internalField   nonuniform List<scalar> 
3072
(
-0.000123967131
-9.41515034e-05
-9.04856804e-05
-8.4451189e-05
-7.46945454e-05
-6.29698207e-05
-5.10207731e-05
-3.99856204e-05
-2.77742636e-05
-1.40153885e-05
-7.5628892e-06
-7.7601989e-06
-7.6220574e-06
-6.31047974e-06
-4.47205808e-06
-2.49542235e-06
-5.3574449e-07
1.32377403e-06
3.02535522e-06
4.52417278e-06
5.80685231e-06
7.0160242e-06
8.04228445e-06
8.74648811e-06
9.27237344e-06
9.66434039e-06
9.94256334e-06
1.01314716e-05
1.02633788e-05
1.03857586e-05
1.05658928e-05
1.08151528e-05
-0.000264310276
-0.000186451974
-0.000160138535
-0.000141512602
-0.000123474715
-0.000104850582
-8.64209782e-05
-6.86356978e-05
-5.08429636e-05
-3.39335898e-05
-2.18125244e-05
-1.44699827e-05
-8.57003383e-06
-3.29992414e-06
1.33038542e-06
5.32475836e-06
8.74333222e-06
1.16448621e-05
1.40880586e-05
1.61498059e-05
1.77775353e-05
1.92002983e-05
2.04184528e-05
2.12384471e-05
2.18514017e-05
2.23315571e-05
2.27115982e-05
2.30231511e-05
2.3304284e-05
2.36021275e-05
2.39473501e-05
2.42410495e-05
-0.000326423559
-0.000221780954
-0.000176574073
-0.000146112724
-0.000121669286
-0.000100771592
-8.2323473e-05
-6.5679504e-05
-5.03712085e-05
-3.65145166e-05
-2.4756698e-05
-1.50289056e-05
-6.7054297e-06
5.33383625e-07
6.8242941e-06
1.22634496e-05
1.69345883e-05
2.09092931e-05
2.42732109e-05
2.72005651e-05
2.95866428e-05
3.14880747e-05
3.30811466e-05
3.43169013e-05
3.52851713e-05
3.60471833e-05
3.66468982e-05
3.71230058e-05
3.75126171e-05
3.78541085e-05
3.81780217e-05
3.84491888e-05
-0.000386213042
-0.000266915275
-0.000210788426
-0.000168760899
-0.000135762969
-0.000109664134
-8.78521589e-05
-6.89315468e-05
-5.21829166e-05
-3.72966983e-05
-2.41970773e-05
-1.27466844e-05
-2.72753902e-06
6.04070293e-06
1.36900892e-05
2.03248383e-05
2.60363798e-05
3.09109876e-05
3.50378656e-05
3.85008863e-05
4.14022478e-05
4.37573194e-05
4.5628544e-05
4.71510199e-05
4.83629581e-05
4.93170054e-05
5.00673723e-05
5.06622764e-05
5.11447895e-05
5.15569016e-05
5.19302289e-05
5.22253086e-05
-0.000442025783
-0.000315681272
-0.000246466389
-0.00019467896
-0.000154291296
-0.000122039607
-9.54368196e-05
-7.29136381e-05
-5.34569291e-05
-3.64586983e-05
-2.15555485e-05
-8.48062297e-06
2.98938659e-06
1.30324633e-05
2.17903062e-05
2.93830218e-05
3.5921832e-05
4.15133475e-05
4.62353924e-05
5.00707496e-05
5.32996704e-05
5.60634942e-05
5.82579545e-05
6.00107596e-05
6.14106522e-05
6.25242616e-05
6.34104391e-05
6.41220482e-05
6.47074217e-05
6.52150444e-05
6.56821261e-05
6.60573321e-05
-0.000490655743
-0.000359350488
-0.000280091722
-0.000220370824
-0.000173455555
-0.000135074979
-0.000103461857
-7.69819138e-05
-5.44130532e-05
-3.49375894e-05
-1.801395e-05
-3.25732931e-06
9.62032205e-06
2.08406841e-05
3.05810923e-05
3.89916058e-05
4.62062773e-05
5.23487146e-05
5.75292638e-05
6.18422664e-05
6.5420565e-05
6.83735881e-05
7.07720188e-05
7.27055974e-05
7.42586563e-05
7.55057868e-05
7.65132382e-05
7.73397614e-05
7.80398936e-05
7.86708806e-05
7.92764689e-05
7.97776674e-05
-0.000531925644
-0.000396359912
-0.000311284609
-0.000245353107
-0.000191929115
-0.000147979127
-0.000111621359
-8.11856835e-05
-5.53782978e-05
-3.3274191e-05
-1.42176623e-05
2.27290586e-06
1.65600124e-05
2.89245917e-05
3.95926854e-05
4.87540834e-05
5.65745516e-05
6.32033765e-05
6.87776211e-05
7.34251147e-05
7.72689587e-05
8.04237672e-05
8.29929686e-05
8.50734266e-05
8.67548212e-05
8.81187873e-05
8.92383047e-05
9.01779403e-05
9.09985255e-05
9.1766667e-05
9.25328068e-05
9.31834273e-05
-0.000566133032
-0.000427474315
-0.00033840682
-0.000267796735
-0.000209055461
-0.000160191497
-0.000119500763
-8.53394434e-05
-5.6398483e-05
-3.17026059e-05
-1.05252694e-05
7.68770309e-06
2.33650281e-05
3.68456515e-05
4.84055804e-05
5.82767384e-05
6.66600872e-05
7.37341549e-05
7.96607039e-05
8.45882634e-05
8.86543741e-05
9.19859611e-05
9.46995765e-05
9.69022861e-05
9.86920022e-05
0.00010015741
0.000101377585
0.000102422389
0.000103358478
0.000104261305
0.000105187357
0.00010598755
-0.000594147525
-0.000453436006
-0.000361224714
-0.000286858182
-0.000223988594
-0.000171079944
-0.000126662529
-8.91948536e-05
-5.74012852e-05
-3.02976546e-05
-7.12080912e-06
1.27311447e-05
2.97375236e-05
4.42860635e-05
5.66972769e-05
6.72423357e-05
7.61559815e-05
8.36454147e-05
8.98964076e-05
9.50773358e-05
9.93418213e-05
0.000102830182
0.00010567045
0.000107979253
0.000109862412
0.000111415229
0.000112722302
0.000113858181
0.000114894538
0.000115914357
0.000116979124
0.000117908846
-0.000616490651
-0.000474437487
-0.000379940304
-0.000302669239
-0.0002365751
-0.000180405735
-0.000132889346
-9.25996635e-05
-5.83166878e-05
-2.90715856e-05
-4.08809701e-06
1.7263557e-05
3.54979051e-05
5.10403094e-05
6.42477192e-05
7.54249545e-05
8.48365914e-05
9.27157612e-05
9.92702639e-05
0.000104686969
0.00010913477
0.000112766673
0.00011572125
0.000118123815
0.000120087333
0.000121712997
0.000123090227
0.000124297554
0.000125410697
0.000126518362
0.000127685804
0.000128710642
-0.000633726618
-0.000490848526
-0.000394799344
-0.000315366583
-0.000246804125
-0.000188073411
-0.000138060325
-9.54449434e-05
-5.90691409e-05
-2.79912136e-05
-1.43700173e-06
2.12364095e-05
4.05660778e-05
5.70042567e-05
7.09358891e-05
8.26927253e-05
9.25640904e-05
0.000100805062
0.000107642459
0.00011327929
0.000117897962
0.000121662677
0.000124721232
0.000127206481
0.000129237521
0.000130920524
0.00013234891
0.000133604444
0.000134765856
0.000135925576
0.000137151375
0.000138229114
-0.00064648286
-0.000503164092
-0.00040615029
-0.000325165853
-0.000254771402
-0.000194090944
-0.000142131451
-9.76638901e-05
-5.95903018e-05
-2.6999966e-05
8.70259469e-07
2.46665873e-05
4.4938847e-05
6.21571661e-05
7.672667e-05
8.8999442e-05
9.92841479e-05
0.000107853396
0.000114949472
0.000120788649
0.000125564534
0.000129450616
0.000132602319
0.000135158671
0.000137243742
0.000138967665
0.000140427006
0.000141706009
0.000142885427
0.00014405946
0.000145297237
0.000146383939
-0.000655395394
-0.000511913726
-0.000414398603
-0.000332350097
-0.000260647876
-0.000198537709
-0.000145115151
-9.92258606e-05
-5.98246535e-05
-2.60321919e-05
2.89970093e-06
2.7614636e-05
4.86681934e-05
6.65413857e-05
8.1652893e-05
9.43692864e-05
0.000105013448
0.000113871213
0.00012119669
0.00012721642
0.000132132705
0.000136126264
0.000139358418
0.000141972938
0.000144097648
0.000145845622
0.000147315724
0.000148593993
0.000149762307
0.000150914905
0.000152121291
0.000153176187
-0.000661079328
-0.000517623485
-0.000419969761
-0.000337236943
-0.000264648385
-0.000201539293
-0.000147065197
-0.000100129952
-5.97330902e-05
-2.50241102e-05
4.72940552e-06
3.01653495e-05
5.18403846e-05
7.02412886e-05
8.57950715e-05
9.88779277e-05
0.000109822504
0.00011892398
0.00012644491
0.000132619252
0.00013765559
0.000141739861
0.000145037602
0.000147695933
0.000149845268
0.000151600665
0.000153062524
0.000154318058
0.000155449538
0.000156549824
0.000157688027
0.000158676883
-0.000664111611
-0.000520794666
-0.000423285249
-0.000340155564
-0.000267011238
-0.000203250962
-0.00014806529
-0.000100401461
-5.92957324e-05
-2.39223975e-05
6.43634674e-06
3.24112592e-05
5.45573884e-05
7.33636517e-05
8.92615793e-05
0.000102633106
0.000113817058
0.000123114645
0.000130793981
0.000137093907
0.000142227148
0.000146383038
0.000149729819
0.000152416701
0.000154575662
0.000156322902
0.000157759698
0.000158973935
0.000160047696
0.000161071423
0.00016211328
0.000163010275
-0.000665021498
-0.000521896218
-0.000424752518
-0.000341432538
-0.000267983097
-0.000203844652
-0.000148220162
-0.000100087581
-5.85123003e-05
-2.26889907e-05
8.08748062e-06
3.44406286e-05
5.69224695e-05
7.60217552e-05
9.2171839e-05
0.000105757527
0.000117121033
0.000126566978
0.000134366677
0.000140761764
0.000145967315
0.000150174527
0.000153553077
0.000156253206
0.000158407598
0.000160132906
0.000161530759
0.000162689312
0.000163690054
0.000164620327
0.000165547008
0.000166335287
-0.00066428411
-0.000521353453
-0.000424746434
-0.000341376283
-0.000267805947
-0.000203497509
-0.000147646633
-9.92512751e-05
-5.73995724e-05
-2.13022674e-05
9.73530909e-06
3.63301344e-05
5.90306034e-05
7.83240194e-05
9.46437414e-05
0.000108375461
0.000119862712
0.000129411568
0.000137294721
0.000143754984
0.000149008362
0.000153246719
0.00015664015
0.000159339105
0.0001614763
0.000163168318
0.000164516735
0.000165609685
0.0001665278
0.000167354978
0.000168156632
0.000168827858
-0.000662312373
-0.000519541623
-0.00042360806
-0.000340272477
-0.000266709218
-0.000202383743
-0.000146466251
-9.79658188e-05
-5.59881354e-05
-1.97562207e-05
1.14163718e-05
3.81411378e-05
6.09628416e-05
8.03667502e-05
9.67851418e-05
0.000110603286
0.000122164599
0.000131775218
0.000139707887
0.000146205424
0.000151483712
0.000155734397
0.000159127246
0.000161812311
0.000163921855
0.000165572017
0.00016686404
0.000167885829
0.000168717026
0.000169438009
0.000170112684
0.000170665911
-0.000659463085
-0.000516783394
-0.000421640326
-0.00033837845
-0.000264903702
-0.000200668471
-0.000144799577
-9.63099735e-05
-5.43187869e-05
-1.80583259e-05
1.31518096e-05
3.99186775e-05
6.27838229e-05
8.22303318e-05
9.86889341e-05
0.000112543638
0.00012413683
0.000133773762
0.000141726357
0.000148236623
0.000153519622
0.000157766168
0.000161145202
0.000163805967
0.00016587996
0.000167482629
0.000168714705
0.000169663738
0.000170408334
0.000171025483
0.000171577641
0.000172017828
-0.000656031596
-0.000513345856
-0.00041910745
-0.000335922102
-0.000262578349
-0.000198503147
-0.000142761269
-9.43631565e-05
-5.24383789e-05
-1.62261547e-05
1.49497312e-05
4.16928531e-05
6.45419036e-05
8.39782937e-05
0.000100431244
0.000114282846
0.000125873867
0.000135508124
0.000143456214
0.00014995884
0.000155229817
0.000159458757
0.000162813475
0.000165442168
0.000167475385
0.000169027753
0.00017019939
0.000171077419
0.00017173944
0.00017225932
0.000172698195
0.000173034609
-0.000652250007
-0.000509469327
-0.000416223505
-0.000333098039
-0.000259900476
-0.000196023732
-0.000140456277
-9.22010043e-05
-5.03953414e-05
-1.42830317e-05
1.6809716e-05
4.34832182e-05
6.62710175e-05
8.56568762e-05
0.000102071029
0.000115890539
0.000127453705
0.00013706299
0.00014498759
0.000151466713
0.000156712715
0.000160913842
0.000164236644
0.00016682817
0.000168817947
0.000170319732
0.000171432992
0.000172244395
0.000172830598
0.000173262708
0.00017360071
0.000173845406
-0.00064831055
-0.000505544433
-0.000413024314
-0.000330016729
-0.000257005609
-0.000193345922
-0.000137974863
-8.98905045e-05
-4.82345931e-05
-1.22523614e-05
1.87298174e-05
4.53078255e-05
6.79946612e-05
8.72925685e-05
0.000103648859
0.000117418744
0.000128937
0.000138505892
0.000146393643
0.000152838049
0.000158050024
0.000162216453
0.000165502624
0.000168054443
0.000170000423
0.00017145347
0.000172512407
0.000173263445
0.000173782398
0.000174137999
0.000174389263
0.000174555764
-0.000644359258
-0.000501786124
-0.000409595182
-0.000326788481
-0.000254004034
-0.000190565233
-0.000135395343
-8.74937901e-05
-4.60039641e-05
-1.01715589e-05
2.06749555e-05
4.71287254e-05
6.97223583e-05
8.8947341e-05
0.000105225927
0.000118923439
0.000130379816
0.000139895348
0.000147735833
0.000154137224
0.000159308875
0.000163436247
0.00016668334
0.000169194923
0.000171098531
0.000172506233
0.000173516229
0.000174214299
0.000174675514
0.000174966614
0.000175145751
0.000175248041
-0.000640496426
-0.000498120438
-0.000406182584
-0.0003235354
-0.000250977212
-0.000187754062
-0.000132779744
-8.505907e-05
-4.37373221e-05
-8.06479092e-06
2.26380721e-05
4.89659735e-05
7.14748876e-05
9.06223204e-05
0.000106806134
0.000120422497
0.000131810723
0.000141267322
0.000149055743
0.000155410332
0.00016053902
0.000164625961
0.000167834002
0.000170306865
0.000172171056
0.000173538022
0.000174505417
0.000175158512
0.000175571792
0.000175810413
0.000175931572
0.000175982685
-0.00063679898
-0.000494584747
-0.000402826807
-0.000320371128
-0.000247994471
-0.000184959385
-0.00013016659
-8.26132557e-05
-4.14416059e-05
-5.94930381e-06
2.46299857e-05
5.08466089e-05
7.32416379e-05
9.22814916e-05
0.000108380487
0.000121924122
0.000133247418
0.000142646043
0.000150382745
0.000156690866
0.000161777249
0.000165825056
0.000168996375
0.000171434005
0.000173261266
0.000174591865
0.000175523923
0.000176140385
0.000176515358
0.000176713077
0.000176789794
0.000176800785
-0.000633315464
-0.000491226399
-0.000399595313
-0.000317332262
-0.000245110774
-0.000182230527
-0.000127597089
-8.02023258e-05
-3.91862555e-05
-3.79709132e-06
2.66454476e-05
5.27495791e-05
7.5033907e-05
9.39657605e-05
0.000109982367
0.000123454893
0.000134714413
0.000144056182
0.000151742386
0.00015800545
0.000163051253
0.000167062011
0.000170198796
0.000172603732
0.000174401925
0.000175703641
0.000176605601
0.000177192372
0.00017753757
0.000177704398
0.000177748815
0.000177732095
-0.000630067981
-0.000488069711
-0.000396542628
-0.000314419401
-0.000242330459
-0.000179586118
-0.000125091226
-7.78330143e-05
-3.69478799e-05
-1.67707467e-06
2.86566786e-05
5.46616661e-05
7.68374946e-05
9.56692876e-05
0.000111611876
0.000125019668
0.000136220395
0.000145509467
0.000153148836
0.000159370248
0.00016437884
0.000168356116
0.000171462471
0.000173839447
0.000175611762
0.0001768891
0.00017776779
0.000178332222
0.000178655662
0.000178800672
0.000178822936
0.000178787578
-0.000627059709
-0.000485122016
-0.000393674885
-0.000311654819
-0.000239674188
-0.000177043807
-0.000122665398
-7.55224642e-05
-3.47486812e-05
4.17607221e-07
3.06591965e-05
5.65750941e-05
7.86534621e-05
9.73993366e-05
0.000113276506
0.00012662593
0.000137773377
0.000147014623
0.000154611513
0.000160795294
0.000165770542
0.000169718218
0.00017279821
0.000175151594
0.000176902659
0.000178160736
0.000179021854
0.00017957015
0.000179878639
0.000180009488
0.00018001817
0.000179971835
-0.000624280671
-0.000482378739
-0.000390988283
-0.00030904342
-0.000237147783
-0.000174609137
-0.000120325833
-7.3278446e-05
-3.25986749e-05
2.47654264e-06
3.2633383e-05
5.84776252e-05
8.04890955e-05
9.91674186e-05
0.000114983521
0.00012827837
0.000139377319
0.000148575587
0.000156134531
0.000162284938
0.000167230929
0.000171153023
0.000174210691
0.000176544631
0.000178278794
0.000179522214
0.000180370673
0.000180908099
0.00018120732
0.000181330288
0.000181332333
0.000181281177
-0.000621711689
-0.00047982597
-0.000388472157
-0.000306579108
-0.000234747301
-0.000172279721
-0.000118071517
-7.1101075e-05
-3.04987398e-05
4.49865445e-06
3.45779927e-05
6.03553716e-05
8.23331978e-05
0.000100977115
0.000116735343
0.000129977259
0.000141031702
0.000150191724
0.000157717323
0.00016383871
0.000168759594
0.000172660105
0.000175699361
0.000178017744
0.000179738932
0.000180971724
0.000181811692
0.000182342593
0.000182637118
0.000182757146
0.000182757916
0.000182706644
-0.00061932809
-0.000477443755
-0.000386110351
-0.000304249388
-0.00023246267
-0.000170047117
-0.000115894717
-6.8981946e-05
-2.84370522e-05
6.50484689e-06
3.65270947e-05
6.222903e-05
8.41643146e-05
0.000102791095
0.000118507184
0.000131707326
0.000142725884
0.000151854858
0.000159353271
0.00016545098
0.000170351474
0.00017423466
0.000177259427
0.000179565951
0.000181277723
0.00018250337
0.000183338315
0.000183866174
0.000184159553
0.000184280357
0.00018428378
0.000184235783
-0.000617102918
-0.000475209225
-0.000383883846
-0.000302038779
-0.000230281554
-0.000167901828
-0.000113788491
-6.69164372e-05
-2.64115398e-05
8.49346625e-06
3.84764498e-05
6.41159281e-05
8.59986081e-05
0.000104600445
0.000120289111
0.000133461077
0.000144453425
0.000153558807
0.000161036256
0.000167115607
0.000172000319
0.000175870227
0.000178884129
0.000181182097
0.000182887513
0.000184108904
0.000184941583
0.000185469069
0.000185763919
0.000185888138
0.000185896906
0.000185854449
-0.000615008925
-0.000473098557
-0.000381772456
-0.000299930376
-0.00022819058
-0.000165834112
-0.000111747007
-6.49033989e-05
-2.4428079e-05
1.0447032e-05
4.03986827e-05
6.60079204e-05
8.78587771e-05
0.000106428522
0.000122091403
0.000135241465
0.000146213739
0.000155300809
0.000162761973
0.000168827169
0.000173699856
0.000177559839
0.000180565875
0.000182857986
0.000184559498
0.000185778872
0.000186611353
0.000187140384
0.000187438503
0.00018756786
0.000187583642
0.000187548075
-0.000613019646
-0.000471088087
-0.000379755728
-0.000297906319
-0.000226174869
-0.000163831933
-0.00010976078
-6.29355567e-05
-2.24808985e-05
1.2371267e-05
4.22998001e-05
6.7900346e-05
8.97386469e-05
0.000108273466
0.000123907432
0.000137041818
0.000148000544
0.000157074515
0.000164523736
0.000170578555
0.000175442523
0.000179295469
0.000182296161
0.000184584621
0.000186284159
0.000187503208
0.000188336971
0.000188868839
0.000189171353
0.000189306834
0.000189330487
0.000189302439
-0.000611110369
-0.00046915539
-0.000377814101
-0.000295949038
-0.00022421954
-0.000161882955
-0.000107819743
-6.10048404e-05
-2.0563179e-05
1.4273215e-05
4.41860664e-05
6.97849182e-05
9.16201895e-05
0.000110129535
0.000125739714
0.000138862564
0.000149811408
0.000158875747
0.000166316217
0.00017236352
0.000177221302
0.00018106943
0.000184066706
0.000186353168
0.000188052133
0.000189272026
0.000190108023
0.000190643483
0.000190950961
0.000191092961
0.000191124706
0.000191104245
-0.000609258855
-0.000467280028
-0.000375929678
-0.000294041985
-0.000222310439
-0.000159975202
-0.000105913729
-5.91025165e-05
-1.86667768e-05
1.61619488e-05
4.60664903e-05
7.16585607e-05
9.34858986e-05
0.000111986444
0.000127588459
0.000140702267
0.000151642662
0.000160699567
0.000168133639
0.000174175595
0.000179029116
0.000182874107
0.000185869403
0.000188155064
0.000189854419
0.000191075895
0.000191914655
0.000192454032
0.000192766609
0.000192915064
0.000192954635
0.000192941403
-0.000607445867
-0.000465444098
-0.000374086857
-0.000292170257
-0.000220435019
-0.000158098251
-0.000104034233
-5.72220083e-05
-1.67873101e-05
1.80389206e-05
4.79400576e-05
7.35277766e-05
9.53483863e-05
0.000113844884
0.000129444571
0.00014255278
0.000153487493
0.000162539494
0.000169969424
0.000176007975
0.000180858881
0.000184702113
0.000187696549
0.000189982286
0.000191682674
0.000192906152
0.000193747879
0.000194291175
0.000194608654
0.00019476316
0.000194809926
0.000194803237
-0.000605655401
-0.0004636325
-0.000372272616
-0.000290320743
-0.000218582495
-0.00015624309
-0.000102173798
-5.53574463e-05
-1.49205659e-05
1.99064945e-05
4.9807549e-05
7.5393835e-05
9.72097255e-05
0.000115704245
0.000131304387
0.000144409834
0.000155341401
0.000164390644
0.000171818248
0.000177854934
0.000182704511
0.000186547022
0.000189541405
0.000191827798
0.000193529582
0.000194755212
0.000195599853
0.00019614682
0.000196468761
0.000196628665
0.000196681737
0.000196680669
-0.000603874721
-0.000461833085
-0.00037047669
-0.000288482118
-0.000216744194
-0.000154402314
-0.000100326228
-5.35039727e-05
-1.30630216e-05
2.17668463e-05
5.16697753e-05
7.7256533e-05
9.90700548e-05
0.000117564575
0.00013316657
0.000146271004
0.000157201175
0.000166249198
0.000173675799
0.00017971174
0.000184560911
0.000188403427
0.000191398284
0.000193685664
0.000195388978
0.000196616703
0.000197464011
0.000198014219
0.00019834001
0.000198504492
0.000198562816
0.000198566287
-0.000602094196
-0.00046003682
-0.000368691127
-0.000286644847
-0.000214913734
-0.000152569952
-9.84864721e-05
-5.16576323e-05
-1.1211737e-05
2.36219858e-05
5.35279031e-05
7.91163518e-05
0.000100929283
0.000119425104
0.000135029668
0.000148134252
0.00015906423
0.000168112105
0.000175538628
0.000181574604
0.000186423994
0.000190266981
0.000193262612
0.000195551108
0.00019725591
0.000198485517
0.000199335108
0.000199888007
0.000200216928
0.000200385073
0.0002004475
0.000200454349
-0.000600306914
-0.000458237817
-0.000366905863
-0.000284805239
-0.000213087016
-0.000150741056
-9.66505223e-05
-4.98153607e-05
-9.36441229e-06
2.54735305e-05
5.53829394e-05
8.09737848e-05
0.000102787347
0.000121285152
0.000136892541
0.000149998075
0.000160928675
0.000169977116
0.000177404175
0.000183440694
0.000188290694
0.000192134413
0.000195130941
0.000197420531
0.000199126654
0.00020035782
0.000201209224
0.000201764192
0.000202095468
0.0002022663
0.000202331616
0.000202340769
-0.000598507924
-0.000456431582
-0.000365098088
-0.000282978992
-0.000211262026
-0.000148912141
-9.48157211e-05
-4.79750459e-05
-7.51938485e-06
2.73226843e-05
5.72356637e-05
8.28292471e-05
0.000104644227
0.000123144261
0.000138754452
0.000151861497
0.000162793269
0.000171842738
0.000179270719
0.00018530809
0.000190158917
0.00019400348
0.000197000903
0.000199291465
0.000200998653
0.000202230996
0.000203083693
0.000203640087
0.000203972931
0.000204145409
0.000204212181
0.000204223452
-0.000596696298
-0.000454616803
-0.000363280208
-0.000281153641
-0.000209434594
-0.000147080932
-9.29800457e-05
-4.61349949e-05
-5.67533061e-06
2.91704076e-05
5.90867144e-05
8.46831035e-05
0.000106499972
0.000125002262
0.000140615134
0.000153724104
0.000164657418
0.000173708211
0.00018113735
0.000187175747
0.000192027501
0.000195872922
0.000198871156
0.000201162501
0.000202870458
0.000204103561
0.00020495702
0.000205514182
0.000205847808
0.00020602104
0.00020608836
0.000206100579
-0.000594872439
-0.000452793086
-0.000361454838
-0.000279328102
-0.000207604314
-0.000145247083
-9.11429368e-05
-4.42946314e-05
-3.83174183e-06
3.10170858e-05
6.0936297e-05
8.65352611e-05
0.000108354273
0.000126859222
0.000142474995
0.000155586131
0.000166521165
0.000175573448
0.000183003885
0.000189043402
0.000193896118
0.000197742359
0.000200741285
0.000203033201
0.000204741615
0.000205975069
0.000206828772
0.000207386072
0.00020771973
0.000207892905
0.000207960168
0.000207972056
-0.000593038159
-0.000450962244
-0.000359621546
-0.000277503483
-0.000205772115
-0.000143411397
-8.93051131e-05
-4.24545102e-05
-1.98904217e-06
3.2862375e-05
6.27840012e-05
8.83847863e-05
0.000110205362
0.000128715053
0.00014433589
0.000157448976
0.000168385391
0.000177439093
0.000184870862
0.000190911535
0.000195765214
0.000199612223
0.00020261172
0.000204904008
0.000206612593
0.000207846016
0.000208699489
0.000209256354
0.000209589362
0.000209761732
0.000209828278
0.00020983876
-0.00059119633
-0.000449127062
-0.00035777302
-0.000275689049
-0.000203941388
-0.000141575948
-8.74682904e-05
-4.06158596e-05
-1.47930299e-07
3.47062001e-05
6.46306012e-05
9.02332413e-05
0.000112053069
0.000130568197
0.000146197344
0.000159312821
0.000170250541
0.000179305752
0.000186739028
0.000192781011
0.000197635751
0.000201483558
0.000204483578
0.000206776105
0.00020848464
0.00020971772
0.000210570559
0.000211126495
0.000211458269
0.000211629117
0.000211694029
0.00021170269
-0.000589352255
-0.000447292136
-0.000355922736
-0.0002738777
-0.000202114942
-0.00013974368
-8.56346152e-05
-3.87801963e-05
1.69071772e-06
3.65484668e-05
6.6477095e-05
9.20832222e-05
0.000113900819
0.000132418543
0.000148056462
0.000161176171
0.0001721164
0.000181173904
0.000188609278
0.000194653024
0.00019950915
0.00020335796
0.000206358595
0.000208651346
0.000210359711
0.000211592232
0.000212444125
0.000212998737
0.000213328791
0.000213497476
0.000213559878
0.000213566488
-0.000587512498
-0.000445462879
-0.000354082496
-0.000272068671
-0.00020029581
-0.000137918454
-8.38071839e-05
-3.69499892e-05
3.52484743e-06
3.83872853e-05
6.832125e-05
9.3932118e-05
0.000115749666
0.000134269902
0.000149915602
0.000163040757
0.000173984727
0.000183045431
0.000190483612
0.000196529691
0.000201387645
0.000205237776
0.000208239226
0.000210532288
0.000212240466
0.000213472308
0.000214323043
0.00021487603
0.000215203981
0.000215370018
0.000215429306
0.000215433268
-0.000585684496
-0.000443645882
-0.000352258516
-0.000270268479
-0.000198488341
-0.000136104533
-8.19896047e-05
-3.51281346e-05
5.35212676e-06
4.02206943e-05
7.01611443e-05
9.57778178e-05
0.000117598521
0.000136124196
0.00015177824
0.00016490945
0.000175858037
0.000184922816
0.000192364582
0.000198413666
0.000203274005
0.000207125895
0.00021012848
0.000212422058
0.000214130144
0.000215361301
0.000216210777
0.000216761953
0.000217087532
0.000217250569
0.000217306288
0.000217307112
-0.000583876624
-0.00044184893
-0.000350457075
-0.000268484579
-0.000196697817
-0.000134306486
-8.01856962e-05
-3.33175895e-05
7.17046336e-06
4.20475093e-05
7.19966953e-05
9.76213663e-05
0.000119447722
0.000137981094
0.000153644982
0.000166783574
0.000177738135
0.000186808241
0.000194254691
0.00020030772
0.000205171229
0.000209025514
0.000212029729
0.000214324189
0.000216032427
0.000217263032
0.000218111284
0.000218660594
0.00021898367
0.000219143497
0.000219195345
0.000219192687
-0.000582098065
-0.000440080612
-0.000348685301
-0.000266724601
-0.000194930215
-0.000132529319
-7.8399613e-05
-3.15216138e-05
8.97748031e-06
4.38662126e-05
7.38272489e-05
9.94629476e-05
0.000121298
0.000139841503
0.000155516924
0.000168664645
0.000179627004
0.000188704093
0.000196156665
0.000202214871
0.000207082592
0.000210940134
0.000213946675
0.000216242561
0.000217951362
0.000219181708
0.000220028923
0.000220576466
0.00022089706
0.000221053625
0.000221101472
0.000221095151
-0.000580358635
-0.00043835005
-0.000346950964
-0.000264996328
-0.000193191933
-0.000130778358
-7.66357512e-05
-2.9743667e-05
1.07706418e-05
4.56751498e-05
7.5652007e-05
0.000101302665
0.000123150372
0.000141706612
0.000157395079
0.000170554031
0.000181526596
0.000190612815
0.000198073339
0.000204138284
0.000209011542
0.00021287345
0.000215883232
0.000218181289
0.00021989125
0.000221121806
0.000221968346
0.000222514393
0.0002228327
0.000222986135
0.000223030051
0.000223020068
-0.000578668568
-0.000436666674
-0.000345262213
-0.000263307574
-0.000191489544
-0.000129059079
-7.48986098e-05
-2.79872716e-05
1.25474084e-05
4.74727901e-05
7.74705943e-05
0.000103141744
0.000125007779
0.000143577678
0.000159278574
0.000172451834
0.000183438285
0.000192536607
0.00020000746
0.000206081122
0.000210961578
0.00021482924
0.000217843419
0.000220144605
0.000221856521
0.000223087948
0.000223934366
0.00022447938
0.000224795796
0.00022494645
0.000224986738
0.000224973308
-0.000577038224
-0.000435039935
-0.000343627277
-0.00026166599
-0.000189829556
-0.000127376952
-7.31927379e-05
-2.62561016e-05
1.43049449e-05
4.92570805e-05
7.92816918e-05
0.000104979757
0.000126871296
0.000145456499
0.000161168977
0.000174360005
0.000185364539
0.000194478372
0.000201962251
0.00020804686
0.000212936391
0.000216811393
0.000219831308
0.000222136762
0.00022385161
0.000225084757
0.0002259318
0.000226476453
0.000226791598
0.000226940063
0.000226977306
0.000226960897
-0.000575477703
-0.000433478943
-0.000342054099
-0.000260078769
-0.000188218128
-0.000125737208
-7.15225961e-05
-2.45539959e-05
1.60398218e-05
5.10245922e-05
8.10809687e-05
0.000106810604
0.000128736775
0.000147348551
0.000163075494
0.000176283944
0.000187309516
0.000196442036
0.000203941562
0.000210039308
0.000214939807
0.000218823793
0.000221850878
0.000224161862
0.000225880764
0.000227116648
0.000227965255
0.000228510434
0.000228825167
0.000228972315
0.000229007407
0.000228988773
-0.000573996369
-0.000431991998
-0.000340549878
-0.0002585522
-0.000186660557
-0.000124144239
-6.98917598e-05
-2.28838074e-05
1.77498034e-05
5.2773588e-05
8.28669893e-05
0.000108632653
0.000130601947
0.000149253389
0.000165000446
0.000178226659
0.000189276439
0.000198430701
0.00020594846
0.00021206157
0.000216974993
0.000220869696
0.000223905496
0.000226223403
0.00022794764
0.00022918746
0.00023003878
0.000230585607
0.000230901049
0.000231048049
0.00023108223
0.000231062436
-0.00057260236
-0.000430586119
-0.000339120634
-0.000257091215
-0.000185160861
-0.000122601205
-6.8302548e-05
-2.12470219e-05
1.94342619e-05
5.45045851e-05
8.46421405e-05
0.000110449493
0.000132462657
0.000151159539
0.000166940903
0.000180193576
0.000191270077
0.000200447756
0.000207985743
0.000214116247
0.000219044481
0.000222951629
0.000225997742
0.000228324067
0.000230055061
0.000231300192
0.000232155581
0.000232705416
0.000233022965
0.000233171299
0.000233206165
0.000233186601
-0.000571302109
-0.00042926655
-0.000337770825
-0.000255698958
-0.00018372145
-0.000121109867
-6.67560431e-05
-1.96440617e-05
2.10934228e-05
5.62185473e-05
8.64084417e-05
0.000112264499
0.000134322158
0.000153065876
0.000168893848
0.000182183837
0.000193290084
0.00020249322
0.000210053741
0.000216203921
0.000221149055
0.000225070557
0.000228128754
0.000230465173
0.000232204538
0.000233456571
0.000234317624
0.000234872093
0.000235193436
0.00023534492
0.000235382435
0.000235364819
-0.000570099814
-0.000428036152
-0.000336502981
-0.000254376254
-0.000182342758
-0.000119670365
-6.52519841e-05
-1.80742972e-05
2.27281991e-05
5.79164816e-05
8.81667973e-05
0.00011407948
0.000136188375
0.000154980086
0.000170856909
0.00018419087
0.000195331764
0.00020456425
0.000212150575
0.000218323244
0.000223287731
0.000227225776
0.000230298064
0.000232646467
0.000234396036
0.000235656793
0.000236525357
0.000237086364
0.0002374135
0.000237570297
0.000237612817
0.000237599209
-0.000568996768
-0.000426894629
-0.00033531791
-0.000253120652
-0.000181022735
-0.000118281087
-6.37886338e-05
-1.65358292e-05
2.43404569e-05
5.95998424e-05
8.99178333e-05
0.000115893931
0.00013806042
0.000156903522
0.000172832488
0.000186215004
0.000197394115
0.000206659443
0.000214274647
0.000220472463
0.00022545866
0.000229415398
0.000232503798
0.00023486614
0.000236627855
0.000237899327
0.000238777459
0.000239347156
0.000239682386
0.000239847024
0.00023989732
0.000239890137
-0.000567990605
-0.000425838125
-0.000334216831
-0.000251921908
-0.000179753934
-0.000116937263
-6.236136e-05
-1.50243466e-05
2.59319578e-05
6.12707308e-05
9.16632632e-05
0.000117708515
0.000139937762
0.000158836011
0.000174821236
0.000188255967
0.000199475382
0.000208776243
0.000216422911
0.00022264817
0.000227658162
0.00023163556
0.000234742005
0.000237120295
0.00023889628
0.000240180509
0.000241070516
0.000241651418
0.000241997389
0.000242172764
0.000242233994
0.000242235986
-0.000567074429
-0.000424860075
-0.000333197584
-0.000250757054
-0.000178519603
-0.000115625476
-6.09572749e-05
-1.35305946e-05
2.74936308e-05
6.29253258e-05
9.34012268e-05
0.000119522526
0.000141820549
0.000160775687
0.000176819087
0.000190309777
0.00020157154
0.000210910289
0.000218590584
0.000224845221
0.000229880829
0.000233880693
0.000237007101
0.000239403677
0.000241196698
0.000242492838
0.000243396537
0.000243991996
0.000244351955
0.000244541422
0.000244617057
0.00024463115
-0.000566234152
-0.000423947463
-0.000332189256
-0.000249682495
-0.000177347291
-0.000114348008
-5.95816655e-05
-1.20568064e-05
2.90812285e-05
6.45933877e-05
9.51496212e-05
0.000121348535
0.000143719056
0.000162726391
0.00017882144
0.000192370425
0.000203677637
0.000213055755
0.000220770672
0.000227055656
0.00023211789
0.000236141308
0.000239288759
0.000241704146
0.000243514321
0.000244830733
0.000245751691
0.000246362951
0.000246739339
0.000246946239
0.000247040866
0.000247072553
-0.000565449058
-0.000423078496
-0.000331186874
-0.000248646624
-0.00017618808
-0.000113071629
-5.82026249e-05
-1.05794967e-05
3.06554566e-05
6.62568796e-05
9.68969677e-05
0.000123175193
0.000145621906
0.000164684192
0.000180829279
0.000194435424
0.000205788151
0.000215205156
0.000222954297
0.000229269546
0.000234358664
0.000238406243
0.000241575769
0.000244011707
0.000245841474
0.000247177229
0.000248117387
0.000248748094
0.000249144617
0.000249373033
0.000249491345
0.000249544829
-0.000564692876
-0.000422224903
-0.000330205377
-0.000247589417
-0.000175014275
-0.000111784364
-5.68111228e-05
-9.08902171e-06
3.22399558e-05
6.79287316e-05
9.86471152e-05
0.000124995786
0.000147522709
0.000166664498
0.000182858333
0.000196501709
0.000207895284
0.000217348722
0.000225129876
0.000231473649
0.000236588549
0.0002406598
0.000243851515
0.000246308761
0.000248159507
0.000249516382
0.000250478219
0.000251131462
0.000251551766
0.000251806107
0.000251953039
0.000252031711
-0.000563927348
-0.000421348036
-0.00032920118
-0.000246487677
-0.000173798706
-0.000110458821
-5.53829998e-05
-7.56419129e-06
3.38559027e-05
6.96299464e-05
0.000100427353
0.00012684582
0.000149431612
0.000168630679
0.000184866157
0.000198541134
0.000209975003
0.000219464706
0.00022727671
0.000233647504
0.00023878688
0.000242880938
0.000246094526
0.000248573379
0.00025044606
0.000251825699
0.000252811525
0.000253490279
0.000253938042
0.000254222815
0.000254403632
0.000254512183
-0.000563101902
-0.000420402828
-0.000328124114
-0.000245305746
-0.000172506624
-0.000109062664
-5.38912209e-05
-5.98415034e-06
3.55175921e-05
7.13676514e-05
0.000102236891
0.000128717715
0.00015133094
0.00017056319
0.000186849575
0.000200558759
0.000212024418
0.000221542332
0.000229379042
0.000235772036
0.00024093212
0.000245046236
0.000248279951
0.000250779639
0.000252674418
0.000254077887
0.000255089631
0.000255796647
0.000256275439
0.000256595111
0.00025681517
0.000256958778
-0.000562152542
-0.000419361243
-0.000326903412
-0.00024399311
-0.000171097177
-0.000107559493
-5.23053711e-05
-4.32622553e-06
3.7238461e-05
7.31427883e-05
0.000104057772
0.00013057738
0.0001532222
0.000172497661
0.000188825217
0.000202553658
0.000214033236
0.000223565198
0.000231415968
0.000237822953
0.000242997408
0.000247126855
0.000250377416
0.000252895969
0.000254812084
0.000256239738
0.000257278794
0.000258016434
0.000258529552
0.000258888432
0.000259153039
0.000259336802
-0.000561015594
-0.000418291736
-0.00032536876
-0.000242461818
-0.000169515767
-0.000105902786
-5.05850761e-05
-2.55659961e-06
3.90469536e-05
7.49813415e-05
0.000105918178
0.000132455094
0.000155125622
0.000174417139
0.000190745785
0.000204479075
0.000215962387
0.00022549784
0.000233352751
0.000239765171
0.00024494694
0.000249086135
0.000252349384
0.000254884007
0.00025681995
0.000258271491
0.000259338689
0.000260108828
0.000260659148
0.000261061177
0.00026137532
0.000261604041
-0.000559603098
-0.0004169899
-0.000323543784
-0.000240666034
-0.000167701809
-0.000104040112
-4.86873928e-05
-6.40922437e-07
4.09692436e-05
7.69023213e-05
0.000107832221
0.000134359445
0.000157019524
0.000176290851
0.000192597088
0.000206315951
0.000217786474
0.000227310377
0.000235156118
0.000241562624
0.000246742316
0.000250883732
0.000254153887
0.00025670042
0.000258653527
0.000260127667
0.000261222973
0.000262026721
0.000262616423
0.000263064881
0.000263432913
0.000263710841
-0.000557823155
-0.000415296929
-0.000321382232
-0.00023854297
-0.000165586033
-0.000101911956
-4.65647217e-05
1.45725579e-06
4.30308355e-05
7.89199055e-05
0.000109801484
0.000136278638
0.000158888611
0.000178110039
0.0001943691
0.000208045666
0.000219478648
0.000228970122
0.000236789112
0.000243174989
0.000248340484
0.000252474356
0.000255743781
0.000258296501
0.000260262764
0.000261757029
0.000262879337
0.000263716809
0.000264347119
0.000264844331
0.000265269625
0.000265600155
-0.000555571649
-0.000413107431
-0.000318786706
-0.000236006514
-0.000163092272
-9.94539612e-05
-4.41650498e-05
3.77792674e-06
4.52602131e-05
8.10516705e-05
0.000111833468
0.000138211907
0.000160726707
0.000179858296
0.000196034433
0.00020963617
0.000221003056
0.000230437548
0.000238208897
0.000244556571
0.000249693298
0.000253807759
0.000257066996
0.000259618577
0.000261592551
0.000263103143
0.000264250097
0.000265120187
0.000265791109
0.000266338116
0.000266822673
0.000267207996
-0.000552728853
-0.000410310574
-0.000315651055
-0.000232961654
-0.000160138978
-9.65978497e-05
-4.14334626e-05
6.36278499e-06
4.76863416e-05
8.33146168e-05
0.000113934214
0.000140155603
0.000162521649
0.00018151503
0.000197565074
0.000211053824
0.00022232131
0.000231670115
0.000239369369
0.00024565825
0.000250749085
0.000254830083
0.000258067773
0.0002606092
0.000262583887
0.000264105534
0.000265273327
0.000266173472
0.000266883497
0.000267479715
0.000268023728
0.000268464396
-0.000549162564
-0.00040678417
-0.000311861373
-0.000229307395
-0.000156639667
-9.32718049e-05
-3.83128619e-05
9.25449475e-06
5.03381262e-05
8.5724843e-05
0.000116108152
0.000142103727
0.000164258227
0.000183056907
0.00019893068
0.000212262381
0.000223392212
0.000232622476
0.000240221711
0.000246428303
0.000251453665
0.000255485033
0.000258687953
0.000261208502
0.000263175281
0.000264701105
0.000265884293
0.000266810217
0.000267556049
0.000268198955
0.000268800178
0.000269293448
-0.000544730461
-0.000402397113
-0.000307296707
-0.000224937603
-0.000152504096
-8.94016847e-05
-3.47451396e-05
1.24956473e-05
5.32435464e-05
8.82968947e-05
0.000118357727
0.00014404802
0.000165918857
0.000184458317
0.000200098834
0.000213223734
0.00022417294
0.000233247924
0.000240716016
0.00024681417
0.000251752243
0.000255715886
0.000258869082
0.000261356414
0.000263305082
0.0002648266
0.000266018046
0.000266963663
0.000267740064
0.000268425062
0.000269078505
0.000269615554
-0.000539282115
-0.000397011464
-0.000301830993
-0.000219742684
-0.000147639965
-8.49126309e-05
-3.06725883e-05
1.61275789e-05
5.64287491e-05
9.10431614e-05
0.000120683134
0.000145978068
0.000167484055
0.00018569214
0.000201036075
0.000213899231
0.000224620634
0.000233500198
0.000240803269
0.000246764569
0.000251591627
0.000255467762
0.000258554706
0.000260994916
0.000262913627
0.000264420556
0.000265611129
0.000266568005
0.000267366502
0.000268084649
0.000268784933
0.000269376647
-0.000532661349
-0.000390484668
-0.000295335401
-0.000213611722
-0.000141954963
-7.97309195e-05
-2.60395084e-05
2.01890754e-05
5.99171073e-05
9.39733322e-05
0.00012308219
0.00014788161
0.000168933166
0.00018673086
0.000201709376
0.000214251488
0.000224694505
0.000233335868
0.000240437978
0.000246232373
0.000250923329
0.000254690968
0.000257693976
0.000260071964
0.000261947564
0.000263428146
0.000264607017
0.000265564945
0.000266375737
0.000267116715
0.00026784973
0.000268479228
-0.000524708999
-0.000382672131
-0.000287681007
-0.00020643497
-0.000135359091
-7.37860673e-05
-2.07940036e-05
2.47149489e-05
6.37282337e-05
9.70938842e-05
0.000125550325
0.00014974502
0.000170245334
0.000187547986
0.000202087974
0.00021424658
0.000224358346
0.000232717104
0.000239581158
0.000245177732
0.000249706773
0.000253344217
0.00025624479
0.000258544455
0.000260362525
0.000261803394
0.000262957723
0.000263903998
0.000264714353
0.000265465094
0.000266215181
0.000266856536
-0.000515266025
-0.000373430143
-0.000278741802
-0.000198106689
-0.00012776731
-6.70132048e-05
-1.48900088e-05
2.97344473e-05
6.78768925e-05
0.000100407549
0.000128080625
0.000151553936
0.000171400675
0.000188119745
0.000202145525
0.000213856618
0.000223583474
0.000231614943
0.000238203868
0.000243571853
0.0002479133
0.000251398839
0.000254178239
0.000256382919
0.000258128098
0.000259514538
0.000260629706
0.000261549321
0.000262343211
0.000263085842
0.000263834348
0.00026447732
-0.000504176952
-0.000362619066
-0.000268398047
-0.000188528358
-0.000119102512
-5.93557417e-05
-8.28958801e-06
3.5269409e-05
7.23717086e-05
0.000103912641
0.000130663804
0.000153293871
0.000172381516
0.000188426891
0.000201862429
0.00021306252
0.000222351888
0.000230012761
0.000236290949
0.000241400958
0.000245530295
0.000248843065
0.000251483004
0.000253576054
0.000255232534
0.000256548856
0.000257608731
0.000258484663
0.000259243661
0.000259957499
0.000260681211
0.000261305305
-0.000491293521
-0.000350106682
-0.000256539905
-0.000177612228
-0.00010929879
-5.07682753e-05
-9.6554036e-07
4.13320723e-05
7.72135288e-05
0.000107602073
0.000133287938
0.000154950659
0.000173173516
0.000188456443
0.000201228128
0.00021185679
0.000220659449
0.000227909806
0.000233844845
0.000238670344
0.000242565447
0.000245686447
0.00024816994
0.000250135402
0.00025168738
0.000252917221
0.000253904326
0.000254717599
0.000255420736
0.000256081864
0.00025675342
0.000257333768
-0.000476478254
-0.000335771353
-0.000243071164
-0.000165285403
-9.83053962e-05
-4.12201638e-05
7.09525586e-06
4.79221418e-05
8.23930966e-05
0.000111461762
0.000135937643
0.000156510425
0.000173766374
0.000188203061
0.000200243043
0.000210245927
0.000218518678
0.000225324269
0.000230888868
0.00023540775
0.000239050149
0.000241963238
0.000244275334
0.000246098501
0.00024753073
0.000248657567
0.000249553431
0.000250283506
0.000250907696
0.000251489441
0.000252078048
0.000252586494
-0.00045960733
-0.000319504814
-0.000227914718
-0.000151498123
-8.60933697e-05
-3.06998157e-05
1.58866519e-05
5.50218118e-05
8.78870876e-05
0.000115467753
0.000138592237
0.000157958702
0.000174153823
0.000187669814
0.000198920015
0.000208252459
0.000215961313
0.000222296375
0.000227470853
0.000231667687
0.000235044669
0.000237738578
0.000239868513
0.000241538549
0.000242839097
0.000243847531
0.000244632434
0.000245257429
0.000245776561
0.000246248642
0.000246719809
0.00024712516
-0.000440569652
-0.000301213271
-0.000211024737
-0.00013624568
-7.26522673e-05
-1.91961466e-05
2.53843184e-05
6.25914334e-05
9.36537949e-05
0.000119582703
0.000141223036
0.000159278599
0.000174332629
0.000186867869
0.000197284532
0.000205915517
0.000213039047
0.000218889018
0.000223663356
0.000227530687
0.000230635548
0.0002331025
0.000235039964
0.000236544418
0.000237699039
0.000238557171
0.000239215654
0.00023973201
0.000240124928
0.000240457954
0.000240775503
0.000241043853
-0.000419249088
-0.00028079947
-0.000192375143
-0.000119564131
-5.79341282e-05
-6.63787964e-06
3.55466631e-05
7.05677499e-05
9.96303305e-05
0.000123752473
0.000143790369
0.000160448542
0.000174300974
0.000185815424
0.000195374083
0.000203290481
0.000209823463
0.00021518811
0.000219564661
0.000223105501
0.000225940029
0.000228178666
0.000229916324
0.000231247942
0.000232298699
0.000233073252
0.000233547301
0.000233848427
0.000234077527
0.000234248424
0.000234380262
0.000234477708
-0.000395504272
-0.000258114661
-0.000171839839
-0.000101297009
-4.21237791e-05
6.54779135e-06
4.61251722e-05
7.87966736e-05
0.000105693706
0.000127877634
0.000146227351
0.000161433359
0.000174053236
0.000184534808
0.000193237231
0.000200449678
0.000206409255
0.000211309513
0.000215310802
0.000218548065
0.000221136414
0.000223175728
0.000224753283
0.000225930164
0.000226712216
0.00022724104
0.000227653834
0.000227893862
0.000227954506
0.000227909778
0.000227807415
0.000227700488
-0.000369314131
-0.000233137764
-0.000149571371
-8.15341938e-05
-2.55647243e-05
2.00939359e-05
5.70917031e-05
8.71116732e-05
0.000111700084
0.000131813506
0.00014844281
0.000162184973
0.000173578061
0.000183047616
0.000190924719
0.000197470811
0.000202895329
0.000207367805
0.000211027212
0.000213989116
0.000216351212
0.000218197092
0.000219599104
0.000220618361
0.000221308974
0.000221740267
0.000221939137
0.000221939348
0.000221796552
0.000221531323
0.000221170659
0.000220824974
-0.000340649428
-0.000205809698
-0.00012574209
-6.0422897e-05
-8.09057764e-06
3.38438218e-05
6.79723514e-05
9.53074327e-05
0.000117442697
0.000135512684
0.000150370964
0.000162656628
0.000172866268
0.000181382531
0.000188499805
0.00019444666
0.000199402785
0.000203511397
0.000206888396
0.000209629178
0.000211813772
0.000213510115
0.000214777295
0.00021566727
0.000216227266
0.000216502541
0.000216535833
0.000216359932
0.000216006213
0.000215490036
0.000214834844
0.000214218349
-0.000309513372
-0.000176410331
-0.000100546282
-3.87046284e-05
9.95083033e-06
4.815346e-05
7.86918437e-05
0.00010307355
0.000122709581
0.000138698513
0.00015185031
0.000162764616
0.000171888215
0.000179555437
0.000186018044
0.000191467564
0.000196051696
0.000199886183
0.000203063367
0.00020565837
0.000207733621
0.000209342302
0.000210530276
0.000211338104
0.000211803116
0.000211960132
0.000211842893
0.000211483594
0.000210907743
0.000210120826
0.000209142365
0.000208226065
-0.000275799285
-0.000145528765
-7.3700099e-05
-1.64999104e-05
2.77458373e-05
6.19529415e-05
8.87837487e-05
0.000110067315
0.000127187912
0.000141165007
0.000152733963
0.000162423205
0.000170614155
0.000177584198
0.000183537168
0.000188624904
0.000192962376
0.00019663823
0.000199722129
0.000202269893
0.000204327167
0.000205932085
0.000207117256
0.000207911529
0.000208340541
0.000208428778
0.000208201213
0.000207683984
0.000206896163
0.000205831422
0.000204503632
0.000203256735
-0.000239286206
-0.000113208813
-4.55483004e-05
5.78587072e-06
4.47197324e-05
7.44644566e-05
9.75075228e-05
0.000115736778
0.000130477031
0.000142638683
0.000152848436
0.000161540015
0.000169016079
0.000175490544
0.000181117199
0.00018600882
0.000190249838
0.000193904713
0.000197023443
0.000199645239
0.00020180108
0.000203515621
0.000204808562
0.000205695566
0.00020618908
0.000206299719
0.000206038908
0.000205420666
0.000204451906
0.000203109414
0.000201406434
0.000199787336
-0.000199685542
-7.91734241e-05
-1.72904176e-05
2.71747446e-05
6.01266958e-05
8.4973049e-05
0.000104202168
0.000119569797
0.00013222288
0.000142898745
0.000152077627
0.000160077534
0.000167113005
0.000173332713
0.000178843104
0.000183722894
0.000188032028
0.000191817121
0.000195114587
0.000197952352
0.000200351036
0.000202325207
0.000203884116
0.000205030844
0.000205762067
0.000206067313
0.000205930544
0.000205342718
0.000204286086
0.000202700093
0.000200574218
0.000198500384
-0.000156253352
-4.34458916e-05
1.01049156e-05
4.62731513e-05
7.25356008e-05
9.24170759e-05
0.000108133753
0.000121103171
0.000132172803
0.000141844487
0.000150423782
0.000158103722
0.000165010813
0.000171234305
0.000176842415
0.000181889703
0.000186421366
0.00019047554
0.000194083734
0.000197269745
0.000200049302
0.000202434057
0.000204433823
0.000206044393
0.000207253932
0.00020803722
0.000208321304
0.000208040164
0.00020712768
0.000205445722
0.000202878209
0.000200261708
-0.000107439787
-6.95988446e-06
3.45267775e-05
6.10014188e-05
8.03941441e-05
9.58110844e-05
0.00010878896
0.000120162772
0.000130370011
0.000139643981
0.000148116453
0.000155869442
0.00016295414
0.000169415308
0.000175300934
0.0001806577
0.000185531097
0.000189966549
0.000194008584
0.000197694038
0.000201043784
0.000204089384
0.000206880185
0.000209400788
0.000211624767
0.000213568707
0.000215047154
0.000215787524
0.000215620302
0.000214323345
0.000211483524
0.000208438354
-4.24569522e-05
2.91302583e-05
5.17418009e-05
6.76968878e-05
8.12778427e-05
9.37778173e-05
0.000105534146
0.000116609658
0.00012699427
0.000136678692
0.000145664746
0.000153946013
0.000161524549
0.000168436715
0.00017473701
0.000180479553
0.000185721369
0.000190528943
0.000194983805
0.000199157811
0.000203037799
0.00020657388
0.000209879799
0.000213282323
0.000217065863
0.000220849687
0.000223678311
0.000225483647
0.000227042684
0.000228189816
0.000227837163
0.000225776489
6.46116857e-05
6.4862347e-05
6.23754812e-05
6.80876392e-05
7.77928896e-05
8.913396e-05
0.000100943152
0.000112571973
0.00012366277
0.000134101924
0.000143879689
0.000152904611
0.000161079823
0.000168463736
0.000175161061
0.000181237118
0.000186754385
0.000191794238
0.000196498574
0.000201024116
0.000205401435
0.000209573126
0.000213608294
0.000217814511
0.000222896019
0.00022975043
0.000238626177
0.000250126899
0.000265205861
0.000285366145
0.000314261509
0.000349257335
)
;

boundaryField
{
    inner_wall
    {
        type            zeroGradient;
    }
    outer_wall
    {
        type            zeroGradient;
    }
    top
    {
        type            zeroGradient;
    }
    bottom
    {
        type            fixedValue;
        value           uniform 0;
    }
    front
    {
        type            wedge;
    }
    back
    {
        type            wedge;
    }
}


// ************************************************************************* //
