/*--------------------------------*- C++ -*----------------------------------*\
| =========                 |                                                 |
| \\      /  F ield         | OpenFOAM: The Open Source CFD Toolbox           |
|  \\    /   O peration     | Version:  2506                                  |
|   \\  /    A nd           | Website:  www.openfoam.com                      |
|    \\/     M anipulation  |                                                 |
\*---------------------------------------------------------------------------*/
FoamFile
{
    version     2.0;
    format      ascii;
    arch        "LSB;label=32;scalar=64";
    class       volScalarField;
    location    "235";
    object      C;
}
// * * * * * * * * * * * * * * * * * * * * * * * * * * * * * * * * * * * * * //

dimensions      [0 0 0 0 0 0 0];

internalField   nonuniform List<scalar> 
3072
(
2.24245403e-09
-3.24220509e-07
-1.38645499e-06
2.06885261e-05
6.13722011e-05
-8.81266518e-05
-0.000709331651
-0.00178926031
-0.0031601761
-0.00495978497
-0.00810675845
-0.0183683465
-0.0374807231
-0.052430762
-0.0157922391
0.143528967
0.433825172
0.746603354
0.959137221
1.03533278
1.02864589
1.0065016
0.997241866
0.997966213
1.0015838
1.00569943
1.00743333
1.00163338
0.979414248
0.901326211
0.679761334
0.262237728
-1.68971769e-09
2.32251284e-07
1.13871204e-05
-1.76007028e-05
-0.000253239624
-0.00036857593
0.000791209197
0.00387334952
0.00767489112
0.00961246186
0.00671327939
-0.00343255219
-0.0256603188
-0.0514597487
-0.0240879876
0.140490252
0.444257768
0.764514431
0.971444054
1.03740081
1.02571535
1.00429175
0.996902842
0.998333236
1.00197848
1.00602289
1.0074421
1.00100091
0.977842075
0.897931283
0.67456613
0.258178134
9.45576753e-09
2.57756046e-06
-2.66363195e-06
-0.00016344695
-0.000189183519
0.00170660457
0.00677945199
0.0127140683
0.0158740182
0.0157452055
0.0138947565
0.00719535433
-0.0142091958
-0.0486261349
-0.0309004428
0.135391211
0.447576149
0.77288953
0.977108007
1.03781931
1.02399949
1.00328915
0.996853555
0.99854087
1.00216987
1.00617677
1.00743028
1.00070687
0.977288673
0.8972551
0.674828876
0.261013985
1.37475365e-08
3.52697689e-06
-2.24087213e-05
-0.000264104789
0.000196153524
0.00413189293
0.0112842798
0.0164076289
0.0169181434
0.0161210513
0.0144480467
0.0122066986
-0.00624613629
-0.0462909004
-0.0327426689
0.140640597
0.462880007
0.790058908
0.986094024
1.03814522
1.02154156
1.00198875
0.996811879
0.998807302
1.00241443
1.00637087
1.00741068
1.00033618
0.976580757
0.896237773
0.674373088
0.263495591
7.55469034e-10
3.90838128e-06
-2.42838644e-05
-0.000283080533
0.000267556815
0.00471839345
0.012566157
0.0176161953
0.0180501108
0.0170809049
0.0133987497
0.0120825347
-0.007403492
-0.0476546702
-0.022976021
0.169874808
0.503827447
0.82243494
0.999021206
1.03746402
1.01801267
1.00051538
0.996883967
0.999147254
1.00271067
1.0065977
1.00735603
0.999854425
0.975670845
0.89486111
0.673545522
0.266435356
-1.03225404e-07
4.22217014e-06
-1.60427171e-05
-0.000271693198
4.17904052e-05
0.00357182724
0.0102040361
0.0151387073
0.0170481632
0.0148757988
0.0120527557
0.00896922491
-0.0161934279
-0.0505639567
0.00560735431
0.237214674
0.581160176
0.873845335
1.01541063
1.03465504
1.01298369
0.99886867
0.997132781
0.999612031
1.00311786
1.00689747
1.00722932
0.999110305
0.974204498
0.892278002
0.670835421
0.268190964
-1.64727585e-08
4.53177266e-06
-2.47020237e-06
-0.00022813373
-0.000228017295
0.00178264637
0.00599509334
0.00964485614
0.0109837108
0.00923504965
0.0085863221
0.000547528007
-0.0318888576
-0.0435555545
0.073418574
0.356445094
0.695352897
0.937451307
1.02977344
1.02818286
1.00688678
0.997502539
0.997654657
1.00020554
1.00366566
1.00727553
1.00696581
0.997970537
0.971927874
0.88797109
0.665528958
0.268103879
-1.05926914e-06
3.02545042e-06
9.50773632e-06
-0.000158601452
-0.000347334966
0.000395440554
0.00228134384
0.0041499324
0.00440287908
0.0044124335
0.00295514259
-0.0168423743
-0.0443887579
0.00372844014
0.209001466
0.532144604
0.830595217
0.996079467
1.03455415
1.01788754
1.00115563
0.996985658
0.99844257
1.00090221
1.00437786
1.00770487
1.00646641
0.996292544
0.968599104
0.881483373
0.65704097
0.265631812
3.23224209e-06
6.7224355e-06
2.33427983e-05
-7.56880187e-05
-0.000288991083
-0.000224108617
0.00026459085
0.00072592916
0.000974128663
0.00119982434
-0.0114383444
-0.0369497671
-0.014509303
0.140917515
0.430345829
0.742120236
0.952728013
1.02972074
1.02630249
1.00651736
0.997636325
0.99752424
0.999333952
1.00169183
1.00527111
1.00810569
1.00559115
0.99392943
0.963995147
0.87246284
0.645074198
0.260580573
-1.9116157e-05
-1.94562181e-05
-1.3716397e-06
-3.89580163e-05
-0.00017747343
-0.000300720741
-0.000312063977
-0.000382642821
-0.000117531377
-0.0109208624
-0.0312624976
-0.00773989075
0.134622715
0.403334206
0.706386477
0.928063206
1.02334798
1.03025683
1.01066373
0.998735803
0.997142863
0.998626179
1.00013418
1.0026401
1.00633228
1.00832822
1.00416654
0.990734543
0.957894963
0.860624408
0.629536738
0.252994979
9.71399594e-05
0.000106109786
0.000130617009
0.000113627449
5.13093733e-05
-7.47241572e-05
-0.000142546593
-0.00018758378
-0.0122888696
-0.0238055414
0.0229450956
0.185822889
0.453605011
0.737391616
0.939475944
1.02565892
1.03116742
1.01155144
0.998972951
0.99697227
0.99844072
0.999499899
1.00088398
1.00387059
1.00746068
1.00814953
1.0020109
0.986573682
0.950076413
0.845754409
0.610536486
0.24312424
-0.000544753025
-0.000596481664
-0.000618162272
-0.000484801796
-0.000440493538
3.46104394e-06
-0.00108815578
-0.0132284401
0.00216002113
0.103935944
0.314155932
0.586070793
0.831612934
0.98370469
1.03572505
1.02850442
1.00825883
0.997720808
0.996900493
0.998657785
0.999424724
0.999956793
1.00191055
1.00541641
1.00842274
1.00730718
0.998975445
0.981337945
0.940323834
0.827737864
0.588379574
0.23137206
0.00332046989
0.00362475827
0.00374935997
0.00251541954
0.00163732737
-0.0036329627
0.0122387166
0.108003092
0.300739199
0.552470349
0.792219241
0.958672079
1.03288525
1.0390972
1.01856949
1.00130545
0.995889127
0.997346113
0.999288279
0.999620129
0.999514872
1.0006122
1.00346434
1.0070778
1.00888778
1.0055697
0.994986235
0.974952126
0.928453455
0.806614031
0.563583042
0.218255146
-0.0243178456
-0.0268848932
-0.0268571063
-0.00571890548
0.0709975697
0.226332594
0.445373907
0.678656968
0.873841726
0.997661223
1.0469711
1.0443044
1.02144811
1.00221821
0.994862352
0.995902996
0.998855177
1.00014929
0.9997857
0.999248335
0.999801619
1.00197168
1.00538578
1.00847853
1.0085396
1.00281205
0.990069778
0.967379943
0.914364174
0.7826506
0.536882073
0.204360838
0.328394631
0.422991477
0.559343504
0.719878354
0.865025375
0.975935086
1.04275491
1.06612453
1.05714175
1.03288695
1.0093526
0.99563478
0.992482188
0.995322287
0.998971795
1.00072611
1.00056276
0.999644836
0.999021956
0.999323155
1.00092522
1.00384454
1.00726755
1.00925369
1.00718069
0.999064662
0.98435377
0.958636002
0.898117442
0.756417535
0.509215752
0.190302699
1.02866543
1.0456512
1.05253228
1.04866234
1.03676819
1.0207549
1.00511532
0.993766916
0.988721607
0.989462522
0.993516635
0.997927873
1.0007217
1.00149722
1.00097323
1.00007442
0.999337059
0.99894715
0.999105815
1.00020161
1.00254264
1.00582589
1.00875351
1.0091586
1.00479292
0.994525224
0.978045791
0.948817959
0.880034844
0.728828818
0.481676742
0.176674085
0.99610943
0.993354586
0.991442637
0.990971523
0.991964799
0.994151903
0.996971798
0.999673919
1.00156873
1.00231059
1.0020322
1.00122391
1.00042176
0.999910364
0.999640737
0.999405132
0.999125843
0.999042617
0.999656416
1.00142821
1.00435561
1.00762829
1.00958381
1.00812058
1.00156614
0.989522901
0.971403843
0.938163415
0.860777785
0.701115522
0.455420284
0.16400332
1.00067368
1.00117645
1.00159272
1.00178963
1.00172857
1.00141564
1.00091159
1.00033691
0.999846036
0.999570673
0.999557229
0.999734244
0.999935016
0.999973442
0.999746241
0.999324486
0.998996661
0.999223409
1.00046912
1.00291543
1.00614705
1.00898484
1.00964465
1.00629089
0.997858998
0.984440713
0.964721091
0.927109802
0.841354646
0.674706717
0.431542821
0.15271594
0.99986963
0.999769805
0.999680549
0.999629751
0.999625836
0.9996686
0.999751052
0.999861214
0.999984731
1.00010526
1.00019921
1.00022682
1.00013136
0.999864007
0.999443511
0.99903123
0.998966227
0.999691749
1.0015411
1.00443656
1.00764542
1.00976596
1.00904534
1.00399649
0.994089778
0.97963955
0.958329456
0.916306277
0.823010964
0.651028935
0.410955138
0.143109309
1.00002665
1.00004773
1.00006814
1.00008188
1.0000843
1.00007137
1.00004516
1.00001881
1.00001343
1.00004282
1.00009084
1.00009761
0.99997589
0.999669337
0.999238295
0.998926207
0.999142046
1.0003137
1.00262911
1.00576259
1.00873556
1.01003859
1.00804385
1.00161502
0.990630964
0.975414609
0.952592905
0.906531536
0.807008574
0.63127589
0.394280861
0.135342625
0.999994125
0.999989603
0.999985918
0.999984129
0.999981877
0.999976339
0.999970655
0.999977579
1.0000129
1.00007702
1.00013391
1.00010724
0.999912893
0.999530564
0.999086935
0.998894965
0.999390287
1.00094213
1.00358628
1.006797
1.00943734
1.00997332
1.00693115
0.999470295
0.987747095
0.971975635
0.947860582
0.898524485
0.794364668
0.616221598
0.381804516
0.129442536
1.00000113
1.00000227
1.00000405
1.00000591
1.00000445
0.999996579
0.999986952
0.999991213
1.00002648
1.00008919
1.00013365
1.00007466
0.999832242
0.99941318
0.998990878
0.998922104
0.999648271
1.00147875
1.00432683
1.00752485
1.00984271
1.00976107
1.0059449
0.9977735
0.985576111
0.969435751
0.944387298
0.892798433
0.785652969
0.606134559
0.373477583
0.125322092
0.999999577
0.999999441
1.00000002
1.00000102
0.999998937
0.999990819
0.999982335
0.999990487
1.00003192
1.0000985
1.00013648
1.00005491
0.999779114
0.999337786
0.998937937
0.998963555
0.999852779
1.00186612
1.00483043
1.00798759
1.01005841
1.00954893
1.00522647
0.996614088
0.98414224
0.96780598
0.942265344
0.889527949
0.7809392
0.600807678
0.368974334
0.122809197
0.999999923
1.00000008
1.00000097
1.00000217
1.00000004
0.999991599
0.999983056
0.999992248
1.00003577
1.00010314
1.0001363
1.00004131
0.999746947
0.999294929
0.998911413
0.998994696
0.999978672
1.00209366
1.00511685
1.00824161
1.01016653
1.00941789
1.00482313
0.995983195
0.983384079
0.967003979
0.941409321
0.888552883
0.779854714
0.599674776
0.367776587
0.121678057
0.999999842
0.999999927
1.00000074
1.00000192
0.999999772
0.999991277
0.999982735
0.999992292
1.00003666
1.00010465
1.00013657
1.00003706
0.999735821
0.999279344
0.998901182
0.999005308
1.00002422
1.00217701
1.00522276
1.00833814
1.01021577
1.00939136
1.00471388
0.995808971
0.983187533
0.966880101
0.941597821
0.889479387
0.781759843
0.601966075
0.369263512
0.121679022
0.99999986
0.99999995
1.00000076
1.00000199
0.999999974
0.999991558
0.999982791
0.999991755
1.00003555
1.00010371
1.00013717
1.00004033
0.999741399
0.999284639
0.998901657
0.998996047
1.00000241
1.00214462
1.00518848
1.00831752
1.01022876
1.00945674
1.00484076
0.995989572
0.983413466
0.967245335
0.942536956
0.891823863
0.785941373
0.606853546
0.372766719
0.122547342
0.999999857
0.999999928
1.0000007
1.00000197
1.00000019
0.999991998
0.999982897
0.999990557
1.00003268
1.00010075
1.00013806
1.00004954
0.999760018
0.999306125
0.998910518
0.998972052
0.999930385
1.00202635
1.00505079
1.00821101
1.0102153
1.00958857
1.00513664
0.996416023
0.983909052
0.967895356
0.94393715
0.895131864
0.791711974
0.613534045
0.377657017
0.12402991
0.99999986
0.999999915
1.00000065
1.00000196
1.00000046
0.999992595
0.999983135
0.999989106
1.00002883
1.00009639
1.00013861
1.00006181
0.999786545
0.999338506
0.998926647
0.998941637
0.999829288
1.00185468
1.00484552
1.00804444
1.01017643
1.00975256
1.00553128
0.996996206
0.984580624
0.968714883
0.945557702
0.898917483
0.798386353
0.621338086
0.383461237
0.125942459
0.999999862
0.999999902
1.00000058
1.00000194
1.00000073
0.999993256
0.999983481
0.999987627
1.00002455
1.00009117
1.00013849
1.00007492
0.999816704
0.999377157
0.998948815
0.99891153
0.999716733
1.00165681
1.00460272
1.00783963
1.01011379
1.00992166
1.00596804
0.997652705
0.985342962
0.969603615
0.947219359
0.902828398
0.805439372
0.629715691
0.389771331
0.128119975
0.999999865
0.99999989
1.00000052
1.0000019
1.00000099
0.99999393
0.999983916
0.999986282
1.00002027
1.00008556
1.00013757
1.00008729
0.999847193
0.999418172
0.998975314
0.998885876
0.999605381
1.00145348
1.00434644
1.00761554
1.01003169
1.01007822
1.00640555
0.998326801
0.986132595
0.97049405
0.948806072
0.906619838
0.812485139
0.638253116
0.396276448
0.130433137
0.999999867
0.99999988
1.00000046
1.00000186
1.00000122
0.999994574
0.999984405
0.999985146
1.00001626
1.00007997
1.00013596
1.0000981
0.999875851
0.999458569
0.999004151
0.998866359
0.999502939
1.00125881
1.00409446
1.00738786
1.00993657
1.0102134
1.00681722
0.998977242
0.986903072
0.971341704
0.950253068
0.910145293
0.819267427
0.6466589
0.402750539
0.132783706
0.99999987
0.999999872
1.00000041
1.00000181
1.00000141
0.999995162
0.999984911
0.999984233
1.00001268
1.00007467
1.00013386
1.00010713
0.999901644
0.99949649
0.99903349
0.998852903
0.999413035
1.00108108
1.00385865
1.00716859
1.00983564
1.01032489
1.00718848
0.999578015
0.987623238
0.972119957
0.951532071
0.913332092
0.82563456
0.654745856
0.409042682
0.135102226
0.999999873
0.999999865
1.00000036
1.00000176
1.00000157
0.999995679
0.999985402
0.999983528
1.00000958
1.00006984
1.00013152
1.00011441
0.999924094
0.999530765
0.999061767
0.998844545
0.999336723
1.00092447
1.00364623
1.00696629
1.00973569
1.01041435
1.00751334
1.00011486
0.988274004
0.97281442
0.952637815
0.916158338
0.831512677
0.662407947
0.41506182
0.137342857
0.999999875
0.99999986
1.00000032
1.00000172
1.00000169
0.99999612
0.999985853
0.999982996
1.00000699
1.00006561
1.00012915
1.00012011
0.999943009
0.999560639
0.999087718
0.998839993
0.9992736
1.00079046
1.003461
1.0067865
1.00964238
1.01048537
1.0077913
1.00058194
0.988845515
0.973419037
0.953578084
0.918633764
0.836881923
0.669599091
0.420762559
0.13947816
0.999999877
0.999999855
1.00000029
1.00000169
1.0000018
0.999996485
0.999986246
0.999982602
1.00000488
1.00006205
1.00012695
1.00012449
0.999958539
0.999585877
0.999110516
0.998837942
0.999222403
1.00067863
1.00330412
1.00663213
1.00955984
1.01054211
1.00802514
1.00097929
0.989334857
0.973933546
0.95436737
0.920786229
0.841758408
0.676316524
0.42613388
0.141495009
0.999999879
0.999999851
1.00000026
1.00000166
1.00000188
0.999996779
0.999986573
0.999982309
1.0000032
1.00005913
1.00012504
1.00012782
0.999970989
0.99960655
0.999129714
0.998837276
0.999181541
1.00058747
1.00317492
1.006504
1.00949058
1.01058848
1.00821937
1.00131073
0.989744161
0.974361776
0.955023061
0.922652574
0.846180838
0.682587813
0.431190035
0.143391047
0.999999881
0.999999847
1.00000024
1.00000163
1.00000194
0.999997011
0.999986832
0.999982087
1.00000188
1.00005683
1.00012347
1.00013035
0.999980769
0.999622991
0.999145215
0.998837152
0.999149321
1.00051476
1.00307136
1.00640121
1.00943562
1.01062778
1.00837931
1.00158257
0.990079229
0.974710584
0.955563448
0.92427307
0.85020158
0.68846191
0.435964318
0.145172438
0.999999883
0.999999843
1.00000022
1.00000162
1.00000199
0.999997188
0.999987027
0.999981914
1.00000087
1.00005505
1.00012226
1.0001323
0.999988319
0.999635726
0.999157245
0.998837012
0.999124087
1.00045783
1.00299045
1.00632151
1.00939466
1.01066255
1.00851053
1.00180263
0.990348452
0.974989045
0.95600665
0.925687988
0.853880327
0.694002364
0.440504193
0.146852114
0.999999884
0.999999839
1.0000002
1.00000161
1.00000204
0.999997321
0.999987167
0.999981773
1.00000011
1.00005373
1.00012139
1.00013382
0.999994071
0.999645354
0.999166219
0.998836548
0.999104333
1.0004139
1.00292864
1.00626175
1.00936642
1.01069458
1.00861849
1.00197949
0.990561841
0.975207694
0.95636997
0.926935402
0.85727923
0.699281548
0.444866916
0.148448028
0.999999886
0.999999835
1.00000019
1.0000016
1.00000207
0.99999742
0.99998726
0.999981651
0.999999534
1.00005277
1.00012079
1.00013504
0.999998427
0.9996525
0.999172666
0.998835643
0.999088732
1.00038021
1.00288216
1.00621826
1.0093489
1.0107251
1.00870839
1.00212203
0.990730265
0.975377873
0.956669526
0.928049908
0.860459374
0.70437609
0.449116004
0.149981704
0.999999887
0.999999831
1.00000018
1.0000016
1.0000021
0.999997494
0.999987319
0.999981543
0.999999096
1.00005208
1.00012042
1.00013605
1.00000176
0.999657793
0.99917718
0.998834314
0.999076121
1.00035411
1.00284718
1.00618714
1.00933972
1.01075481
1.00878506
1.00223899
0.990864867
0.975511198
0.956920055
0.929061964
0.863478309
0.709363345
0.453318481
0.151477164
0.999999889
0.999999827
1.00000017
1.0000016
1.00000213
0.999997551
0.999987354
0.999981441
0.999998749
1.00005156
1.0001202
1.00013694
1.00000442
0.999661842
0.99918038
0.998832663
0.999065475
1.00033307
1.00281996
1.00616442
1.00933628
1.01078412
1.00885292
1.00233879
0.990976639
0.975619142
0.957134812
0.929997618
0.866388364
0.714318744
0.457542789
0.152960146
0.999999891
0.999999823
1.00000016
1.0000016
1.00000216
0.9999976
0.999987378
0.999981344
0.999998448
1.00005114
1.00012006
1.00013775
1.00000672
0.999665228
0.999182875
0.99883084
0.999055892
1.00031479
1.00279694
1.00614625
1.00933594
1.0108132
1.00891602
1.00242934
0.99107611
0.975712723
0.957325543
0.930878452
0.869235479
0.719313686
0.461856049
0.154454364
0.999999892
0.999999819
1.00000015
1.0000016
1.00000219
0.999997648
0.999987401
0.999981247
0.999998155
1.00005074
1.00011993
1.00013855
1.00000894
0.999668483
0.999185246
0.998829019
0.999046583
1.00029712
1.00277482
1.00612899
1.00933614
1.01084208
1.00897799
1.00251794
0.991173124
0.975802275
0.9575025
0.931721666
0.872058316
0.724413823
0.46632506
0.155985977
0.999999895
0.999999814
1.00000014
1.00000161
1.00000221
0.999997703
0.999987432
0.999981151
0.999997836
1.00005028
1.00011975
1.00013937
1.00001134
0.99967209
0.999188029
0.998827388
0.999036866
1.00027818
1.00275059
1.00610928
1.00933445
1.01087066
1.00904202
1.00261119
0.991276709
0.975897344
0.957674541
0.932540339
0.87488806
0.729678279
0.471013857
0.157579475
0.999999897
0.99999981
1.00000013
1.0000016
1.00000224
0.999997769
0.999987482
0.999981053
0.999997461
1.00004969
1.00011945
1.00014023
1.00001412
0.999676474
0.999191711
0.998826138
0.999026175
1.00025629
1.00272157
1.00608408
1.0093286
1.01089873
1.00911089
1.00271497
0.991395025
0.97600666
0.957849296
0.933343808
0.877748613
0.735160031
0.475985608
0.159259835
0.9999999
0.999999807
1.00000012
1.0000016
1.00000228
0.999997852
0.999987558
0.999980955
0.999997002
1.00004893
1.00011897
1.00014116
1.00001749
0.999682023
0.999196747
0.998825475
0.999014044
1.00023001
1.00268536
1.00605063
1.00931651
1.01092599
1.0091869
1.00283435
0.991535285
0.976138088
0.958033294
0.934137939
0.880656399
0.740905147
0.481301701
0.161051295
0.999999903
0.999999803
1.00000011
1.00000159
1.00000231
0.999997957
0.999987669
0.999980859
0.99999644
1.00004793
1.00011826
1.00014216
1.00002159
0.999689079
0.999203556
0.99882562
0.999000137
1.00019817
1.00263998
1.00600656
1.00929626
1.010952
1.00927183
1.00297351
0.991703599
0.976298505
0.958232017
0.934925328
0.883619881
0.746951334
0.487021269
0.162977917
0.999999907
0.9999998
1.00000009
1.00000158
1.00000235
0.999998088
0.999987822
0.999980767
0.999995762
1.00004667
1.00011726
1.00014321
1.00002652
0.999697876
0.999212462
0.998826804
0.998984295
1.00015994
1.0025839
1.00594998
1.00926621
1.01097618
1.00936681
1.00313555
0.99190476
0.976493606
0.958449928
0.935705558
0.886639184
0.753326588
0.493200711
0.165064386
0.999999911
0.999999797
1.00000007
1.00000156
1.00000239
0.999998245
0.999988021
0.999980684
0.999994963
1.00004512
1.00011595
1.0001443
1.00003231
0.999708543
0.999223697
0.998829255
0.998966546
1.00011494
1.0025162
1.00587952
1.00922503
1.0109978
1.00947231
1.00332238
0.992142063
0.976727726
0.958690507
0.936475609
0.889706066
0.760047966
0.499892189
0.167334457
0.999999915
0.999999794
1.00000005
1.00000153
1.00000243
0.999998431
0.999988271
0.999980616
0.999994046
1.00004326
1.00011428
1.00014538
1.00003893
0.999721121
0.999237405
0.998833204
0.998947098
1.00006316
1.00243651
1.00579443
1.00917173
1.01101602
1.00958804
1.00353458
0.992417134
0.977003637
0.958956264
0.937230381
0.892804127
0.767120426
0.50714313
0.169811646
0.99999992
0.999999792
1.00000002
1.0000015
1.00000247
0.999998642
0.999988571
0.999980571
0.999993025
1.00004112
1.00011225
1.00014639
1.00004629
0.999735546
0.999253623
0.998838862
0.99892633
1.00000504
1.00234511
1.00569462
1.00910576
1.01102994
1.00971297
1.00377135
0.99272972
0.977322261
0.959248643
0.937963264
0.89590921
0.774535391
0.514994768
0.172519086
0.999999925
0.999999791
0.999999999
1.00000146
1.00000251
0.999998877
0.999988922
0.999980557
0.999991919
1.0000387
1.00010986
1.00014726
1.00005426
0.99975164
0.999272265
0.998846393
0.998904773
0.999941454
1.00224297
1.0055808
1.00902715
1.01103866
1.00984535
1.00403032
0.993077424
0.977682284
0.959567792
0.938666746
0.898990089
0.782269123
0.523480151
0.175479208
0.999999931
0.999999791
0.999999971
1.00000141
1.00000255
0.999999131
0.999989319
0.99998058
0.999990759
1.00003606
1.00010711
1.00014794
1.00006262
0.999769112
0.999293094
0.998855872
0.998883077
0.999873714
1.00213187
1.00545461
1.00893671
1.01104149
1.0099827
1.00430747
0.993455413
0.978079673
0.959912146
0.939333
0.902009579
0.790281106
0.532621522
0.178713078
0.999999937
0.999999791
0.999999941
1.00000136
1.00000258
0.999999397
0.999989754
0.999980645
0.999989579
1.00003327
1.00010407
1.00014836
1.00007114
0.99978751
0.999315652
0.998867213
0.998861975
0.999803634
1.00201449
1.0053189
1.00883624
1.01103809
1.01012191
1.00459702
0.99385613
0.978507172
0.960277866
0.939954423
0.904926306
0.798512915
0.542427401
0.182239454
0.999999944
0.999999793
0.999999911
1.00000131
1.00000261
0.999999667
0.999990215
0.999980753
0.999988423
1.00003041
1.00010084
1.00014849
1.00007949
0.999806203
0.99933921
0.998880101
0.998842214
0.999733481
1.0018945
1.00517779
1.00872881
1.01102877
1.0102594
1.00489145
0.994269158
0.978953923
0.960658218
0.940524091
0.907697337
0.806888418
0.552890181
0.186074074
0.999999951
0.999999795
0.999999882
1.00000125
1.00000263
0.999999932
0.999990685
0.999980899
0.99998733
1.0000276
1.00009753
1.00014834
1.00008736
0.999824447
0.999362798
0.998893944
0.998824441
0.999665842
1.00177645
1.00503674
1.00861883
1.01101468
1.0103914
1.00518171
0.994681296
0.979405331
0.961043009
0.941035982
0.910281553
0.815315791
0.563984876
0.190229843
0.999999957
0.999999798
0.999999853
1.00000119
1.00000264
1.00000018
0.999991142
0.999981071
0.999986341
1.00002495
1.00009433
1.00014797
1.00009445
0.999841416
0.999385218
0.998907845
0.998809119
0.999603494
1.00166561
1.00490249
1.0085122
1.010998
1.01051414
1.00545741
0.995076742
0.979843095
0.961418076
0.941484779
0.912643169
0.823690772
0.575668437
0.194717903
0.999999964
0.999999801
0.999999826
1.00000114
1.00000265
1.00000041
0.999991562
0.999981248
0.99998549
1.00002261
1.00009143
1.00014749
1.0001005
0.999856239
0.999405101
0.998920626
0.998796462
0.999549259
1.00156785
1.00478292
1.00841621
1.01098208
1.0106241
1.00570708
0.995437242
0.980245306
0.961764843
0.941865152
0.914754824
0.831900746
0.587879273
0.199549981
0.999999971
0.999999805
0.999999802
1.00000109
1.00000266
1.00000059
0.999991914
0.999981404
0.999984809
1.00002071
1.00008907
1.00014705
1.00010526
0.999867984
0.999420904
0.998930844
0.998786473
0.99950605
1.00148965
1.00468707
1.00833963
1.01097139
1.01071794
1.00591799
0.995741927
0.980586307
0.962059812
0.942170436
0.916599593
0.839828599
0.600535449
0.20474147
0.999999977
0.999999807
0.999999781
1.00000105
1.00000267
1.00000073
0.999992164
0.999981504
0.999984329
1.00001944
1.00008754
1.00014685
1.00010845
0.999875575
0.999430823
0.998936779
0.99877906
0.999477113
1.00143843
1.00462547
1.00829282
1.01097153
1.01079226
1.00607582
0.99596679
0.980836248
0.962273991
0.942390733
0.918171555
0.847357127
0.613531963
0.21031555
0.999999984
0.999999808
0.999999765
1.00000103
1.00000268
1.00000082
0.999992274
0.99998151
0.999984086
1.00001896
1.00008714
1.00014708
1.00010976
0.999877797
0.999432837
0.998936538
0.998774209
0.999466237
1.00142271
1.00461018
1.00828766
1.01098893
1.01084315
1.00616399
0.996084028
0.98096054
0.962372406
0.942510062
0.919473959
0.854377944
0.626740354
0.216307514
0.99999999
0.999999808
0.999999755
1.00000103
1.0000027
1.00000082
0.999992211
0.999981392
0.999984119
1.00001945
1.00008815
1.00014791
1.00010881
0.999873407
0.999424954
0.998928346
0.998772193
0.99947779
1.00145199
1.00465454
1.00833733
1.01103065
1.01086593
1.00616327
0.996061468
0.980919304
0.962313182
0.942499311
0.920509741
0.860816749
0.640022809
0.222765522
0.999999995
0.999999805
0.999999748
1.00000104
1.00000273
1.00000076
0.999991961
0.999981136
0.999984464
1.00002108
1.00009081
1.00014938
1.00010505
0.999860931
0.999405052
0.998910686
0.998774189
0.999517689
1.00153757
1.0047734
1.00845556
1.01110305
1.0108538
1.00605072
0.99586112
0.980664239
0.962041088
0.942288671
0.921242015
0.866704267
0.653243169
0.229638059
1
0.999999802
0.999999746
1.00000109
1.00000277
1.0000006
0.999991473
0.999980726
0.999985266
1.0000242
1.00009552
1.00015141
1.00009721
0.99983768
0.999369941
0.998882168
0.998783628
0.999596375
1.00169648
1.00498626
1.00865728
1.01120866
1.01079141
1.00579228
0.995434728
0.980141253
0.961505749
0.941840304
0.921644301
0.872011604
0.666297716
0.236880924
1.00000001
0.999999797
0.99999975
1.00000116
1.00000281
1.00000031
0.99999069
0.999980177
0.999986755
1.00002928
1.00010263
1.0001535
1.00008323
0.999800094
0.999316217
0.998842728
0.998807293
0.999729218
1.00195069
1.00531548
1.00895626
1.01134415
1.01065353
1.00534171
0.99472128
0.979284023
0.960645697
0.941109938
0.921703578
0.876698427
0.679041401
0.244461709
1.00000001
0.999999791
0.999999761
1.00000126
1.00000286
0.999999835
0.999989555
0.999979563
0.999989309
1.00003692
1.00011239
1.00015451
1.00005983
0.9997435
0.999240632
0.99879502
0.998857787
0.999939462
1.00232934
1.00578632
1.00936223
1.01149472
1.01039807
1.00463411
0.993642962
0.978013627
0.959391386
0.94004768
0.921402637
0.880740651
0.691338294
0.252322508
1.00000001
0.999999782
0.999999782
1.0000014
1.00000288
0.999999116
0.999988014
0.999979061
0.999993518
1.00004788
1.00012469
1.00015207
1.00002181
0.99966161
0.999140683
0.998746756
0.99895736
1.00026212
1.00287072
1.00642545
1.00987549
1.01162581
1.00995682
1.0035777
0.992099177
0.976234919
0.957663425
0.938598105
0.920723383
0.884123795
0.703057278
0.260385942
1.00000002
0.999999772
0.999999818
1.00000159
1.00000286
0.99999806
0.999986047
0.999979021
1.00000026
1.00006298
1.00013867
1.0001418
0.999961268
0.999546942
0.999017176
0.998715452
0.999143473
1.00074794
1.00362203
1.00725503
1.01047589
1.01166934
1.00922207
1.00204339
0.989960209
0.973834074
0.955372819
0.936701472
0.919646491
0.886844
0.714078403
0.268555534
1.00000002
0.99999976
0.999999871
1.00000182
1.00000273
0.999996556
0.999983707
0.999980068
1.00001075
1.00008278
1.00015181
1.00011618
0.999867402
0.999392992
0.998879583
0.998736084
0.999475967
1.00146613
1.00463455
1.00827962
1.01110369
1.01150285
1.00802839
0.999851974
0.987060486
0.970676662
0.95242189
0.934295709
0.918152654
0.88890717
0.724296231
0.276718515
1.00000002
0.999999748
0.999999948
1.00000209
1.00000243
0.999994493
0.9999812
0.999983214
1.00002644
1.000107
1.00015868
1.00006327
0.999727017
0.999198473
0.998754697
0.998871993
1.00004503
1.00250346
1.00595016
1.00946114
1.01162824
1.01091892
1.00612855
0.996759134
0.983191879
0.966606641
0.948706088
0.931318908
0.916223851
0.890327227
0.733619116
0.284745678
1.00000002
0.999999737
1.00000005
1.00000239
1.00000184
0.999991782
0.999978998
0.999989955
1.00004876
1.00013331
1.00014902
0.999966014
0.999527886
0.998977134
0.9987017
0.999229021
1.00097518
1.00395038
1.00756806
1.01067192
1.01179806
1.0095828
1.00316501
0.992441275
0.978100358
0.961448903
0.944118375
0.927713331
0.913845653
0.891124966
0.741968269
0.292492291
1.00000002
0.999999728
1.00000019
1.00000268
1.00000085
0.999988426
0.999977968
1.00000225
1.00007827
1.00015537
1.0001059
0.99980373
0.999268098
0.998775993
0.998833375
0.999967091
1.00241346
1.00585867
1.00937646
1.01161533
1.0111684
1.00698017
0.998641837
0.98648765
0.971490199
0.955017861
0.93855733
0.92343123
0.911010426
0.891327343
0.749275985
0.299798944
1.00000002
0.999999723
1.00000036
1.00000293
0.999999312
0.999984596
0.9999795
1.00002222
1.00011321
1.00016031
1.00000503
0.999559311
0.998975352
0.998703128
0.999337358
1.00129328
1.00447783
1.00814523
1.01103025
1.01170602
1.00900932
1.00236484
0.991908933
0.978408386
0.963041796
0.947135013
0.931939977
0.918442632
0.907721307
0.890967046
0.75548259
0.306489619
1.00000001
0.999999723
1.00000056
1.00000307
0.999997121
0.999980747
0.999985524
1.00005137
1.00014715
1.00012646
0.99981862
0.999236892
0.998739336
0.998959569
1.00047737
1.00340201
1.00712596
1.01040958
1.01176053
1.00991644
1.00421566
0.994732579
0.982180806
0.967673367
0.952450924
0.937658581
0.924220046
0.912744976
0.903996735
0.890082538
0.760535549
0.312378712
1.00000001
0.999999731
1.00000078
1.00000303
0.999994229
0.999977704
0.999998298
1.00008912
1.00016628
1.00002368
0.999528495
0.998894503
0.998752673
0.999851773
1.00252868
1.00630448
1.00989523
1.0116455
1.01013349
1.0046358
0.995275633
0.982871337
0.968624636
0.95380062
0.939496814
0.926526702
0.915411134
0.906373839
0.899875008
0.888718852
0.764407239
0.317398875
1.00000001
0.999999747
1.00000101
1.00000274
0.99999071
0.99997669
1.00001984
1.00013077
1.00014755
0.999820291
0.999153428
0.998689133
0.999336444
1.00173028
1.00557248
1.0094813
1.01149333
1.00989082
1.00385751
0.993662889
0.980407254
0.965563995
0.950558722
0.936509767
0.924140993
0.913811394
0.9056115
0.89941236
0.895416802
0.886910618
0.76691282
0.321078434
1
0.999999772
1.00000123
1.00000216
0.999986797
0.99997921
1.00005094
1.00016547
1.00006038
0.999500845
0.998790297
0.998913304
1.0008937
1.00476804
1.00907217
1.01134978
1.00933989
1.00201568
0.989883293
0.974554445
0.958017103
0.942024477
0.927787513
0.915938518
0.906646192
0.899773995
0.895025464
0.891998471
0.890708535
0.884714933
0.768037018
0.32328486
0.999999999
0.999999803
1.00000143
1.00000124
0.999982898
0.999986755
1.00008997
1.00017547
0.999874826
0.999095623
0.99865373
0.999973008
1.00370606
1.00850478
1.01125547
1.0087411
0.999425249
0.984097993
0.965202788
0.945602464
0.927606294
0.912583743
0.901037687
0.892876385
0.887677364
0.884895753
0.883964512
0.88431783
0.88585205
0.882178536
0.767744079
0.323950731
0.999999996
0.99999984
1.00000159
1.00000002
0.999979549
1.00000034
1.00013192
1.00013848
0.999577509
0.998712644
0.999076563
1.00223649
1.00751807
1.01122884
1.00861748
0.996966121
0.977198427
0.953013739
0.928721855
0.90753315
0.891022389
0.879452855
0.872335957
0.868902074
0.868314618
0.869841429
0.872832891
0.876625934
0.881017551
0.879355005
0.76577003
0.322643011
0.999999994
0.99999988
1.00000169
0.999998563
0.99997731
1.00001999
1.00016852
1.0000341
0.999191232
0.998548181
1.00042
1.00572067
1.01102248
1.00961331
0.996307755
0.97139639
0.94022339
0.909499745
0.883944146
0.865348517
0.853432351
0.847068117
0.845007892
0.846238999
0.850015611
0.855598959
0.862274896
0.869310112
0.876407128
0.876271672
0.761860347
0.319058437
0.999999993
0.99999992
1.00000173
0.999996977
0.999976616
1.00004446
1.00018996
0.999853516
0.998786342
0.998843294
1.00287224
1.00973241
1.01168664
0.999426765
0.970340056
0.931076521
0.892214126
0.861345357
0.840619335
0.828558365
0.822735524
0.821254073
0.823101332
0.827716358
0.834626601
0.843271716
0.852933907
0.862750653
0.872232903
0.872911308
0.755608458
0.312813783
0.999999992
0.999999959
1.00000171
0.999995392
0.999977634
1.00007129
1.00018829
0.999608166
0.998467638
0.999770622
1.0062133
1.01281462
1.00661704
0.978024378
0.931549817
0.882756475
0.845238397
0.822726248
0.811777338
0.807366211
0.806161639
0.807051812
0.809988675
0.815382165
0.823409964
0.83369758
0.845385985
0.857333416
0.868705708
0.869171121
0.746415336
0.303479443
0.999999992
0.999999993
1.00000165
0.999993931
0.99998017
1.0000974
1.00016139
0.9993315
0.998328595
1.00128749
1.00974587
1.01342579
0.994783764
0.947913574
0.88856059
0.84050985
0.814551384
0.80539261
0.804150848
0.80473402
0.804903611
0.804578516
0.805429093
0.809184509
0.816606012
0.827300136
0.840079738
0.853430592
0.866054317
0.864752967
0.733228205
0.290428088
0.999999992
1.00000002
1.00000155
0.999992683
0.999983681
1.00012
1.00011571
0.999070485
0.998388279
1.00304931
1.01257856
1.01131543
0.97950657
0.918370869
0.855094255
0.81679392
0.805494888
0.806066835
0.809225439
0.811389296
0.810252051
0.807156991
0.805279715
0.807121059
0.813611577
0.82420702
0.83742971
0.851430909
0.864293081
0.859000739
0.71428097
0.272480501
0.999999992
1.00000005
1.00000145
0.9999917
0.999987359
1.00013717
1.00006616
0.998871311
0.998553002
1.00447141
1.01413782
1.00852335
0.968558661
0.901936424
0.841405761
0.811676567
0.807095712
0.808876726
0.8113835
0.813447115
0.810654183
0.807220391
0.805300062
0.807261533
0.813889691
0.824545401
0.837703504
0.851685553
0.863962487
0.850028585
0.686147533
0.250090602
0.999999993
1.00000006
1.00000137
0.999991023
0.999990196
1.00014769
1.00003349
0.998771667
0.998648044
1.00491562
1.01434784
1.00835801
0.970067704
0.907562507
0.84980638
0.817908976
0.808988902
0.808467849
0.80824865
0.808140354
0.807629075
0.806746622
0.8075789
0.811479226
0.818867557
0.829241333
0.841831152
0.855822298
0.865157975
0.831788514
0.641601231
0.222198132
0.999999993
1.00000007
1.00000132
0.999990701
0.99999112
1.00014984
1.00004038
0.99881311
0.998526416
1.00383438
1.01299545
1.01227024
0.986541499
0.93650813
0.8808212
0.839873874
0.820158345
0.814447635
0.812750487
0.810550204
0.809001069
0.81014487
0.813003103
0.818490812
0.826742224
0.837951949
0.851693329
0.864431981
0.860019481
0.790345066
0.571838801
0.186797929
0.999999993
1.00000008
1.00000132
0.999990965
0.999988753
1.00013675
1.00011485
0.999092195
0.998175978
1.00121008
1.00937938
1.01571162
1.00850387
0.981343061
0.939047196
0.894142359
0.858564378
0.838076749
0.832008436
0.835942573
0.844430192
0.852998715
0.860420047
0.866073714
0.873620489
0.880340285
0.882123932
0.868648933
0.81818204
0.694347812
0.461588152
0.140840297
0.999999993
1.00000006
1.00000137
0.999992763
0.999980069
1.00009758
1.00021786
0.999591619
0.99826061
0.998519552
1.00307483
1.01130803
1.01822516
1.01738181
1.00474177
0.980311507
0.947160676
0.909419123
0.870754061
0.833779924
0.800114521
0.770646693
0.745615332
0.723721367
0.700142606
0.673247072
0.638829183
0.590068977
0.516503759
0.405658385
0.251067504
0.0726869025
0.999999993
1.00000001
1.00000142
0.999996581
0.999973811
1.00003274
1.00023097
1.00012818
0.999168653
0.997819501
0.997765482
1.00069216
1.00699349
1.01555335
1.02446551
1.03189606
1.03654219
1.03763957
1.03472469
1.02734615
1.01481145
0.995976868
0.969063221
0.931493159
0.879790481
0.809703077
0.716951872
0.598711323
0.456407557
0.299664647
0.149579892
0.033320245
0.999999995
0.999999945
1.0000011
1.00000115
0.999979355
0.99997185
1.00010407
1.0003208
1.00023323
0.999463023
0.998062858
0.996540143
0.99555876
0.995647009
0.99709045
0.999982063
1.00432781
1.01013343
1.01744521
1.02634048
1.03686047
1.04885829
1.06170436
1.07375726
1.08148272
1.07814216
1.05218474
0.986096437
0.857757349
0.648436002
0.363980677
0.0734892577
0.999999999
0.999999924
1.00000035
1.00000336
0.999995667
0.999961979
0.99995893
1.00008292
1.00033355
1.0005766
1.00063755
1.00040085
0.999840638
0.998998518
0.997949927
0.99678435
0.995605657
0.994550721
0.993824843
0.993755171
0.994862609
0.997941648
1.00410407
1.01466725
1.03062163
1.05118672
1.07073735
1.07346384
1.02666305
0.878116325
0.574094404
0.137661849
1
0.999999971
0.999999763
1.00000157
1.00000593
0.999996666
0.999959467
0.999914224
0.999903491
0.999958199
1.00008216
1.00025808
1.00045915
1.00065633
1.00081969
1.00091593
1.00090439
1.00073374
1.00034319
0.999676015
0.998721677
0.997616728
0.996845961
0.997569513
1.00199412
1.01336377
1.03443186
1.06206514
1.07488436
1.0139498
0.770912644
0.251171517
1
1.00000001
0.999999873
0.999999403
1.0000014
1.00000821
1.0000141
1.00000952
0.999989912
0.999957628
0.999918856
0.999880567
0.999849261
0.99983102
0.999832
0.999858696
0.999917358
1.00001144
1.00013521
1.00026068
1.00031587
1.00016064
0.999594896
0.998498791
0.997297164
0.997925012
1.00498049
1.02494504
1.05749124
1.06910107
0.942764027
0.446253093
1
0.999999998
1.00000005
1.00000003
0.999999151
0.999997777
0.999997776
1.00000058
1.00000611
1.00001325
1.00002062
1.00002697
1.00003115
1.00003208
1.00002865
1.00001971
1.00000445
0.999983329
0.999960301
0.999946681
0.999965451
1.00004797
1.00020173
1.00032241
1.00008981
0.999126598
0.998030152
1.00054296
1.0146707
1.04431074
1.04582447
0.770400674
)
;

boundaryField
{
    inner_wall
    {
        type            zeroGradient;
    }
    outer_wall
    {
        type            fixedValue;
        value           uniform 0;
    }
    top
    {
        type            fixedValue;
        value           uniform 1;
    }
    bottom
    {
        type            inletOutlet;
        inletValue      uniform 0;
        value           nonuniform List<scalar> 
32
(
0
0
0
0
0
0
0
0
0
0
-0.00810675845
-0.0183683465
-0.0374807231
-0.052430762
-0.0157922391
0.143528967
0.433825172
0.746603354
0.959137221
1.03533278
1.02864589
1.0065016
0.997241866
0.997966213
1.0015838
1.00569943
1.00743333
1.00163338
0.979414248
0.901326211
0.679761334
0.262237728
)
;
    }
    front
    {
        type            wedge;
    }
    back
    {
        type            wedge;
    }
}


// ************************************************************************* //
