/*--------------------------------*- C++ -*----------------------------------*\
| =========                 |                                                 |
| \\      /  F ield         | OpenFOAM: The Open Source CFD Toolbox           |
|  \\    /   O peration     | Version:  2506                                  |
|   \\  /    A nd           | Website:  www.openfoam.com                      |
|    \\/     M anipulation  |                                                 |
\*---------------------------------------------------------------------------*/
// * * * * * * * * * * * * * * * * * * * * * * * * * * * * * * * * * * * * * //
FoamFile
{
    version         2;
    format          ascii;
    arch            "LSB;label=32;scalar=64";
    class           volVectorField;
    location        "26";
    object          U;
}

dimensions      [ 0 1 -1 0 0 0 0 ];

internalField   nonuniform List<vector> 
3072
(
(0.0034717 0.835804 0.221351)
(-0.00209072 0.071497 0.225386)
(-0.000653097 0.00456911 0.231147)
(-0.00656574 0.000180609 0.228077)
(-0.0111387 3.80383e-05 0.223543)
(-0.0154929 0.00017195 0.217256)
(-0.0205839 0.000111166 0.208749)
(-0.0270821 -0.00118984 0.197831)
(-0.0355475 -0.00501484 0.184618)
(-0.0451854 -0.00985059 0.169582)
(-0.0529671 -0.00703777 0.153599)
(-0.0574247 0.0206592 0.136384)
(-0.0510173 0.0966801 0.116535)
(-0.0272701 0.248722 0.0869298)
(0.00780822 0.509525 0.0347005)
(0.0535402 0.866099 -0.0429653)
(0.0912454 1.07109 -0.121799)
(0.119507 1.16865 -0.190178)
(0.138781 1.19881 -0.244381)
(0.150377 1.18694 -0.284044)
(0.155222 1.14777 -0.310131)
(0.154432 1.08934 -0.323948)
(0.148802 1.01603 -0.32692)
(0.138972 0.931176 -0.320489)
(0.126217 0.838897 -0.306265)
(0.111262 0.744227 -0.286003)
(0.0945185 0.651131 -0.261509)
(0.0764543 0.559529 -0.234364)
(0.0572547 0.46368 -0.205083)
(0.037265 0.354201 -0.171364)
(0.0183807 0.224365 -0.125779)
(0.00330477 0.0770443 -0.0552818)
(0.057522 1.93667 0.309344)
(-0.0284171 0.33627 0.322962)
(0.00141959 0.0446046 0.349563)
(-0.0318171 0.00492213 0.341082)
(-0.0474327 0.000185975 0.333278)
(-0.0665229 -0.00199015 0.323835)
(-0.0894047 -0.00454073 0.31353)
(-0.116181 0.00169962 0.302325)
(-0.142716 0.0397894 0.287221)
(-0.161409 0.138044 0.259822)
(-0.163665 0.311928 0.215545)
(-0.145184 0.552355 0.152991)
(-0.10619 0.825385 0.0710695)
(-0.0530662 1.0746 -0.0220093)
(-0.00339244 1.23088 -0.104822)
(0.0363403 1.30336 -0.173436)
(0.0642712 1.31472 -0.22814)
(0.0829598 1.28896 -0.269234)
(0.0947183 1.24217 -0.297649)
(0.101143 1.18256 -0.314202)
(0.103243 1.11329 -0.319569)
(0.101062 1.03488 -0.314721)
(0.0954414 0.946967 -0.301075)
(0.0868576 0.849969 -0.280559)
(0.0759317 0.746473 -0.254925)
(0.0637292 0.641246 -0.225636)
(0.051005 0.539076 -0.193971)
(0.0383688 0.441893 -0.160947)
(0.0262189 0.347831 -0.127208)
(0.0150115 0.253031 -0.09289)
(0.00588071 0.154527 -0.0574982)
(-0.000157359 0.052114 -0.0200681)
(0.127845 2.57591 0.251831)
(-0.0757918 0.616926 0.268622)
(0.0015821 0.100329 0.319494)
(-0.0580424 0.0118336 0.311674)
(-0.0776008 -0.00141846 0.310705)
(-0.107074 -0.00138471 0.311328)
(-0.138921 0.0231475 0.311673)
(-0.167748 0.108381 0.302842)
(-0.183937 0.286669 0.272675)
(-0.178575 0.555114 0.213735)
(-0.15036 0.862986 0.130946)
(-0.107237 1.13219 0.0394337)
(-0.0636472 1.29882 -0.0431083)
(-0.0320109 1.36634 -0.107321)
(-0.00818507 1.37577 -0.16148)
(0.0109455 1.35475 -0.209258)
(0.0266117 1.31799 -0.250239)
(0.0393359 1.27124 -0.283)
(0.0494303 1.21634 -0.305988)
(0.056749 1.15373 -0.318108)
(0.0614123 1.08357 -0.319017)
(0.0630667 1.00583 -0.309558)
(0.061757 0.920054 -0.29158)
(0.0577334 0.82595 -0.267369)
(0.0514697 0.724695 -0.239233)
(0.0436362 0.61978 -0.209094)
(0.0349796 0.515848 -0.17834)
(0.0261812 0.416128 -0.147844)
(0.0178126 0.320912 -0.117857)
(0.0103864 0.228398 -0.0877876)
(0.00449555 0.136733 -0.0561342)
(0.000792674 0.0454149 -0.0207947)
(0.179874 2.91613 0.240854)
(-0.116859 0.830224 0.27686)
(0.00237476 0.15044 0.335396)
(-0.0768411 0.0174599 0.334405)
(-0.0949815 0.00124058 0.342926)
(-0.127648 0.029268 0.350691)
(-0.1567 0.132507 0.348283)
(-0.172789 0.346953 0.319894)
(-0.167052 0.659881 0.25616)
(-0.140241 0.995493 0.164892)
(-0.105726 1.25415 0.06817)
(-0.0791872 1.38454 -0.0144277)
(-0.0629327 1.42245 -0.0813606)
(-0.0496385 1.41831 -0.139789)
(-0.0371852 1.39455 -0.192449)
(-0.0251026 1.35997 -0.239339)
(-0.0134601 1.31707 -0.279048)
(-0.00246598 1.26596 -0.309573)
(0.00758677 1.20623 -0.329059)
(0.0163653 1.13815 -0.336389)
(0.0235016 1.06288 -0.331508)
(0.0286597 0.981798 -0.315542)
(0.0315736 0.895523 -0.290718)
(0.0321511 0.803655 -0.259961)
(0.0305489 0.705905 -0.22612)
(0.0271714 0.603752 -0.191521)
(0.0225823 0.500692 -0.157723)
(0.0173446 0.400459 -0.125591)
(0.0119461 0.304977 -0.0954319)
(0.00687785 0.214033 -0.0670608)
(0.00278663 0.126525 -0.0398826)
(0.000167117 0.0416631 -0.0132302)
(0.21737 3.10405 0.261023)
(-0.140682 0.98279 0.327271)
(0.00692366 0.190673 0.386084)
(-0.088387 0.024052 0.391794)
(-0.103558 0.0219218 0.40523)
(-0.135721 0.11223 0.409118)
(-0.1565 0.324823 0.387377)
(-0.157697 0.652919 0.325918)
(-0.13846 1.01274 0.230185)
(-0.112282 1.28791 0.12544)
(-0.0947194 1.42278 0.0355059)
(-0.086099 1.45859 -0.0366502)
(-0.0792543 1.45529 -0.0995683)
(-0.0726713 1.43484 -0.157275)
(-0.0656756 1.40559 -0.210447)
(-0.0579731 1.36995 -0.258168)
(-0.0495047 1.32716 -0.298587)
(-0.0404112 1.27516 -0.329444)
(-0.0309651 1.21243 -0.348654)
(-0.0215222 1.1391 -0.354861)
(-0.0124997 1.05722 -0.347853)
(-0.00432234 0.969872 -0.328748)
(0.00245546 0.879707 -0.299916)
(0.00742412 0.787629 -0.264616)
(0.0104275 0.692891 -0.226263)
(0.0114558 0.594868 -0.187773)
(0.0108322 0.494759 -0.151133)
(0.00903946 0.395442 -0.117355)
(0.00657988 0.299695 -0.0867066)
(0.00394213 0.208795 -0.0589748)
(0.00165894 0.122565 -0.0337195)
(0.000118311 0.0401725 -0.0105952)
(0.24022 3.21712 0.275519)
(-0.152989 1.09459 0.376438)
(0.0126485 0.223915 0.434975)
(-0.0950476 0.037638 0.445635)
(-0.105815 0.0712946 0.45873)
(-0.134525 0.246316 0.449408)
(-0.145152 0.560007 0.40033)
(-0.135784 0.940582 0.308858)
(-0.115948 1.25828 0.198748)
(-0.102362 1.42975 0.100374)
(-0.0982344 1.48316 0.0224568)
(-0.0965944 1.48647 -0.0441686)
(-0.0950341 1.47175 -0.106115)
(-0.0929079 1.44955 -0.164945)
(-0.089651 1.42366 -0.220347)
(-0.084992 1.39347 -0.270828)
(-0.078879 1.35568 -0.31408)
(-0.0713957 1.30648 -0.347486)
(-0.0627215 1.24338 -0.36868)
(-0.0531321 1.16618 -0.376062)
(-0.043006 1.0772 -0.369199)
(-0.0328199 0.980667 -0.349034)
(-0.0231357 0.881409 -0.317875)
(-0.0145441 0.782945 -0.279021)
(-0.00756869 0.686205 -0.236283)
(-0.00253996 0.590007 -0.193185)
(0.000522229 0.49315 -0.152369)
(0.00189419 0.396159 -0.115346)
(0.00202328 0.301017 -0.082647)
(0.00141822 0.209638 -0.0541966)
(0.000609354 0.122821 -0.0296763)
(-1.85366e-05 0.0401856 -0.0088041)
(0.251973 3.28753 0.282688)
(-0.160063 1.17912 0.417868)
(0.0181727 0.254909 0.477629)
(-0.0968161 0.0634338 0.491552)
(-0.10125 0.14864 0.499068)
(-0.124377 0.408236 0.47108)
(-0.126027 0.786303 0.396108)
(-0.113241 1.15698 0.287728)
(-0.101297 1.39626 0.180268)
(-0.0993383 1.49091 0.0940027)
(-0.101691 1.50966 0.023116)
(-0.104074 1.50246 -0.0420698)
(-0.105882 1.48664 -0.104873)
(-0.106574 1.46887 -0.165833)
(-0.105816 1.45035 -0.224177)
(-0.103445 1.42829 -0.278078)
(-0.0993665 1.3979 -0.324999)
(-0.0935268 1.35447 -0.362124)
(-0.0859493 1.2948 -0.386848)
(-0.0767878 1.21793 -0.397265)
(-0.0663561 1.12533 -0.392599)
(-0.0551233 1.02094 -0.373463)
(-0.0436806 0.91051 -0.341889)
(-0.0326921 0.800052 -0.301094)
(-0.0228258 0.69376 -0.255009)
(-0.0146447 0.592616 -0.2076)
(-0.00846949 0.495072 -0.162189)
(-0.00429247 0.399358 -0.120987)
(-0.00181721 0.305194 -0.0850444)
(-0.000587253 0.213579 -0.0545435)
(-0.000111673 0.125517 -0.0291913)
(-3.36832e-05 0.0411233 -0.00848302)
(0.257612 3.33339 0.290131)
(-0.16366 1.24709 0.455697)
(0.0241829 0.288168 0.518393)
(-0.0940133 0.10248 0.53322)
(-0.090717 0.243132 0.530766)
(-0.108596 0.569665 0.482935)
(-0.104968 0.971213 0.388968)
(-0.0951367 1.29769 0.276154)
(-0.092644 1.46714 0.177667)
(-0.0971921 1.52015 0.0995489)
(-0.102444 1.52521 0.0309821)
(-0.107063 1.51522 -0.0346117)
(-0.110766 1.50207 -0.0990177)
(-0.113236 1.49015 -0.162362)
(-0.114309 1.47896 -0.223673)
(-0.11383 1.46464 -0.281071)
(-0.111592 1.44195 -0.332004)
(-0.10737 1.40597 -0.373556)
(-0.101017 1.35319 -0.402867)
(-0.0925549 1.28186 -0.417641)
(-0.0822346 1.19213 -0.416648)
(-0.0705347 1.08629 -0.40006)
(-0.0581009 0.968947 -0.369563)
(-0.0456611 0.846616 -0.328166)
(-0.0339467 0.726193 -0.279782)
(-0.0236195 0.61254 -0.228636)
(-0.0151772 0.506868 -0.178599)
(-0.00884457 0.407443 -0.13262)
(-0.00452942 0.311969 -0.092429)
(-0.00189754 0.219325 -0.0586338)
(-0.00052009 0.129482 -0.0310321)
(-4.48561e-05 0.0425353 -0.0089122)
(0.261263 3.36851 0.299103)
(-0.164575 1.30879 0.49032)
(0.0310308 0.327015 0.556915)
(-0.0882322 0.1519 0.570028)
(-0.0771133 0.341772 0.555589)
(-0.0916118 0.711859 0.490218)
(-0.0865671 1.10767 0.385198)
(-0.0823942 1.38303 0.275087)
(-0.0864295 1.50466 0.184744)
(-0.0935588 1.53689 0.110521)
(-0.100062 1.53613 0.0422571)
(-0.105789 1.52607 -0.0243156)
(-0.110583 1.51584 -0.090345)
(-0.114318 1.50837 -0.155766)
(-0.116901 1.50236 -0.21965)
(-0.118132 1.49373 -0.280294)
(-0.117679 1.47732 -0.335296)
(-0.115144 1.44839 -0.381719)
(-0.110186 1.40347 -0.416446)
(-0.102653 1.34055 -0.436701)
(-0.0926855 1.25894 -0.440633)
(-0.0807584 1.15921 -0.427815)
(-0.067613 1.04364 -0.399476)
(-0.0541209 0.916776 -0.358401)
(-0.0411328 0.785371 -0.308495)
(-0.029379 0.656865 -0.254176)
(-0.0194237 0.536727 -0.199723)
(-0.0116163 0.426506 -0.148701)
(-0.00603305 0.324417 -0.103536)
(-0.00247928 0.227741 -0.065378)
(-0.000586423 0.134629 -0.0342859)
(-1.86212e-05 0.0442876 -0.00960135)
(0.264613 3.40049 0.307359)
(-0.164024 1.37061 0.520165)
(0.0382514 0.372624 0.591068)
(-0.0812516 0.207359 0.600662)
(-0.0627498 0.434904 0.574519)
(-0.0758975 0.82764 0.495715)
(-0.0718494 1.20275 0.386111)
(-0.0728481 1.43424 0.28122)
(-0.0800968 1.5263 0.196372)
(-0.0880153 1.54772 0.123675)
(-0.0950594 1.54419 0.055029)
(-0.101346 1.53446 -0.0125253)
(-0.106868 1.52591 -0.0798003)
(-0.111619 1.52069 -0.146718)
(-0.11554 1.51735 -0.212572)
(-0.118393 1.51202 -0.275984)
(-0.119768 1.49978 -0.33484)
(-0.119124 1.47611 -0.386307)
(-0.115919 1.43773 -0.427082)
(-0.109769 1.38272 -0.453881)
(-0.100606 1.31023 -0.464085)
(-0.0887873 1.22012 -0.456397)
(-0.0750919 1.11305 -0.431331)
(-0.0605768 0.990977 -0.391305)
(-0.0463451 0.858 -0.340257)
(-0.0333256 0.720626 -0.282916)
(-0.0221774 0.586437 -0.224019)
(-0.0132979 0.461228 -0.167678)
(-0.00683898 0.346781 -0.116938)
(-0.00269408 0.241335 -0.0735513)
(-0.000524835 0.141996 -0.0380454)
(3.69549e-06 0.0466232 -0.0101934)
(0.268466 3.43245 0.313437)
(-0.162983 1.43551 0.544529)
(0.0454116 0.424695 0.620052)
(-0.0741108 0.264931 0.625413)
(-0.0485724 0.517185 0.58929)
(-0.0621969 0.917173 0.501363)
(-0.0599424 1.26704 0.391307)
(-0.0644786 1.46552 0.291538)
(-0.0729272 1.53973 0.209888)
(-0.0810157 1.55509 0.1376)
(-0.0882654 1.54998 0.0684178)
(-0.0948475 1.54018 0.000132846)
(-0.100886 1.53194 -0.0678803)
(-0.10645 1.52711 -0.135641)
(-0.111503 1.52448 -0.202743)
(-0.115824 1.52054 -0.268225)
(-0.119011 1.51073 -0.330374)
(-0.120449 1.49067 -0.386625)
(-0.119428 1.45712 -0.433669)
(-0.115322 1.40814 -0.467831)
(-0.107759 1.34285 -0.485683)
(-0.096823 1.26105 -0.484839)
(-0.0831493 1.16309 -0.464707)
(-0.0678526 1.04987 -0.426938)
(-0.0523071 0.923193 -0.375299)
(-0.0377992 0.786589 -0.314913)
(-0.0252684 0.645953 -0.251209)
(-0.0152373 0.508509 -0.189017)
(-0.00788863 0.379919 -0.132048)
(-0.00313357 0.261929 -0.0826867)
(-0.00063485 0.152868 -0.0420906)
(-1.86518e-05 0.0499644 -0.0107352)
(0.272928 3.46546 0.317068)
(-0.161867 1.50445 0.56369)
(0.0520471 0.482249 0.64414)
(-0.0673846 0.321882 0.645385)
(-0.0350607 0.586741 0.601663)
(-0.0505454 0.983969 0.508141)
(-0.0498725 1.30974 0.399701)
(-0.056421 1.48495 0.303971)
(-0.0651237 1.54834 0.223995)
(-0.0731438 1.56018 0.151631)
(-0.0803969 1.55399 0.0819629)
(-0.0870958 1.54368 0.0132469)
(-0.0934376 1.53482 -0.055039)
(-0.0995355 1.5292 -0.123044)
(-0.105407 1.52597 -0.19066)
(-0.110895 1.52218 -0.257363)
(-0.115668 1.5137 -0.321908)
(-0.119143 1.49638 -0.382162)
(-0.120537 1.46692 -0.435057)
(-0.119027 1.42309 -0.476781)
(-0.113928 1.36351 -0.503266)
(-0.104931 1.28757 -0.510991)
(-0.0923463 1.1956 -0.497953)
(-0.0770864 1.08888 -0.464506)
(-0.0606129 0.969127 -0.413714)
(-0.0445528 0.838305 -0.350837)
(-0.0302841 0.699367 -0.282111)
(-0.018669 0.55732 -0.21343)
(-0.0100296 0.418575 -0.149458)
(-0.00429477 0.288135 -0.093367)
(-0.0011337 0.167363 -0.0470376)
(-0.000102036 0.0544934 -0.0116642)
(0.27795 3.50003 0.318348)
(-0.160893 1.5774 0.578258)
(0.0579563 0.544319 0.663574)
(-0.0612472 0.376671 0.661778)
(-0.0223287 0.643842 0.612738)
(-0.0408185 1.03239 0.516103)
(-0.0410007 1.33749 0.410051)
(-0.048489 1.49689 0.317209)
(-0.0570425 1.55383 0.238024)
(-0.0648559 1.5637 0.165396)
(-0.0719621 1.5568 0.0953447)
(-0.0786087 1.54581 0.0264375)
(-0.0850145 1.53587 -0.0417948)
(-0.0913179 1.5288 -0.109604)
(-0.0976062 1.52418 -0.177116)
(-0.103815 1.51967 -0.244172)
(-0.109727 1.51175 -0.310026)
(-0.114884 1.49671 -0.373085)
(-0.118543 1.47138 -0.430759)
(-0.119791 1.43318 -0.479435)
(-0.117703 1.37987 -0.514737)
(-0.111536 1.30959 -0.532198)
(-0.101217 1.22175 -0.528354)
(-0.0871979 1.1177 -0.501857)
(-0.0707344 1.00041 -0.454392)
(-0.0535965 0.872967 -0.390727)
(-0.0375543 0.737669 -0.317634)
(-0.0239668 0.596801 -0.242239)
(-0.0135176 0.454284 -0.170575)
(-0.00628885 0.315326 -0.106937)
(-0.00202147 0.183713 -0.0540335)
(-0.000221207 0.0598292 -0.0135848)
(0.282156 3.53591 0.317219)
(-0.159595 1.6543 0.588868)
(0.0635042 0.610018 0.678593)
(-0.0551856 0.428767 0.675424)
(-0.0107379 0.689932 0.62292)
(-0.0328902 1.06648 0.524824)
(-0.0329296 1.35476 0.421335)
(-0.040716 1.50376 0.330488)
(-0.0489501 1.55715 0.251614)
(-0.0564647 1.56617 0.178661)
(-0.0633148 1.55893 0.108303)
(-0.0697565 1.54734 0.0393233)
(-0.0760021 1.53625 -0.028702)
(-0.0822036 1.52748 -0.096069)
(-0.0884898 1.52097 -0.163048)
(-0.0949157 1.51504 -0.229741)
(-0.101401 1.50691 -0.295841)
(-0.107648 1.49356 -0.360334)
(-0.113062 1.47226 -0.421272)
(-0.116764 1.44044 -0.475562)
(-0.11772 1.39509 -0.518948)
(-0.114878 1.33273 -0.546413)
(-0.107556 1.25066 -0.553196)
(-0.0959377 1.14878 -0.536164)
(-0.0806436 1.03039 -0.495077)
(-0.0633512 0.900856 -0.433405)
(-0.046021 0.764797 -0.357792)
(-0.0304702 0.624606 -0.276359)
(-0.0179137 0.481692 -0.196746)
(-0.00880868 0.338687 -0.124765)
(-0.00310839 0.199169 -0.0641527)
(-0.000337555 0.0651533 -0.0169469)
(0.285728 3.57201 0.314168)
(-0.158656 1.73401 0.595852)
(0.0689245 0.678453 0.689848)
(-0.0489986 0.478297 0.6867)
(-0.000597037 0.726896 0.632143)
(-0.0265119 1.08959 0.533748)
(-0.0253606 1.36444 0.432857)
(-0.0331787 1.50695 0.343385)
(-0.0410178 1.55888 0.26457)
(-0.0481735 1.56794 0.191273)
(-0.0546952 1.56077 0.120631)
(-0.0608194 1.54885 0.0515896)
(-0.0667361 1.53678 -0.0162248)
(-0.0725968 1.52634 -0.0830953)
(-0.0785568 1.51772 -0.149337)
(-0.0847557 1.50982 -0.215208)
(-0.0912451 1.50068 -0.280715)
(-0.0979055 1.48809 -0.345373)
(-0.104345 1.47005 -0.407932)
(-0.109832 1.44448 -0.466054)
(-0.113338 1.40823 -0.516022)
(-0.113712 1.35656 -0.552783)
(-0.109696 1.28423 -0.570665)
(-0.101158 1.18813 -0.564901)
(-0.0880889 1.06975 -0.533108)
(-0.0717024 0.935274 -0.47674)
(-0.0539567 0.79268 -0.401426)
(-0.0369377 0.647711 -0.315643)
(-0.0223998 0.502296 -0.228486)
(-0.0113558 0.356634 -0.147556)
(-0.00414624 0.211842 -0.0778915)
(-0.000421627 0.0697286 -0.0218405)
(0.288702 3.60797 0.309624)
(-0.157277 1.81581 0.599319)
(0.0734752 0.749355 0.698053)
(-0.0429415 0.525785 0.696084)
(0.00802234 0.756618 0.640086)
(-0.0212134 1.10428 0.542383)
(-0.0179908 1.36841 0.444199)
(-0.0259546 1.5073 0.355663)
(-0.0333475 1.55933 0.276787)
(-0.0401099 1.56921 0.203143)
(-0.0462722 1.56258 0.132207)
(-0.0520247 1.55068 0.0630422)
(-0.0575242 1.53794 -0.00466217)
(-0.0629116 1.52606 -0.071133)
(-0.0683462 1.51537 -0.136653)
(-0.0740135 1.50522 -0.201521)
(-0.0800628 1.49438 -0.265932)
(-0.0865335 1.48146 -0.329802)
(-0.093245 1.46533 -0.392529)
(-0.0996832 1.44475 -0.45262)
(-0.104954 1.41717 -0.507217)
(-0.107895 1.37754 -0.551753)
(-0.10716 1.31866 -0.580226)
(-0.101645 1.23383 -0.586494)
(-0.0914916 1.12074 -0.566144)
(-0.0769477 0.983694 -0.518214)
(-0.0597943 0.832328 -0.44645)
(-0.0421629 0.676822 -0.358779)
(-0.0261977 0.5231 -0.265195)
(-0.0135105 0.371906 -0.175066)
(-0.00496678 0.222025 -0.0950294)
(-0.000466573 0.0734006 -0.0280268)
(0.291015 3.64391 0.3037)
(-0.155073 1.89939 0.599488)
(0.0768719 0.823063 0.703463)
(-0.0372223 0.571289 0.703702)
(0.0147936 0.780221 0.646686)
(-0.0162247 1.11212 0.550912)
(-0.0105134 1.36783 0.455251)
(-0.0191411 1.50526 0.367227)
(-0.0259718 1.55868 0.288245)
(-0.0323356 1.57009 0.214261)
(-0.0381523 1.56443 0.143002)
(-0.043538 1.55292 0.0736225)
(-0.0486119 1.53991 0.00587573)
(-0.0534997 1.52697 -0.0603799)
(-0.0583462 1.51447 -0.125346)
(-0.0633485 1.5021 -0.189276)
(-0.0687093 1.48918 -0.25243)
(-0.0745799 1.47502 -0.314974)
(-0.0809606 1.45928 -0.37682)
(-0.0875684 1.44171 -0.437286)
(-0.0937153 1.42092 -0.49452)
(-0.0983355 1.39257 -0.544851)
(-0.100165 1.34867 -0.582533)
(-0.097478 1.27955 -0.600543)
(-0.0903034 1.17828 -0.592672)
(-0.0782533 1.04493 -0.555517)
(-0.0626003 0.887754 -0.490342)
(-0.0453537 0.719715 -0.403586)
(-0.0288066 0.552146 -0.305294)
(-0.0150545 0.389925 -0.20623)
(-0.00552788 0.232127 -0.114826)
(-0.000485367 0.0767308 -0.0351198)
(0.292714 3.67958 0.296459)
(-0.152353 1.98421 0.596726)
(0.0790422 0.899685 0.706207)
(-0.0315376 0.615844 0.709339)
(0.0201177 0.7988 0.652058)
(-0.0107748 1.11478 0.559545)
(-0.00340567 1.36363 0.46576)
(-0.0129903 1.50116 0.378009)
(-0.0189083 1.55698 0.298975)
(-0.0248873 1.57055 0.224671)
(-0.0303985 1.5663 0.153062)
(-0.03546 1.55555 0.0833844)
(-0.0401583 1.54265 0.0154441)
(-0.0446031 1.5291 -0.0508071)
(-0.0489144 1.51523 -0.115459)
(-0.0532739 1.50093 -0.178668)
(-0.0579006 1.4859 -0.240662)
(-0.0630081 1.46994 -0.301721)
(-0.0687241 1.45336 -0.36211)
(-0.0749626 1.43683 -0.421831)
(-0.0812681 1.42032 -0.480042)
(-0.086725 1.4009 -0.534166)
(-0.0900936 1.37102 -0.579175)
(-0.0899785 1.31928 -0.607807)
(-0.0851499 1.2346 -0.612345)
(-0.0757806 1.11181 -0.587135)
(-0.0622153 0.955159 -0.530787)
(-0.0462241 0.777388 -0.447559)
(-0.0300146 0.59394 -0.34663)
(-0.0159237 0.415673 -0.239489)
(-0.00585954 0.245335 -0.136309)
(-0.000494939 0.080698 -0.0427493)
(0.29393 3.71438 0.288112)
(-0.149484 2.06936 0.591452)
(0.0803181 0.978807 0.706503)
(-0.0260634 0.660498 0.713419)
(0.024567 0.814275 0.656264)
(-0.00442683 1.11328 0.567997)
(0.00275184 1.35652 0.474983)
(-0.00740014 1.49517 0.387995)
(-0.0120657 1.55421 0.309023)
(-0.0177705 1.57051 0.23442)
(-0.0230293 1.56808 0.162461)
(-0.0278182 1.5584 0.0924405)
(-0.0322201 1.54598 0.0241979)
(-0.0363239 1.53224 -0.0422244)
(-0.0402227 1.51752 -0.106796)
(-0.0440675 1.50175 -0.169549)
(-0.0480669 1.48484 -0.230618)
(-0.0524572 1.46693 -0.290289)
(-0.0574408 1.44874 -0.349034)
(-0.0630694 1.43175 -0.407387)
(-0.069076 1.41724 -0.465422)
(-0.0747284 1.40401 -0.521715)
(-0.0788953 1.38574 -0.572205)
(-0.08037 1.35046 -0.609856)
(-0.0774766 1.28404 -0.625898)
(-0.0704027 1.17636 -0.612667)
(-0.0590995 1.02661 -0.566277)
(-0.0449138 0.844692 -0.488517)
(-0.0298224 0.647424 -0.386994)
(-0.0161197 0.45096 -0.273127)
(-0.00599359 0.263824 -0.158469)
(-0.000503615 0.0861572 -0.0506108)
(0.294866 3.74808 0.278844)
(-0.146609 2.15424 0.583953)
(0.0813814 1.06037 0.704283)
(-0.021139 0.706127 0.716081)
(0.0281406 0.827441 0.659886)
(0.0022739 1.10815 0.575545)
(0.00758181 1.34631 0.483156)
(-0.00141831 1.48724 0.397462)
(-0.00539457 1.55025 0.318465)
(-0.0109819 1.56984 0.243568)
(-0.0159898 1.56959 0.171305)
(-0.0205556 1.56128 0.100941)
(-0.0247513 1.54962 0.0323448)
(-0.0286319 1.53609 -0.034363)
(-0.0322663 1.52097 -0.0990341)
(-0.0357717 1.50422 -0.161566)
(-0.0393341 1.48582 -0.221968)
(-0.0431881 1.46605 -0.280462)
(-0.0475696 1.44594 -0.337617)
(-0.0526094 1.42758 -0.394365)
(-0.0581681 1.41349 -0.45158)
(-0.0636756 1.40422 -0.508959)
(-0.0681105 1.395 -0.56349)
(-0.0702166 1.37398 -0.608551)
(-0.0687926 1.32499 -0.634754)
(-0.0634292 1.23386 -0.632747)
(-0.0541647 1.09498 -0.596398)
(-0.0419277 0.914256 -0.525114)
(-0.028428 0.707469 -0.424613)
(-0.0156965 0.493852 -0.305586)
(-0.00594772 0.287677 -0.18037)
(-0.00051475 0.093396 -0.0584488)
(0.295681 3.78023 0.268918)
(-0.144291 2.2379 0.574513)
(0.0825224 1.14344 0.699723)
(-0.016425 0.753336 0.716741)
(0.0307314 0.83964 0.663026)
(0.00857239 1.10049 0.581707)
(0.0121836 1.33361 0.490779)
(0.00495105 1.47744 0.406212)
(0.000805851 1.54503 0.327219)
(-0.00451695 1.56834 0.252194)
(-0.0091953 1.57062 0.179685)
(-0.0135839 1.56392 0.109017)
(-0.0176462 1.55326 0.0400749)
(-0.0214051 1.54022 -0.0269582)
(-0.0249104 1.5251 -0.0918276)
(-0.0282505 1.5078 -0.154298)
(-0.0315856 1.48828 -0.214236)
(-0.0351375 1.46686 -0.271759)
(-0.0391512 1.44476 -0.327465)
(-0.0437955 1.42463 -0.382592)
(-0.0489995 1.41013 -0.43872)
(-0.0542805 1.40349 -0.496596)
(-0.0586991 1.40146 -0.554245)
(-0.0611081 1.39254 -0.605529)
(-0.0605026 1.359 -0.64062)
(-0.0561186 1.28355 -0.648723)
(-0.0484129 1.15664 -0.621732)
(-0.0379306 0.980376 -0.557003)
(-0.0261463 0.76824 -0.458453)
(-0.0147394 0.540329 -0.335684)
(-0.00571794 0.315173 -0.201201)
(-0.000538931 0.102073 -0.0660281)
(0.296536 3.81064 0.258685)
(-0.142604 2.31959 0.563398)
(0.0835163 1.22746 0.69328)
(-0.0118429 0.802536 0.71524)
(0.0328461 0.851941 0.665173)
(0.0144668 1.09119 0.586732)
(0.0167559 1.31868 0.497857)
(0.0111687 1.46559 0.414038)
(0.00686257 1.5384 0.335216)
(0.00186181 1.56591 0.260262)
(-0.00258631 1.57098 0.187651)
(-0.0067912 1.5661 0.116758)
(-0.0107606 1.5566 0.0475316)
(-0.0144707 1.54426 -0.0197947)
(-0.017955 1.52938 -0.0848765)
(-0.0212781 1.51183 -0.147351)
(-0.024577 1.49149 -0.206936)
(-0.0280578 1.46862 -0.263625)
(-0.0319605 1.4446 -0.318011)
(-0.0364599 1.4226 -0.371593)
(-0.0415001 1.40743 -0.426599)
(-0.0466247 1.40291 -0.484761)
(-0.0509395 1.40715 -0.545085)
(-0.0533547 1.40879 -0.601893)
(-0.0530527 1.38868 -0.644919)
(-0.0492811 1.32698 -0.662026)
(-0.0425539 1.21115 -0.643352)
(-0.033512 1.04033 -0.584574)
(-0.023319 0.825597 -0.488181)
(-0.0133674 0.586467 -0.362683)
(-0.00530808 0.343905 -0.220309)
(-0.00057873 0.111482 -0.0731154)
(0.29749 3.83967 0.248404)
(-0.141261 2.39922 0.55078)
(0.0842653 1.31218 0.685046)
(-0.0073946 0.854061 0.711784)
(0.0348409 0.865171 0.666018)
(0.0200978 1.08093 0.59064)
(0.0213391 1.30175 0.504052)
(0.0170991 1.45161 0.421009)
(0.0129127 1.53006 0.34254)
(0.00832926 1.56228 0.267741)
(0.0040494 1.57049 0.195174)
(-5.20595e-05 1.56758 0.124201)
(-0.00394416 1.55936 0.054811)
(-0.00764852 1.54781 -0.0127155)
(-0.0111896 1.53333 -0.0779444)
(-0.0146124 1.51571 -0.140396)
(-0.0180354 1.49472 -0.199639)
(-0.0216505 1.47055 -0.255537)
(-0.0256856 1.44471 -0.308669)
(-0.0303023 1.42094 -0.360788)
(-0.0354201 1.40522 -0.414762)
(-0.0405629 1.40289 -0.47327)
(-0.0448439 1.41317 -0.536219)
(-0.0472186 1.42451 -0.598269)
(-0.0468702 1.41614 -0.648609)
(-0.04343 1.36599 -0.673814)
(-0.0373035 1.25937 -0.662405)
(-0.0292426 1.09349 -0.608652)
(-0.0203392 0.877463 -0.514043)
(-0.0117729 0.629604 -0.386318)
(-0.00477467 0.37182 -0.237277)
(-0.000594304 0.120906 -0.0795125)
(0.298506 3.86799 0.238131)
(-0.139939 2.4774 0.536782)
(0.084835 1.39773 0.674912)
(-0.00302323 0.908253 0.706536)
(0.0368251 0.880108 0.665458)
(0.0255319 1.07033 0.593369)
(0.0260188 1.28307 0.509193)
(0.0228896 1.43541 0.427127)
(0.0190326 1.51972 0.349199)
(0.0148662 1.55712 0.27467)
(0.0107943 1.56885 0.202256)
(0.0068179 1.56814 0.131361)
(0.00296663 1.56128 0.0619679)
(-0.000773595 1.55059 -0.00560089)
(-0.00442318 1.53655 -0.0708464)
(-0.00803308 1.51894 -0.133172)
(-0.0117042 1.49738 -0.191988)
(-0.0156211 1.47201 -0.247041)
(-0.0199925 1.44444 -0.298906)
(-0.0249564 1.41909 -0.349607)
(-0.030387 1.40313 -0.402665)
(-0.0357597 1.4034 -0.4617)
(-0.0401605 1.41991 -0.527438)
(-0.0425669 1.44046 -0.594759)
(-0.0422602 1.44245 -0.652192)
(-0.038855 1.40176 -0.684945)
(-0.0330769 1.30224 -0.679971)
(-0.0255516 1.14004 -0.630273)
(-0.0175632 0.923075 -0.536709)
(-0.010152 0.668326 -0.406763)
(-0.00417873 0.397602 -0.251964)
(-0.000573355 0.129826 -0.0850933)
(0.299502 3.896 0.227736)
(-0.138385 2.55493 0.521536)
(0.0852599 1.48451 0.662869)
(0.00122692 0.965492 0.699534)
(0.0388563 0.89745 0.663447)
(0.0307815 1.06004 0.594873)
(0.0308257 1.2629 0.513222)
(0.0286507 1.41689 0.432334)
(0.0252665 1.50709 0.355098)
(0.0215164 1.55008 0.280993)
(0.0177051 1.56575 0.208894)
(0.013887 1.5675 0.138237)
(0.0100966 1.56212 0.0690149)
(0.00631904 1.55231 0.00158937)
(0.00250012 1.53873 -0.0634786)
(-0.00136194 1.52113 -0.125481)
(-0.00537125 1.49904 -0.183708)
(-0.00971612 1.4725 -0.237785)
(-0.0145751 1.44334 -0.2883)
(-0.0200603 1.41662 -0.337573)
(-0.0259999 1.40081 -0.389809)
(-0.0318048 1.40414 -0.449561)
(-0.0365292 1.42711 -0.518317)
(-0.0391595 1.45648 -0.59108)
(-0.0390378 1.46761 -0.655658)
(-0.0357264 1.43458 -0.695812)
(-0.0301192 1.34022 -0.696835)
(-0.0228742 1.18026 -0.650446)
(-0.0153669 0.962144 -0.557092)
(-0.00874899 0.701859 -0.424543)
(-0.00361407 0.420437 -0.264504)
(-0.000548366 0.137898 -0.089837)
(0.30038 3.92347 0.216999)
(-0.136489 2.63221 0.505186)
(0.0855366 1.57281 0.649091)
(0.00525575 1.02611 0.69078)
(0.0409252 0.917873 0.659926)
(0.0358243 1.05074 0.595085)
(0.0357232 1.24157 0.516075)
(0.0344093 1.39603 0.436544)
(0.0316167 1.49188 0.360139)
(0.0283229 1.54079 0.286622)
(0.0248283 1.56082 0.215018)
(0.0212101 1.56534 0.144791)
(0.0175027 1.5616 0.0759524)
(0.0136869 1.55273 0.00888438)
(0.00972371 1.5396 -0.0557782)
(0.00557483 1.52199 -0.117218)
(0.00113997 1.49937 -0.174624)
(-0.0037164 1.47174 -0.227524)
(-0.00915724 1.44113 -0.276553)
(-0.0152702 1.41328 -0.324336)
(-0.0218559 1.39794 -0.375768)
(-0.0282817 1.40459 -0.436326)
(-0.0335889 1.43398 -0.508232)
(-0.0367623 1.47156 -0.586582)
(-0.0371355 1.49076 -0.65849)
(-0.034381 1.46409 -0.706298)
(-0.028765 1.37355 -0.713441)
(-0.0216219 1.21461 -0.670118)
(-0.0141491 0.994835 -0.576328)
(-0.00784686 0.729892 -0.440578)
(-0.00320952 0.439858 -0.275394)
(-0.000535619 0.144902 -0.093896)
(0.301056 3.9494 0.205752)
(-0.134412 2.70847 0.487866)
(0.0856039 1.66236 0.633875)
(0.00888664 1.09032 0.680293)
(0.0429409 0.94204 0.65481)
(0.0405911 1.04322 0.593893)
(0.0406311 1.21958 0.517649)
(0.0401414 1.3729 0.439648)
(0.0380468 1.47385 0.364215)
(0.03528 1.52884 0.291451)
(0.0321737 1.55365 0.220529)
(0.0288111 1.56129 0.150948)
(0.0252222 1.55943 0.082723)
(0.0213947 1.55161 0.0162718)
(0.0172876 1.53895 -0.0477107)
(0.0128525 1.52133 -0.108324)
(0.00800357 1.49818 -0.164644)
(0.00259941 1.46957 -0.216149)
(-0.00347139 1.43769 -0.263522)
(-0.0102477 1.40894 -0.3097)
(-0.0175364 1.39418 -0.360228)
(-0.0247186 1.404 -0.421476)
(-0.0308674 1.4392 -0.496401)
(-0.0349886 1.48404 -0.580285)
(-0.0362901 1.51041 -0.659714)
(-0.0345269 1.48967 -0.715761)
(-0.0291769 1.40272 -0.729825)
(-0.0220344 1.24428 -0.690069)
(-0.01418 1.02218 -0.595686)
(-0.0076712 0.752807 -0.456129)
(-0.00308013 0.455799 -0.285496)
(-0.000551265 0.150746 -0.0975992)
(0.301526 3.97226 0.194113)
(-0.132782 2.78138 0.469756)
(0.0853824 1.75177 0.617499)
(0.0117692 1.15788 0.668041)
(0.0448487 0.970518 0.647978)
(0.0449846 1.03834 0.591144)
(0.045446 1.19757 0.517803)
(0.0457929 1.3477 0.441505)
(0.0444895 1.45281 0.367194)
(0.0423334 1.51383 0.295351)
(0.039696 1.54377 0.225307)
(0.0366569 1.55494 0.156596)
(0.0332447 1.55524 0.0892408)
(0.0294525 1.54864 0.0236841)
(0.0252319 1.53653 -0.0393233)
(0.0205339 1.51893 -0.0988055)
(0.0152859 1.49532 -0.153763)
(0.00938039 1.46586 -0.203649)
(0.00272143 1.433 -0.24923)
(-0.00468603 1.40352 -0.293661)
(-0.0126562 1.38917 -0.343044)
(-0.0206612 1.40139 -0.40459)
(-0.0278676 1.44109 -0.482029)
(-0.0333463 1.49183 -0.571061)
(-0.0361759 1.52482 -0.6581)
(-0.0356647 1.51071 -0.723162)
(-0.0311912 1.42869 -0.745536)
(-0.0241728 1.2714 -0.710738)
(-0.0155889 1.04645 -0.616367)
(-0.00835605 0.77204 -0.472638)
(-0.00330053 0.468769 -0.295925)
(-0.000605719 0.155505 -0.101399)
(0.301959 3.99082 0.182709)
(-0.132635 2.84768 0.45114)
(0.0848541 1.83845 0.600057)
(0.0134526 1.22797 0.653852)
(0.0465322 1.00366 0.639229)
(0.0489405 1.03691 0.586666)
(0.0500615 1.17628 0.516373)
(0.0512926 1.32078 0.441963)
(0.0508541 1.42868 0.368934)
(0.0493897 1.49537 0.298183)
(0.047299 1.53066 0.229219)
(0.0446581 1.54578 0.161614)
(0.0414895 1.54861 0.0953949)
(0.0377898 1.54345 0.0310225)
(0.0335106 1.53204 -0.0307057)
(0.0286034 1.51457 -0.0887585)
(0.0230168 1.49066 -0.142092)
(0.0166787 1.46059 -0.19016)
(0.00953171 1.42702 -0.233814)
(0.00163239 1.39701 -0.276391)
(-0.00690999 1.38257 -0.324296)
(-0.0157158 1.39581 -0.385433)
(-0.024106 1.43796 -0.464438)
(-0.0312608 1.49286 -0.55778)
(-0.0361396 1.53227 -0.652261)
(-0.0375233 1.52671 -0.727236)
(-0.0343041 1.4527 -0.759782)
(-0.0276155 1.29888 -0.732172)
(-0.0183085 1.0712 -0.639314)
(-0.00988461 0.790382 -0.491525)
(-0.00386096 0.48014 -0.30789)
(-0.000686099 0.159507 -0.10578)
(0.302619 4.00489 0.172771)
(-0.135177 2.90473 0.432396)
(0.0840049 1.91959 0.581327)
(0.0135878 1.29929 0.637456)
(0.047662 1.04147 0.628201)
(0.0524167 1.03966 0.580176)
(0.0543828 1.15651 0.513176)
(0.0565628 1.2926 0.440879)
(0.0570369 1.40149 0.36931)
(0.0563213 1.47315 0.299824)
(0.0548382 1.51384 0.232138)
(0.05266 1.53325 0.165873)
(0.0498003 1.53901 0.101058)
(0.0462568 1.53562 0.0381615)
(0.041984 1.52513 -0.0219893)
(0.0369388 1.50798 -0.0783341)
(0.0310992 1.48401 -0.129822)
(0.0244413 1.45368 -0.175931)
(0.0169593 1.41976 -0.217573)
(0.00871083 1.38932 -0.258186)
(-0.000183691 1.37417 -0.304274)
(-0.00962194 1.38656 -0.364082)
(-0.0191937 1.42858 -0.443292)
(-0.0281389 1.48558 -0.539602)
(-0.0353834 1.53143 -0.640913)
(-0.0392495 1.53713 -0.726564)
(-0.037633 1.47574 -0.771424)
(-0.0316229 1.32957 -0.7539)
(-0.0220292 1.10061 -0.664987)
(-0.0121089 0.811748 -0.513946)
(-0.00471554 0.492219 -0.322505)
(-0.000776711 0.163394 -0.111168)
(0.303604 4.01565 0.16705)
(-0.142419 2.95113 0.414194)
(0.0831082 1.99322 0.560306)
(0.0124448 1.37079 0.618609)
(0.0485106 1.08379 0.614555)
(0.0554245 1.04718 0.571348)
(0.0584451 1.13907 0.508038)
(0.0615799 1.2638 0.438158)
(0.0629486 1.37148 0.368259)
(0.0629868 1.44702 0.30021)
(0.0621323 1.49289 0.233983)
(0.0604534 1.51684 0.169275)
(0.0579508 1.52591 0.106115)
(0.0546187 1.52465 0.0449716)
(0.0504163 1.51537 -0.0133235)
(0.0453096 1.49883 -0.0677146)
(0.0393143 1.47515 -0.117182)
(0.0324622 1.44499 -0.161257)
(0.0247888 1.41115 -0.200876)
(0.0163575 1.38039 -0.23944)
(0.00736663 1.36393 -0.283384)
(-0.00244405 1.37357 -0.341018)
(-0.0130004 1.41266 -0.418812)
(-0.0236375 1.46947 -0.516282)
(-0.0332587 1.52147 -0.623189)
(-0.0397858 1.54116 -0.719698)
(-0.0408069 1.49775 -0.778988)
(-0.0355986 1.36507 -0.774938)
(-0.0261676 1.13817 -0.693304)
(-0.0147792 0.840347 -0.540621)
(-0.00582005 0.508005 -0.340655)
(-0.00088723 0.168112 -0.117927)
(0.305124 4.03528 0.168164)
(-0.151067 2.99732 0.396788)
(0.082784 2.06387 0.534767)
(0.0118056 1.44344 0.597284)
(0.0496407 1.13081 0.598199)
(0.0583433 1.05995 0.560125)
(0.0624421 1.12475 0.500974)
(0.0663959 1.23514 0.433856)
(0.068533 1.33914 0.365839)
(0.0692524 1.41709 0.299374)
(0.0689877 1.4676 0.234752)
(0.0677987 1.49614 0.171777)
(0.0656676 1.50881 0.110492)
(0.0625774 1.51004 0.051348)
(0.0584886 1.50232 -0.00484753)
(0.0533812 1.48675 -0.0570793)
(0.0473133 1.46378 -0.104406)
(0.0403746 1.4343 -0.146435)
(0.0326604 1.40103 -0.184102)
(0.0242512 1.37019 -0.220643)
(0.0151691 1.35197 -0.262185)
(0.00529011 1.35741 -0.316917)
(-0.00570909 1.39112 -0.391808)
(-0.0176635 1.44533 -0.488397)
(-0.0293009 1.50251 -0.59905)
(-0.0383092 1.53793 -0.705731)
(-0.0426441 1.51747 -0.780927)
(-0.0386423 1.40504 -0.793825)
(-0.0297783 1.18542 -0.723427)
(-0.0173067 0.879325 -0.5715)
(-0.00695055 0.530441 -0.362665)
(-0.00100093 0.174749 -0.126205)
(0.310503 4.0884 0.16894)
(-0.14354 3.08449 0.379918)
(0.0831184 2.15641 0.505269)
(0.0158432 1.52499 0.574188)
(0.0513629 1.18461 0.579738)
(0.0616006 1.0788 0.547031)
(0.0665756 1.11451 0.492364)
(0.0710337 1.20769 0.428247)
(0.0737262 1.30534 0.36227)
(0.0749934 1.38388 0.297484)
(0.0752238 1.4381 0.234549)
(0.0744652 1.47097 0.173427)
(0.0726744 1.48737 0.114189)
(0.0698122 1.49136 0.0572554)
(0.065845 1.48556 0.00336898)
(0.0607633 1.47136 -0.046537)
(0.0546575 1.44957 -0.091644)
(0.0476787 1.42131 -0.131656)
(0.0399784 1.38916 -0.16749)
(0.031657 1.35862 -0.202134)
(0.0226895 1.33859 -0.24124)
(0.0128757 1.33916 -0.292571)
(0.00177348 1.36591 -0.363525)
(-0.0108029 1.41538 -0.45739)
(-0.0238592 1.47599 -0.569687)
(-0.0350539 1.5272 -0.685079)
(-0.0416895 1.53296 -0.776396)
(-0.0398792 1.44711 -0.808799)
(-0.0323452 1.24111 -0.753637)
(-0.0191987 0.929277 -0.605531)
(-0.00784459 0.561119 -0.388026)
(-0.00108433 0.184113 -0.135762)
(0.312431 4.15786 0.150213)
(-0.107986 3.22943 0.361737)
(0.0844026 2.29678 0.48177)
(0.0259425 1.62827 0.552254)
(0.053868 1.24987 0.561283)
(0.0652115 1.1057 0.533406)
(0.0706644 1.10989 0.482926)
(0.0752924 1.18303 0.421773)
(0.0783882 1.27153 0.357875)
(0.0800824 1.34846 0.294787)
(0.0806997 1.40504 0.233562)
(0.0802843 1.44158 0.174362)
(0.0787649 1.46153 0.1173)
(0.076075 1.46839 0.0627495)
(0.0721781 1.46478 0.0113536)
(0.067089 1.45234 -0.0360917)
(0.0609257 1.43222 -0.0789159)
(0.0538835 1.40572 -0.11694)
(0.0461611 1.37525 -0.151054)
(0.0378872 1.34552 -0.183951)
(0.0290257 1.32408 -0.220715)
(0.0193078 1.31991 -0.268558)
(0.00832226 1.33934 -0.335023)
(-0.00442602 1.38271 -0.424927)
(-0.0183201 1.44463 -0.536927)
(-0.0310857 1.51002 -0.659127)
(-0.0394517 1.54293 -0.765705)
(-0.0398719 1.48823 -0.818895)
(-0.0336875 1.30204 -0.782371)
(-0.0207175 0.988273 -0.641341)
(-0.00853054 0.599664 -0.415883)
(-0.00113367 0.19636 -0.14618)
(0.305387 4.1607 0.111096)
(-0.0882776 3.33767 0.343108)
(0.0845426 2.43984 0.472226)
(0.0319433 1.7459 0.533995)
(0.0550317 1.3275 0.544727)
(0.0676366 1.14264 0.520243)
(0.0735921 1.11314 0.473017)
(0.0786302 1.16343 0.414609)
(0.0822676 1.23976 0.352799)
(0.0844061 1.31248 0.291434)
(0.0853654 1.36951 0.231953)
(0.0852189 1.40856 0.174748)
(0.0838794 1.43149 0.119986)
(0.0812664 1.44109 0.0679753)
(0.0773528 1.43983 0.0192287)
(0.0721801 1.42952 -0.0256293)
(0.0658844 1.41153 -0.0661012)
(0.0586939 1.3873 -0.102135)
(0.0508428 1.35906 -0.134592)
(0.0424877 1.33075 -0.165868)
(0.0336074 1.30862 -0.200454)
(0.0239238 1.3005 -0.244933)
(0.0129382 1.31321 -0.306789)
(0.000179576 1.3502 -0.392066)
(-0.0140489 1.41164 -0.502236)
(-0.0277688 1.4887 -0.629253)
(-0.0376855 1.54774 -0.749723)
(-0.0404279 1.52663 -0.824293)
(-0.034355 1.36536 -0.809082)
(-0.022515 1.05369 -0.678262)
(-0.00929053 0.644572 -0.445912)
(-0.00121046 0.211124 -0.157333)
(0.281349 4.0776 0.092482)
(-0.124371 3.30462 0.328354)
(0.0794851 2.50111 0.462688)
(0.0223581 1.84246 0.514241)
(0.0526365 1.40677 0.528018)
(0.0670634 1.18806 0.506057)
(0.0742682 1.12562 0.461649)
(0.0807125 1.15105 0.406154)
(0.0853595 1.2122 0.346707)
(0.0881003 1.27772 0.287304)
(0.0894331 1.3328 0.229769)
(0.0894995 1.37273 0.174742)
(0.0882293 1.39771 0.122456)
(0.0855662 1.40969 0.073158)
(0.081513 1.41082 0.0272153)
(0.0761407 1.40292 -0.0149339)
(0.0695993 1.38746 -0.052971)
(0.0621381 1.36595 -0.0869707)
(0.0540161 1.34044 -0.117776)
(0.0454137 1.31419 -0.147503)
(0.0363333 1.29227 -0.18007)
(0.0265139 1.28141 -0.22141)
(0.0154517 1.28862 -0.278817)
(0.00269775 1.31976 -0.359221)
(-0.011712 1.3796 -0.466568)
(-0.0260201 1.46571 -0.596663)
(-0.0369755 1.54871 -0.729381)
(-0.0422423 1.56207 -0.825311)
(-0.036209 1.4299 -0.833784)
(-0.0250314 1.12412 -0.716674)
(-0.010362 0.694638 -0.478764)
(-0.00138034 0.227978 -0.169559)
(0.252643 4.01371 0.119865)
(-0.171785 3.1628 0.305334)
(0.0619779 2.45816 0.430294)
(0.00040591 1.88724 0.485793)
(0.0486974 1.4708 0.505242)
(0.0640401 1.23612 0.486986)
(0.0736938 1.14638 0.446829)
(0.0825191 1.14675 0.395282)
(0.088459 1.19019 0.33897)
(0.0919005 1.2455 0.282145)
(0.0935964 1.296 0.227032)
(0.0937651 1.33488 0.174532)
(0.0924023 1.36076 0.124985)
(0.0895182 1.3746 0.0785968)
(0.085163 1.37806 0.0356081)
(0.079435 1.37274 -0.00371792)
(0.0725039 1.36013 -0.0392311)
(0.0646288 1.34173 -0.0711297)
(0.0560868 1.3194 -0.100247)
(0.0470766 1.29582 -0.128446)
(0.0376214 1.27505 -0.159119)
(0.0274889 1.2628 -0.197565)
(0.0162101 1.26598 -0.250787)
(0.00334784 1.29218 -0.326386)
(-0.0112482 1.34986 -0.430418)
(-0.0260768 1.4426 -0.562342)
(-0.0380559 1.54688 -0.705682)
(-0.0444189 1.59487 -0.822265)
(-0.0399686 1.49593 -0.856572)
(-0.02881 1.20008 -0.757576)
(-0.011972 0.749835 -0.516007)
(-0.00157995 0.246739 -0.183537)
(0.295158 4.10467 0.170346)
(-0.185363 3.18474 0.290589)
(0.055035 2.44147 0.371229)
(-0.00976211 1.9115 0.448656)
(0.0463868 1.52177 0.471832)
(0.0627557 1.28393 0.460442)
(0.0754495 1.17352 0.427423)
(0.0862708 1.15004 0.381421)
(0.0931933 1.1741 0.32936)
(0.0971581 1.21654 0.275998)
(0.0990313 1.25994 0.223968)
(0.0990739 1.29587 0.174459)
(0.0973848 1.32144 0.127957)
(0.0940571 1.33652 0.0846823)
(0.0891884 1.34208 0.0447845)
(0.082905 1.33938 0.00838363)
(0.0754129 1.32978 -0.0245309)
(0.0669669 1.31475 -0.0542729)
(0.0578633 1.29599 -0.0816658)
(0.0483092 1.27567 -0.108343)
(0.0383388 1.25697 -0.137211)
(0.0277445 1.2446 -0.172954)
(0.0160795 1.24514 -0.222211)
(0.00287892 1.26727 -0.29308)
(-0.0121091 1.32234 -0.393554)
(-0.0276138 1.41949 -0.526508)
(-0.0406907 1.54217 -0.679114)
(-0.0479743 1.62471 -0.815346)
(-0.0455364 1.56404 -0.877406)
(-0.0345094 1.2838 -0.802044)
(-0.0150326 0.811804 -0.560172)
(-0.00183684 0.267422 -0.200497)
(0.322303 4.30454 0.156845)
(-0.0655224 3.53589 0.296327)
(0.0741421 2.7086 0.342262)
(0.0274669 2.04602 0.416101)
(0.0543145 1.60816 0.436682)
(0.0701995 1.34522 0.431154)
(0.0835751 1.21004 0.405559)
(0.0942478 1.1617 0.365696)
(0.101251 1.1647 0.318627)
(0.105341 1.19197 0.269468)
(0.107091 1.22597 0.221118)
(0.10674 1.25709 0.175035)
(0.10448 1.28104 0.131878)
(0.100464 1.29651 0.0919089)
(0.0948333 1.30365 0.0552233)
(0.0877604 1.30331 0.0218164)
(0.0794938 1.29667 -0.0084797)
(0.0703072 1.28514 -0.0360782)
(0.0605084 1.27025 -0.0617679)
(0.050307 1.25371 -0.0869496)
(0.0397432 1.23788 -0.114073)
(0.0286085 1.22652 -0.147211)
(0.0164227 1.22555 -0.192563)
(0.0026339 1.24413 -0.258615)
(-0.0130242 1.2959 -0.355216)
(-0.0293879 1.39511 -0.488515)
(-0.0436443 1.53308 -0.64904)
(-0.0527316 1.64987 -0.80365)
(-0.0525476 1.63426 -0.895186)
(-0.0415601 1.37937 -0.850446)
(-0.020793 0.885427 -0.614836)
(-0.00237385 0.29079 -0.222995)
(0.296254 4.30026 0.038399)
(0.0212809 3.78551 0.253431)
(0.105094 3.07458 0.364746)
(0.0821584 2.32772 0.415649)
(0.0771096 1.78447 0.420867)
(0.0870374 1.45062 0.410883)
(0.0978325 1.26964 0.386715)
(0.106708 1.18818 0.350631)
(0.113344 1.16605 0.308009)
(0.117478 1.17512 0.263184)
(0.119053 1.19708 0.218858)
(0.11825 1.22114 0.176577)
(0.115288 1.24164 0.137085)
(0.110363 1.25608 0.100653)
(0.103688 1.2638 0.0673109)
(0.0955377 1.26516 0.0369248)
(0.0862406 1.26117 0.00920292)
(0.0761554 1.25309 -0.0163248)
(0.0655577 1.24221 -0.0403672)
(0.0546872 1.22981 -0.0641228)
(0.0435515 1.2175 -0.0895863)
(0.031863 1.20802 -0.120155)
(0.019054 1.20638 -0.16151)
(0.00454756 1.22167 -0.222528)
(-0.0118612 1.2693 -0.314954)
(-0.0290146 1.36817 -0.447892)
(-0.0442383 1.51771 -0.61455)
(-0.0552195 1.66725 -0.784958)
(-0.0595253 1.70439 -0.906057)
(-0.0496415 1.4907 -0.899908)
(-0.0300544 0.979213 -0.682899)
(-0.00385327 0.319044 -0.255407)
(0.253618 4.06091 -0.0483454)
(-0.0621302 3.64555 0.214884)
(0.108279 3.16789 0.380081)
(0.0931268 2.5466 0.420276)
(0.0885999 1.98847 0.419628)
(0.101386 1.59566 0.401669)
(0.111957 1.36121 0.372796)
(0.12121 1.23883 0.337042)
(0.129084 1.18597 0.297567)
(0.134221 1.17241 0.256908)
(0.13623 1.17846 0.21704)
(0.135295 1.19204 0.179227)
(0.131684 1.20622 0.144064)
(0.125712 1.21739 0.111697)
(0.117783 1.22409 0.0820095)
(0.108359 1.22618 0.0547228)
(0.0979069 1.22431 0.029449)
(0.0868762 1.21946 0.00571208)
(0.0755769 1.21255 -0.0171203)
(0.0640717 1.20435 -0.0398918)
(0.0522693 1.19583 -0.0639627)
(0.0398541 1.18876 -0.0919797)
(0.0263017 1.18708 -0.129247)
(0.0111788 1.19954 -0.18531)
(-0.00530388 1.24306 -0.273844)
(-0.0219231 1.34017 -0.406032)
(-0.03695 1.49734 -0.576544)
(-0.0494591 1.6748 -0.757823)
(-0.0585041 1.76904 -0.904175)
(-0.0544698 1.6181 -0.942299)
(-0.0409595 1.10424 -0.762913)
(-0.00735492 0.357719 -0.304066)
(0.180498 3.85017 -0.00331148)
(-0.173277 3.2107 0.171559)
(0.0493037 2.91371 0.322705)
(0.0310892 2.50522 0.387065)
(0.0683787 2.0559 0.402344)
(0.0952599 1.69335 0.384001)
(0.114929 1.44864 0.353421)
(0.132275 1.30163 0.319104)
(0.145907 1.2223 0.283463)
(0.154811 1.18536 0.247927)
(0.159175 1.17281 0.213696)
(0.159449 1.17278 0.181474)
(0.156125 1.17788 0.151477)
(0.149809 1.18381 0.12361)
(0.141185 1.18831 0.0976016)
(0.130919 1.19053 0.0730973)
(0.119607 1.19042 0.0497445)
(0.107703 1.18836 0.0272751)
(0.095477 1.18492 0.00552232)
(0.0829299 1.18049 -0.0157989)
(0.06997 1.17536 -0.0376204)
(0.0566235 1.17064 -0.0625158)
(0.0426052 1.16953 -0.0960063)
(0.0279194 1.18084 -0.148673)
(0.0133202 1.22302 -0.235489)
(-0.000131423 1.32027 -0.367651)
(-0.0128812 1.48237 -0.539318)
(-0.0263774 1.67814 -0.724005)
(-0.0401017 1.82246 -0.884701)
(-0.047413 1.75292 -0.963651)
(-0.0461466 1.26781 -0.842762)
(-0.0144025 0.417405 -0.375428)
(0.198171 3.87185 0.107217)
(-0.23502 2.98062 0.139898)
(-0.0408363 2.54982 0.238313)
(-0.0509462 2.25332 0.313966)
(0.0185195 1.94127 0.339239)
(0.0623697 1.67435 0.330319)
(0.10229 1.47632 0.309322)
(0.136256 1.3423 0.283925)
(0.162027 1.25816 0.257224)
(0.179939 1.20928 0.230937)
(0.191009 1.18371 0.205873)
(0.196108 1.17261 0.182225)
(0.196128 1.16977 0.15983)
(0.19203 1.17098 0.138384)
(0.184726 1.17351 0.117553)
(0.175006 1.17568 0.0970211)
(0.163526 1.17659 0.0766095)
(0.150777 1.1759 0.0563712)
(0.137101 1.17373 0.0365035)
(0.122993 1.17072 0.0168253)
(0.109415 1.16788 -0.00379479)
(0.095708 1.16506 -0.0285199)
(0.0822908 1.16622 -0.0630623)
(0.0702191 1.18163 -0.118428)
(0.0604024 1.23016 -0.20854)
(0.0521396 1.33393 -0.341121)
(0.0422259 1.49912 -0.507587)
(0.0267172 1.69849 -0.684244)
(0.00485408 1.8686 -0.842336)
(-0.0178376 1.87857 -0.944488)
(-0.0329148 1.46496 -0.891619)
(-0.0239265 0.512488 -0.46397)
(0.293813 4.14042 0.194911)
(-0.170074 3.32592 0.181491)
(0.000320241 2.67699 0.20213)
(-0.0385131 2.27392 0.240219)
(0.0316564 1.99252 0.243274)
(0.0887776 1.78432 0.235517)
(0.14547 1.62867 0.22482)
(0.195267 1.51306 0.213392)
(0.235037 1.4286 0.200767)
(0.264623 1.36798 0.187291)
(0.28479 1.32517 0.173882)
(0.29651 1.29555 0.160626)
(0.300973 1.2755 0.14721)
(0.299319 1.2621 0.13341)
(0.29284 1.25299 0.119075)
(0.282437 1.24622 0.104112)
(0.269104 1.24031 0.0883578)
(0.253708 1.23434 0.0717179)
(0.237265 1.22799 0.0541136)
(0.220976 1.22181 0.0350816)
(0.205604 1.21744 0.013569)
(0.193321 1.21909 -0.0130371)
(0.184765 1.23007 -0.0520186)
(0.17933 1.25957 -0.113056)
(0.175566 1.32308 -0.204522)
(0.169744 1.43476 -0.327962)
(0.156256 1.59297 -0.473714)
(0.130828 1.77272 -0.624067)
(0.0932788 1.93059 -0.759674)
(0.0484447 1.98209 -0.857855)
(0.00795548 1.66938 -0.856408)
(-0.0255761 0.649199 -0.525087)
(0.307923 4.31621 0.187183)
(-0.0739402 3.80535 0.209287)
(0.121765 3.37082 0.174956)
(0.197954 3.03727 0.177115)
(0.277648 2.80844 0.166732)
(0.364108 2.64327 0.154971)
(0.446584 2.51261 0.14897)
(0.516893 2.40056 0.149062)
(0.572747 2.29977 0.152596)
(0.614799 2.20699 0.157084)
(0.644347 2.12071 0.160984)
(0.662687 2.0403 0.163401)
(0.670862 1.96556 0.163676)
(0.669969 1.89643 0.161392)
(0.661301 1.83283 0.156371)
(0.646259 1.77457 0.14847)
(0.626181 1.7214 0.137509)
(0.602355 1.67319 0.123087)
(0.576307 1.63009 0.104602)
(0.549463 1.59276 0.0811948)
(0.523196 1.56271 0.0512204)
(0.499042 1.54313 0.0120677)
(0.474704 1.53665 -0.0399751)
(0.454313 1.55841 -0.106435)
(0.434208 1.61492 -0.188456)
(0.4073 1.70455 -0.284614)
(0.367548 1.81642 -0.390076)
(0.312051 1.93212 -0.496436)
(0.24151 2.03117 -0.593794)
(0.160629 2.07425 -0.670362)
(0.0786921 1.83872 -0.68949)
(-0.00281593 0.806756 -0.477872)
(0.294761 4.45731 0.0845938)
(0.0578249 4.1922 0.0779773)
(0.234377 3.97674 0.0169686)
(0.408493 3.76178 -0.0234501)
(0.543066 3.56429 -0.0459334)
(0.662527 3.39401 -0.0521531)
(0.770421 3.252 -0.0437536)
(0.862491 3.13588 -0.0247487)
(0.937979 3.04156 0.000316473)
(0.99922 2.96481 0.0280052)
(1.04789 2.89848 0.0561269)
(1.08425 2.83493 0.0831905)
(1.1094 2.77187 0.10807)
(1.12469 2.70853 0.129667)
(1.13124 2.64475 0.147238)
(1.12983 2.58072 0.160194)
(1.12117 2.51688 0.168052)
(1.10586 2.45397 0.170093)
(1.08425 2.39296 0.165669)
(1.05685 2.33509 0.15429)
(1.02399 2.282 0.135051)
(0.985063 2.23583 0.107063)
(0.940006 2.19909 0.0694387)
(0.885926 2.17158 0.0215772)
(0.819621 2.15379 -0.0362879)
(0.739385 2.14588 -0.102866)
(0.644796 2.14635 -0.174129)
(0.536896 2.1521 -0.244808)
(0.4172 2.15942 -0.309196)
(0.289528 2.15405 -0.361155)
(0.15884 1.94722 -0.384898)
(0.0244281 0.922597 -0.286049)
(0.287926 4.44742 -0.0265004)
(-0.0109773 4.047 -0.133997)
(0.184449 3.58463 -0.21749)
(0.342905 3.15029 -0.264303)
(0.454017 2.80445 -0.27214)
(0.549135 2.55683 -0.250297)
(0.632579 2.39085 -0.211589)
(0.701174 2.28418 -0.166123)
(0.756437 2.21788 -0.119875)
(0.802291 2.17762 -0.0757836)
(0.842606 2.15776 -0.0350169)
(0.880461 2.15768 0.0021446)
(0.916042 2.17216 0.0358944)
(0.948626 2.19544 0.0664613)
(0.978101 2.22276 0.0939249)
(1.00361 2.25033 0.118119)
(1.02399 2.2754 0.138781)
(1.03816 2.29607 0.155574)
(1.04482 2.3112 0.167997)
(1.04275 2.3203 0.175455)
(1.03036 2.32341 0.177483)
(1.00633 2.32099 0.173806)
(0.969768 2.3139 0.164495)
(0.919325 2.30292 0.149612)
(0.853987 2.28885 0.129911)
(0.773595 2.27262 0.106471)
(0.678248 2.25552 0.0810054)
(0.567989 2.23792 0.0551103)
(0.444614 2.21991 0.0305987)
(0.312211 2.19136 0.00951382)
(0.175712 1.96901 -0.00522114)
(0.0267375 0.936767 -0.00916552)
(0.277005 4.36786 -0.0651032)
(-0.0163874 3.68689 -0.266856)
(0.178281 3.01452 -0.397989)
(0.323612 2.51272 -0.442781)
(0.412373 2.2054 -0.426038)
(0.479976 2.04473 -0.374988)
(0.534685 1.97189 -0.311292)
(0.576172 1.94354 -0.247588)
(0.607087 1.9344 -0.189217)
(0.631211 1.93183 -0.137802)
(0.650822 1.93037 -0.0934664)
(0.666915 1.92829 -0.0555278)
(0.680527 1.9255 -0.0229529)
(0.692707 1.92282 0.00568978)
(0.704153 1.92377 0.0316703)
(0.715083 1.93011 0.0559734)
(0.725596 1.94259 0.079418)
(0.735257 1.96114 0.102621)
(0.743001 1.98497 0.126023)
(0.747426 2.01282 0.149868)
(0.746676 2.04311 0.174305)
(0.738634 2.07418 0.199085)
(0.721086 2.10439 0.223914)
(0.691964 2.13225 0.248327)
(0.649565 2.15641 0.271703)
(0.592833 2.17571 0.293295)
(0.521503 2.1892 0.312251)
(0.436279 2.19616 0.328013)
(0.339111 2.19593 0.340094)
(0.234456 2.16898 0.347503)
(0.12594 1.90676 0.339162)
(0.0135693 0.860435 0.234849)
(0.275152 4.2998 -0.13728)
(0.0321123 3.35033 -0.426911)
(0.200556 2.58505 -0.570286)
(0.322313 2.14955 -0.590125)
(0.377183 1.97684 -0.538191)
(0.412133 1.94437 -0.456879)
(0.440645 1.96356 -0.372822)
(0.462724 1.99073 -0.296959)
(0.479942 2.01053 -0.231166)
(0.494421 2.02041 -0.174242)
(0.506904 2.02203 -0.124577)
(0.517147 2.01769 -0.0807831)
(0.524713 2.00931 -0.0418045)
(0.529136 1.99835 -0.00707886)
(0.530015 1.98373 0.0236019)
(0.527801 1.96663 0.0509834)
(0.523021 1.9489 0.0760762)
(0.516345 1.93278 0.100187)
(0.508405 1.92067 0.124939)
(0.499605 1.91484 0.152101)
(0.489838 1.91712 0.183382)
(0.47832 1.92867 0.220146)
(0.463668 1.94974 0.263106)
(0.443943 1.97948 0.312099)
(0.416957 2.01588 0.365903)
(0.380802 2.05575 0.422267)
(0.334255 2.09494 0.478059)
(0.277144 2.12878 0.529759)
(0.210684 2.15078 0.573766)
(0.138628 2.11894 0.604408)
(0.06632 1.79305 0.590573)
(-0.00406818 0.743909 0.38413)
(0.276339 4.1419 -0.250938)
(0.0492444 2.96189 -0.59399)
(0.201365 2.23641 -0.70307)
(0.287306 1.96984 -0.678807)
(0.308438 1.95307 -0.592037)
(0.320296 2.01081 -0.491283)
(0.332831 2.06358 -0.399993)
(0.343874 2.09281 -0.322601)
(0.353544 2.1025 -0.256503)
(0.36244 2.10031 -0.198678)
(0.370279 2.09187 -0.147085)
(0.376479 2.08037 -0.100389)
(0.380599 2.06731 -0.0576245)
(0.382396 2.05338 -0.018037)
(0.381587 2.03834 0.0191114)
(0.377741 2.0215 0.0540882)
(0.370549 2.00234 0.0869897)
(0.360012 1.98078 0.118125)
(0.346524 1.95757 0.148355)
(0.330831 1.93456 0.17931)
(0.313814 1.91471 0.213367)
(0.296163 1.90175 0.253383)
(0.278055 1.89958 0.302045)
(0.258905 1.91134 0.361013)
(0.237439 1.93823 0.43015)
(0.212007 1.97847 0.507007)
(0.181089 2.02694 0.58691)
(0.143885 2.07535 0.663707)
(0.101152 2.10667 0.730189)
(0.0563246 2.04649 0.771981)
(0.0147821 1.63809 0.735092)
(-0.017381 0.612477 0.430529)
(0.278812 3.92681 -0.379393)
(0.0440519 2.60756 -0.734418)
(0.180989 2.02628 -0.787117)
(0.224142 1.94449 -0.71953)
(0.223737 2.02495 -0.610497)
(0.224622 2.10077 -0.50431)
(0.228049 2.13654 -0.414318)
(0.231763 2.14276 -0.338634)
(0.235634 2.13456 -0.272854)
(0.239524 2.12136 -0.213972)
(0.242884 2.10724 -0.160259)
(0.245187 2.09334 -0.110625)
(0.24614 2.07963 -0.0642484)
(0.245567 2.06588 -0.0203879)
(0.243359 2.05214 0.0215752)
(0.239269 2.0382 0.0620826)
(0.232911 2.02319 0.101358)
(0.223917 2.00595 0.139418)
(0.212124 1.98545 0.176392)
(0.197727 1.96165 0.213031)
(0.181306 1.93609 0.251139)
(0.163662 1.91238 0.293683)
(0.145525 1.8959 0.344331)
(0.127218 1.89276 0.406367)
(0.108487 1.90777 0.481239)
(0.0885926 1.94192 0.567253)
(0.0667078 1.99055 0.659154)
(0.042328 2.04162 0.748731)
(0.0147933 2.06341 0.824893)
(-0.00728086 1.94779 0.86391)
(-0.0260881 1.44636 0.781235)
(-0.0184167 0.494656 0.396386)
(0.271415 3.68593 -0.505715)
(0.0155999 2.3225 -0.8324)
(0.14715 1.93505 -0.82583)
(0.14476 1.98881 -0.727528)
(0.137933 2.09608 -0.609781)
(0.132934 2.15327 -0.504859)
(0.12913 2.16593 -0.417251)
(0.126788 2.15632 -0.343116)
(0.125676 2.14003 -0.278025)
(0.125256 2.1241 -0.218954)
(0.124905 2.11008 -0.164258)
(0.124134 2.09721 -0.11306)
(0.122662 2.08442 -0.0647398)
(0.120357 2.07116 -0.018643)
(0.117181 2.05751 0.0260433)
(0.11298 2.0437 0.0700339)
(0.107545 2.02957 0.113675)
(0.100613 2.01425 0.156909)
(0.0919145 1.99631 0.199505)
(0.0813148 1.97456 0.241598)
(0.0689172 1.94926 0.284338)
(0.0550559 1.9231 0.330305)
(0.0401922 1.90159 0.383302)
(0.0247655 1.89205 0.447279)
(0.00908059 1.90117 0.524517)
(-0.00681531 1.93162 0.61384)
(-0.022882 1.97854 0.709584)
(-0.0383987 2.02366 0.802411)
(-0.0527292 2.01002 0.875952)
(-0.0557435 1.80062 0.8884)
(-0.0501412 1.23353 0.740682)
(-0.0155657 0.396314 0.321289)
(0.246217 3.4458 -0.611946)
(-0.0249467 2.11726 -0.879628)
(0.103129 1.91672 -0.831747)
(0.0589862 2.03708 -0.716435)
(0.0560157 2.13713 -0.597729)
(0.0441043 2.17809 -0.494598)
(0.0340099 2.17864 -0.408997)
(0.0262037 2.16152 -0.337056)
(0.0203346 2.14161 -0.273716)
(0.0159665 2.12479 -0.215551)
(0.012538 2.11131 -0.160921)
(0.00952678 2.09929 -0.109176)
(0.0065616 2.08704 -0.0599099)
(0.00343511 2.07382 -0.0125675)
(2.36697e-06 2.05981 0.03357)
(-0.00382964 2.0455 0.0793296)
(-0.00810059 2.03092 0.125173)
(-0.0129188 2.01537 0.171093)
(-0.0184951 1.99754 0.216832)
(-0.0250961 1.97618 0.262402)
(-0.0329741 1.95139 0.308769)
(-0.0422884 1.92584 0.358322)
(-0.0530374 1.90519 0.414672)
(-0.065003 1.89699 0.48149)
(-0.0776882 1.90799 0.560688)
(-0.0903111 1.94001 0.650733)
(-0.101739 1.98315 0.745568)
(-0.109974 2.00177 0.83257)
(-0.108525 1.9136 0.884089)
(-0.0920668 1.60122 0.844275)
(-0.0583947 1.01852 0.63472)
(-0.0112788 0.316737 0.23421)
(0.207112 3.22743 -0.683186)
(-0.0661958 1.98242 -0.877834)
(0.0454713 1.91984 -0.816339)
(-0.0229166 2.05898 -0.691006)
(-0.0267263 2.15338 -0.574454)
(-0.0459093 2.19039 -0.473042)
(-0.0615261 2.18711 -0.389957)
(-0.0748853 2.16629 -0.32082)
(-0.0856578 2.14314 -0.260144)
(-0.0940433 2.1239 -0.204243)
(-0.100411 2.10893 -0.151315)
(-0.105242 2.09631 -0.100669)
(-0.109026 2.08407 -0.0519502)
(-0.112193 2.0711 -0.00467334)
(-0.115029 2.05713 0.0418092)
(-0.117496 2.04246 0.0880143)
(-0.119779 2.0269 0.13436)
(-0.121972 2.00981 0.180944)
(-0.12431 1.99033 0.227764)
(-0.127202 1.96809 0.275157)
(-0.131191 1.94426 0.324336)
(-0.136802 1.92244 0.377648)
(-0.144333 1.90865 0.438215)
(-0.153596 1.90968 0.508828)
(-0.163696 1.92936 0.590298)
(-0.172911 1.96195 0.679524)
(-0.178226 1.98225 0.766813)
(-0.173499 1.93586 0.831337)
(-0.151947 1.74545 0.836014)
(-0.111915 1.357 0.731112)
(-0.056775 0.812436 0.485917)
(-0.00667483 0.25054 0.15113)
(0.166378 3.04208 -0.707767)
(-0.104486 1.8954 -0.837714)
(-0.0313209 1.90722 -0.775569)
(-0.0979185 2.05063 -0.651941)
(-0.119205 2.14946 -0.538743)
(-0.142799 2.19195 -0.440631)
(-0.163618 2.19286 -0.36061)
(-0.181971 2.1729 -0.294726)
(-0.197343 2.14736 -0.237732)
(-0.20959 2.12388 -0.185702)
(-0.218822 2.10455 -0.136411)
(-0.225393 2.08856 -0.0888304)
(-0.22971 2.07422 -0.0424715)
(-0.232177 2.06003 0.00305214)
(-0.23341 2.04512 0.048156)
(-0.23367 2.02931 0.0932279)
(-0.233173 2.01227 0.138605)
(-0.23226 1.99378 0.184578)
(-0.231429 1.97402 0.231579)
(-0.231362 1.95415 0.280493)
(-0.23282 1.93683 0.332916)
(-0.236404 1.92623 0.391101)
(-0.24217 1.92686 0.457332)
(-0.249226 1.94044 0.532597)
(-0.255379 1.96085 0.614605)
(-0.256825 1.96792 0.695256)
(-0.247513 1.9238 0.7579)
(-0.220993 1.77907 0.776169)
(-0.174399 1.4965 0.717602)
(-0.11125 1.08703 0.559757)
(-0.0468412 0.624312 0.321433)
(-0.00345044 0.194031 0.0816755)
(0.126411 2.89356 -0.674178)
(-0.141991 1.8186 -0.767352)
(-0.117898 1.87263 -0.701454)
(-0.187563 2.01316 -0.593217)
(-0.222928 2.1168 -0.488512)
(-0.25401 2.17245 -0.397041)
(-0.27967 2.18772 -0.321639)
(-0.301824 2.17771 -0.259832)
(-0.320486 2.15577 -0.207314)
(-0.335531 2.13056 -0.160345)
(-0.346853 2.10642 -0.116378)
(-0.354599 2.08478 -0.0739434)
(-0.359081 2.06554 -0.032236)
(-0.360783 2.04808 0.00924359)
(-0.360371 2.03157 0.0509353)
(-0.3584 2.01518 0.0933242)
(-0.355447 1.99904 0.136905)
(-0.352186 1.98365 0.182341)
(-0.349364 1.97006 0.230563)
(-0.347705 1.95996 0.28283)
(-0.347677 1.95527 0.34059)
(-0.349113 1.95704 0.404959)
(-0.350819 1.96329 0.475717)
(-0.350254 1.96604 0.549773)
(-0.343347 1.94857 0.619497)
(-0.324644 1.88512 0.671479)
(-0.289303 1.74633 0.686841)
(-0.235115 1.51226 0.645043)
(-0.165246 1.18966 0.533045)
(-0.091279 0.82019 0.36073)
(-0.0317259 0.462006 0.17245)
(-0.00255285 0.145778 0.0312194)
(0.0935604 2.76713 -0.583064)
(-0.188993 1.74934 -0.648058)
(-0.212282 1.81551 -0.590692)
(-0.295976 1.93581 -0.505197)
(-0.347315 2.03687 -0.418657)
(-0.388228 2.10646 -0.340204)
(-0.419558 2.14398 -0.273626)
(-0.444737 2.15624 -0.21831)
(-0.465048 2.15159 -0.171657)
(-0.481118 2.13721 -0.130743)
(-0.493097 2.11828 -0.0931226)
(-0.50118 2.09821 -0.0570163)
(-0.505696 2.07899 -0.0212156)
(-0.507131 2.06156 0.0151334)
(-0.505975 2.04557 0.0528373)
(-0.502758 2.03092 0.0925648)
(-0.498104 2.0179 0.135084)
(-0.492566 2.00675 0.181216)
(-0.486536 1.99756 0.231753)
(-0.480059 1.98981 0.287224)
(-0.472584 1.98165 0.347444)
(-0.462675 1.96869 0.410801)
(-0.447948 1.94287 0.473408)
(-0.425198 1.89179 0.528261)
(-0.390745 1.79973 0.564964)
(-0.341613 1.65159 0.570759)
(-0.277706 1.43989 0.533624)
(-0.202641 1.17263 0.447736)
(-0.125632 0.876401 0.321286)
(-0.0596553 0.587641 0.180996)
(-0.0166635 0.331711 0.0650526)
(-0.00143821 0.106472 0.00159665)
(0.0667566 2.66668 -0.427994)
(-0.243598 1.68537 -0.472972)
(-0.311659 1.73474 -0.436879)
(-0.418359 1.81359 -0.380862)
(-0.490925 1.89079 -0.321123)
(-0.546686 1.95695 -0.264034)
(-0.587406 2.00744 -0.213162)
(-0.61764 2.04216 -0.169203)
(-0.640032 2.06316 -0.131231)
(-0.656381 2.07316 -0.0976324)
(-0.667722 2.07475 -0.0667046)
(-0.674704 2.07006 -0.0369073)
(-0.677715 2.06076 -0.00691611)
(-0.676774 2.04816 0.0243167)
(-0.67176 2.03398 0.0574315)
(-0.663136 2.0186 0.0932585)
(-0.650949 2.00165 0.132377)
(-0.635117 1.98228 0.175101)
(-0.615336 1.95891 0.221322)
(-0.590964 1.92887 0.270152)
(-0.560982 1.88803 0.319525)
(-0.524043 1.83053 0.365812)
(-0.478674 1.74897 0.403513)
(-0.423705 1.63546 0.425413)
(-0.358917 1.48399 0.423593)
(-0.285896 1.29388 0.391606)
(-0.208885 1.07318 0.327814)
(-0.134855 0.839322 0.238986)
(-0.0725579 0.614204 0.141852)
(-0.0291738 0.413633 0.0584112)
(-0.00619575 0.238385 0.00538211)
(-0.000316137 0.0779156 -0.0112678)
(0.0456405 2.59268 -0.218476)
(-0.296128 1.63274 -0.246542)
(-0.401545 1.64888 -0.238158)
(-0.533174 1.66882 -0.21682)
(-0.628755 1.69373 -0.189861)
(-0.702853 1.71984 -0.160859)
(-0.757003 1.74425 -0.132379)
(-0.795694 1.76516 -0.105665)
(-0.822039 1.78163 -0.0809944)
(-0.838489 1.79326 -0.0581888)
(-0.846633 1.79993 -0.0367057)
(-0.847421 1.80156 -0.0158887)
(-0.841404 1.79795 0.00495715)
(-0.829081 1.78886 0.0265065)
(-0.810498 1.77467 0.0493827)
(-0.785317 1.75601 0.0740321)
(-0.753363 1.73181 0.100613)
(-0.714316 1.70084 0.128978)
(-0.66784 1.66127 0.158488)
(-0.613665 1.61068 0.187807)
(-0.551806 1.54612 0.214751)
(-0.482764 1.46432 0.23618)
(-0.407778 1.36237 0.248157)
(-0.329064 1.23876 0.246491)
(-0.249937 1.09488 0.227902)
(-0.174716 0.936242 0.19175)
(-0.108425 0.772462 0.141776)
(-0.056069 0.614429 0.0864898)
(-0.021131 0.46876 0.0366739)
(-0.00366491 0.333329 0.000915089)
(0.00146164 0.200711 -0.0166714)
(0.000534408 0.0668183 -0.0137794)
(0.0329749 2.562 0.0258208)
(-0.323387 1.61334 0.00945222)
(-0.445036 1.60906 -0.0111234)
(-0.588747 1.58846 -0.0267184)
(-0.696175 1.56596 -0.0360873)
(-0.780762 1.54248 -0.0401959)
(-0.843519 1.51898 -0.0405912)
(-0.888326 1.49581 -0.0387055)
(-0.918131 1.47294 -0.0356196)
(-0.935315 1.44973 -0.0318837)
(-0.941299 1.42619 -0.0278476)
(-0.937133 1.40231 -0.02362)
(-0.923431 1.37799 -0.0192109)
(-0.900563 1.35299 -0.0145456)
(-0.868716 1.3264 -0.00941307)
(-0.827787 1.29683 -0.00373651)
(-0.777501 1.26382 0.00262073)
(-0.717789 1.22668 0.00969306)
(-0.648801 1.18463 0.0173611)
(-0.571163 1.13684 0.0253455)
(-0.486249 1.08255 0.0331346)
(-0.39645 1.02122 0.0399246)
(-0.30535 0.952766 0.0446921)
(-0.217604 0.877819 0.0463737)
(-0.138373 0.797865 0.0441658)
(-0.0724344 0.714969 0.0380016)
(-0.0233484 0.630702 0.0289443)
(0.00677173 0.5441 0.0190564)
(0.0190978 0.4493 0.0105023)
(0.0183117 0.338805 0.00365486)
(0.0102473 0.210058 -0.00100211)
(0.00209172 0.0705451 -0.00202199)
(0.0529544 2.62401 0.263626)
(-0.281887 1.68525 0.262244)
(-0.37835 1.7311 0.215109)
(-0.507708 1.76988 0.165802)
(-0.60584 1.79443 0.123471)
(-0.686565 1.80652 0.0888771)
(-0.750113 1.80884 0.0610701)
(-0.799457 1.80395 0.0384147)
(-0.836191 1.79382 0.019286)
(-0.861633 1.78056 0.00248679)
(-0.87701 1.76467 -0.0130863)
(-0.883087 1.74634 -0.0282355)
(-0.880453 1.72526 -0.0435446)
(-0.869299 1.70091 -0.0594318)
(-0.849472 1.67284 -0.0760935)
(-0.820783 1.64029 -0.0935039)
(-0.782935 1.60229 -0.111448)
(-0.735529 1.55754 -0.129413)
(-0.67835 1.5045 -0.146527)
(-0.611546 1.44139 -0.161455)
(-0.535832 1.3664 -0.172404)
(-0.452792 1.27801 -0.17716)
(-0.365221 1.17561 -0.173394)
(-0.277138 1.06021 -0.159217)
(-0.193528 0.935119 -0.134071)
(-0.119766 0.806078 -0.099803)
(-0.0607841 0.679892 -0.061181)
(-0.0200572 0.561063 -0.0249601)
(0.00200771 0.447595 0.00302133)
(0.00898534 0.330318 0.0201542)
(0.00592106 0.202619 0.0247251)
(0.0012169 0.0678265 0.0141107)
(0.0760875 2.71943 0.458203)
(-0.228315 1.76908 0.477155)
(-0.285348 1.84936 0.407918)
(-0.392102 1.93461 0.331724)
(-0.470451 1.99126 0.265093)
(-0.536796 2.02664 0.20937)
(-0.590819 2.04716 0.163368)
(-0.635111 2.05766 0.124835)
(-0.670914 2.06117 0.0914783)
(-0.69927 2.05952 0.0612426)
(-0.720911 2.05371 0.0325369)
(-0.736255 2.04437 0.00412693)
(-0.745402 2.03226 -0.0248603)
(-0.748546 2.01827 -0.055122)
(-0.745971 2.00282 -0.0873301)
(-0.737566 1.98525 -0.121903)
(-0.723171 1.96456 -0.159062)
(-0.702385 1.93912 -0.198602)
(-0.674581 1.90651 -0.239681)
(-0.638943 1.8633 -0.280633)
(-0.594598 1.80492 -0.318656)
(-0.540781 1.72588 -0.349565)
(-0.477191 1.62041 -0.367933)
(-0.404579 1.4841 -0.3677)
(-0.325055 1.3161 -0.343567)
(-0.242778 1.12168 -0.293391)
(-0.163818 0.913376 -0.220923)
(-0.0956657 0.708612 -0.137565)
(-0.0450724 0.522689 -0.0601894)
(-0.0150579 0.360143 -0.00433671)
(-0.00196998 0.212851 0.0226184)
(0.00067273 0.0705418 0.0186548)
(0.102816 2.83112 0.596438)
(-0.179586 1.84779 0.639907)
(-0.193448 1.93492 0.557746)
(-0.280761 2.04387 0.460776)
(-0.340115 2.10707 0.375845)
(-0.392533 2.1366 0.304831)
(-0.436537 2.14372 0.246115)
(-0.473985 2.1372 0.196638)
(-0.505305 2.12309 0.153432)
(-0.530867 2.10551 0.114079)
(-0.551042 2.08721 0.0768016)
(-0.566258 2.06991 0.0402991)
(-0.577042 2.05452 0.00355821)
(-0.583902 2.04099 -0.0342464)
(-0.587214 2.02897 -0.073776)
(-0.587494 2.01885 -0.115791)
(-0.585102 2.01054 -0.160998)
(-0.580254 2.00373 -0.209977)
(-0.572876 1.99745 -0.262991)
(-0.562445 1.9896 -0.319641)
(-0.547772 1.97614 -0.378412)
(-0.527028 1.95037 -0.436017)
(-0.497724 1.90245 -0.486734)
(-0.457128 1.82012 -0.522261)
(-0.402989 1.69123 -0.532326)
(-0.335207 1.50845 -0.506801)
(-0.256408 1.27512 -0.439589)
(-0.173941 1.00908 -0.334447)
(-0.0987131 0.739444 -0.209094)
(-0.0418453 0.493798 -0.0930816)
(-0.00939233 0.281659 -0.0147818)
(-0.000428898 0.0916438 0.0130971)
(0.133977 2.96131 0.675383)
(-0.140209 1.92222 0.752695)
(-0.108755 1.98771 0.669204)
(-0.185217 2.10464 0.556655)
(-0.228872 2.16151 0.459781)
(-0.270033 2.17478 0.37936)
(-0.305611 2.16244 0.31268)
(-0.336669 2.13806 0.255671)
(-0.362976 2.11002 0.204841)
(-0.384577 2.08271 0.157723)
(-0.401644 2.05796 0.112799)
(-0.414506 2.0362 0.0691071)
(-0.423622 2.0173 0.0259387)
(-0.429576 2.00103 -0.0173252)
(-0.432992 1.98667 -0.0612799)
(-0.434377 1.97389 -0.106519)
(-0.434316 1.96313 -0.153709)
(-0.433433 1.95513 -0.203628)
(-0.432338 1.95095 -0.257186)
(-0.431469 1.95169 -0.315333)
(-0.430804 1.95763 -0.378723)
(-0.429485 1.96678 -0.447022)
(-0.425492 1.97276 -0.517731)
(-0.415327 1.9627 -0.584867)
(-0.394204 1.91673 -0.637954)
(-0.357672 1.8111 -0.661991)
(-0.302929 1.62652 -0.639887)
(-0.231092 1.36041 -0.558632)
(-0.150526 1.0365 -0.419651)
(-0.0755798 0.700316 -0.248855)
(-0.0226742 0.394063 -0.0951845)
(-0.00196567 0.125881 -0.00507691)
(0.172042 3.10477 0.703992)
(-0.108482 1.99776 0.823341)
(-0.0319942 2.01685 0.748399)
(-0.106606 2.13227 0.624902)
(-0.135 2.18169 0.5226)
(-0.166531 2.18176 0.436947)
(-0.194465 2.15653 0.365337)
(-0.219036 2.12348 0.303091)
(-0.23992 2.09189 0.246464)
(-0.257183 2.06517 0.193179)
(-0.271042 2.04339 0.142064)
(-0.281868 2.02527 0.0924679)
(-0.290051 2.00933 0.0438996)
(-0.295954 1.99438 -0.00413533)
(-0.300029 1.97982 -0.0521561)
(-0.302579 1.96542 -0.100677)
(-0.30386 1.95106 -0.150086)
(-0.304261 1.93686 -0.200744)
(-0.304336 1.92356 -0.253156)
(-0.304824 1.91291 -0.308208)
(-0.306508 1.90788 -0.36732)
(-0.309888 1.91204 -0.432243)
(-0.314666 1.92755 -0.504206)
(-0.319207 1.95116 -0.582241)
(-0.320064 1.96927 -0.660937)
(-0.311587 1.95427 -0.728055)
(-0.287809 1.86696 -0.763411)
(-0.243488 1.67018 -0.740542)
(-0.179103 1.35313 -0.636416)
(-0.104502 0.952103 -0.450464)
(-0.0390115 0.539632 -0.225929)
(-0.00319248 0.169462 -0.0436397)
(0.21045 3.27534 0.682962)
(-0.0761323 2.07681 0.867665)
(0.0374849 2.02827 0.797176)
(-0.0405049 2.13894 0.673512)
(-0.0503041 2.18494 0.568711)
(-0.0750715 2.17934 0.479616)
(-0.0957765 2.14885 0.40456)
(-0.113707 2.11347 0.338565)
(-0.128873 2.08279 0.277819)
(-0.14153 2.05904 0.22033)
(-0.151984 2.04078 0.165259)
(-0.160622 2.02566 0.112175)
(-0.167821 2.01187 0.0606151)
(-0.1739 1.99843 0.00993503)
(-0.179086 1.98503 -0.0405696)
(-0.183464 1.97193 -0.0914307)
(-0.187086 1.95889 -0.143066)
(-0.189987 1.9453 -0.195581)
(-0.192338 1.93043 -0.248909)
(-0.19456 1.91416 -0.30318)
(-0.197352 1.89797 -0.359224)
(-0.201542 1.88589 -0.418935)
(-0.207721 1.88429 -0.485039)
(-0.215775 1.89934 -0.55992)
(-0.224357 1.93147 -0.64349)
(-0.2304 1.96683 -0.730292)
(-0.22858 1.96871 -0.805897)
(-0.211642 1.87729 -0.843185)
(-0.173829 1.63211 -0.803197)
(-0.116724 1.22011 -0.650336)
(-0.0526396 0.712375 -0.389532)
(-0.00434689 0.221047 -0.103177)
(0.246283 3.47245 0.620521)
(-0.0406518 2.19383 0.878688)
(0.090747 2.02247 0.822426)
(0.031502 2.12459 0.707884)
(0.0264229 2.17884 0.600097)
(0.00930809 2.17581 0.50861)
(-0.00417669 2.14551 0.430961)
(-0.015458 2.11038 0.362365)
(-0.0249906 2.08051 0.299057)
(-0.0331328 2.05787 0.239189)
(-0.0402482 2.04051 0.182063)
(-0.0466801 2.02571 0.12734)
(-0.0526846 2.01162 0.0745872)
(-0.0584118 1.99767 0.0231396)
(-0.0640055 1.9842 -0.0278284)
(-0.0695815 1.97168 -0.0791672)
(-0.0750818 1.96021 -0.131479)
(-0.0804441 1.94926 -0.184866)
(-0.0856788 1.93749 -0.238978)
(-0.0909633 1.92319 -0.293346)
(-0.0966946 1.90562 -0.348052)
(-0.103401 1.88663 -0.404493)
(-0.111631 1.87189 -0.465673)
(-0.121633 1.87013 -0.535323)
(-0.132999 1.88961 -0.615937)
(-0.144455 1.93126 -0.706357)
(-0.153333 1.97716 -0.798961)
(-0.154641 1.97532 -0.874945)
(-0.141002 1.83541 -0.896674)
(-0.108965 1.47246 -0.806249)
(-0.0590005 0.902862 -0.554991)
(-0.0081979 0.279713 -0.179373)
(0.27067 3.68666 0.525521)
(-0.00398249 2.36787 0.846542)
(0.131375 2.02853 0.828853)
(0.109808 2.08703 0.728517)
(0.100582 2.15846 0.618697)
(0.0917792 2.17076 0.524612)
(0.0850252 2.14737 0.444971)
(0.0799189 2.11409 0.374721)
(0.0757554 2.08368 0.31028)
(0.0720158 2.05959 0.249805)
(0.0682886 2.04072 0.192485)
(0.0642916 2.0248 0.137882)
(0.0598758 2.01012 0.0855167)
(0.0549973 1.99599 0.0347118)
(0.0496574 1.98248 -0.0154435)
(0.043763 1.97002 -0.0659009)
(0.0372674 1.95909 -0.117267)
(0.0301507 1.94938 -0.169717)
(0.0223159 1.93947 -0.222881)
(0.0135927 1.92717 -0.276066)
(0.00378635 1.91069 -0.32896)
(-0.00721152 1.89043 -0.382559)
(-0.019508 1.87078 -0.439868)
(-0.033104 1.86011 -0.505223)
(-0.0477183 1.86835 -0.582391)
(-0.0627648 1.90198 -0.67192)
(-0.0771826 1.95668 -0.769087)
(-0.0888593 2.00295 -0.86194)
(-0.0932522 1.95901 -0.924075)
(-0.0828815 1.68721 -0.898171)
(-0.0568023 1.10277 -0.693406)
(-0.0126544 0.347246 -0.264812)
(0.279023 3.90265 0.410134)
(0.0256229 2.60762 0.768195)
(0.163747 2.08653 0.807752)
(0.185586 2.04194 0.732854)
(0.177892 2.1127 0.626246)
(0.175548 2.15193 0.528691)
(0.176056 2.14823 0.446687)
(0.177148 2.12339 0.375555)
(0.178386 2.09416 0.31113)
(0.179309 2.06783 0.25134)
(0.179441 2.04591 0.195189)
(0.178502 2.02752 0.142031)
(0.176402 2.01146 0.0912473)
(0.173149 1.99692 0.042123)
(0.168692 1.98361 -0.00613216)
(0.163075 1.97183 -0.0542699)
(0.156102 1.96144 -0.102887)
(0.147514 1.95174 -0.152151)
(0.137023 1.94119 -0.201723)
(0.124424 1.92784 -0.251058)
(0.109738 1.91033 -0.300089)
(0.0932757 1.88936 -0.350041)
(0.0755506 1.86892 -0.403903)
(0.0570724 1.85657 -0.465972)
(0.0381662 1.86168 -0.540233)
(0.0189998 1.8912 -0.627821)
(-0.000363379 1.94444 -0.724926)
(-0.019472 2.00643 -0.822099)
(-0.0370337 2.02363 -0.902095)
(-0.0443809 1.85424 -0.923213)
(-0.0456065 1.30383 -0.783337)
(-0.0160157 0.426655 -0.348914)
(0.278258 4.10285 0.287265)
(0.0387705 2.9116 0.646561)
(0.186491 2.23821 0.746428)
(0.250187 2.03499 0.711176)
(0.257238 2.04876 0.619495)
(0.262984 2.09955 0.521767)
(0.271779 2.12494 0.436777)
(0.280089 2.1228 0.364547)
(0.287499 2.10559 0.300939)
(0.29399 2.08337 0.243105)
(0.29906 2.06129 0.189508)
(0.302281 2.04118 0.139213)
(0.30347 2.0233 0.091457)
(0.3026 2.00737 0.0455292)
(0.299498 1.99299 0.000737004)
(0.294217 1.98015 -0.0435811)
(0.286433 1.96802 -0.0876929)
(0.275763 1.95536 -0.131541)
(0.261929 1.9408 -0.174908)
(0.244959 1.92337 -0.217804)
(0.225293 1.90322 -0.260957)
(0.203713 1.88232 -0.306251)
(0.181109 1.865 -0.356822)
(0.158135 1.85775 -0.416458)
(0.134906 1.86774 -0.488228)
(0.110933 1.89982 -0.572538)
(0.0853815 1.95291 -0.665682)
(0.0576748 2.01665 -0.759566)
(0.0280277 2.05965 -0.841574)
(0.00219959 1.97411 -0.885876)
(-0.0201492 1.49747 -0.808593)
(-0.0184734 0.522162 -0.416955)
(0.274663 4.25515 0.177742)
(0.0268506 3.24584 0.499136)
(0.191339 2.49984 0.640194)
(0.292171 2.1295 0.648547)
(0.327275 2.02092 0.585117)
(0.350165 2.0259 0.498109)
(0.37152 2.05495 0.414121)
(0.389402 2.07441 0.340918)
(0.404311 2.07905 0.277658)
(0.417207 2.07283 0.221866)
(0.427995 2.06057 0.171578)
(0.436179 2.04562 0.125403)
(0.441372 2.02986 0.0823141)
(0.443395 2.01413 0.0415234)
(0.442004 1.99887 0.00236795)
(0.436929 1.98291 -0.0352557)
(0.427916 1.96576 -0.0715762)
(0.414966 1.94725 -0.106873)
(0.398351 1.92763 -0.1416)
(0.378629 1.9078 -0.176641)
(0.356604 1.88957 -0.213523)
(0.333112 1.87569 -0.254461)
(0.30874 1.8698 -0.302096)
(0.283496 1.87594 -0.358859)
(0.256669 1.89752 -0.426044)
(0.22694 1.93568 -0.502753)
(0.192781 1.98779 -0.58527)
(0.153158 2.0466 -0.667248)
(0.10843 2.0947 -0.740087)
(0.0618162 2.05714 -0.787671)
(0.0186239 1.66986 -0.752809)
(-0.0168785 0.634517 -0.443628)
(0.279551 4.35107 0.0831062)
(0.00202767 3.58071 0.335778)
(0.177268 2.86438 0.492495)
(0.302724 2.38179 0.534632)
(0.371544 2.13002 0.504838)
(0.42337 2.02761 0.441662)
(0.466347 1.99862 0.370466)
(0.499632 1.9968 0.303286)
(0.525204 2.00036 0.243587)
(0.545752 2.00136 0.191237)
(0.562426 1.99811 0.145149)
(0.575281 1.99114 0.104134)
(0.584127 1.98149 0.0672032)
(0.588839 1.97013 0.0336248)
(0.589525 1.95757 0.00283557)
(0.586277 1.94354 -0.0258806)
(0.579218 1.92921 -0.0532801)
(0.568914 1.9161 -0.0802086)
(0.555968 1.90576 -0.107651)
(0.540804 1.89971 -0.136775)
(0.523568 1.89937 -0.168917)
(0.504054 1.90606 -0.205483)
(0.481643 1.92082 -0.247694)
(0.455166 1.94426 -0.296251)
(0.422992 1.97618 -0.350923)
(0.383396 2.01516 -0.410225)
(0.334987 2.05827 -0.471287)
(0.277162 2.10109 -0.530049)
(0.210639 2.13638 -0.581551)
(0.138903 2.12116 -0.617978)
(0.0667705 1.8112 -0.605863)
(-0.00385367 0.758417 -0.39399)
(0.280053 4.35845 0.0595994)
(-0.0689601 3.81626 0.217087)
(0.150927 3.23965 0.326597)
(0.286744 2.76845 0.373271)
(0.381445 2.4405 0.368563)
(0.466006 2.23654 0.332289)
(0.539168 2.11826 0.282754)
(0.596973 2.05186 0.231221)
(0.641315 2.0144 0.182824)
(0.676042 1.99233 0.139323)
(0.703785 1.97831 0.100915)
(0.725909 1.96864 0.0671565)
(0.743164 1.96141 0.0372871)
(0.756571 1.957 0.0105099)
(0.767092 1.95685 -0.0139082)
(0.77498 1.96191 -0.036721)
(0.7801 1.97158 -0.0584995)
(0.782142 1.98498 -0.0797549)
(0.780616 2.00128 -0.101)
(0.774788 2.01975 -0.122731)
(0.763647 2.03975 -0.145409)
(0.745949 2.06074 -0.169393)
(0.720277 2.08226 -0.194872)
(0.6851 2.1038 -0.221814)
(0.638951 2.12476 -0.249835)
(0.580662 2.14438 -0.278113)
(0.509617 2.16167 -0.305464)
(0.426047 2.1755 -0.33037)
(0.331286 2.18468 -0.350982)
(0.229247 2.16909 -0.364538)
(0.123523 1.91734 -0.357553)
(0.013187 0.868853 -0.246645)
(0.297908 4.47066 0.000273133)
(0.0176492 4.16951 0.0788491)
(0.189155 3.82494 0.14354)
(0.339475 3.47871 0.180038)
(0.455247 3.1869 0.188529)
(0.564506 2.96265 0.176679)
(0.665975 2.79787 0.153049)
(0.752688 2.67923 0.124212)
(0.823887 2.59409 0.0942934)
(0.882479 2.53341 0.0654089)
(0.931395 2.49139 0.0384069)
(0.972118 2.46242 0.0136316)
(1.00552 2.44251 -0.00890467)
(1.03195 2.42789 -0.0293223)
(1.05145 2.4154 -0.0477711)
(1.06431 2.40363 -0.0642554)
(1.07066 2.39181 -0.0786649)
(1.07036 2.3795 -0.0908313)
(1.06302 2.36648 -0.100586)
(1.04816 2.3527 -0.107691)
(1.02499 2.33823 -0.112022)
(0.992673 2.32323 -0.113513)
(0.950106 2.30783 -0.111954)
(0.896098 2.29218 -0.107386)
(0.829686 2.27647 -0.0999507)
(0.750081 2.26088 -0.0899517)
(0.656669 2.24557 -0.0778534)
(0.549678 2.23064 -0.0642535)
(0.430465 2.21653 -0.0498872)
(0.302554 2.19331 -0.0354782)
(0.170399 1.97431 -0.0219767)
(0.0258486 0.938377 -0.00949776)
(0.28718 4.38506 -0.0932302)
(-0.0392077 4.0752 -0.0857041)
(0.170688 3.84816 -0.0412889)
(0.322021 3.6378 -0.0385319)
(0.447633 3.45234 -0.0427416)
(0.571523 3.29258 -0.0460007)
(0.685977 3.155 -0.0509906)
(0.782761 3.03594 -0.0585211)
(0.860969 2.9324 -0.0674421)
(0.922875 2.84077 -0.0764757)
(0.970465 2.75745 -0.0848313)
(1.0054 2.68092 -0.0921956)
(1.02914 2.61029 -0.0983243)
(1.04329 2.54494 -0.102952)
(1.04926 2.48444 -0.105836)
(1.04792 2.42855 -0.106669)
(1.03997 2.37716 -0.105069)
(1.02607 2.33032 -0.100711)
(1.00648 2.28816 -0.0931504)
(0.981432 2.25104 -0.0816909)
(0.950945 2.21953 -0.0655081)
(0.914869 2.19408 -0.0435478)
(0.871496 2.17379 -0.0149746)
(0.819002 2.15889 0.0207678)
(0.756091 2.14976 0.0638739)
(0.681694 2.14651 0.113584)
(0.595098 2.14856 0.16753)
(0.496195 2.15433 0.222339)
(0.38593 2.16198 0.274014)
(0.267928 2.15642 0.317849)
(0.146471 1.93969 0.339293)
(0.0209555 0.906966 0.250802)
(0.239391 4.25118 -0.0801694)
(-0.158925 3.75476 -0.177751)
(0.102174 3.29968 -0.21175)
(0.159734 2.92757 -0.238935)
(0.243914 2.62908 -0.242858)
(0.343179 2.39983 -0.231844)
(0.43236 2.22798 -0.215943)
(0.504419 2.09999 -0.19935)
(0.560727 2.00426 -0.182967)
(0.603542 1.93184 -0.167089)
(0.634418 1.87612 -0.15202)
(0.65468 1.83244 -0.137792)
(0.665666 1.79752 -0.124231)
(0.668599 1.76913 -0.111107)
(0.664569 1.74577 -0.0980359)
(0.654547 1.72644 -0.0845821)
(0.639428 1.71054 -0.0702811)
(0.620151 1.69779 -0.0545509)
(0.597666 1.68814 -0.0365934)
(0.572664 1.68205 -0.0154504)
(0.546502 1.68108 0.0104308)
(0.519082 1.68632 0.0432338)
(0.492951 1.70432 0.0846667)
(0.467094 1.73733 0.137027)
(0.438936 1.78639 0.201814)
(0.404948 1.85042 0.278753)
(0.361339 1.9248 0.364815)
(0.305302 2.00112 0.454016)
(0.236411 2.06839 0.538444)
(0.158556 2.08929 0.607521)
(0.0775739 1.83248 0.625897)
(-0.00100766 0.794433 0.429505)
(0.303207 4.30363 -0.0403085)
(-0.096672 3.72126 -0.217182)
(0.104025 3.09305 -0.323728)
(0.156932 2.58448 -0.363505)
(0.222626 2.21866 -0.368715)
(0.299283 1.97793 -0.351778)
(0.365687 1.83054 -0.322412)
(0.417073 1.74501 -0.288135)
(0.455959 1.697 -0.253443)
(0.484673 1.67019 -0.220541)
(0.504453 1.65464 -0.190155)
(0.516201 1.64467 -0.162179)
(0.520784 1.63721 -0.136143)
(0.518959 1.63068 -0.111499)
(0.511313 1.62431 -0.0877461)
(0.49834 1.61781 -0.0644541)
(0.480536 1.61108 -0.0412721)
(0.458423 1.60433 -0.0179093)
(0.432758 1.59838 0.00601308)
(0.40438 1.5933 0.0310144)
(0.373637 1.58807 0.0583986)
(0.341391 1.58337 0.090026)
(0.309171 1.58221 0.12953)
(0.278598 1.59099 0.182283)
(0.250486 1.6198 0.254323)
(0.223776 1.67909 0.349095)
(0.195145 1.77147 0.463621)
(0.160374 1.88479 0.587394)
(0.117152 1.99024 0.70515)
(0.0680965 2.00961 0.795241)
(0.0218815 1.68026 0.79399)
(-0.0191707 0.65432 0.489849)
(0.294194 4.27575 -0.0792249)
(-0.0824843 3.57453 -0.283123)
(0.113686 2.85409 -0.422063)
(0.173874 2.30217 -0.480462)
(0.22554 1.95699 -0.484048)
(0.283245 1.77653 -0.453868)
(0.330974 1.69949 -0.407743)
(0.365743 1.67583 -0.357291)
(0.391313 1.67423 -0.308264)
(0.410174 1.67852 -0.262636)
(0.423061 1.68184 -0.220522)
(0.430251 1.68206 -0.181309)
(0.432057 1.6791 -0.144225)
(0.428784 1.67349 -0.108579)
(0.420677 1.66587 -0.0738335)
(0.407958 1.65676 -0.0395901)
(0.390865 1.64655 -0.00555575)
(0.36964 1.6354 0.0284278)
(0.344382 1.62286 0.0623872)
(0.315712 1.60935 0.0964778)
(0.284301 1.59538 0.13096)
(0.250989 1.58146 0.166676)
(0.216897 1.56875 0.205927)
(0.183565 1.56129 0.253821)
(0.152645 1.56962 0.319017)
(0.125069 1.61079 0.410887)
(0.0997267 1.69754 0.531914)
(0.073505 1.82047 0.671296)
(0.0439523 1.93403 0.806209)
(0.0119196 1.91972 0.899964)
(-0.0124496 1.50728 0.860657)
(-0.0199046 0.535624 0.46378)
(0.291932 4.24637 -0.109474)
(-0.0633864 3.40563 -0.360473)
(0.12328 2.60624 -0.521211)
(0.185129 2.06333 -0.58128)
(0.221594 1.79052 -0.570263)
(0.260402 1.69676 -0.521903)
(0.291165 1.68821 -0.460922)
(0.312415 1.70576 -0.399464)
(0.327879 1.72268 -0.341657)
(0.339375 1.73123 -0.288101)
(0.346947 1.73168 -0.238162)
(0.350426 1.72648 -0.19093)
(0.349869 1.71789 -0.145586)
(0.345432 1.7075 -0.101482)
(0.337255 1.69623 -0.0581213)
(0.325516 1.68453 -0.0151316)
(0.310314 1.67236 0.0277008)
(0.291739 1.65955 0.0704735)
(0.270004 1.64583 0.113165)
(0.245327 1.63081 0.155582)
(0.218033 1.61431 0.197528)
(0.188637 1.59656 0.239167)
(0.157878 1.57848 0.281735)
(0.126798 1.56344 0.329195)
(0.0967536 1.56142 0.390144)
(0.0691627 1.59144 0.47654)
(0.0445168 1.67091 0.595214)
(0.0215771 1.79069 0.736988)
(-0.000560491 1.89048 0.874148)
(-0.0186186 1.81623 0.952851)
(-0.0302783 1.33421 0.857106)
(-0.013554 0.447548 0.407694)
(0.289969 4.19809 -0.154642)
(-0.0527666 3.20014 -0.450123)
(0.130234 2.35583 -0.614279)
(0.183908 1.87784 -0.660564)
(0.204505 1.70858 -0.628831)
(0.227944 1.69616 -0.564087)
(0.245982 1.72818 -0.493391)
(0.257608 1.75483 -0.425943)
(0.265914 1.76508 -0.363108)
(0.271828 1.76252 -0.304293)
(0.274995 1.75291 -0.248596)
(0.275198 1.74034 -0.195215)
(0.272489 1.72701 -0.14348)
(0.266983 1.7139 -0.09285)
(0.25882 1.70135 -0.0428804)
(0.248081 1.68937 0.0068261)
(0.234899 1.67795 0.0565181)
(0.219343 1.6667 0.10627)
(0.201465 1.65496 0.155928)
(0.181352 1.64187 0.205131)
(0.159162 1.62658 0.253393)
(0.135187 1.60875 0.300435)
(0.109854 1.58914 0.346929)
(0.0837165 1.57135 0.396177)
(0.0575147 1.56586 0.456365)
(0.0323179 1.59219 0.539982)
(0.00927443 1.66769 0.655406)
(-0.0111369 1.77952 0.794244)
(-0.0285477 1.84609 0.922091)
(-0.0345846 1.69964 0.969347)
(-0.0349463 1.17867 0.815607)
(-0.0086204 0.384959 0.351641)
(0.2887 4.13025 -0.209188)
(-0.0468902 2.97465 -0.540559)
(0.132974 2.12935 -0.694214)
(0.170667 1.75685 -0.716675)
(0.177671 1.69205 -0.663211)
(0.190363 1.732 -0.586757)
(0.199413 1.77179 -0.511047)
(0.204343 1.78646 -0.440441)
(0.207498 1.78225 -0.374267)
(0.209173 1.76927 -0.31155)
(0.208955 1.75382 -0.25152)
(0.206658 1.73858 -0.193549)
(0.202323 1.72432 -0.13713)
(0.196043 1.71107 -0.0818055)
(0.187929 1.69872 -0.0271464)
(0.178106 1.68724 0.0272382)
(0.166646 1.67665 0.0816648)
(0.153591 1.66667 0.136284)
(0.13898 1.65668 0.190959)
(0.122851 1.64563 0.245216)
(0.105282 1.63224 0.298343)
(0.0864321 1.61561 0.349747)
(0.0665181 1.59633 0.399818)
(0.0457386 1.57863 0.451676)
(0.0243342 1.57398 0.513337)
(0.00284437 1.60182 0.596916)
(-0.0175497 1.67656 0.710389)
(-0.0347318 1.77282 0.84232)
(-0.0471707 1.79135 0.950727)
(-0.0449033 1.57658 0.956735)
(-0.0331168 1.0445 0.755129)
(-0.00638532 0.33802 0.302063)
(0.285744 4.03944 -0.271478)
(-0.0465656 2.74017 -0.625746)
(0.131217 1.94177 -0.756212)
(0.147709 1.69555 -0.750865)
(0.145788 1.71341 -0.679307)
(0.151352 1.77222 -0.596601)
(0.153983 1.79979 -0.518863)
(0.154229 1.79857 -0.44645)
(0.153711 1.78435 -0.377968)
(0.152323 1.76715 -0.31251)
(0.149668 1.75078 -0.249435)
(0.145622 1.73592 -0.188232)
(0.140193 1.72225 -0.128483)
(0.133428 1.70942 -0.0698096)
(0.125432 1.69726 -0.0118285)
(0.116307 1.68584 0.045858)
(0.106085 1.67529 0.103595)
(0.0948645 1.66559 0.161566)
(0.082725 1.65629 0.219647)
(0.0697151 1.64631 0.277318)
(0.0558884 1.63414 0.333749)
(0.0413216 1.61859 0.388225)
(0.026068 1.60038 0.441157)
(0.0100594 1.58462 0.495839)
(-0.00696487 1.58388 0.560271)
(-0.0249102 1.61711 0.646015)
(-0.0423537 1.69018 0.757872)
(-0.0558985 1.76114 0.878702)
(-0.0611771 1.72275 0.959023)
(-0.0532396 1.45122 0.919678)
(-0.0310891 0.927569 0.683687)
(-0.0054941 0.299005 0.257021)
(0.280964 3.92703 -0.337483)
(-0.0514651 2.50916 -0.699662)
(0.125658 1.80017 -0.798613)
(0.117452 1.67964 -0.76677)
(0.112767 1.7478 -0.682868)
(0.112776 1.80181 -0.597882)
(0.110616 1.8127 -0.519388)
(0.107501 1.80068 -0.445855)
(0.104187 1.7824 -0.375884)
(0.100418 1.76479 -0.308619)
(0.0958971 1.74925 -0.243443)
(0.0905106 1.73526 -0.179945)
(0.0842421 1.7221 -0.117817)
(0.0771257 1.70944 -0.0567617)
(0.0692567 1.69724 0.00355908)
(0.0606587 1.68565 0.0635128)
(0.0513892 1.67492 0.12345)
(0.0415804 1.66511 0.18356)
(0.0313477 1.65586 0.243706)
(0.0207773 1.64608 0.303334)
(0.00992979 1.63422 0.361593)
(-0.0011687 1.6192 0.417837)
(-0.0126715 1.60233 0.472788)
(-0.0250154 1.59029 0.530409)
(-0.0388118 1.59687 0.598997)
(-0.0539675 1.63694 0.688075)
(-0.0684554 1.70294 0.796966)
(-0.0780728 1.73745 0.901021)
(-0.0750593 1.63827 0.945865)
(-0.0600133 1.3238 0.861363)
(-0.0305599 0.821694 0.603915)
(-0.00499038 0.263819 0.213834)
(0.273955 3.79601 -0.403301)
(-0.0606045 2.29126 -0.757978)
(0.116867 1.70341 -0.822356)
(0.0824377 1.69098 -0.76871)
(0.080966 1.77933 -0.678038)
(0.0748149 1.81907 -0.592721)
(0.06922 1.81735 -0.513934)
(0.063379 1.80003 -0.439807)
(0.0576269 1.78069 -0.369007)
(0.0518234 1.76367 -0.300627)
(0.0457082 1.749 -0.234084)
(0.0391621 1.73558 -0.169066)
(0.0321767 1.72263 -0.105346)
(0.0247777 1.70995 -0.0426923)
(0.0170275 1.69768 0.0191956)
(0.00890925 1.68603 0.0806262)
(0.000470022 1.67522 0.141913)
(-0.00815436 1.66528 0.203206)
(-0.0168353 1.65573 0.264315)
(-0.0254459 1.64548 0.324662)
(-0.0339128 1.63315 0.383479)
(-0.042318 1.61833 0.440477)
(-0.0510732 1.60385 0.497171)
(-0.0609698 1.59828 0.558449)
(-0.0727439 1.61472 0.632279)
(-0.0857952 1.65924 0.724274)
(-0.0969336 1.70815 0.826186)
(-0.100345 1.69511 0.905779)
(-0.0890811 1.53621 0.90922)
(-0.0644581 1.19363 0.783411)
(-0.0305105 0.722895 0.517242)
(-0.00404358 0.231229 0.171697)
(0.264538 3.65043 -0.464941)
(-0.0715484 2.09315 -0.797733)
(0.10498 1.64451 -0.83029)
(0.0450344 1.71288 -0.760154)
(0.0505661 1.80163 -0.667125)
(0.0370727 1.828 -0.581796)
(0.0291621 1.81916 -0.50303)
(0.0207433 1.7995 -0.428782)
(0.0126936 1.77986 -0.357666)
(0.00500964 1.76328 -0.288776)
(-0.00256072 1.74915 -0.221571)
(-0.0101447 1.73605 -0.15577)
(-0.0177397 1.7232 -0.0912063)
(-0.0253531 1.71055 -0.0276795)
(-0.0330302 1.69832 0.035064)
(-0.0408063 1.68675 0.0972793)
(-0.0485846 1.67593 0.1592)
(-0.0562208 1.6657 0.220864)
(-0.0635652 1.65546 0.282006)
(-0.0704966 1.64418 0.342082)
(-0.0770311 1.63111 0.400626)
(-0.0834913 1.61732 0.458106)
(-0.0906376 1.60777 0.517174)
(-0.099458 1.61188 0.583311)
(-0.110253 1.63796 0.662556)
(-0.12127 1.6789 0.754348)
(-0.127939 1.69681 0.841834)
(-0.122123 1.62727 0.888018)
(-0.101655 1.41486 0.846573)
(-0.0673605 1.05983 0.686771)
(-0.0297899 0.62868 0.425229)
(-0.00302102 0.200596 0.131125)
(0.250702 3.49381 -0.51834)
(-0.0831463 1.91791 -0.818013)
(0.0880452 1.61239 -0.826529)
(0.00751448 1.73305 -0.742687)
(0.0198361 1.8147 -0.650894)
(-0.000385938 1.83284 -0.565181)
(-0.0106442 1.8207 -0.486869)
(-0.021618 1.79986 -0.412977)
(-0.0318479 1.77981 -0.342101)
(-0.0413895 1.7632 -0.273347)
(-0.0503942 1.74919 -0.206181)
(-0.0589798 1.73628 -0.140319)
(-0.0672037 1.72363 -0.0756118)
(-0.0750972 1.71115 -0.0118818)
(-0.0827359 1.69907 0.0510777)
(-0.0901466 1.68752 0.113441)
(-0.097238 1.67647 0.175317)
(-0.103887 1.66556 0.236621)
(-0.109982 1.6542 0.297058)
(-0.115518 1.64186 0.356303)
(-0.120762 1.62915 0.414543)
(-0.126389 1.61919 0.473345)
(-0.133392 1.61833 0.536322)
(-0.142416 1.63339 0.6082)
(-0.152535 1.66294 0.690589)
(-0.160184 1.68561 0.774915)
(-0.158828 1.65709 0.837223)
(-0.142238 1.52734 0.84179)
(-0.110252 1.27339 0.756183)
(-0.0675227 0.922483 0.573712)
(-0.0275937 0.538058 0.330698)
(-0.00244835 0.171591 0.0932404)
(0.231207 3.33179 -0.558756)
(-0.0954911 1.76791 -0.819949)
(0.0634162 1.5938 -0.813504)
(-0.0259174 1.7443 -0.717214)
(-0.0147583 1.82095 -0.628388)
(-0.0375892 1.83591 -0.543179)
(-0.0517598 1.82287 -0.465683)
(-0.0650287 1.80143 -0.392616)
(-0.077285 1.78066 -0.322533)
(-0.0885345 1.76338 -0.254532)
(-0.0988579 1.74899 -0.188052)
(-0.108374 1.73605 -0.122793)
(-0.117163 1.72357 -0.0585787)
(-0.125284 1.71128 0.00474251)
(-0.132832 1.69921 0.067294)
(-0.139824 1.68741 0.129149)
(-0.146198 1.67574 0.190299)
(-0.151921 1.66391 0.250621)
(-0.157055 1.6518 0.309999)
(-0.16188 1.6401 0.368668)
(-0.167015 1.63113 0.427775)
(-0.173333 1.62926 0.489813)
(-0.181468 1.63903 0.558079)
(-0.190788 1.65977 0.634036)
(-0.198328 1.67784 0.71258)
(-0.198615 1.66295 0.777731)
(-0.185191 1.57641 0.803346)
(-0.155659 1.39156 0.761903)
(-0.111882 1.11409 0.639202)
(-0.0633982 0.784102 0.449741)
(-0.0236658 0.451884 0.238743)
(-0.00190499 0.144416 0.0598257)
(0.205962 3.16964 -0.582248)
(-0.107616 1.63985 -0.804558)
(0.0316039 1.57529 -0.788754)
(-0.0542608 1.74455 -0.68699)
(-0.0555055 1.82218 -0.598878)
(-0.0775334 1.83753 -0.515805)
(-0.095 1.82558 -0.439697)
(-0.110663 1.80454 -0.367969)
(-0.124768 1.78307 -0.299197)
(-0.137504 1.76452 -0.232503)
(-0.148949 1.749 -0.167302)
(-0.159217 1.73539 -0.103255)
(-0.168407 1.72264 -0.0401663)
(-0.176611 1.71019 0.0220781)
(-0.183941 1.69789 0.0835299)
(-0.190469 1.68573 0.144233)
(-0.196272 1.67371 0.204183)
(-0.201534 1.6621 0.263449)
(-0.206614 1.65179 0.32241)
(-0.2121 1.64471 0.382073)
(-0.218691 1.64376 0.444241)
(-0.226757 1.65133 0.510992)
(-0.235542 1.66564 0.582857)
(-0.242323 1.67608 0.655716)
(-0.242289 1.66087 0.717909)
(-0.229804 1.59169 0.750284)
(-0.201019 1.44619 0.731391)
(-0.157123 1.22224 0.647272)
(-0.10452 0.943634 0.502284)
(-0.0545911 0.649524 0.324341)
(-0.0184438 0.372018 0.155936)
(-0.00135853 0.119435 0.0327275)
(0.17744 3.01259 -0.585159)
(-0.118781 1.52646 -0.772255)
(-0.00867428 1.54458 -0.750528)
(-0.0848937 1.73446 -0.651726)
(-0.098686 1.81706 -0.563047)
(-0.122412 1.83647 -0.48263)
(-0.142449 1.82826 -0.408939)
(-0.160252 1.80938 -0.339357)
(-0.175941 1.78806 -0.272575)
(-0.189828 1.76824 -0.207813)
(-0.202058 1.75101 -0.14451)
(-0.212769 1.73596 -0.0823018)
(-0.222102 1.7223 -0.0209724)
(-0.230233 1.70944 0.0396015)
(-0.237396 1.6972 0.0995303)
(-0.2438 1.68566 0.158942)
(-0.249754 1.67529 0.218069)
(-0.255689 1.66704 0.277406)
(-0.262117 1.66234 0.337841)
(-0.269464 1.66272 0.400599)
(-0.277677 1.6685 0.466656)
(-0.285617 1.67641 0.535398)
(-0.290552 1.67696 0.602654)
(-0.288173 1.6537 0.659041)
(-0.273672 1.58642 0.690243)
(-0.24369 1.45901 0.680353)
(-0.19858 1.26862 0.618342)
(-0.143673 1.03039 0.505333)
(-0.0881786 0.772883 0.358925)
(-0.0422509 0.524676 0.20965)
(-0.0127819 0.300321 0.0882528)
(-0.00129487 0.0969682 0.0128041)
(0.151067 2.8623 -0.564519)
(-0.134443 1.41161 -0.722828)
(-0.0550902 1.50005 -0.697225)
(-0.123313 1.70892 -0.60724)
(-0.14646 1.80151 -0.520949)
(-0.173418 1.82946 -0.443658)
(-0.196178 1.82833 -0.373379)
(-0.216039 1.81452 -0.30705)
(-0.233127 1.79576 -0.243191)
(-0.247878 1.77631 -0.181119)
(-0.260592 1.75822 -0.120353)
(-0.271519 1.7421 -0.0605087)
(-0.280942 1.72791 -0.0012845)
(-0.289241 1.71548 0.0575857)
(-0.296735 1.70461 0.116347)
(-0.303792 1.69565 0.175345)
(-0.310813 1.6892 0.235081)
(-0.318122 1.68586 0.296193)
(-0.325749 1.68571 0.359238)
(-0.333136 1.68724 0.424134)
(-0.33876 1.68599 0.489198)
(-0.339856 1.67334 0.549982)
(-0.332594 1.63678 0.598572)
(-0.313332 1.56248 0.62422)
(-0.279577 1.44023 0.615606)
(-0.231985 1.26902 0.565183)
(-0.175108 1.06006 0.473893)
(-0.116808 0.834315 0.353965)
(-0.0659044 0.614473 0.227093)
(-0.0288644 0.415302 0.116803)
(-0.0076275 0.23876 0.0391357)
(-0.000871585 0.0775891 -1.20979e-05)
(0.129578 2.72137 -0.514689)
(-0.155173 1.28974 -0.651367)
(-0.107631 1.42951 -0.628468)
(-0.172992 1.65781 -0.551972)
(-0.202459 1.76698 -0.471805)
(-0.232576 1.80913 -0.398763)
(-0.258068 1.81919 -0.332756)
(-0.280125 1.81422 -0.270771)
(-0.298756 1.80197 -0.210892)
(-0.314478 1.78667 -0.152283)
(-0.327767 1.77095 -0.0944724)
(-0.339088 1.75632 -0.0370643)
(-0.348903 1.74354 0.0203089)
(-0.357592 1.7326 0.0780427)
(-0.365481 1.7236 0.136458)
(-0.372814 1.71654 0.195911)
(-0.379625 1.71105 0.25662)
(-0.385545 1.70589 0.318425)
(-0.389597 1.69833 0.380322)
(-0.390032 1.68348 0.439844)
(-0.384357 1.65405 0.492561)
(-0.369512 1.60101 0.531904)
(-0.34301 1.51557 0.54991)
(-0.303725 1.39236 0.539029)
(-0.252745 1.23258 0.494834)
(-0.194418 1.04553 0.419026)
(-0.135389 0.846929 0.32098)
(-0.083028 0.653915 0.216365)
(-0.0429677 0.478734 0.122294)
(-0.0171344 0.324869 0.0511718)
(-0.00382943 0.188174 0.00800941)
(-0.000299848 0.0615199 -0.0067829)
(0.112653 2.61076 -0.429238)
(-0.181671 1.15633 -0.552232)
(-0.163528 1.31494 -0.542219)
(-0.232973 1.56226 -0.485008)
(-0.268 1.69597 -0.415632)
(-0.300595 1.76001 -0.348463)
(-0.328123 1.7865 -0.287095)
(-0.352155 1.79424 -0.229869)
(-0.37247 1.7923 -0.174666)
(-0.389367 1.78517 -0.120198)
(-0.403309 1.77546 -0.0657947)
(-0.414853 1.76482 -0.0110103)
(-0.424309 1.75411 0.0444795)
(-0.431716 1.74327 0.100717)
(-0.437338 1.73229 0.157868)
(-0.44092 1.72017 0.215705)
(-0.441843 1.70504 0.273469)
(-0.439015 1.68384 0.329565)
(-0.430903 1.65223 0.381261)
(-0.415572 1.6047 0.424513)
(-0.391078 1.53538 0.454146)
(-0.356098 1.43944 0.464582)
(-0.310771 1.31502 0.451166)
(-0.256837 1.16487 0.411832)
(-0.198358 0.996994 0.349019)
(-0.1409 0.823225 0.27024)
(-0.0902645 0.656008 0.186853)
(-0.0507906 0.50438 0.110871)
(-0.0239988 0.371395 0.0510461)
(-0.00852987 0.254589 0.0110711)
(-0.00153423 0.14878 -0.00885007)
(0.000147275 0.0488739 -0.0094707)
(0.105307 2.55183 -0.313713)
(-0.208977 1.00838 -0.422205)
(-0.214872 1.13331 -0.433017)
(-0.296106 1.39153 -0.402325)
(-0.33923 1.55536 -0.351059)
(-0.374486 1.65069 -0.293807)
(-0.402426 1.70148 -0.238053)
(-0.426425 1.72639 -0.185367)
(-0.446799 1.73684 -0.134848)
(-0.463503 1.73889 -0.0851906)
(-0.476364 1.73543 -0.0354342)
(-0.485355 1.72773 0.0149185)
(-0.490617 1.71601 0.0659385)
(-0.492204 1.70055 0.11742)
(-0.489719 1.68047 0.168843)
(-0.482622 1.65415 0.219149)
(-0.470097 1.61919 0.266601)
(-0.451143 1.57248 0.308662)
(-0.424736 1.51056 0.342038)
(-0.390127 1.43028 0.362971)
(-0.347235 1.32968 0.367796)
(-0.297065 1.20911 0.353905)
(-0.241956 1.072 0.320836)
(-0.185484 0.924928 0.271185)
(-0.132098 0.776536 0.210795)
(-0.0860216 0.635355 0.1477)
(-0.0501853 0.507333 0.0899411)
(-0.0254052 0.394338 0.043243)
(-0.0104156 0.294595 0.0100159)
(-0.00274249 0.204564 -0.00963514)
(-0.000240345 0.120427 -0.0162658)
(0.000498629 0.0396631 -0.0098761)
(0.11979 2.57845 -0.18685)
(-0.220133 0.857436 -0.266306)
(-0.23824 0.865088 -0.29739)
(-0.338235 1.10529 -0.296964)
(-0.39705 1.29121 -0.272146)
(-0.440322 1.42222 -0.233088)
(-0.469809 1.50737 -0.188242)
(-0.491231 1.55852 -0.142429)
(-0.507155 1.58619 -0.0976361)
(-0.518563 1.59823 -0.0542143)
(-0.525314 1.59962 -0.0117142)
(-0.526925 1.59285 0.0303927)
(-0.522803 1.57796 0.0722738)
(-0.51276 1.55499 0.113507)
(-0.496473 1.52325 0.153068)
(-0.473625 1.48154 0.189521)
(-0.443969 1.42836 0.220927)
(-0.407459 1.36218 0.244945)
(-0.364436 1.28192 0.259091)
(-0.315823 1.18746 0.261215)
(-0.263302 1.08018 0.250067)
(-0.209353 0.963272 0.225875)
(-0.157053 0.841577 0.190804)
(-0.10966 0.720783 0.148932)
(-0.0699713 0.606096 0.105471)
(-0.0396504 0.500856 0.0654185)
(-0.0188626 0.40588 0.0322498)
(-0.00642013 0.319997 0.00744881)
(-0.000359316 0.241344 -0.00883289)
(0.00164047 0.16789 -0.0169434)
(0.00126315 0.0986445 -0.0170119)
(0.000141581 0.0324223 -0.0086857)
(0.149224 2.6507 -0.0778485)
(-0.187263 0.723787 -0.104219)
(-0.191696 0.520519 -0.145119)
(-0.303728 0.678768 -0.167724)
(-0.382888 0.846008 -0.171086)
(-0.445873 0.989933 -0.1578)
(-0.489999 1.10394 -0.133837)
(-0.518383 1.18832 -0.103926)
(-0.534001 1.24605 -0.071537)
(-0.539386 1.2813 -0.0387916)
(-0.536535 1.29798 -0.00680162)
(-0.527008 1.29937 0.0237091)
(-0.510701 1.28869 0.0524358)
(-0.486695 1.2668 0.0791434)
(-0.455561 1.23402 0.103257)
(-0.417664 1.19038 0.12376)
(-0.373809 1.13585 0.139413)
(-0.32517 1.07069 0.148917)
(-0.273359 0.995665 0.151156)
(-0.220419 0.912298 0.145578)
(-0.168793 0.822921 0.132498)
(-0.121101 0.730441 0.113183)
(-0.0796932 0.637935 0.0898438)
(-0.0462466 0.548177 0.065318)
(-0.0214769 0.463084 0.0422911)
(-0.00505711 0.383503 0.0226438)
(0.0041062 0.309576 0.00724911)
(0.00778292 0.2413 -0.00366169)
(0.00769422 0.178732 -0.0103488)
(0.00528255 0.122233 -0.0129145)
(0.00272213 0.0709476 -0.0113186)
(0.000348639 0.0231924 -0.00539149)
(0.0864177 2.10013 -0.00310665)
(-0.0968431 0.503691 0.0102451)
(-0.0542087 0.168886 -0.0166082)
(-0.123969 0.171614 -0.034123)
(-0.186877 0.241447 -0.0528461)
(-0.252323 0.323242 -0.0632104)
(-0.313009 0.401906 -0.0645989)
(-0.363628 0.470924 -0.057094)
(-0.401316 0.527215 -0.0445892)
(-0.425183 0.570003 -0.0301203)
(-0.435141 0.599518 -0.0153531)
(-0.431552 0.616418 -0.00169321)
(-0.416187 0.622321 0.0100707)
(-0.391388 0.61895 0.0200043)
(-0.358439 0.60704 0.028165)
(-0.318902 0.587152 0.034297)
(-0.274741 0.559803 0.0380607)
(-0.228138 0.525633 0.0391398)
(-0.18148 0.485524 0.0373517)
(-0.13718 0.440685 0.0328521)
(-0.0973175 0.392628 0.0267758)
(-0.063405 0.342954 0.0205322)
(-0.0364002 0.293234 0.0144813)
(-0.0165443 0.245063 0.0088452)
(-0.00329683 0.199933 0.00414665)
(0.00437202 0.159028 0.000650516)
(0.00756078 0.123103 -0.0017001)
(0.00775661 0.0924323 -0.00309689)
(0.00622805 0.0665569 -0.00390478)
(0.00382348 0.0446387 -0.00402869)
(0.00144775 0.025623 -0.00326982)
(8.66863e-05 0.00833821 -0.00155754)
)
;

boundaryField
{
    inner_wall
    {
        type            rotatingWallVelocity;
        origin          ( 0 0 0 );
        axis            ( 0 0 1 );
        omega           table ( ( 26 85.6735 ) ( 26.05 2.90776 ) ( 28 2.90776 ) );
        omegaCoeffs
        {
            values          3 ( ( 0 52.3599 ) ( 0.05 186.584 ) ( 2 186.584 ) );
        }
        value           nonuniform List<vector> 96{(0 4.73472 0)};
    }
    outer_wall
    {
        type            rotatingWallVelocity;
        origin          ( 0 0 0 );
        axis            ( 0 0 1 );
        omega           constant 0;
        value           uniform ( 0 0 0 );
    }
    top
    {
        type            fixedValue;
        value           uniform ( 0 0 -0.001462 );
    }
    bottom
    {
        type            inletOutlet;
        inletValue      uniform ( 0 0 0 );
        value           nonuniform List<vector> 
32
(
(0 0 0)
(0 0 0)
(0 0 0)
(0 0 0)
(0 0 0)
(0 0 0)
(0 0 0)
(0 0 0)
(0 0 0)
(0 0 0)
(0 0 0)
(0 0 0)
(0 0 0)
(0 0 0)
(0 0 0)
(0.0535402 0.866099 -0.0429653)
(0.0912454 1.07109 -0.121799)
(0.119507 1.16865 -0.190178)
(0.138781 1.19881 -0.244381)
(0.150377 1.18694 -0.284044)
(0.155222 1.14777 -0.310131)
(0.154432 1.08934 -0.323948)
(0.148802 1.01603 -0.32692)
(0.138972 0.931176 -0.320489)
(0.126217 0.838897 -0.306265)
(0.111262 0.744227 -0.286003)
(0.0945185 0.651131 -0.261509)
(0.0764543 0.559529 -0.234364)
(0.0572547 0.46368 -0.205083)
(0.037265 0.354201 -0.171364)
(0.0183807 0.224365 -0.125779)
(0.00330477 0.0770443 -0.0552818)
)
;
    }
    front
    {
        type            wedge;
    }
    back
    {
        type            wedge;
    }
}


// ************************************************************************* //
