/*--------------------------------*- C++ -*----------------------------------*\
| =========                 |                                                 |
| \\      /  F ield         | OpenFOAM: The Open Source CFD Toolbox           |
|  \\    /   O peration     | Version:  2506                                  |
|   \\  /    A nd           | Website:  www.openfoam.com                      |
|    \\/     M anipulation  |                                                 |
\*---------------------------------------------------------------------------*/
FoamFile
{
    version     2.0;
    format      ascii;
    arch        "LSB;label=32;scalar=64";
    class       volScalarField;
    location    "42";
    object      p;
}
// * * * * * * * * * * * * * * * * * * * * * * * * * * * * * * * * * * * * * //

dimensions      [0 2 -2 0 0 0 0];

internalField   nonuniform List<scalar> 
3072
(
-0.0566923953
-0.0446266621
-0.0493501041
-0.0476845783
-0.046448787
-0.0449776479
-0.0432020908
-0.0411291906
-0.0387503698
-0.0360459832
-0.0329923378
-0.0295465611
-0.025611763
-0.0210832443
-0.0161982247
-0.011664364
-0.00790232307
-0.00514012238
-0.00386562393
-0.00371931637
-0.00356264742
-0.0028455108
-0.00143522953
0.0006489907
0.00320790501
0.00615834497
0.00948512989
0.012913181
0.0160333048
0.0184499922
0.0201346218
0.0211973338
-0.108548442
-0.0575554698
-0.0744101188
-0.0687823202
-0.067530763
-0.0655584323
-0.0631562539
-0.0603851634
-0.0572501536
-0.0537352289
-0.0498427957
-0.0456083449
-0.0410245623
-0.0360618694
-0.0307759356
-0.0252425812
-0.0194304128
-0.0135163319
-0.00806584937
-0.00324901824
0.00112779836
0.00502173689
0.00825428835
0.0108662897
0.0131046698
0.0150631139
0.0168988628
0.01887986
0.0209926518
0.0229044818
0.0244211903
0.0253666391
-0.120506885
-0.0337947072
-0.0586779116
-0.0506919544
-0.0506688171
-0.0495815787
-0.0483583598
-0.047100985
-0.0458473477
-0.0446311243
-0.0434793259
-0.0423943154
-0.0413044417
-0.039992332
-0.0378873237
-0.0342854223
-0.0290846626
-0.0225330528
-0.0151845206
-0.00774954444
-0.000634861285
0.0057985293
0.0111997479
0.015490594
0.0190312851
0.022134563
0.0250006466
0.0277583834
0.0302865993
0.0323055585
0.033653579
0.0343780017
-0.131611249
-0.0412288756
-0.0607601344
-0.052817485
-0.0526136581
-0.0517777849
-0.0513193088
-0.0511297762
-0.051179974
-0.0514653324
-0.0519447383
-0.0524551263
-0.0526377377
-0.0519100054
-0.0495364716
-0.0450022568
-0.0381401042
-0.0293877522
-0.0194835612
-0.00925313806
0.000501078003
0.00909833426
0.0161376267
0.0215779106
0.0257304249
0.0290712544
0.0319586562
0.0345548763
0.0367964521
0.0385036943
0.0396020293
0.0401560664
-0.162740667
-0.0635168878
-0.0730855817
-0.0625126677
-0.061440909
-0.0606602184
-0.0607141475
-0.06122853
-0.062058947
-0.0631138585
-0.0642268353
-0.0650605377
-0.0650591339
-0.0634706434
-0.0595478351
-0.0529108924
-0.0436698164
-0.0324440218
-0.0201734954
-0.00782826648
0.00371791905
0.0137283711
0.0218271838
0.0279932457
0.0325369186
0.0359935817
0.0388042556
0.0411771675
0.0431001787
0.0444734413
0.0452997201
0.0456978406
-0.245205026
-0.0638543971
-0.0658799208
-0.0613933094
-0.0626693572
-0.0642410048
-0.066027344
-0.0678670653
-0.0697803258
-0.0717229503
-0.0734704365
-0.0745291674
-0.0740848299
-0.0711702349
-0.0652324187
-0.0561580289
-0.0444887375
-0.0312215998
-0.0174200802
-0.00396167222
0.00841055021
0.019093861
0.0276862567
0.0340973448
0.0386710764
0.041979417
0.044519153
0.0465498191
0.048112978
0.0491766816
0.0497993001
0.0501085452
-0.308191079
-0.0895341025
-0.0560754496
-0.0573846596
-0.0624321557
-0.066929946
-0.0704914223
-0.0734654759
-0.0761650839
-0.0786210486
-0.0805193424
-0.0811166123
-0.0793636563
-0.0744882306
-0.0661992085
-0.0548557392
-0.041486969
-0.0272407125
-0.0130279958
0.000495479156
0.0128106117
0.0234504065
0.0320077864
0.0383476219
0.0427608376
0.0458211337
0.0480652071
0.0497925474
0.0510804705
0.0519351471
0.0524394623
0.0527102583
-0.30273436
-0.127122529
-0.0898449732
-0.076646298
-0.076698667
-0.0778450702
-0.0794745456
-0.0812696033
-0.0831326333
-0.084801445
-0.0856442848
-0.0846523288
-0.0808505834
-0.0737271488
-0.0633142903
-0.0505051149
-0.0365078463
-0.0223421952
-0.008664457
0.00410751007
0.0156736006
0.0257254827
0.0338905424
0.039962169
0.0441404743
0.0469580414
0.0489589493
0.0504643522
0.051572497
0.0523071116
0.0527546762
0.0530117146
-0.250185484
-0.137669767
-0.118140047
-0.10044019
-0.0950602222
-0.09195929
-0.0903916662
-0.0897515756
-0.0896468892
-0.0894941051
-0.0883683872
-0.0851850123
-0.0791368915
-0.0699048946
-0.0580516899
-0.0447524364
-0.0311376589
-0.0179121719
-0.00545911254
0.00603214621
0.0164702179
0.0256473706
0.0332119708
0.0389041557
0.0428314076
0.0454529022
0.0472836224
0.0486445629
0.0496450975
0.0503150887
0.0507334748
0.0509807856
-0.183658243
-0.124259277
-0.121890299
-0.112039739
-0.107379197
-0.102853782
-0.0993303752
-0.0966272346
-0.094482128
-0.092189204
-0.0888701743
-0.0833272148
-0.0750343841
-0.064149332
-0.051719491
-0.0389665875
-0.0266239801
-0.0149836873
-0.00417432752
0.00582484704
0.0150267121
0.0232628812
0.0301858368
0.035494187
0.0392118981
0.0417105226
0.043450219
0.0447339641
0.045675436
0.0463129854
0.0467137173
0.0469470033
-0.151440752
-0.117091553
-0.124938517
-0.121261046
-0.117776322
-0.112480104
-0.107219127
-0.102519016
-0.0982677236
-0.0937156457
-0.0879285139
-0.0798685734
-0.0693902017
-0.0575308569
-0.0456094117
-0.0343752696
-0.0239672387
-0.0143450694
-0.0053660901
0.00314290266
0.0112072022
0.0186364861
0.0250544686
0.0301122219
0.0337548686
0.0362601957
0.038014717
0.039301706
0.040240096
0.0408733881
0.0412654036
0.0414810167
-0.165642666
-0.127871489
-0.141793775
-0.14049958
-0.136703036
-0.128648513
-0.119537215
-0.11118175
-0.103557903
-0.0962570764
-0.0868489201
-0.0751790766
-0.0625682772
-0.050692914
-0.0403447695
-0.0313858368
-0.0234378725
-0.0160933099
-0.00893929471
-0.00177610308
0.00536827133
0.0122324793
0.0183766306
0.0233913904
0.0271360775
0.0297937238
0.0316893152
0.0330702479
0.034062431
0.0347294725
0.0351273668
0.0353203624
-0.244443216
-0.133209147
-0.169452419
-0.169501972
-0.166363005
-0.15378588
-0.137258297
-0.122498124
-0.110171265
-0.096449538
-0.081189664
-0.0657431455
-0.0524059708
-0.0421873957
-0.0346585061
-0.0288369684
-0.0238166153
-0.0188413812
-0.0134487862
-0.00748871834
-0.00108903588
0.00537786304
0.0113870023
0.0164573674
0.0203987217
0.0232985427
0.0254009499
0.0269269718
0.0280174662
0.0287307025
0.0291181794
0.02927551
-0.356379973
-0.163660117
-0.161814314
-0.175678
-0.173539829
-0.156454783
-0.133813787
-0.114805355
-0.0968626919
-0.0788266357
-0.0607668353
-0.0458939161
-0.035805894
-0.029892706
-0.0266757055
-0.0247025076
-0.0228163558
-0.0202179145
-0.0165175557
-0.0116974685
-0.00603300204
-1.52954134e-05
0.00576363565
0.0108042753
0.0148471188
0.0179109843
0.0201669733
0.0218050175
0.0229544087
0.0236692518
0.0240276313
0.0241480481
-0.43711694
-0.235062998
-0.186554017
-0.16956938
-0.139543113
-0.108414819
-0.0833298626
-0.0658228264
-0.0533551144
-0.0393958358
-0.0267346752
-0.0186225678
-0.0151662009
-0.0149593705
-0.0164054117
-0.0181256658
-0.0190265254
-0.0184634624
-0.0162461769
-0.01253668
-0.00773604869
-0.00238622345
0.00297231001
0.0077205717
0.0115664313
0.014559205
0.016788978
0.01839326
0.0194829034
0.0201449872
0.0204555469
0.0205166226
-0.462825639
-0.311023262
-0.254490476
-0.176441722
-0.101591074
-0.0553724517
-0.0336203705
-0.0222658669
-0.0125381861
-0.00339876914
0.0022777867
0.00385755023
0.00215508701
-0.00164088997
-0.00618118962
-0.0102129765
-0.0128159012
-0.0135352043
-0.0123536768
-0.00956484753
-0.00564712647
-0.00116382892
0.00333683906
0.00742753167
0.0108461041
0.013522278
0.0155182775
0.0169448088
0.0178789904
0.0184051922
0.0186114263
0.0186040196
-0.434337089
-0.323283689
-0.278113875
-0.177005724
-0.0982889313
-0.0508081529
-0.0261212595
-0.00997220658
0.00223174722
0.0101559634
0.0137631989
0.0136337648
0.0107110942
0.00615334528
0.00118426867
-0.00308624704
-0.00586553737
-0.00681138916
-0.00599654686
-0.00377200107
-0.000617126411
0.0029719874
0.00655502576
0.00979498084
0.0125100353
0.0146311036
0.0161919652
0.0172633853
0.0179238809
0.0182549107
0.0183283226
0.0182524634
-0.365399936
-0.283890819
-0.247977991
-0.18093579
-0.12474305
-0.0832548748
-0.0529004195
-0.0297172849
-0.012576991
-0.00157959255
0.004700277
0.00720072187
0.00693535511
0.00498282793
0.00242884426
0.000230014694
-0.000944702501
-0.000806242342
0.000573994394
0.00287916753
0.00569565401
0.00863540051
0.0113990886
0.0137871011
0.0156987515
0.0171371946
0.0181294785
0.0187452777
0.01906403
0.0191604866
0.0191002106
0.0189738612
-0.31684732
-0.243311589
-0.230352345
-0.195502704
-0.160846704
-0.126326239
-0.094846039
-0.0684786419
-0.0483407278
-0.0330200245
-0.0222916674
-0.0151409791
-0.0106020033
-0.0077529335
-0.00573244626
-0.0038320695
-0.00158849236
0.00117994056
0.00438886662
0.0077803732
0.0110443245
0.0139233476
0.0162681504
0.0180390223
0.0192700767
0.0200264784
0.0204269054
0.020567868
0.0205357445
0.0204062449
0.0202386658
0.0200910307
-0.312764469
-0.238788128
-0.244153611
-0.225531039
-0.200721628
-0.170350737
-0.14058137
-0.114618817
-0.0932732737
-0.0759407175
-0.0621061643
-0.0508942605
-0.0415817184
-0.0334921329
-0.0260557338
-0.0188732016
-0.0117632684
-0.00477594971
0.00184750051
0.00777837005
0.0127260654
0.0165326549
0.0192036793
0.0208788902
0.021771045
0.0221038936
0.022068845
0.0218307328
0.0215210574
0.0212248666
0.0210016724
0.0208674474
-0.346349141
-0.262776048
-0.279274617
-0.264376091
-0.242398355
-0.214688279
-0.187801649
-0.163957595
-0.143438851
-0.125861755
-0.110422616
-0.0966507058
-0.0838943425
-0.0716065049
-0.059386921
-0.0470409302
-0.0346144154
-0.0224067593
-0.0109196208
-0.000738359327
0.007631599
0.0139196174
0.018162212
0.0206591914
0.0218502797
0.0221844533
0.0220330391
0.0216629976
0.0212446132
0.0208863647
0.0206565185
0.0205636859
-0.397334936
-0.297873331
-0.322831989
-0.305958849
-0.284962926
-0.259555079
-0.235491813
-0.213936117
-0.194887339
-0.177877323
-0.162296921
-0.147557032
-0.13307261
-0.118352745
-0.103041511
-0.0869584746
-0.0701760406
-0.0530719135
-0.0363040982
-0.0207294695
-0.00723392307
0.00349618955
0.0111827942
0.016030639
0.0186135027
0.0196549114
0.0198141594
0.0195706186
0.0192144886
0.0188932395
0.018666295
0.0186025009
-0.449719093
-0.338535378
-0.369057667
-0.348279443
-0.328130048
-0.304429425
-0.282379095
-0.262572967
-0.244868333
-0.228704769
-0.213470206
-0.198590349
-0.183562616
-0.167918602
-0.151287838
-0.133417689
-0.114243259
-0.0939567113
-0.0730826868
-0.0524913871
-0.0332961826
-0.0166806968
-0.00356888706
0.00568829865
0.0113896217
0.0143318226
0.0154886646
0.0156981482
0.0155157529
0.0152291278
0.0149816305
0.0149007427
-0.49868012
-0.380721275
-0.414836705
-0.390165992
-0.370845025
-0.348061492
-0.327101036
-0.308287508
-0.291397365
-0.275808121
-0.260885785
-0.246082149
-0.230969756
-0.215156443
-0.198292713
-0.180087345
-0.160334832
-0.138976549
-0.116201923
-0.0925447023
-0.0689286769
-0.0466595063
-0.0272243641
-0.0118270266
-0.000985252441
0.00561102888
0.00893890136
0.0101975867
0.0103912745
0.0101600489
0.00984455432
0.00954816672
-0.542926645
-0.421450679
-0.457748946
-0.429722664
-0.41135117
-0.389024643
-0.368544327
-0.350127254
-0.333541641
-0.318147333
-0.303306656
-0.288486993
-0.273309234
-0.257471501
-0.240695034
-0.22272105
-0.203306331
-0.182247926
-0.159446375
-0.135013472
-0.109413703
-0.0835671138
-0.0589027826
-0.0371681868
-0.0199079467
-0.00788399814
-0.00078321051
0.00256869002
0.00362729892
0.003584884
0.00314674316
0.00258171467
-0.582338362
-0.457532396
-0.495813194
-0.464951354
-0.448177335
-0.426257945
-0.406002246
-0.387656442
-0.371054424
-0.355583998
-0.340618678
-0.325641674
-0.310289712
-0.294348634
-0.277597527
-0.259845873
-0.240895062
-0.220534014
-0.198555482
-0.174809408
-0.1493156
-0.122439967
-0.0950742705
-0.0687457989
-0.0454990732
-0.0272529007
-0.0149513062
-0.00816592969
-0.00540056944
-0.00490440088
-0.00542173636
-0.00633955236
-0.619717799
-0.485451289
-0.527899189
-0.494425773
-0.4806446
-0.459185452
-0.439119459
-0.420702502
-0.403904848
-0.388193897
-0.372966887
-0.357724565
-0.34212952
-0.3259813
-0.309135406
-0.291456926
-0.272803019
-0.253010624
-0.231891644
-0.209238601
-0.184863516
-0.158714813
-0.131092545
-0.102880363
-0.0757336032
-0.0520635685
-0.0341103949
-0.0227897024
-0.0173041369
-0.015713333
-0.0161264682
-0.0172984822
-0.659836884
-0.503516299
-0.553988826
-0.517538708
-0.50872028
-0.487490187
-0.467724311
-0.44915273
-0.432017343
-0.415932087
-0.400333773
-0.384734826
-0.368815507
-0.352405115
-0.335398452
-0.317699598
-0.299206701
-0.279798047
-0.259329797
-0.237632232
-0.214505759
-0.189746236
-0.163270141
-0.135372402
-0.106985491
-0.0800386761
-0.0573204333
-0.0411909049
-0.032197868
-0.028879577
-0.028882718
-0.0300838376
-0.708696502
-0.514929745
-0.568293862
-0.537514071
-0.532202045
-0.510986655
-0.491725681
-0.472871319
-0.455234278
-0.438629094
-0.422549683
-0.406514812
-0.390212127
-0.373486461
-0.356271995
-0.338501294
-0.320102357
-0.300978021
-0.2810095
-0.260063414
-0.237990157
-0.214611297
-0.18972965
-0.163255976
-0.135523892
-0.10768324
-0.0821052452
-0.0619219228
-0.0492238102
-0.0436624539
-0.0429106368
-0.0440729465
-0.763732488
-0.529966506
-0.571335777
-0.556308427
-0.548607782
-0.529076191
-0.510728293
-0.491521619
-0.473253508
-0.455999533
-0.439347474
-0.422818862
-0.40609345
-0.389021557
-0.371565736
-0.353685111
-0.335335559
-0.316440218
-0.296891471
-0.276567991
-0.255350258
-0.233118134
-0.209725028
-0.184993625
-0.158857384
-0.131776733
-0.105329406
-0.0825353438
-0.0666148578
-0.0586434572
-0.0568542266
-0.0578186122
-0.816709956
-0.554458807
-0.575200595
-0.56567844
-0.556968265
-0.542015427
-0.524206659
-0.504582165
-0.485587218
-0.467623666
-0.450372603
-0.433350774
-0.416214688
-0.398808186
-0.381106348
-0.363095849
-0.344758308
-0.326040055
-0.306845332
-0.287055001
-0.266555214
-0.245256846
-0.22307876
-0.199894086
-0.175534339
-0.150045088
-0.124235648
-0.100370293
-0.0821180245
-0.0719225665
-0.068932688
-0.0695425831
-0.859725801
-0.583821612
-0.581240311
-0.569260294
-0.558850245
-0.547150414
-0.530615646
-0.51112117
-0.49161498
-0.473029868
-0.455249026
-0.43781139
-0.420345874
-0.402671624
-0.384765087
-0.366637922
-0.348291401
-0.329695797
-0.310774554
-0.291416651
-0.271507954
-0.250968437
-0.229759081
-0.207834789
-0.185065519
-0.16129384
-0.136783478
-0.112992234
-0.0934319913
-0.0814281755
-0.0772092366
-0.0773986911
-0.889134908
-0.610943577
-0.588574991
-0.567225068
-0.553121038
-0.543516608
-0.528728046
-0.509935946
-0.490429098
-0.471605069
-0.453575234
-0.435950408
-0.418340643
-0.40054209
-0.382521257
-0.364311001
-0.345935257
-0.327398598
-0.308651312
-0.289597407
-0.27012717
-0.250163011
-0.229686064
-0.208714023
-0.187208663
-0.164989732
-0.141959184
-0.118918616
-0.0987062217
-0.0852159507
-0.0798832084
-0.079749084
-0.902977534
-0.629447724
-0.596556529
-0.559826141
-0.539463803
-0.530457167
-0.517365697
-0.499917795
-0.481237221
-0.462821132
-0.444998006
-0.427528714
-0.410053246
-0.392354581
-0.3743862
-0.356189563
-0.337807
-0.319272089
-0.300572747
-0.281648898
-0.262420779
-0.242817805
-0.222824012
-0.202485923
-0.181835276
-0.160746229
-0.139011025
-0.117071966
-0.0966823505
-0.082019914
-0.0757303013
-0.0752472056
-0.89936713
-0.635203657
-0.601948908
-0.546153318
-0.518242737
-0.508432117
-0.496356518
-0.480643361
-0.463647628
-0.446450689
-0.429455806
-0.412595489
-0.395586553
-0.378227147
-0.360472566
-0.342388364
-0.324033831
-0.305471268
-0.286727139
-0.267778768
-0.248573519
-0.229066746
-0.209263223
-0.189230354
-0.169047006
-0.148674123
-0.127899038
-0.106743045
-0.0862244329
-0.0707854967
-0.0637158711
-0.0627929065
-0.878618072
-0.6249254
-0.598972735
-0.524192683
-0.490591366
-0.478808082
-0.466737905
-0.452829838
-0.438122288
-0.42284099
-0.407277599
-0.391486591
-0.375275963
-0.358488416
-0.341105162
-0.32320844
-0.30489991
-0.286267768
-0.267378023
-0.248248058
-0.228856939
-0.209182877
-0.189245743
-0.169137904
-0.148998789
-0.128881531
-0.108571411
-0.0877037583
-0.0670941222
-0.050855653
-0.0427849866
-0.0414697193
-0.847563306
-0.603217892
-0.578980754
-0.493254847
-0.457833289
-0.443236491
-0.430299473
-0.417998201
-0.405765879
-0.392790655
-0.379087272
-0.36472699
-0.349587325
-0.33356811
-0.316691248
-0.299072057
-0.280840289
-0.262120643
-0.24300847
-0.223548936
-0.203741414
-0.183577675
-0.163097416
-0.142431776
-0.12178027
-0.10127387
-0.0808144454
-0.0599621795
-0.0392607321
-0.0215151147
-0.0118820331
-0.0102495168
-0.823445313
-0.572004598
-0.545765431
-0.457430502
-0.42179195
-0.403488262
-0.38906673
-0.377863304
-0.367808835
-0.357166748
-0.345540117
-0.332872058
-0.319050115
-0.304017955
-0.287833949
-0.270630023
-0.252588408
-0.233831209
-0.214458142
-0.194515053
-0.173998822
-0.152901226
-0.131292012
-0.109374279
-0.08745121
-0.0657743511
-0.0443195581
-0.0227752855
-0.00123311012
0.018751836
0.0302927554
0.0323002342
-0.819377526
-0.544934445
-0.507429367
-0.421547117
-0.383318595
-0.360989731
-0.345131546
-0.334352032
-0.325800867
-0.317221983
-0.30771573
-0.296941581
-0.284712104
-0.270972726
-0.255788771
-0.239286476
-0.221598451
-0.202843881
-0.183094717
-0.162366655
-0.140630115
-0.117879799
-0.0942461735
-0.0700510577
-0.0457491158
-0.0217422355
0.00188514325
0.0254532271
0.0491765251
0.0720081024
0.0858301652
0.0888075483
-0.833443257
-0.532793176
-0.47456932
-0.390175681
-0.343696034
-0.317312229
-0.30058893
-0.289904998
-0.282309504
-0.275488704
-0.26806872
-0.259323921
-0.248908564
-0.236710611
-0.222749289
-0.207095779
-0.189814285
-0.170909265
-0.150385611
-0.128195178
-0.104286118
-0.0786954414
-0.0516847387
-0.0237712494
0.00438215402
0.0322092117
0.0595475402
0.0867514279
0.114134726
0.140896169
0.158464137
0.163857356
-0.862562354
-0.546183162
-0.447517688
-0.362855653
-0.303978389
-0.271795975
-0.254866412
-0.245212159
-0.239134271
-0.234431654
-0.229415668
-0.222974264
-0.214563254
-0.203980174
-0.191162015
-0.176087284
-0.158723822
-0.138979946
-0.116673735
-0.0916545219
-0.0639087622
-0.0336614272
-0.00143173887
0.0319994502
0.0657558019
0.0991518203
0.131994123
0.164621082
0.197237063
0.228203651
0.252438776
0.261673143
-0.885291429
-0.58210086
-0.460987804
-0.355451421
-0.273398102
-0.227941112
-0.207122124
-0.197877225
-0.193980297
-0.192291146
-0.190459349
-0.186876867
-0.180731246
-0.171685381
-0.159575914
-0.144285979
-0.125679137
-0.103591475
-0.0778540735
-0.0483411063
-0.0151151956
0.0213816719
0.0603756769
0.100878083
0.141898271
0.182737378
0.223203394
0.263479173
0.303412495
0.341298139
0.37197451
0.385150162
-0.852363066
-0.598494324
-0.483082148
-0.346524054
-0.248439365
-0.19259548
-0.16449959
-0.152262199
-0.148843424
-0.149407529
-0.150409171
-0.149546997
-0.145532192
-0.137655373
-0.125559688
-0.109075087
-0.0880219462
-0.0622242296
-0.0316080576
0.00367120156
0.0433472782
0.0869300884
0.133561682
0.182262289
0.232187898
0.282850373
0.334096463
0.385724553
0.436752155
0.484509709
0.522837383
0.54102619
-0.845989077
-0.602324442
-0.480378196
-0.340245515
-0.240407906
-0.180229751
-0.147784301
-0.132696131
-0.127579659
-0.126690042
-0.126095598
-0.123535706
-0.117731551
-0.107686544
-0.0927478439
-0.072756413
-0.0475992095
-0.0170358971
0.01903244
0.0604499858
0.106803543
0.157466728
0.211732842
0.269271109
0.329994085
0.393684017
0.459710983
0.526612202
0.591692721
0.650831355
0.697138171
0.720775352
-0.899614366
-0.598539829
-0.46777215
-0.348478041
-0.254129565
-0.198303421
-0.172456684
-0.162984145
-0.160731611
-0.160417689
-0.158149154
-0.151539068
-0.139510927
-0.1219065
-0.0988267055
-0.0703546096
-0.0364843313
0.00290479006
0.04774698
0.0978996688
0.153451129
0.21447949
0.28088227
0.351998535
0.426929444
0.504347067
0.582302611
0.658199586
0.72871515
0.789931752
0.836182944
0.859954798
-0.901271957
-0.579447642
-0.472250366
-0.371172839
-0.293125545
-0.252412873
-0.236657853
-0.230882286
-0.227707324
-0.224035458
-0.217926656
-0.207644432
-0.191806759
-0.169595025
-0.141056449
-0.106347595
-0.0656800271
-0.0193525666
0.0323398893
0.0892430173
0.151266699
0.218181027
0.289583354
0.364833912
0.442920227
0.522288888
0.600773899
0.675644259
0.743770725
0.801915308
0.845209477
0.866930893
-0.906876289
-0.582156198
-0.492963861
-0.416425367
-0.358112753
-0.33075384
-0.321119985
-0.315082664
-0.307421287
-0.296960528
-0.282822744
-0.264136891
-0.240528337
-0.212201548
-0.179247408
-0.141725593
-0.0998210491
-0.0537177879
-0.00360089166
0.0503863895
0.108139659
0.16954504
0.234458044
0.302608691
0.373415315
0.445778435
0.517927828
0.587412635
0.651296153
0.706373096
0.747503236
0.767521632
-0.910872123
-0.586351351
-0.517579924
-0.474328218
-0.437480322
-0.419397122
-0.410708508
-0.400745347
-0.386829715
-0.3693206
-0.348222965
-0.323172557
-0.293951984
-0.260564009
-0.223236932
-0.1823345
-0.138312697
-0.0916235159
-0.0426850829
0.00815288561
0.0606489955
0.114688146
0.170291759
0.227553823
0.28644968
0.346597377
0.407027832
0.466046191
0.521308127
0.569812426
0.606462295
0.623307238
-0.910847327
-0.59753933
-0.557356496
-0.538850782
-0.514709774
-0.498922481
-0.486024154
-0.469846192
-0.449948998
-0.427155592
-0.401510312
-0.37267345
-0.340401102
-0.304639091
-0.26556487
-0.223287821
-0.178277441
-0.131168045
-0.082642737
-0.0333775351
0.0160534372
0.0652797337
0.114195671
0.1629487
0.211821067
0.26100724
0.31032421
0.358947648
0.405282244
0.446594411
0.477477792
0.489995917
-0.907301087
-0.616269882
-0.602365244
-0.595515484
-0.575630974
-0.557752761
-0.53944106
-0.518268177
-0.49467823
-0.469068389
-0.441221738
-0.410803576
-0.377597579
-0.341511154
-0.302504935
-0.260679527
-0.216314251
-0.169921866
-0.122213354
-0.0740295949
-0.0262123628
0.020565593
0.0659382947
0.109910458
0.152812475
0.195120965
0.237155328
0.278710571
0.318696247
0.35496417
0.379466648
0.38802751
-0.897060951
-0.638788955
-0.643899166
-0.636185676
-0.615726526
-0.594592287
-0.572290212
-0.548317883
-0.522853954
-0.49576383
-0.466742522
-0.435559671
-0.402099397
-0.366317813
-0.328205577
-0.287721124
-0.244977903
-0.200298837
-0.154239475
-0.107574818
-0.0612023852
-0.0159637847
0.0275573926
0.069182437
0.109161132
0.14804572
0.18639161
0.224548843
0.261087214
0.293489977
0.313041342
0.318059389
-0.879756756
-0.657656594
-0.671734986
-0.656973998
-0.635534022
-0.611897303
-0.587654958
-0.562584774
-0.536344741
-0.508562514
-0.478986404
-0.447492335
-0.414044502
-0.378653547
-0.341351835
-0.302088514
-0.26090268
-0.217970445
-0.173674188
-0.128641422
-0.0836941536
-0.0396911343
0.00269706179
0.0431927516
0.0819997756
0.119715069
0.157030533
0.194179718
0.229625687
0.25868616
0.274265062
0.277188764
-0.851259354
-0.663462421
-0.680857553
-0.657562041
-0.636583563
-0.611878824
-0.587296682
-0.562241558
-0.53611789
-0.508467559
-0.47900314
-0.447658294
-0.414458212
-0.379457574
-0.342727012
-0.304254697
-0.264072374
-0.222302539
-0.179240416
-0.135409658
-0.091533678
-0.0483944506
-0.00660630972
0.0336075101
0.0725128683
0.110752315
0.148944755
0.186847224
0.221903484
0.247789557
0.259512559
0.26070412
-0.807765933
-0.646718565
-0.671689335
-0.63771589
-0.619583682
-0.595710767
-0.572109167
-0.548162482
-0.523129334
-0.496416007
-0.467703961
-0.436925428
-0.404140717
-0.369456386
-0.332973392
-0.294737902
-0.254828102
-0.213399296
-0.170757494
-0.127400509
-0.0839776847
-0.0411453843
0.000651392764
0.0413826082
0.0814733289
0.121514234
0.161567624
0.200280042
0.233566591
0.255202873
0.263064623
0.26274048
-0.746617998
-0.607324066
-0.634367081
-0.602722292
-0.584349649
-0.563532958
-0.54235767
-0.520596294
-0.497538678
-0.472518223
-0.445157921
-0.415347659
-0.383144519
-0.348693485
-0.312145138
-0.273642033
-0.23337013
-0.191597783
-0.148716209
-0.105236997
-0.0617129115
-0.0185826147
0.0240026931
0.0662567984
0.108557653
0.150897691
0.192200031
0.229467607
0.257788829
0.27333397
0.27733498
0.275766772
-0.667020895
-0.545929545
-0.567729009
-0.547461448
-0.532492213
-0.516080766
-0.498874679
-0.480467806
-0.460248714
-0.437577036
-0.41204832
-0.383513119
-0.35201888
-0.317730643
-0.280879995
-0.241742064
-0.200653177
-0.158018942
-0.114297673
-0.0699571984
-0.0253857209
0.0192133567
0.0638345019
0.108497793
0.152860873
0.195705168
0.234445745
0.265267098
0.285035143
0.293747951
0.294716519
0.29248022
-0.561987766
-0.462369706
-0.47932867
-0.471083276
-0.464168964
-0.454851891
-0.443576576
-0.429933177
-0.413489321
-0.393763
-0.370409527
-0.343264693
-0.312375188
-0.278051219
-0.240561117
-0.200282641
-0.157655672
-0.113158411
-0.0672777609
-0.0204818789
0.0268032399
0.0741835475
0.121157417
0.166816183
0.209579368
0.247150416
0.276843821
0.296716395
0.306992595
0.31020811
0.309636912
0.307713083
-0.431942666
-0.355867746
-0.372905493
-0.376941683
-0.381428749
-0.382271408
-0.379377469
-0.372288375
-0.36075736
-0.344549205
-0.323484792
-0.29752373
-0.266812823
-0.231679244
-0.192466993
-0.149635728
-0.103743059
-0.0554275999
-0.00541879508
0.0454212628
0.0960337367
0.145102439
0.191012813
0.231882431
0.265799271
0.291317905
0.308043964
0.31701155
0.320433634
0.320824857
0.320085209
0.319002404
-0.290883996
-0.232379794
-0.254525493
-0.271759694
-0.289683145
-0.302934863
-0.310471841
-0.311536858
-0.305931268
-0.293656206
-0.274769947
-0.249468897
-0.218134998
-0.181059654
-0.138751405
-0.0918638246
-0.0412724243
0.0118851262
0.0661825603
0.119855526
0.170801191
0.216705231
0.25536644
0.285205383
0.305795569
0.31810286
0.324188149
0.326451391
0.326836213
0.326496472
0.326025322
0.32575817
-0.16451049
-0.117507885
-0.144680779
-0.173416974
-0.203630415
-0.22863518
-0.246429755
-0.255847474
-0.256515713
-0.248529159
-0.232194373
-0.207929086
-0.176182597
-0.137574397
-0.0928293604
-0.0429533511
0.0107033885
0.0664540478
0.12220576
0.17545516
0.223476437
0.263685662
0.294212546
0.314531939
0.325788985
0.330459463
0.331429354
0.331019798
0.330527724
0.330369705
0.330375989
0.330442127
-0.0915251001
-0.05075275
-0.0790398189
-0.114295539
-0.15299929
-0.186788835
-0.212431416
-0.228267236
-0.234050275
-0.229907191
-0.216394869
-0.194143007
-0.163756711
-0.125900405
-0.0814986195
-0.0317996805
0.0218289357
0.0775988865
0.133263278
0.186176373
0.233490754
0.272566915
0.301587537
0.320207685
0.329836139
0.333196496
0.333294236
0.332363636
0.331814629
0.331689499
0.331781089
0.332002724
-0.101442289
-0.0586006958
-0.0879328302
-0.124609263
-0.165244376
-0.200935115
-0.228242168
-0.245457764
-0.252399298
-0.24951755
-0.237532594
-0.21714313
-0.188863249
-0.153331522
-0.112209015
-0.0657599238
-0.0150951711
0.038388891
0.0929165778
0.146310673
0.196057321
0.239561231
0.274617718
0.300010753
0.315984878
0.324268604
0.327453072
0.32801985
0.327680165
0.32726723
0.32703321
0.326940836
-0.182113223
-0.131826419
-0.162613674
-0.196175946
-0.232261225
-0.262454481
-0.284162517
-0.296451561
-0.299681299
-0.294597855
-0.281997755
-0.262613491
-0.237188633
-0.206364689
-0.170172659
-0.129460258
-0.0848032738
-0.0368987071
0.0133894664
0.0649253764
0.116222564
0.16542891
0.210427293
0.249076854
0.279575572
0.301087743
0.314130604
0.320431776
0.322378371
0.322184068
0.321308626
0.320394849
-0.302213981
-0.239749159
-0.268946865
-0.293773665
-0.319285572
-0.338257538
-0.349580583
-0.353345271
-0.350364609
-0.34140165
-0.327067846
-0.307807382
-0.28399818
-0.256015579
-0.224168027
-0.188904111
-0.150551713
-0.109445501
-0.0659012295
-0.0202396887
0.0271538596
0.07571258
0.124489844
0.171994339
0.216029036
0.253807979
0.282672962
0.301167227
0.310092678
0.312381506
0.31137988
0.30935698
-0.426114165
-0.343676748
-0.373074819
-0.386848414
-0.40018819
-0.407279408
-0.40839176
-0.404271208
-0.395762632
-0.383321735
-0.367150442
-0.347343838
-0.324007003
-0.297327646
-0.267642584
-0.235275113
-0.200554396
-0.163786978
-0.12521609
-0.0849746478
-0.0430526292
0.000681855141
0.0463424953
0.0937377612
0.142010307
0.189139622
0.231695212
0.265228798
0.286306225
0.295150818
0.29563625
0.292754098
-0.528744639
-0.422971622
-0.45806456
-0.459887751
-0.463267034
-0.461310103
-0.454991877
-0.445360602
-0.433054825
-0.418133853
-0.400434011
-0.379821992
-0.356292016
-0.329968883
-0.301099544
-0.269934156
-0.236754217
-0.201870866
-0.1655909
-0.128161782
-0.0896864665
-0.0500407303
-0.00884665393
0.0344136468
0.080032513
0.127483075
0.174947584
0.218610052
0.252262236
0.27072071
0.275131078
0.27279205
-0.600536198
-0.475938902
-0.516219105
-0.506047104
-0.504696709
-0.497457011
-0.486735549
-0.473821029
-0.459161991
-0.442565812
-0.423691694
-0.402319257
-0.378410672
-0.352066383
-0.32346987
-0.29281334
-0.260287137
-0.226131505
-0.190649875
-0.154183513
-0.117020754
-0.0792655144
-0.040724023
-0.000880090091
0.0409505471
0.0851802361
0.131295434
0.177380174
0.218545359
0.246339948
0.256585555
0.25611227
-0.649342851
-0.502674683
-0.536051773
-0.527115709
-0.524017313
-0.514439285
-0.501680852
-0.487189768
-0.47129098
-0.453719829
-0.43410257
-0.412204836
-0.387979902
-0.361507728
-0.332934422
-0.302396022
-0.2700072
-0.235943607
-0.200482516
-0.164007411
-0.126924829
-0.0895090326
-0.0517470268
-0.0132676466
0.0265731718
0.0684102084
0.112403463
0.157585564
0.20101766
0.235470516
0.252311986
0.254598971
-0.678599972
-0.499828287
-0.526213104
-0.524503578
-0.520396206
-0.51136602
-0.498882136
-0.484439933
-0.468464713
-0.450803966
-0.431144542
-0.409252218
-0.385046744
-0.358563861
-0.329895941
-0.299131453
-0.266349628
-0.231711324
-0.195505398
-0.15815221
-0.120111841
-0.081714685
-0.0429983492
-0.00364974827
0.0368793305
0.0791279437
0.123246922
0.168659287
0.213149531
0.252185732
0.275519999
0.281427023
-0.692839253
-0.473704765
-0.492801457
-0.497807468
-0.493334881
-0.486577898
-0.476720467
-0.464118613
-0.44944867
-0.43283445
-0.414062991
-0.392906466
-0.369242917
-0.343050544
-0.314367309
-0.283241295
-0.249750432
-0.214105346
-0.176648566
-0.137807482
-0.0979813401
-0.0573882949
-0.0159485293
0.0267215148
0.0711582776
0.117732691
0.166232109
0.215500226
0.263302402
0.307562649
0.33747903
0.348334945
-0.697213044
-0.437991637
-0.441504812
-0.447777259
-0.442572307
-0.439022965
-0.434324969
-0.425965824
-0.414386615
-0.400216415
-0.38346717
-0.363921308
-0.341425041
-0.315919159
-0.287428979
-0.256060195
-0.221953686
-0.185354566
-0.14654382
-0.105767156
-0.0631410481
-0.0185697707
0.0282823085
0.0779013795
0.130678553
0.186550392
0.244620159
0.302949887
0.358723953
0.408375064
0.446028516
0.462057318
-0.696261371
-0.40507387
-0.383245585
-0.379060871
-0.369716401
-0.368589048
-0.370603631
-0.369183906
-0.363265514
-0.353642408
-0.340634057
-0.324129519
-0.304012609
-0.280227418
-0.252789923
-0.221977029
-0.187955058
-0.150789041
-0.110424815
-0.0666723205
-0.0191928953
0.0324528553
0.0887513345
0.150075551
0.216343215
0.286661705
0.359081807
0.430571949
0.497353949
0.555342177
0.599250818
0.620162994
-0.690915471
-0.379660088
-0.330687785
-0.304111949
-0.284638515
-0.282687203
-0.290359177
-0.296988485
-0.298820557
-0.295931811
-0.288587918
-0.276702199
-0.260388205
-0.240355436
-0.215989794
-0.187079294
-0.153507605
-0.115064206
-0.0714445745
-0.0222342426
0.0330597705
0.0948490643
0.163344396
0.238385031
0.319143325
0.403874118
0.489770109
0.573035483
0.649308633
0.714228104
0.762398805
0.786218264
-0.692088842
-0.3668188
-0.285220886
-0.23732049
-0.204071246
-0.196279922
-0.206289254
-0.219875171
-0.229965652
-0.235539216
-0.236384456
-0.231578261
-0.220397257
-0.20218291
-0.178239175
-0.14880419
-0.113794413
-0.0731393164
-0.0267397166
0.0256991455
0.0845963375
0.150317472
0.223066345
0.302568014
0.387760499
0.476793527
0.566773129
0.653794685
0.733495808
0.801217266
0.851377197
0.876383094
-0.702844431
-0.382394596
-0.277337371
-0.205633229
-0.153522604
-0.133997039
-0.138686669
-0.151213405
-0.162399272
-0.169308802
-0.171166995
-0.16750289
-0.157976753
-0.142960474
-0.123068997
-0.0986829413
-0.0699664095
-0.0370978367
-0.000352229721
0.0403676219
0.0857137043
0.136622078
0.194227522
0.259379492
0.331661493
0.411173748
0.495617185
0.581065214
0.662071246
0.732634315
0.785959651
0.813390261
-0.670825992
-0.390563082
-0.305871967
-0.203120966
-0.142290618
-0.122942925
-0.124404396
-0.132511703
-0.14160224
-0.149099948
-0.153102968
-0.15223622
-0.145878213
-0.134224928
-0.117816033
-0.0971654183
-0.0727860615
-0.0452590463
-0.0151774574
0.0169595084
0.0507869508
0.0862464854
0.123672405
0.164003022
0.210173048
0.264235055
0.327039914
0.396873612
0.468978861
0.536305162
0.589514281
0.616755577
-0.689195641
-0.391494456
-0.319063884
-0.227759442
-0.176159532
-0.161237656
-0.162579005
-0.168504934
-0.174828841
-0.179216574
-0.17978591
-0.175512847
-0.166221065
-0.152232903
-0.13403429
-0.112185231
-0.08732734
-0.0601440165
-0.0313003498
-0.00134661849
0.0293012517
0.0602369632
0.0911083911
0.122068022
0.153863145
0.188020229
0.226491313
0.27039981
0.318444526
0.366200956
0.406290491
0.425517091
-0.694196369
-0.394650337
-0.334132679
-0.265832709
-0.223891142
-0.211816345
-0.212292477
-0.214742459
-0.216206995
-0.215467858
-0.211408631
-0.20341472
-0.191419977
-0.175651011
-0.156441836
-0.134200184
-0.10941631
-0.0827381626
-0.054612369
-0.0258159552
0.00286828205
0.0308638086
0.0578166543
0.0836282258
0.108578453
0.133553624
0.160090983
0.18972669
0.222512818
0.25554414
0.284021552
0.295430758
-0.695122102
-0.400548492
-0.358885467
-0.308867628
-0.27728844
-0.268823545
-0.267953389
-0.266401059
-0.262955394
-0.257430739
-0.249275805
-0.238106313
-0.2238702
-0.206696584
-0.186791695
-0.164431369
-0.140003752
-0.113858686
-0.0866590743
-0.0590187722
-0.0315905207
-0.00502117946
0.0201516186
0.0436233861
0.0654799521
0.0863840258
0.107672639
0.130954379
0.156856164
0.183459282
0.201636663
0.207344294
-0.697964473
-0.410596783
-0.38632187
-0.353155525
-0.330040725
-0.322816938
-0.318775963
-0.312625717
-0.304626973
-0.295089357
-0.28368855
-0.270131627
-0.25433011
-0.236310516
-0.216170097
-0.194090197
-0.17034367
-0.145257541
-0.119276819
-0.0929123896
-0.0667359561
-0.0413545335
-0.0173319599
0.00494131064
0.0254229203
0.0446134526
0.0636596248
0.0840291675
0.106354275
0.128695752
0.142136229
0.144641358
-0.698147958
-0.422670249
-0.416345768
-0.39441273
-0.376295693
-0.368083625
-0.360092479
-0.34990912
-0.338528791
-0.326208958
-0.312611644
-0.297459234
-0.28064006
-0.262140969
-0.242020797
-0.220408461
-0.197466381
-0.173428029
-0.148617562
-0.123446656
-0.0984070376
-0.0740463551
-0.0508991542
-0.0293593921
-0.00949692915
0.00913787651
0.02758853
0.0472043822
0.0679798477
0.0876894699
0.0988714399
0.100373782
-0.695537195
-0.436296445
-0.444987448
-0.42874192
-0.412853109
-0.402297046
-0.390656627
-0.377586801
-0.363993387
-0.349829655
-0.334732905
-0.318461918
-0.300911905
-0.282067257
-0.261976559
-0.24074678
-0.218491334
-0.195378173
-0.171639218
-0.147580666
-0.123596898
-0.100156596
-0.0777361234
-0.0566805724
-0.0370166878
-0.018307436
0.000618805632
0.0209273223
0.0420294278
0.0601072566
0.0695384862
0.0707435158
-0.688548309
-0.449389436
-0.469234691
-0.453967699
-0.438687909
-0.425505457
-0.411235775
-0.396409552
-0.381446626
-0.36609175
-0.350005101
-0.332979734
-0.31492768
-0.295840285
-0.275761916
-0.254785904
-0.232999008
-0.210532222
-0.18755803
-0.164311182
-0.141111828
-0.118352394
-0.0964337197
-0.0756156967
-0.0558017199
-0.0363620707
-0.0162157895
0.00539190345
0.0272974308
0.0443229439
0.0522162401
0.0530235353
-0.676319067
-0.459539865
-0.486314111
-0.469264273
-0.454145484
-0.438683438
-0.42286668
-0.40705906
-0.391278783
-0.375204833
-0.358516465
-0.341025496
-0.322656555
-0.303407343
-0.283327089
-0.262495135
-0.240983338
-0.218897933
-0.196378067
-0.173613238
-0.150887581
-0.128517512
-0.106808122
-0.0858807791
-0.0654526568
-0.0447366604
-0.022769447
0.000484513278
0.0227380985
0.0385826607
0.0451303049
0.0454726185
-0.65784117
-0.463716956
-0.494425369
-0.474675366
-0.460013475
-0.442747975
-0.426214176
-0.409943926
-0.39376559
-0.37734191
-0.360360086
-0.342642788
-0.324129154
-0.304811231
-0.284741391
-0.263978692
-0.242590567
-0.220670843
-0.198343731
-0.17578407
-0.15322929
-0.130942113
-0.109101145
-0.0876261689
-0.066012579
-0.0434204739
-0.0193080254
0.00547697297
0.0274820793
0.0417143162
0.0468144086
0.0466355872
-0.631717024
-0.459617999
-0.494153292
-0.469748007
-0.456786414
-0.438309585
-0.421679219
-0.405385697
-0.389194705
-0.372754247
-0.355757959
-0.338029797
-0.319501433
-0.30016997
-0.280087001
-0.259302693
-0.237891552
-0.215953224
-0.193618733
-0.171058862
-0.148467405
-0.125994162
-0.103619105
-0.0810118761
-0.0575128952
-0.0324775122
-0.00613961269
0.019390662
0.03990591
0.0517082268
0.0551722455
0.0544270106
-0.59655282
-0.446897813
-0.485946513
-0.453434601
-0.444347631
-0.426240902
-0.409734342
-0.39376464
-0.377866173
-0.361658127
-0.344841495
-0.327239216
-0.308781006
-0.289468984
-0.269363662
-0.248518234
-0.227022857
-0.204989888
-0.182552817
-0.159851436
-0.136983906
-0.113918756
-0.0903941968
-0.0658948763
-0.0398766878
-0.0123724173
0.0152142522
0.0396546461
0.0570858771
0.0658230819
0.0676714661
0.0664723868
-0.552276819
-0.423655374
-0.463185286
-0.43290972
-0.422011107
-0.406285241
-0.390716178
-0.375442771
-0.360113236
-0.344351452
-0.327872805
-0.310506083
-0.292185364
-0.272925583
-0.252795048
-0.231869287
-0.210256082
-0.18806888
-0.165407401
-0.142318501
-0.118735702
-0.0944186229
-0.068961135
-0.041990877
-0.0136156478
0.0151143649
0.041688995
0.0626320847
0.0756313948
0.0811118417
0.0816333097
0.0802330593
-0.499445641
-0.387953009
-0.425375117
-0.404266494
-0.392662348
-0.3789414
-0.364992375
-0.350896132
-0.336438634
-0.321316661
-0.305293624
-0.288224132
-0.270060222
-0.25084314
-0.230650637
-0.209580134
-0.187732836
-0.165179741
-0.141929033
-0.117890311
-0.0928533568
-0.0665335066
-0.0387592619
-0.00981360303
0.0192898504
0.0464971939
0.0688848664
0.0842187327
0.0923443894
0.0950490568
0.0947445609
0.0933100102
-0.436558464
-0.342329528
-0.374462824
-0.364020503
-0.355525217
-0.344674976
-0.333014825
-0.320609414
-0.307359787
-0.293067948
-0.277576369
-0.260785799
-0.242679386
-0.223355359
-0.202887964
-0.181365751
-0.158844736
-0.135326772
-0.110745832
-0.0849800947
-0.0579181371
-0.0296334188
-0.00063209398
0.0279717732
0.0543781754
0.0763035564
0.0919956452
0.101211555
0.105235158
0.106096128
0.105499089
0.104371136
-0.360909417
-0.286284315
-0.314791909
-0.313821779
-0.310811334
-0.30399113
-0.295266798
-0.28495849
-0.273148481
-0.259756296
-0.244706844
-0.227971648
-0.209601688
-0.189699222
-0.168361984
-0.145665764
-0.121665654
-0.0963977994
-0.0699145132
-0.0423646458
-0.0141096361
0.0141138454
0.0410952603
0.0652824534
0.0850826538
0.0994109392
0.108240243
0.112601297
0.114057024
0.114052202
0.113509513
0.112808048
-0.279095071
-0.220304159
-0.248573223
-0.255991737
-0.259712193
-0.257848484
-0.252484108
-0.244363492
-0.233875072
-0.221103018
-0.206074585
-0.188853555
-0.169542834
-0.148308397
-0.125290046
-0.10068074
-0.0747267751
-0.0477583752
-0.0202338661
0.0071747798
0.0335242284
0.0576709386
0.0784356333
0.0948771885
0.106595088
0.113907841
0.117751528
0.119308983
0.119627343
0.119415661
0.119030263
0.118700868
-0.206062649
-0.153612917
-0.181036316
-0.194088816
-0.204246693
-0.207826255
-0.206149435
-0.200126028
-0.190557486
-0.177845883
-0.162207337
-0.143827166
-0.122939106
-0.0998141988
-0.0748303949
-0.0485043023
-0.0215051577
0.00535571466
0.0311440992
0.0548389135
0.075451286
0.0922245406
0.104819163
0.113409908
0.118640027
0.121418549
0.122652499
0.123049265
0.123059229
0.122918256
0.122749129
0.122662074
-0.160472157
-0.102220625
-0.124230438
-0.136661638
-0.149107494
-0.156478019
-0.158394123
-0.154929354
-0.146685274
-0.13418584
-0.117854226
-0.0981688409
-0.0757537622
-0.0511718425
-0.0251727857
0.00130964864
0.0271942781
0.0513410571
0.0726812815
0.090366826
0.103937592
0.113448348
0.119443724
0.122785886
0.124406792
0.125074006
0.125295164
0.125340499
0.125338287
0.125334375
0.125350759
0.125371527
-0.144206372
-0.0795210589
-0.0957179598
-0.101959318
-0.108650223
-0.11313644
-0.114976951
-0.113369469
-0.107518979
-0.0968324459
-0.0812179543
-0.0613336621
-0.0384487371
-0.0137276506
0.0118588595
0.037069205
0.0606046346
0.0812828647
0.0982276861
0.110995496
0.119626147
0.124694712
0.127151333
0.127986789
0.128025669
0.127797356
0.127544842
0.127374392
0.127274192
0.127221958
0.127261098
0.127381816
-0.133446546
-0.0860059651
-0.0983246412
-0.0989729689
-0.0996105076
-0.0990549718
-0.0965407704
-0.0913312005
-0.0829370729
-0.0712665117
-0.0564248084
-0.0384140367
-0.0172468723
0.00635105248
0.0308311911
0.054592952
0.0761722087
0.0943994751
0.108565154
0.118547332
0.124817729
0.128194312
0.129568977
0.129777872
0.129452081
0.129000973
0.128567804
0.12819548
0.127931862
0.127820148
0.127862853
0.128010969
)
;

boundaryField
{
    inner_wall
    {
        type            zeroGradient;
    }
    outer_wall
    {
        type            zeroGradient;
    }
    top
    {
        type            zeroGradient;
    }
    bottom
    {
        type            fixedValue;
        value           uniform 0;
    }
    front
    {
        type            wedge;
    }
    back
    {
        type            wedge;
    }
}


// ************************************************************************* //
