/*--------------------------------*- C++ -*----------------------------------*\
| =========                 |                                                 |
| \\      /  F ield         | OpenFOAM: The Open Source CFD Toolbox           |
|  \\    /   O peration     | Version:  2506                                  |
|   \\  /    A nd           | Website:  www.openfoam.com                      |
|    \\/     M anipulation  |                                                 |
\*---------------------------------------------------------------------------*/
FoamFile
{
    version     2.0;
    format      ascii;
    arch        "LSB;label=32;scalar=64";
    class       volScalarField;
    location    "763";
    object      p;
}
// * * * * * * * * * * * * * * * * * * * * * * * * * * * * * * * * * * * * * //

dimensions      [0 2 -2 0 0 0 0];

internalField   nonuniform List<scalar> 
3072
(
-0.000123967161
-9.41515312e-05
-9.04857069e-05
-8.44512079e-05
-7.46945511e-05
-6.29698083e-05
-5.10207637e-05
-3.99856132e-05
-2.7774258e-05
-1.40153784e-05
-7.56287892e-06
-7.76018361e-06
-7.62204127e-06
-6.31046e-06
-4.47203969e-06
-2.49540275e-06
-5.35726572e-07
1.32379241e-06
3.02537202e-06
4.5241889e-06
5.8068686e-06
7.01604112e-06
8.0423002e-06
8.74650317e-06
9.27238783e-06
9.66435434e-06
9.94257743e-06
1.01314859e-05
1.02633933e-05
1.03857726e-05
1.05659055e-05
1.08151642e-05
-0.000264310418
-0.000186452129
-0.000160138697
-0.000141512778
-0.000123474803
-0.000104850661
-8.64210289e-05
-6.86357589e-05
-5.08430165e-05
-3.39336404e-05
-2.18125472e-05
-1.44699978e-05
-8.57002635e-06
-3.29991748e-06
1.33040544e-06
5.32477446e-06
8.74335642e-06
1.16448836e-05
1.40880853e-05
1.61498295e-05
1.77775636e-05
1.92003273e-05
2.0418483e-05
2.12384763e-05
2.18514314e-05
2.23315871e-05
2.27116301e-05
2.30231837e-05
2.3304318e-05
2.36021604e-05
2.39473817e-05
2.42410797e-05
-0.000326423854
-0.000221781264
-0.000176574437
-0.000146113108
-0.00012166968
-0.000100771947
-8.23237934e-05
-6.56797864e-05
-5.03714516e-05
-3.65147346e-05
-2.47568996e-05
-1.5029084e-05
-6.70558694e-06
5.33254235e-07
6.82418585e-06
1.22633655e-05
1.6934521e-05
2.09092458e-05
2.42731752e-05
2.72005432e-05
2.95866341e-05
3.14880803e-05
3.30811572e-05
3.43169197e-05
3.5285195e-05
3.6047213e-05
3.66469318e-05
3.71230422e-05
3.75126547e-05
3.78541488e-05
3.81780663e-05
3.8449237e-05
-0.0003862129
-0.00026691517
-0.000210788341
-0.000168760898
-0.000135763039
-0.000109664221
-8.78522667e-05
-6.89316197e-05
-5.21829991e-05
-3.7296744e-05
-2.41971404e-05
-1.27467172e-05
-2.72758473e-06
6.04068612e-06
1.36900668e-05
2.03248411e-05
2.60363828e-05
3.09110125e-05
3.50378931e-05
3.85009275e-05
4.14022861e-05
4.37573709e-05
4.56285992e-05
4.71510842e-05
4.83630248e-05
4.93170793e-05
5.00674475e-05
5.06623554e-05
5.11448684e-05
5.15569845e-05
5.19303166e-05
5.22254004e-05
-0.000442025348
-0.000315680731
-0.000246465678
-0.000194678124
-0.000154290582
-0.000122038903
-9.54362109e-05
-7.29130541e-05
-5.34564207e-05
-3.6458216e-05
-2.15551276e-05
-8.4802308e-06
2.98973297e-06
1.30327841e-05
2.17905941e-05
2.93832892e-05
3.59220769e-05
4.15135783e-05
4.623561e-05
5.00709578e-05
5.32998662e-05
5.60636794e-05
5.8258135e-05
6.0010936e-05
6.14108261e-05
6.2524432e-05
6.34106081e-05
6.41222148e-05
6.47075873e-05
6.52152073e-05
6.56822858e-05
6.60574889e-05
-0.000490655516
-0.000359350192
-0.000280091253
-0.000220370339
-0.000173454961
-0.000135074493
-0.000103461266
-7.69814039e-05
-5.44124948e-05
-3.49371115e-05
-1.80134571e-05
-3.25690528e-06
9.62074733e-06
2.0841056e-05
3.05814602e-05
3.89919339e-05
4.62065986e-05
5.23490063e-05
5.7529549e-05
6.18425322e-05
6.54208261e-05
6.8373835e-05
7.0772261e-05
7.27058305e-05
7.42588853e-05
7.55060108e-05
7.65134605e-05
7.73399819e-05
7.80401142e-05
7.86710986e-05
7.92766835e-05
7.9777879e-05
-0.000531925767
-0.000396360102
-0.000311284988
-0.000245353456
-0.000191929395
-0.000147979332
-0.000111621503
-8.11857734e-05
-5.53783249e-05
-3.3274183e-05
-1.42176024e-05
2.27299091e-06
1.65601359e-05
2.89247335e-05
3.95928536e-05
4.87542646e-05
5.65747496e-05
6.3203583e-05
6.87778376e-05
7.34253373e-05
7.72691882e-05
8.04240011e-05
8.29932072e-05
8.5073668e-05
8.67550659e-05
8.81190333e-05
8.92385522e-05
9.01781882e-05
9.09987738e-05
9.17669167e-05
9.25330589e-05
9.31836813e-05
-0.000566132766
-0.000427474145
-0.000338406733
-0.000267796767
-0.000209055524
-0.000160191561
-0.000119500837
-8.53394673e-05
-5.63985097e-05
-3.17025698e-05
-1.05252282e-05
7.68780303e-06
2.33651373e-05
3.6845808e-05
4.8405747e-05
5.82769402e-05
6.66602978e-05
7.37343902e-05
7.96609459e-05
8.45885223e-05
8.86546376e-05
9.19862361e-05
9.46998544e-05
9.69025722e-05
9.86922906e-05
0.000100157704
0.000101377881
0.000102422688
0.000103358777
0.000104261608
0.000105187663
0.00010598786
-0.000594146819
-0.000453435238
-0.000361223911
-0.000286857299
-0.000223987799
-0.000171079127
-0.000126661825
-8.91941546e-05
-5.74006765e-05
-3.02970572e-05
-7.12027358e-06
1.27316693e-05
2.97380078e-05
4.42865387e-05
5.66977265e-05
6.72427786e-05
7.61564086e-05
8.3645837e-05
8.98968202e-05
9.50777448e-05
9.93422247e-05
0.000102830583
0.000105670848
0.000107979648
0.000109862806
0.000111415621
0.000112722693
0.00011385857
0.000114894927
0.000115914743
0.000116979508
0.000117909228
-0.000616490051
-0.000474436841
-0.000379939551
-0.000302668494
-0.000236574211
-0.000180404914
-0.000132888453
-9.25988618e-05
-5.83158655e-05
-2.9070847e-05
-4.08736094e-06
1.72642258e-05
3.54985638e-05
5.10409173e-05
6.42483157e-05
7.54255142e-05
8.4837141e-05
9.27162849e-05
9.92707794e-05
0.000104687467
0.000109135261
0.000112767152
0.000115721724
0.000118124281
0.000120087795
0.000121713454
0.000123090682
0.000124298007
0.00012541115
0.000126518813
0.000127686253
0.000128711089
-0.00063372637
-0.000490848309
-0.000394799197
-0.000315366419
-0.000246803958
-0.0001880732
-0.000138060055
-9.54446397e-05
-5.90687756e-05
-2.79908291e-05
-1.43657185e-06
2.12368487e-05
4.0566546e-05
5.70047286e-05
7.0936378e-05
8.26932149e-05
9.25645892e-05
0.00010080556
0.000107642962
0.000113279792
0.000117898466
0.000121663179
0.000124721736
0.000127206983
0.000129238023
0.000130921024
0.000132349411
0.000133604943
0.000134766356
0.000135926075
0.000137151874
0.000138229613
-0.000646482367
-0.000503163653
-0.000406149911
-0.000325165531
-0.000254771142
-0.000194090675
-0.000142131209
-9.76635975e-05
-5.95900089e-05
-2.69996148e-05
8.70621962e-07
2.46669986e-05
4.49392711e-05
6.21576257e-05
7.67271402e-05
8.89999362e-05
9.92846498e-05
0.000107853913
0.000114949995
0.000120789181
0.000125565069
0.000129451156
0.00013260286
0.000135159215
0.000137244287
0.000138968212
0.000140427553
0.000141706557
0.000142885975
0.000144060009
0.000145297788
0.000146384492
-0.000655394526
-0.000511912821
-0.000414397656
-0.000332349119
-0.000260646946
-0.000198536782
-0.000145114304
-9.92250241e-05
-5.98238844e-05
-2.6031431e-05
2.90041615e-06
2.7615346e-05
4.86688748e-05
6.65420632e-05
8.16535531e-05
9.43699433e-05
0.000105014094
0.000113871857
0.000121197328
0.000127217054
0.000132133336
0.000136126892
0.000139359044
0.000141973562
0.00014409827
0.000145846242
0.000147316344
0.00014859461
0.000149762923
0.00015091552
0.000152121904
0.000153176798
-0.000661078518
-0.000517622639
-0.000419968858
-0.00033723602
-0.000264647374
-0.000201538315
-0.000147064174
-0.000100128991
-5.97321221e-05
-2.50232054e-05
4.73030228e-06
3.01661944e-05
5.18412178e-05
7.02420829e-05
8.57958547e-05
9.88786829e-05
0.00010982325
0.000118924706
0.000126445629
0.000132619957
0.00013765629
0.000141740551
0.000145038288
0.000147696612
0.000149845943
0.000151601337
0.000153063193
0.000154318726
0.000155450205
0.00015655049
0.000157688691
0.000158677545
-0.00066411099
-0.000520794073
-0.000423284697
-0.00034015503
-0.000267010692
-0.000203250405
-0.000148064684
-0.000100400842
-5.92950651e-05
-2.39217243e-05
6.43705191e-06
3.24119638e-05
5.45581114e-05
7.3364371e-05
8.9262308e-05
0.00010263383
0.000113817786
0.000123115368
0.000130794706
0.000137094627
0.000142227868
0.000146383754
0.000149730535
0.000152417414
0.000154576374
0.000156323611
0.000157760406
0.000158974641
0.000160048402
0.000161072127
0.000162113984
0.000163010978
-0.000665020743
-0.000521895495
-0.000424751842
-0.000341431889
-0.000267982511
-0.000203844055
-0.000148219596
-0.000100086979
-5.85117025e-05
-2.26883534e-05
8.08812433e-06
3.44413034e-05
5.69231523e-05
7.6022459e-05
9.21725492e-05
0.00010575825
0.00011712176
0.000126567712
0.000134367414
0.000140762504
0.000145968055
0.000150175268
0.000153553818
0.000156253948
0.000158408339
0.000160133647
0.000161531499
0.000162690052
0.000163690793
0.000164621067
0.000165547748
0.000166336027
-0.000664283102
-0.000521352423
-0.000424745369
-0.000341375209
-0.000267804892
-0.000203496469
-0.000147645645
-9.92503056e-05
-5.73986513e-05
-2.13013589e-05
9.73618396e-06
3.63310014e-05
5.90314492e-05
7.83248594e-05
9.46445682e-05
0.000108376283
0.000119863526
0.000129412378
0.000137295525
0.000143755785
0.000149009159
0.000153247513
0.000156640942
0.000159339895
0.000161477088
0.000163169103
0.000164517519
0.000165610467
0.000166528581
0.000167355758
0.00016815741
0.000168828635
-0.000662311427
-0.000519540646
-0.000423607042
-0.000340271436
-0.000266708127
-0.00020238267
-0.000146465154
-9.79647664e-05
-5.59870818e-05
-1.97552144e-05
1.14173696e-05
3.8142096e-05
6.09637893e-05
8.03676677e-05
9.67860496e-05
0.000110604172
0.000122165477
0.00013177608
0.000139708743
0.000146206268
0.000151484551
0.000155735228
0.000159128073
0.000161813133
0.000163922674
0.000165572832
0.000166864853
0.00016788664
0.000168717836
0.000169438819
0.000170113492
0.000170666718
-0.00065946226
-0.000516782599
-0.000421639575
-0.000338377725
-0.00026490295
-0.000200667718
-0.000144798777
-9.63091696e-05
-5.43179452e-05
-1.8057485e-05
1.31526736e-05
3.99195364e-05
6.27846941e-05
8.22311962e-05
9.86898039e-05
0.0001125445
0.000124137694
0.000133774619
0.000141727214
0.000148237474
0.000153520472
0.000157767013
0.000161146046
0.000163806807
0.000165880799
0.000167483465
0.000168715539
0.00016966457
0.000170409166
0.000171026314
0.000171578471
0.000172018657
-0.000656030699
-0.000513344988
-0.000419106637
-0.0003359213
-0.000262577603
-0.000198502384
-0.000142760531
-9.43623879e-05
-5.24376128e-05
-1.62253603e-05
1.49505306e-05
4.16936723e-05
6.45427287e-05
8.39791311e-05
0.000100432086
0.000114283695
0.000125874717
0.000135508978
0.000143457069
0.000149959695
0.000155230671
0.00015945961
0.000162814327
0.000165443019
0.000167476236
0.000169028602
0.000170200238
0.000171078266
0.000171740286
0.000172260166
0.000172699042
0.000173035455
-0.000652248976
-0.000509468279
-0.000416222421
-0.00033309696
-0.000259899408
-0.000196022685
-0.000140455264
-9.22000082e-05
-5.03943764e-05
-1.42820777e-05
1.68106478e-05
4.3484144e-05
6.62719289e-05
8.5657783e-05
0.000102071928
0.000115891434
0.000127454595
0.000137063877
0.000144988473
0.000151467593
0.000156713592
0.000160914716
0.000164237516
0.000166829041
0.000168818816
0.000170320599
0.000171433858
0.000172245258
0.000172831461
0.00017326357
0.000173601572
0.000173846266
-0.000648309554
-0.000505543418
-0.000413023276
-0.000330015675
-0.000257004522
-0.000193344847
-0.000137973778
-8.98894493e-05
-4.82335429e-05
-1.22513436e-05
1.87308277e-05
4.53088102e-05
6.79956344e-05
8.72935185e-05
0.000103649802
0.000117419672
0.000128937923
0.000138506803
0.000146394549
0.000152838948
0.000158050919
0.000162217342
0.00016550351
0.000168055325
0.000170001303
0.000171454347
0.000172513281
0.000173264318
0.00017378327
0.00017413887
0.000174390134
0.000174556635
-0.000644358376
-0.000501785253
-0.000409594322
-0.000326787628
-0.000254003163
-0.000190564361
-0.000135394442
-8.74928917e-05
-4.60030443e-05
-1.01706445e-05
2.06758839e-05
4.71296455e-05
6.97232833e-05
8.89482576e-05
0.000105226846
0.00011892435
0.000130380726
0.000139896251
0.000147736735
0.00015413812
0.000159309769
0.000163437137
0.000166684229
0.000169195808
0.000171099414
0.000172507114
0.000173517108
0.000174215176
0.000174676391
0.000174967491
0.000175146627
0.000175248916
-0.000640495523
-0.000498119547
-0.000406181709
-0.000323534537
-0.000250976371
-0.000187753217
-0.000132778908
-8.50582184e-05
-4.37364699e-05
-8.06392319e-06
2.26389418e-05
4.89668509e-05
7.147577e-05
9.06232098e-05
0.000106807025
0.000120423388
0.000131811615
0.000141268213
0.000149056634
0.000155411221
0.000160539908
0.000164626846
0.000167834886
0.000170307748
0.000172171938
0.000173538902
0.000174506296
0.000175159389
0.000175572669
0.00017581129
0.000175932448
0.000175983561
-0.000636797986
-0.000494583749
-0.000402825805
-0.000320370131
-0.00024799348
-0.000184958406
-0.000130165624
-8.26123011e-05
-4.14406614e-05
-5.94836775e-06
2.46309127e-05
5.0847529e-05
7.3242551e-05
9.22824011e-05
0.000108381392
0.000121925023
0.000133248317
0.000142646937
0.000150383637
0.000156691755
0.000161778136
0.000165825942
0.000168997259
0.000171434887
0.000173262146
0.000174592744
0.0001755248
0.000176141261
0.000176516233
0.000176713952
0.000176790668
0.00017680166
-0.000633314496
-0.000491225423
-0.000399594328
-0.000317331271
-0.000245109771
-0.000182229531
-0.000127596091
-8.02013437e-05
-3.91852782e-05
-3.79613058e-06
2.66464042e-05
5.27505216e-05
7.50348425e-05
9.39666835e-05
0.000109983285
0.000123455801
0.000134715317
0.000144057079
0.000151743281
0.000158006339
0.00016305214
0.000167062894
0.000170199677
0.000172604611
0.000174402802
0.000175704516
0.000176606474
0.000177193244
0.000177538442
0.000177705269
0.000177749686
0.000177732966
-0.00063006709
-0.000488068827
-0.000396541749
-0.000314418526
-0.000242329575
-0.000179585235
-0.00012509033
-7.78321223e-05
-3.69469781e-05
-1.67617609e-06
2.86575853e-05
5.46625669e-05
7.68383963e-05
9.5670183e-05
0.000111612772
0.000125020558
0.000136221284
0.000145510351
0.000153149719
0.000159371127
0.000164379717
0.00016835699
0.000171463343
0.000173840317
0.000175612631
0.000176889967
0.000177768656
0.000178333086
0.000178656527
0.000178801536
0.000178823799
0.000178788441
-0.000627058825
-0.000485121138
-0.000393674015
-0.000311653954
-0.000239673336
-0.000177042953
-0.00012266455
-7.5521609e-05
-3.47478257e-05
4.1846945e-07
3.06600607e-05
5.65759611e-05
7.86543298e-05
9.74002056e-05
0.000113277375
0.000126626799
0.000137774245
0.000147015491
0.00015461238
0.000160796159
0.000165771406
0.00016971908
0.000172799072
0.000175152454
0.000176903518
0.000178161594
0.00017902271
0.000179571006
0.000179879495
0.000180010343
0.000180019025
0.00017997269
-0.00062427975
-0.000482377816
-0.000390987358
-0.000309042497
-0.000237146864
-0.000174608224
-0.000120324929
-7.3277547e-05
-3.25977843e-05
2.47742644e-06
3.2634257e-05
5.8478497e-05
8.04899669e-05
9.91682872e-05
0.000114984388
0.000128279233
0.00013937818
0.000148576446
0.000156135388
0.000162285793
0.000167231783
0.000171153874
0.000174211541
0.00017654548
0.000178279641
0.000179523061
0.000180371518
0.000180908944
0.000181208164
0.000181331133
0.000181333178
0.000181282022
-0.000621710792
-0.00047982507
-0.000388471252
-0.0003065782
-0.000234746387
-0.000172278811
-0.000118070606
-7.11001721e-05
-3.04978401e-05
4.4995428e-06
3.45788746e-05
6.03562462e-05
8.23340701e-05
0.00010097798
0.000116736206
0.000129978116
0.000141032557
0.000150192574
0.000157718171
0.000163839555
0.000168760438
0.000172660947
0.000175700201
0.000178018582
0.000179739769
0.000180972559
0.000181812527
0.000182343427
0.000182637952
0.000182757979
0.000182758748
0.000182707476
-0.000619327246
-0.000477442914
-0.000386109514
-0.000304248554
-0.000232461831
-0.000170046279
-0.000115893873
-6.89811037e-05
-2.84362028e-05
6.50569343e-06
3.65279457e-05
6.22298754e-05
8.41651603e-05
0.000102791937
0.000118508025
0.000131708164
0.000142726721
0.000151855692
0.000159354103
0.000165451809
0.000170352303
0.000174235486
0.000177260252
0.000179566775
0.000181278546
0.000182504192
0.000183339136
0.000183866994
0.000184160373
0.000184281177
0.0001842846
0.000184236603
-0.000617102087
-0.000475208397
-0.000383883023
-0.000302037959
-0.000230280742
-0.000167901014
-0.000113787681
-6.69156246e-05
-2.64107272e-05
8.494283e-06
3.84772681e-05
6.41167469e-05
8.59994274e-05
0.000104601265
0.00012028993
0.000133461895
0.000144454243
0.000153559624
0.000161037071
0.000167116421
0.000172001133
0.00017587104
0.000178884941
0.000181182907
0.000182888324
0.000184109713
0.000184942392
0.000185469877
0.000185764726
0.000185888945
0.000185897713
0.000185855256
-0.000615008082
-0.000473097712
-0.000381771611
-0.000299929533
-0.000228189739
-0.000165833274
-0.000111746175
-6.49025711e-05
-2.44272563e-05
1.04478517e-05
4.03994998e-05
6.60087351e-05
8.78595894e-05
0.000106429331
0.000122092211
0.000135242271
0.000146214544
0.000155301612
0.000162762775
0.000168827969
0.000173700655
0.000177560637
0.000180566672
0.000182858782
0.000184560293
0.000185779667
0.000186612147
0.000187141178
0.000187439296
0.000187568653
0.000187584435
0.000187548869
-0.000613018823
-0.000471087262
-0.000379754901
-0.00029790549
-0.000226174038
-0.000163831104
-0.000109759951
-6.29347334e-05
-2.24800774e-05
1.23720818e-05
4.23006124e-05
6.79011531e-05
8.97394514e-05
0.000108274266
0.00012390823
0.000137042613
0.000148001338
0.000157075306
0.000164524526
0.000170579343
0.00017544331
0.000179296254
0.000182296946
0.000184585404
0.000186284942
0.00018750399
0.000188337753
0.00018886962
0.000189172133
0.000189307614
0.000189331267
0.000189303219
-0.000611109584
-0.000469154607
-0.000377813319
-0.000295948258
-0.000224218758
-0.000161882173
-0.000107818958
-6.10040566e-05
-2.05623922e-05
1.4273999e-05
4.41868517e-05
6.97857009e-05
9.16209723e-05
0.000110130315
0.000125740494
0.000138863342
0.000149812185
0.000158876522
0.00016631699
0.000172364292
0.000177222073
0.0001810702
0.000184067475
0.000186353936
0.000188052901
0.000189272793
0.00019010879
0.000190644249
0.000190951727
0.000191093727
0.000191125472
0.000191105012
-0.000609258084
-0.000467279259
-0.000375928913
-0.000294041222
-0.00022230968
-0.000159974443
-0.000105912971
-5.91017566e-05
-1.86660172e-05
1.61627098e-05
4.60672517e-05
7.1659323e-05
9.34866608e-05
0.000111987205
0.00012758922
0.000140703027
0.000151643422
0.000160700326
0.000168134398
0.000174176353
0.000179029873
0.000182874863
0.000185870159
0.000188155819
0.000189855174
0.000191076649
0.000191915409
0.000192454786
0.000192767362
0.000192915817
0.000192955388
0.000192942156
-0.000607445095
-0.000465443326
-0.000374086085
-0.000292169487
-0.00022043425
-0.000158097485
-0.000104033469
-5.72212475e-05
-1.67865518e-05
1.80396769e-05
4.7940812e-05
7.35285292e-05
9.53491384e-05
0.000113845635
0.000129445321
0.000142553528
0.00015348824
0.00016254024
0.000169970169
0.000176008718
0.000180859625
0.000184702855
0.000187697291
0.000189983027
0.000191683415
0.000192906892
0.000193748618
0.000194291914
0.000194609393
0.000194763899
0.000194810666
0.000194803976
-0.000605654646
-0.000463631745
-0.000372271859
-0.000290319985
-0.000218581736
-0.000156242333
-0.000102173041
-5.53566934e-05
-1.49198144e-05
1.99072425e-05
4.9808295e-05
7.53945778e-05
9.7210467e-05
0.000115704984
0.000131305126
0.00014441057
0.000155342136
0.000164391378
0.000171818981
0.000177855666
0.000182705242
0.000186547752
0.000189542135
0.000191828527
0.000193530311
0.00019475594
0.000195600581
0.000196147548
0.000196469488
0.000196629392
0.000196682464
0.000196681395
-0.000603873993
-0.000461832358
-0.000370475964
-0.000288481392
-0.000216743467
-0.000154401587
-0.000100325501
-5.35032464e-05
-1.30622945e-05
2.1767572e-05
5.16705014e-05
7.72572576e-05
9.90707788e-05
0.000117565297
0.000133167292
0.000146271725
0.000157201895
0.000166249917
0.000173676518
0.000179712458
0.000184561628
0.000188404143
0.000191399
0.000193686379
0.000195389692
0.000196617417
0.000197464725
0.000198014933
0.000198340724
0.000198505206
0.00019856353
0.000198567002
-0.000602093481
-0.000460036107
-0.000368690415
-0.000286644138
-0.000214913026
-0.000152569244
-9.84857643e-05
-5.16569239e-05
-1.12110288e-05
2.36226944e-05
5.35286118e-05
7.91170607e-05
0.000100929992
0.000119425812
0.000135030375
0.000148134959
0.000159064937
0.000168112811
0.000175539334
0.00018157531
0.000186424699
0.000190267686
0.000193263316
0.000195551811
0.000197256614
0.00019848622
0.000199335811
0.000199888709
0.00020021763
0.000200385775
0.000200448202
0.000200455051
-0.000600306203
-0.000458237107
-0.000366905152
-0.000284804529
-0.000213086307
-0.000150740349
-9.66498162e-05
-4.98146561e-05
-9.36370903e-06
2.54742324e-05
5.53836401e-05
8.09744843e-05
0.000102788046
0.00012128585
0.000136893238
0.000149998771
0.000160929371
0.000169977811
0.000177404869
0.000183441387
0.000188291387
0.000192135105
0.000195131633
0.000197421223
0.000199127345
0.000200358511
0.000201209914
0.000201764883
0.000202096159
0.000202266991
0.000202332306
0.00020234146
-0.000598507227
-0.000456430883
-0.000365097389
-0.000282978292
-0.000211261327
-0.000148911443
-9.48150233e-05
-4.79743498e-05
-7.51868991e-06
2.73233773e-05
5.72363554e-05
8.2829937e-05
0.000104644916
0.000123144949
0.000138755139
0.000151862183
0.000162793954
0.000171843422
0.000179271403
0.000185308773
0.0001901596
0.000194004162
0.000197001585
0.000199292146
0.000200999334
0.000202231676
0.000203084374
0.000203640767
0.000203973611
0.000204146089
0.000204212861
0.000204224132
-0.000596695619
-0.000454616124
-0.00036327953
-0.000281152963
-0.000209433916
-0.000147080254
-9.2979368e-05
-4.61343176e-05
-5.67465343e-06
2.91710841e-05
5.90873909e-05
8.46837792e-05
0.000106500647
0.000125002936
0.000140615808
0.000153724777
0.000164658091
0.000173708883
0.000181138022
0.000187176418
0.000192028172
0.000195873592
0.000198871826
0.000201163171
0.000202871127
0.00020410423
0.000204957689
0.000205514851
0.000205848477
0.000206021709
0.00020608903
0.000206101249
-0.000594871771
-0.000452792419
-0.000361454172
-0.000279327437
-0.000207603649
-0.000145246419
-9.11422726e-05
-4.42939673e-05
-3.83107794e-06
3.10177497e-05
6.09369608e-05
8.65359249e-05
0.000108354937
0.000126859885
0.000142475658
0.000155586793
0.000166521827
0.000175574109
0.000183004547
0.000189044063
0.000193896779
0.00019774302
0.000200741946
0.000203033862
0.000204742276
0.000205975729
0.000206829432
0.000207386732
0.00020772039
0.000207893564
0.000207960827
0.000207972715
-0.000593037496
-0.00045096158
-0.000359620883
-0.00027750282
-0.000205771453
-0.000143410735
-8.93044526e-05
-4.24538507e-05
-1.98838348e-06
3.28630327e-05
6.27846581e-05
8.83854422e-05
0.000110206017
0.000128715708
0.000144336545
0.00015744963
0.000168386044
0.000177439745
0.000184871515
0.000190912187
0.000195765865
0.000199612874
0.000202612371
0.000204904658
0.000206613243
0.000207846667
0.000208700139
0.000209257004
0.000209590013
0.000209762383
0.000209828928
0.00020983941
-0.000591195677
-0.000449126409
-0.000357772366
-0.000275688395
-0.000203940734
-0.000141575295
-8.74676375e-05
-4.06152077e-05
-1.47279203e-07
3.470685e-05
6.46312504e-05
9.02338894e-05
0.000112053717
0.000130568844
0.00014619799
0.000159313466
0.000170251186
0.000179306397
0.000186739672
0.000192781654
0.000197636394
0.000201484201
0.000204484221
0.000206776748
0.000208485282
0.000209718363
0.000210571201
0.000211127137
0.000211458911
0.000211629759
0.000211694671
0.000211703331
-0.000589351615
-0.000447291496
-0.000355922097
-0.000273877061
-0.000202114304
-0.000139743042
-8.56339767e-05
-3.87795583e-05
1.69135589e-06
3.65491043e-05
6.64777327e-05
9.20838594e-05
0.000113901456
0.00013241918
0.000148057098
0.000161176807
0.000172117036
0.000181174539
0.000188609913
0.000194653659
0.000199509784
0.000203358594
0.000206359229
0.000208651979
0.000210360344
0.000211592865
0.000212444758
0.00021299937
0.000213329424
0.000213498109
0.000213560511
0.000213567121
-0.000587511867
-0.000445462248
-0.000354081865
-0.000272068041
-0.000200295181
-0.000137917826
-8.38065558e-05
-3.69493608e-05
3.52547551e-06
3.83879135e-05
6.8321878e-05
9.39327459e-05
0.000115750294
0.00013427053
0.00014991623
0.000163041384
0.000173985354
0.000183046058
0.000190484238
0.000196530317
0.000201388272
0.000205238402
0.000208239852
0.000210532914
0.000212241092
0.000213472934
0.000214323669
0.000214876656
0.000215204607
0.000215370643
0.000215429931
0.000215433894
-0.000585683869
-0.000443645255
-0.00035225789
-0.000270267853
-0.000198487715
-0.000136103908
-8.198898e-05
-3.51275107e-05
5.35275028e-06
4.02213171e-05
7.01617667e-05
9.57784394e-05
0.000117599142
0.000136124817
0.00015177886
0.000164910071
0.000175858657
0.000184923436
0.000192365201
0.000198414285
0.000203274624
0.000207126513
0.000210129098
0.000212422676
0.000214130762
0.000215361919
0.000216211395
0.000216762571
0.00021708815
0.000217251187
0.000217306907
0.00021730773
-0.000583876005
-0.000441848311
-0.000350456456
-0.00026848396
-0.000196697198
-0.000134305867
-8.01850775e-05
-3.33169714e-05
7.17108089e-06
4.20481262e-05
7.19973117e-05
9.7621982e-05
0.000119448337
0.000137981709
0.000153645597
0.000166784188
0.000177738749
0.000186808855
0.000194255304
0.000200308332
0.000205171842
0.000209026126
0.000212030342
0.000214324801
0.000216033039
0.000217263644
0.000218111895
0.000218661205
0.000218984282
0.000219144108
0.000219195957
0.000219193299
-0.000582097455
-0.000440080003
-0.000348684692
-0.000266723992
-0.000194929606
-0.00013252871
-7.83990042e-05
-3.15210055e-05
8.9780889e-06
4.38668205e-05
7.38278571e-05
9.94635553e-05
0.000121298608
0.00013984211
0.000155517531
0.000168665251
0.000179627611
0.0001887047
0.000196157271
0.000202215477
0.000207083197
0.000210940739
0.00021394728
0.000216243165
0.000217951967
0.000219182312
0.000220029528
0.000220577071
0.000220897665
0.00022105423
0.000221102077
0.000221095756
-0.000580358033
-0.000438349448
-0.000346950362
-0.000264995726
-0.000193191333
-0.000130777757
-7.66351506e-05
-2.97430661e-05
1.07712423e-05
4.56757506e-05
7.56526076e-05
0.000101303266
0.000123150972
0.000141707213
0.00015739568
0.000170554631
0.000181527196
0.000190613415
0.000198073938
0.000204138884
0.000209012142
0.000212874049
0.000215883832
0.000218181888
0.000219891849
0.000221122405
0.000221968946
0.000222514992
0.000222833299
0.000222986734
0.00022303065
0.000223020666
-0.00057866797
-0.000436666075
-0.000345261615
-0.000263306976
-0.000191488946
-0.000129058481
-7.48980127e-05
-2.79866752e-05
1.25480047e-05
4.74733858e-05
7.747119e-05
0.000103142339
0.000125008374
0.000143578273
0.000159279169
0.000172452428
0.000183438879
0.0001925372
0.000200008053
0.000206081716
0.000210962171
0.000214829833
0.000217844012
0.000220145198
0.000221857114
0.000223088541
0.000223934959
0.000224479973
0.000224796389
0.000224947043
0.000224987331
0.000224973901
-0.000577037631
-0.000435039342
-0.000343626685
-0.000261665397
-0.000189828963
-0.000127376359
-7.31921455e-05
-2.62555095e-05
1.43055365e-05
4.92576718e-05
7.92822828e-05
0.000104980348
0.000126871886
0.000145457088
0.000161169567
0.000174360594
0.000185365128
0.000194478961
0.00020196284
0.000208047449
0.00021293698
0.000216811982
0.000219831896
0.00022213735
0.000223852198
0.000225085345
0.000225932388
0.000226477041
0.000226792185
0.000226940651
0.000226977894
0.000226961485
-0.000575477117
-0.000433478357
-0.000342053514
-0.000260078184
-0.000188217542
-0.000125736623
-7.152201e-05
-2.45534103e-05
1.60404077e-05
5.10251776e-05
8.10815543e-05
0.000106811189
0.00012873736
0.000147349136
0.000163076079
0.000176284528
0.000187310101
0.00019644262
0.000203942146
0.000210039891
0.00021494039
0.000218824376
0.000221851461
0.000224162444
0.000225881347
0.00022711723
0.000227965838
0.000228511017
0.00022882575
0.000228972897
0.00022900799
0.000228989356
-0.000573995789
-0.000431991417
-0.000340549297
-0.000258551619
-0.000186659977
-0.000124143659
-6.98911801e-05
-2.28832275e-05
1.77503831e-05
5.27741678e-05
8.2867569e-05
0.000108633233
0.000130602527
0.000149253968
0.000165001026
0.000178227239
0.000189277018
0.00019843128
0.000205949039
0.000212062149
0.000216975572
0.000220870275
0.000223906075
0.000226223981
0.000227948219
0.000229188039
0.000230039358
0.000230586185
0.000230901628
0.000231048627
0.000231082808
0.000231063014
-0.000572601783
-0.000430585542
-0.000339120058
-0.000257090639
-0.000185160285
-0.000122600629
-6.83019721e-05
-2.12464465e-05
1.94348373e-05
5.45051601e-05
8.46427156e-05
0.000110450068
0.000132463232
0.000151160114
0.000166941477
0.000180194151
0.000191270651
0.00020044833
0.000207986317
0.000214116821
0.000219045055
0.000222952203
0.000225998316
0.000228324641
0.000230055634
0.000231300766
0.000232156155
0.00023270599
0.000233023539
0.000233171873
0.000233206738
0.000233187175
-0.000571301536
-0.000429265977
-0.000337770252
-0.000255698385
-0.000183720877
-0.000121109295
-6.67554709e-05
-1.96434896e-05
2.10939946e-05
5.62191189e-05
8.64090131e-05
0.00011226507
0.000134322729
0.000153066447
0.000168894419
0.000182184407
0.000193290654
0.000202493791
0.000210054311
0.000216204491
0.000221149625
0.000225071127
0.000228129324
0.000230465743
0.000232205108
0.000233457141
0.000234318194
0.000234872663
0.000235194006
0.000235345489
0.000235383005
0.000235365389
-0.000570099246
-0.000428035584
-0.000336502413
-0.000254375686
-0.00018234219
-0.000119669796
-6.52514156e-05
-1.80737291e-05
2.27287674e-05
5.79170496e-05
8.81673653e-05
0.000114080048
0.000136188942
0.000154980654
0.000170857477
0.000184191437
0.000195332331
0.000204564817
0.000212151142
0.00021832381
0.000223288297
0.000227226342
0.00023029863
0.000232647033
0.000234396602
0.000235657358
0.000236525923
0.00023708693
0.000237414066
0.000237570863
0.000237613383
0.000237599775
-0.000568996204
-0.000426894065
-0.000335317346
-0.000253120088
-0.000181022171
-0.000118280523
-6.37880701e-05
-1.65352654e-05
2.43410206e-05
5.96004061e-05
8.99183969e-05
0.000115894494
0.000138060983
0.000156904086
0.000172833051
0.000186215567
0.000197394678
0.000206660006
0.00021427521
0.000220473025
0.000225459223
0.000229415961
0.000232504361
0.000234866703
0.000236628418
0.000237899889
0.000238778021
0.000239347719
0.000239682949
0.000239847587
0.000239897882
0.000239890699
-0.000567990045
-0.000425837565
-0.000334216271
-0.000251921348
-0.000179753374
-0.000116936704
-6.23608003e-05
-1.50237871e-05
2.59325173e-05
6.12712901e-05
9.16638226e-05
0.000117709074
0.000139938321
0.00015883657
0.000174821795
0.000188256526
0.000199475941
0.000208776802
0.00021642347
0.000222648729
0.000227658721
0.000231636119
0.000234742564
0.000237120854
0.000238896839
0.000240181068
0.000241071075
0.000241651977
0.000241997948
0.000242173323
0.000242234553
0.000242236545
-0.000567073872
-0.000424859518
-0.000333197027
-0.000250756497
-0.000178519046
-0.000115624919
-6.09567178e-05
-1.35300377e-05
2.74941876e-05
6.29258824e-05
9.34017832e-05
0.000119523082
0.000141821106
0.000160776243
0.000176819643
0.000190310334
0.000201572096
0.000210910845
0.00021859114
0.000224845777
0.000229881385
0.000233881249
0.000237007657
0.000239404233
0.000241197254
0.000242493394
0.000243397093
0.000243992552
0.000244352511
0.000244541978
0.000244617613
0.000244631706
-0.000566233597
-0.000423946909
-0.000332188701
-0.00024968194
-0.000177346736
-0.000114347453
-5.95811105e-05
-1.20562518e-05
2.90817833e-05
6.45939421e-05
9.51501757e-05
0.000121349089
0.00014371961
0.000162726945
0.000178821994
0.000192370978
0.000203678191
0.000213056309
0.000220771225
0.00022705621
0.000232118443
0.000236141861
0.000239289312
0.000241704699
0.000243514874
0.000244831286
0.000245752244
0.000246363504
0.000246739892
0.000246946792
0.000247041419
0.000247073106
-0.000565448507
-0.000423077944
-0.000331186322
-0.000248646072
-0.000176187529
-0.000113071077
-5.82020739e-05
-1.05789454e-05
3.06560077e-05
6.62574309e-05
9.68975189e-05
0.000123175744
0.000145622457
0.000164684743
0.00018082983
0.000194435975
0.000205788702
0.000215205706
0.000222954847
0.000229270096
0.000234359215
0.000238406793
0.00024157632
0.000244012257
0.000245842025
0.00024717778
0.000248117938
0.000248748644
0.000249145167
0.000249373584
0.000249491895
0.000249545379
-0.000564692327
-0.000422224354
-0.000330204828
-0.00024758887
-0.000175013726
-0.000111783817
-5.6810575e-05
-9.08847445e-06
3.22405034e-05
6.79292789e-05
9.86476628e-05
0.000124996333
0.000147523257
0.000166665045
0.000182858881
0.000196502257
0.000207895832
0.00021734927
0.000225130423
0.000231474197
0.000236589096
0.000240660348
0.000243852063
0.000246309308
0.000248160055
0.00024951693
0.000250478766
0.000251132009
0.000251552313
0.000251806655
0.000251953587
0.000252032258
-0.000563926803
-0.000421347491
-0.000329200634
-0.00024648713
-0.000173798161
-0.000110458275
-5.53824544e-05
-7.56364541e-06
3.38564481e-05
6.96304921e-05
0.000100427899
0.000126846365
0.000149432158
0.000168631224
0.000184866702
0.000198541679
0.000209975548
0.000219465251
0.000227277255
0.00023364805
0.000238787426
0.000242881483
0.000246095071
0.000248573924
0.000250446605
0.000251826245
0.000252812071
0.000253490824
0.000253938587
0.00025422336
0.000254404177
0.000254512729
-0.000563101358
-0.000420402284
-0.000328123569
-0.000245305202
-0.000172506078
-0.000109062118
-5.38906748e-05
-5.98360497e-06
3.55181376e-05
7.13681963e-05
0.000102237436
0.000128718259
0.000151331485
0.000170563734
0.000186850119
0.000200559303
0.000212024962
0.000221542875
0.000229379586
0.00023577258
0.000240932664
0.000245046779
0.000248280494
0.000250780182
0.000252674961
0.000254078431
0.000255090174
0.00025579719
0.000256275982
0.000256595654
0.000256815713
0.000256959321
-0.000562152
-0.000419360701
-0.00032690287
-0.000243992567
-0.000171096635
-0.00010755895
-5.23048283e-05
-4.32568254e-06
3.72390038e-05
7.3143331e-05
0.000104058314
0.000130577922
0.000153222742
0.000172498204
0.000188825759
0.0002025542
0.000214033778
0.00022356574
0.00023141651
0.000237823495
0.00024299795
0.000247127396
0.000250377957
0.000252896511
0.000254812625
0.00025624028
0.000257279336
0.000258016976
0.000258530093
0.000258888973
0.000259153581
0.000259337344
-0.000561015047
-0.000418291192
-0.000325368222
-0.000242461281
-0.00016951523
-0.000105902248
-5.05845373e-05
-2.55606099e-06
3.90474929e-05
7.49818805e-05
0.000105918718
0.000132455633
0.000155126162
0.000174417678
0.000190746325
0.000204479615
0.000215962927
0.000225498379
0.00023335329
0.000239765711
0.00024494748
0.000249086674
0.000252349924
0.000254884547
0.000256820489
0.000258272031
0.000259339228
0.000260109367
0.000260659688
0.000261061717
0.00026137586
0.000261604581
-0.000559602556
-0.000416989358
-0.000323543245
-0.000240665495
-0.000167701272
-0.000104039575
-4.86868562e-05
-6.40385167e-07
4.09697805e-05
7.69028587e-05
0.000107832758
0.000134359982
0.000157020061
0.000176291389
0.000192597626
0.000206316488
0.000217787011
0.000227310915
0.000235156656
0.000241563162
0.000246742854
0.00025088427
0.000254154425
0.000256700958
0.000258654065
0.000260128205
0.00026122351
0.000262027258
0.000262616961
0.000263065419
0.000263433451
0.000263711379
-0.000557822615
-0.000415296389
-0.000321381694
-0.000238542433
-0.000165585495
-0.000101911419
-4.65641837e-05
1.45779318e-06
4.30313729e-05
7.89204426e-05
0.000109802021
0.000136279175
0.000158889147
0.000178110575
0.000194369636
0.000208046202
0.000219479184
0.000228970658
0.000236789648
0.000243175525
0.00024834102
0.000252474893
0.000255744318
0.000258297037
0.0002602633
0.000261757565
0.000262879873
0.000263717345
0.000264347656
0.000264844867
0.000265270161
0.000265600691
-0.000555571114
-0.000413106895
-0.000318786171
-0.000236005977
-0.000163091736
-9.94534245e-05
-4.41645135e-05
3.77846318e-06
4.52607493e-05
8.10522066e-05
0.000111834004
0.000138212443
0.000160727242
0.000179858831
0.000196034968
0.000209636706
0.000221003591
0.000230438083
0.000238209432
0.000244557106
0.000249693833
0.000253808294
0.000257067531
0.000259619112
0.000261593087
0.000263103678
0.000264250632
0.000265120722
0.000265791644
0.000266338651
0.000266823208
0.000267208531
-0.000552728318
-0.00041031004
-0.000315650522
-0.000232961121
-0.000160138444
-9.65973162e-05
-4.14329284e-05
6.36331887e-06
4.76868759e-05
8.33151509e-05
0.000113934748
0.000140156137
0.000162522183
0.000181515564
0.000197565608
0.000211054358
0.000222321844
0.000231670649
0.000239369903
0.000245658784
0.000250749619
0.000254830616
0.000258068307
0.000260609734
0.000262584421
0.000264106067
0.000265273861
0.000266174006
0.000266884031
0.000267480248
0.000268024262
0.00026846493
-0.000549162031
-0.000406783638
-0.00031186084
-0.000229306862
-0.000156639135
-9.32712722e-05
-3.83123297e-05
9.25502733e-06
5.03386586e-05
8.57253756e-05
0.000116108684
0.00014210426
0.00016425876
0.00018305744
0.000198931213
0.000212262914
0.000223392744
0.000232623008
0.000240222243
0.000246428836
0.000251454198
0.000255485566
0.000258688486
0.000261209035
0.000263175813
0.000264701638
0.000265884825
0.00026681075
0.000267556582
0.000268199488
0.00026880071
0.000269293981
-0.000544729928
-0.00040239658
-0.000307296174
-0.000224937071
-0.000152503563
-8.94011525e-05
-3.47446072e-05
1.24961794e-05
5.32440786e-05
8.82974267e-05
0.000118358259
0.000144048552
0.000165919389
0.000184458849
0.000200099366
0.000213224266
0.000224173472
0.000233248456
0.000240716548
0.000246814701
0.000251752775
0.000255716417
0.000258869613
0.000261356945
0.000263305614
0.000264827132
0.000266018578
0.000266964195
0.000267740595
0.000268425594
0.000269079036
0.000269616086
-0.000539281583
-0.000397010932
-0.000301830461
-0.000219742152
-0.000147639433
-8.4912099e-05
-3.06720568e-05
1.61281106e-05
5.64292806e-05
9.10436929e-05
0.000120683665
0.0001459786
0.000167484586
0.000185692671
0.000201036606
0.000213899762
0.000224621165
0.000233500729
0.0002408038
0.0002467651
0.000251592157
0.000255468293
0.000258555237
0.000260995447
0.000262914158
0.000264421087
0.00026561166
0.000266568535
0.000267367033
0.00026808518
0.000268785464
0.000269377178
-0.000532660818
-0.000390484137
-0.000295334871
-0.000213611191
-0.000141954433
-7.97303891e-05
-2.60389776e-05
2.01896059e-05
5.99176379e-05
9.39738627e-05
0.00012308272
0.00014788214
0.000168933697
0.00018673139
0.000201709907
0.000214252018
0.000224695035
0.000233336398
0.000240438508
0.000246232904
0.000250923859
0.000254691499
0.000257694506
0.000260072494
0.000261948094
0.000263428676
0.000264607547
0.000265565475
0.000266376268
0.000267117246
0.00026785026
0.000268479758
-0.000524708469
-0.000382671601
-0.000287680478
-0.00020643444
-0.000135358562
-7.37855376e-05
-2.07934741e-05
2.47154786e-05
6.37287633e-05
9.70944139e-05
0.000125550855
0.00014974555
0.000170245864
0.000187548516
0.000202088504
0.000214247109
0.000224358875
0.000232717633
0.000239581688
0.000245178261
0.000249707303
0.000253344746
0.00025624532
0.000258544985
0.000260363055
0.000261803923
0.000262958252
0.000263904528
0.000264714883
0.000265465624
0.00026621571
0.000266857065
-0.000515265496
-0.000373429613
-0.000278741273
-0.00019810616
-0.000127766781
-6.70126756e-05
-1.48894795e-05
2.97349764e-05
6.78774217e-05
0.000100408079
0.000128081154
0.000151554465
0.000171401204
0.000188120274
0.000202146054
0.000213857147
0.000223584003
0.000231615472
0.000238204397
0.000243572382
0.000247913829
0.000251399368
0.000254178768
0.000256383447
0.000258128627
0.000259515066
0.000260630235
0.000261549849
0.00026234374
0.000263086371
0.000263834877
0.000264477849
-0.000504176423
-0.000362618537
-0.000268397518
-0.000188527829
-0.000119101983
-5.93552129e-05
-8.28905931e-06
3.52699378e-05
7.23722373e-05
0.00010391317
0.000130664333
0.000153294399
0.000172382045
0.000188427419
0.000201862958
0.000213063048
0.000222352416
0.00023001329
0.000236291477
0.000241401487
0.000245530824
0.000248843594
0.000251483533
0.000253576583
0.000255233063
0.000256549385
0.00025760926
0.000258485191
0.000259244189
0.000259958027
0.000260681739
0.000261305833
-0.000491292992
-0.000350106154
-0.000256539377
-0.0001776117
-0.000109298262
-5.07677471e-05
-9.65012086e-07
4.13326005e-05
7.72140571e-05
0.000107602601
0.000133288466
0.000154951187
0.000173174045
0.000188456971
0.000201228656
0.000211857318
0.000220659977
0.000227910334
0.000233845373
0.000238670872
0.000242565975
0.000245686975
0.000248170468
0.00025013593
0.000251687908
0.000252917749
0.000253904854
0.000254718127
0.000255421264
0.000256082392
0.000256753948
0.000257334296
-0.000476477727
-0.000335770825
-0.000243070636
-0.000165284875
-9.83048685e-05
-4.1219636e-05
7.09578357e-06
4.79226696e-05
8.23936244e-05
0.00011146229
0.000135938171
0.000156510953
0.000173766902
0.000188203589
0.00020024357
0.000210246455
0.000218519206
0.000225324797
0.000230889395
0.000235408277
0.000239050676
0.000241963766
0.000244275862
0.000246099029
0.000247531257
0.000248658095
0.000249553958
0.000250284033
0.000250908224
0.000251489969
0.000252078576
0.000252587021
-0.000459606802
-0.000319504286
-0.00022791419
-0.000151497596
-8.60928422e-05
-3.06992883e-05
1.58871794e-05
5.50223392e-05
8.7887615e-05
0.00011546828
0.000138592764
0.000157959229
0.00017415435
0.000187670341
0.000198920542
0.000208252986
0.000215961841
0.000222296903
0.00022747138
0.000231668215
0.000235045196
0.000237739105
0.00023986904
0.000241539076
0.000242839624
0.000243848058
0.000244632961
0.000245257956
0.000245777088
0.000246249169
0.000246720336
0.000247125688
-0.000440569125
-0.000301212744
-0.000211024209
-0.000136245152
-7.26517401e-05
-1.91956194e-05
2.53848456e-05
6.25919606e-05
9.3654322e-05
0.00011958323
0.000141223563
0.000159279126
0.000174333156
0.000186868396
0.000197285059
0.000205916045
0.000213039574
0.000218889545
0.000223663883
0.000227531214
0.000230636075
0.000233103027
0.000235040491
0.000236544945
0.000237699566
0.000238557698
0.000239216181
0.000239732536
0.000240125455
0.000240458481
0.000240776029
0.00024104438
-0.000419248561
-0.000280798943
-0.000192374617
-0.000119563604
-5.79336014e-05
-6.63735284e-06
3.55471899e-05
7.05682767e-05
9.96308573e-05
0.000123752999
0.000143790896
0.000160449069
0.000174301501
0.000185815951
0.00019537461
0.000203291007
0.00020982399
0.000215188637
0.000219565187
0.000223106028
0.000225940556
0.000228179192
0.000229916851
0.000231248469
0.000232299225
0.000233073778
0.000233547828
0.000233848954
0.000234078054
0.000234248951
0.000234380789
0.000234478235
-0.000395503746
-0.000258114135
-0.000171839312
-0.000101296482
-4.21232525e-05
6.54831793e-06
4.61256988e-05
7.87972002e-05
0.000105694233
0.000127878161
0.000146227877
0.000161433885
0.000174053763
0.000184535334
0.000193237758
0.000200450205
0.000206409782
0.00021131004
0.000215311329
0.000218548591
0.000221136941
0.000223176255
0.000224753809
0.000225930691
0.000226712743
0.000227241566
0.000227654361
0.000227894389
0.000227955033
0.000227910304
0.000227807942
0.000227701014
-0.000369313605
-0.000233137237
-0.000149570845
-8.15336674e-05
-2.55641979e-05
2.00944624e-05
5.70922295e-05
8.71121996e-05
0.000111700611
0.000131814032
0.000148443336
0.0001621855
0.000173578588
0.000183048142
0.000190925245
0.000197471337
0.000202895855
0.000207368331
0.000211027739
0.000213989642
0.000216351738
0.000218197618
0.00021959963
0.000220618888
0.0002213095
0.000221740794
0.000221939664
0.000221939874
0.000221797079
0.000221531849
0.000221171185
0.0002208255
-0.000340648901
-0.000205809172
-0.000125741564
-6.04223708e-05
-8.0900514e-06
3.38443481e-05
6.79728776e-05
9.53079589e-05
0.000117443224
0.00013551321
0.00015037149
0.000162657154
0.000172866794
0.000181383057
0.000188500331
0.000194447186
0.000199403311
0.000203511923
0.000206888922
0.000209629705
0.000211814298
0.000213510641
0.000214777821
0.000215667796
0.000216227792
0.000216503067
0.00021653636
0.000216360458
0.000216006739
0.000215490562
0.00021483537
0.000214218875
-0.000309512846
-0.000176409805
-0.000100545756
-3.87041023e-05
9.95135638e-06
4.81539861e-05
7.86923697e-05
0.000103074076
0.000122710107
0.000138699039
0.000151850836
0.000162765142
0.000171888741
0.000179555963
0.00018601857
0.00019146809
0.000196052222
0.000199886709
0.000203063893
0.000205658896
0.000207734147
0.000209342828
0.000210530802
0.00021133863
0.000211803642
0.000211960658
0.000211843419
0.00021148412
0.000210908269
0.000210121352
0.000209142891
0.000208226591
-0.000275798759
-0.000145528239
-7.36995731e-05
-1.64993845e-05
2.77463633e-05
6.19534674e-05
8.87842746e-05
0.000110067841
0.000127188438
0.000141165533
0.000152734489
0.000162423731
0.000170614681
0.000177584724
0.000183537694
0.00018862543
0.000192962902
0.000196638756
0.000199722655
0.000202270419
0.000204327693
0.000205932611
0.000207117782
0.000207912055
0.000208341067
0.000208429304
0.000208201739
0.00020768451
0.000206896688
0.000205831948
0.000204504158
0.000203257261
-0.00023928568
-0.000113208288
-4.55477745e-05
5.78639658e-06
4.47202582e-05
7.44649825e-05
9.75080486e-05
0.000115737304
0.000130477557
0.000142639209
0.000152848961
0.000161540541
0.000169016605
0.000175491069
0.000181117725
0.000186009346
0.000190250364
0.000193905239
0.000197023969
0.000199645764
0.000201801606
0.000203516147
0.000204809088
0.000205696092
0.000206189606
0.000206300245
0.000206039434
0.000205421192
0.000204452432
0.00020310994
0.000201406959
0.000199787861
-0.000199685016
-7.91728984e-05
-1.72898919e-05
2.71752704e-05
6.01272216e-05
8.49735748e-05
0.000104202693
0.000119570322
0.000132223406
0.000142899271
0.000152078152
0.00016007806
0.000167113531
0.000173333239
0.00017884363
0.00018372342
0.000188032554
0.000191817647
0.000195115113
0.000197952878
0.000200351562
0.000202325733
0.000203884642
0.000205031369
0.000205762593
0.000206067838
0.00020593107
0.000205343243
0.000204286611
0.000202700618
0.000200574744
0.00019850091
-0.000156252827
-4.3445366e-05
1.01054413e-05
4.6273677e-05
7.25361264e-05
9.24176016e-05
0.000108134279
0.000121103696
0.000132173329
0.000141845013
0.000150424308
0.000158104247
0.000165011338
0.00017123483
0.00017684294
0.000181890229
0.000186421891
0.000190476066
0.000194084259
0.000197270271
0.000200049828
0.000202434582
0.000204434349
0.000206044918
0.000207254457
0.000208037746
0.00020832183
0.00020804069
0.000207128205
0.000205446248
0.000202878735
0.000200262233
-0.000107439261
-6.9593588e-06
3.45273032e-05
6.10019445e-05
8.03946697e-05
9.58116101e-05
0.000108789486
0.000120163297
0.000130370537
0.000139644507
0.000148116979
0.000155869967
0.000162954666
0.000169415834
0.00017530146
0.000180658226
0.000185531623
0.000189967074
0.000194009109
0.000197694563
0.00020104431
0.000204089909
0.000206880711
0.000209401314
0.000211625292
0.000213569232
0.00021504768
0.00021578805
0.000215620828
0.000214323871
0.00021148405
0.00020843888
-4.24564266e-05
2.9130784e-05
5.17423265e-05
6.76974135e-05
8.12783684e-05
9.37783429e-05
0.000105534671
0.000116610183
0.000126994796
0.000136679217
0.000145665271
0.000153946539
0.000161525075
0.000168437241
0.000174737536
0.000180480078
0.000185721894
0.000190529468
0.000194984331
0.000199158336
0.000203038325
0.000206574406
0.000209880324
0.000213282848
0.000217066389
0.000220850212
0.000223678837
0.000225484173
0.000227043209
0.000228190342
0.000227837689
0.000225777015
6.46122113e-05
6.48628726e-05
6.23760068e-05
6.80881648e-05
7.77934152e-05
8.91344856e-05
0.000100943678
0.000112572498
0.000123663296
0.000134102449
0.000143880214
0.000152905136
0.000161080348
0.000168464261
0.000175161587
0.000181237644
0.000186754911
0.000191794764
0.000196499099
0.000201024642
0.00020540196
0.000209573652
0.000213608819
0.000217815037
0.000222896545
0.000229750956
0.000238626703
0.000250127425
0.000265206386
0.000285366671
0.000314262034
0.000349257861
)
;

boundaryField
{
    inner_wall
    {
        type            zeroGradient;
    }
    outer_wall
    {
        type            zeroGradient;
    }
    top
    {
        type            zeroGradient;
    }
    bottom
    {
        type            fixedValue;
        value           uniform 0;
    }
    front
    {
        type            wedge;
    }
    back
    {
        type            wedge;
    }
}


// ************************************************************************* //
