/*--------------------------------*- C++ -*----------------------------------*\
| =========                 |                                                 |
| \\      /  F ield         | OpenFOAM: The Open Source CFD Toolbox           |
|  \\    /   O peration     | Version:  2506                                  |
|   \\  /    A nd           | Website:  www.openfoam.com                      |
|    \\/     M anipulation  |                                                 |
\*---------------------------------------------------------------------------*/
FoamFile
{
    version     2.0;
    format      ascii;
    arch        "LSB;label=32;scalar=64";
    class       volScalarField;
    location    "52";
    object      C;
}
// * * * * * * * * * * * * * * * * * * * * * * * * * * * * * * * * * * * * * //

dimensions      [0 0 0 0 0 0 0];

internalField   nonuniform List<scalar> 
3072
(
-1.12541933e-10
-1.7299041e-09
1.1778188e-08
5.30164377e-08
-3.32445697e-07
-7.5233131e-07
2.26743154e-06
8.16742367e-06
3.2126476e-06
-2.50472449e-05
-6.49667948e-05
-9.33943037e-05
-9.45305222e-05
-3.06165363e-05
0.000267399817
0.000886232665
0.00170457111
0.00282043681
0.00435827503
0.00643095372
0.00914322196
0.0125665504
0.016590425
0.0207432873
0.0243023868
0.0267306438
0.0279823884
0.028297697
0.0279290595
0.0268936596
0.0248294372
0.0223818052
3.62163329e-11
1.00158575e-08
-4.40132022e-08
-2.71239583e-07
1.14390471e-06
3.39892808e-06
-5.25692245e-06
-2.6317752e-05
-2.8772804e-05
2.06385327e-05
0.000124739641
0.000278246256
0.000509957303
0.00086643549
0.00140430579
0.00231279383
0.00376657142
0.00588773159
0.00873983954
0.0123596881
0.0167777807
0.0218148324
0.0266018999
0.0296663569
0.0301124247
0.0285675738
0.0264005617
0.0243551273
0.0228329114
0.0219934941
0.0210021666
0.0207964727
2.10461167e-09
-4.06968434e-08
-8.84937184e-08
1.43669242e-06
1.47241161e-06
-1.39876208e-05
-2.8516477e-05
2.16266824e-05
0.000145142726
0.00022618122
0.000134878445
-8.54602192e-05
-0.000156492759
0.000204769478
0.00119806391
0.00296441139
0.00551510409
0.00874362742
0.0125035728
0.0166957339
0.0212321118
0.0255630934
0.0280798999
0.0272025838
0.0237392041
0.0206123393
0.0193099223
0.0191838302
0.0200950509
0.0222602748
0.0225020849
0.0209104855
-1.11383225e-08
-4.1828366e-08
9.8877305e-07
9.31436783e-07
-1.54264941e-05
-2.73031597e-05
5.74758585e-05
0.000232234155
0.000232246275
-0.000248424481
-0.0010638925
-0.00142201881
-0.00121797264
-6.72310296e-05
0.00217232297
0.00533535728
0.00908835512
0.0131011306
0.0171430306
0.0211047796
0.0248505211
0.0275948721
0.0274391527
0.0235338758
0.0190410433
0.0181945719
0.0199645466
0.0216926659
0.0228849942
0.0231777215
0.0221564262
0.020857163
-3.09799435e-09
4.25718691e-07
1.26240772e-06
-1.09644058e-05
-2.93385983e-05
5.45700606e-05
0.000273769173
0.000271883541
-0.000471377103
-0.00180948535
-0.00261092471
-0.00256586248
-0.00142285618
0.00120697897
0.00487772481
0.00907381705
0.013389608
0.017552451
0.0213796046
0.0247317056
0.0273710172
0.0284558482
0.0262785585
0.0208712191
0.0171834605
0.0194715488
0.0227029717
0.0231412459
0.0228274668
0.0223047838
0.0219252138
0.0204798992
-1.4982901e-08
1.02913076e-06
-3.22626158e-06
-2.69118702e-05
1.54821282e-05
0.000241426615
0.000345189961
-0.000405210735
-0.00213335568
-0.0035605426
-0.00379612861
-0.00290890614
-0.000238118221
0.00344911037
0.00762785245
0.0119720615
0.016282412
0.0203804807
0.0240505808
0.0270179922
0.0288879337
0.0289142923
0.0259377019
0.0204271406
0.0174572508
0.0208823427
0.0238409092
0.0227173889
0.02234061
0.0222255404
0.0225983114
0.0196109097
-8.23295312e-08
1.0406353e-06
-1.31254162e-05
-2.23285439e-05
0.000139782745
0.00038765058
-5.85563387e-05
-0.00184317097
-0.00397895131
-0.00482457953
-0.00438173978
-0.00224108795
0.000839076867
0.00442229547
0.00829471808
0.0123716189
0.0165698852
0.0207127149
0.0245097587
0.0275624099
0.0293421802
0.0291579657
0.026314718
0.0212597993
0.0178195143
0.0202350996
0.0238676819
0.0230832912
0.0226891515
0.0229622806
0.0233484736
0.0185451804
2.58122954e-07
-1.10364967e-06
-2.3416388e-05
2.51387779e-05
0.000298253777
0.000297803486
-0.00106219231
-0.00365261609
-0.0054169824
-0.00554417779
-0.00438864987
-0.00224458636
0.000379544667
0.00334941934
0.00665943182
0.0103716662
0.0144547929
0.0187151735
0.0228122811
0.0262956959
0.0285992917
0.0290286723
0.0269646364
0.0226425616
0.0185136738
0.0187841322
0.0230012453
0.0241189627
0.0233787563
0.0237308428
0.0235829378
0.0169964554
6.85314492e-07
-6.69947487e-06
-2.32897833e-05
0.00011856132
0.000400250124
-0.000163824345
-0.00250752282
-0.00524274303
-0.00625336911
-0.00599329222
-0.00487368429
-0.0032650475
-0.00136494002
0.000844233427
0.00352229544
0.00682968235
0.0107796742
0.0151741984
0.0196319736
0.0236729602
0.0267678363
0.0282967774
0.0275704581
0.0243159935
0.0198369153
0.0177171987
0.0207269193
0.0245363094
0.0242875654
0.0242565992
0.023439971
0.0153893258
-4.42447599e-08
-1.39308976e-05
-2.89552095e-06
0.000233989805
0.000355465447
-0.000990283005
-0.00403460363
-0.00632636636
-0.00679718559
-0.00653261622
-0.00576832359
-0.00479358056
-0.00363926618
-0.00216982499
-0.000129738731
0.002721816
0.00648032575
0.0109982131
0.0158689174
0.0205278429
0.024410205
0.0270097811
0.0277676219
0.0260849239
0.022069289
0.0179660291
0.0179415277
0.022687974
0.0251347599
0.0247074514
0.0234210811
0.0147336314
-1.64662756e-06
-1.90564904e-05
3.74131301e-05
0.000333290292
0.000127049032
-0.00203530368
-0.00532994491
-0.00696784029
-0.007196158
-0.00705422313
-0.00667541034
-0.00626464709
-0.00574912596
-0.00493674191
-0.0035424622
-0.00126406173
0.00212254837
0.00662355946
0.0119070549
0.0173211758
0.0221041313
0.0256555098
0.0275967579
0.0275192068
0.0249132888
0.0202139352
0.0166214173
0.0187170643
0.0242883975
0.0248750834
0.0232378195
0.0150107642
-2.28160038e-06
-2.03275121e-05
8.60473162e-05
0.000389054344
-0.000254760485
-0.00311380235
-0.00626671189
-0.00729213439
-0.00740561518
-0.00736052701
-0.0072933261
-0.00730173396
-0.00725298603
-0.00696435487
-0.00619862673
-0.0046487416
-0.00196049675
0.00212267731
0.0075260038
0.0136807913
0.0196217912
0.0243738087
0.027366836
0.0284541817
0.0274216955
0.0237879055
0.0183232202
0.0154909329
0.0200376426
0.024672716
0.0228321877
0.0154548064
-1.11810813e-06
-1.91028789e-05
0.000131420321
0.000395712025
-0.000731600745
-0.00409735187
-0.0068581891
-0.00737176834
-0.00737169655
-0.007358758
-0.00748991165
-0.00773880122
-0.00794545071
-0.0079898297
-0.00774870079
-0.0069960011
-0.00532749058
-0.00223986279
0.00259524352
0.00897767993
0.0160097072
0.0223495242
0.0268351959
0.0290274726
0.0290888831
0.0269590582
0.0221006879
0.0158681381
0.0145776848
0.021664835
0.0224054115
0.0146276693
-1.03288999e-08
-1.65773573e-05
0.000170590091
0.000358151333
-0.00126030952
-0.00493269932
-0.00716835555
-0.0072516951
-0.00710099067
-0.00705893286
-0.00726924005
-0.00759252798
-0.00786043247
-0.00802994853
-0.00810604315
-0.00801089274
-0.00742881915
-0.00576085288
-0.00230689525
0.00330759265
0.0106688083
0.0184608275
0.0249555373
0.0288938842
0.0300771061
0.0289820362
0.0255703336
0.0192572444
0.0126369917
0.0140457418
0.0200789559
0.0113190994
-1.1800865e-06
-1.25272995e-05
0.000207174095
0.000277686519
-0.00181977361
-0.00561005439
-0.00726656493
-0.00698376542
-0.00665959086
-0.0065468878
-0.00674311223
-0.00703068712
-0.0072500277
-0.00739994603
-0.00756391041
-0.0078070375
-0.00800874211
-0.00770391926
-0.00606895795
-0.00221806303
0.00420005956
0.0124588167
0.0207796468
0.0271137835
0.0302297187
0.0302356564
0.0278507818
0.0229273827
0.0150470314
0.00872331563
0.0122966236
0.00639667291
-5.42454759e-06
-5.22074217e-06
0.000243683498
0.000152044559
-0.00239126061
-0.00613408801
-0.00721820502
-0.00663313969
-0.00614214778
-0.00594126125
-0.00607304793
-0.00628926447
-0.00645064042
-0.00655013573
-0.00667434486
-0.00695140942
-0.00744374623
-0.00796613487
-0.00789482175
-0.0061821417
-0.00180599267
0.00545013354
0.0144534346
0.0229909765
0.0288248587
0.0308581075
0.0295093834
0.0256638327
0.019051351
0.00979627792
0.00406414485
0.00301220653
-1.12386067e-05
7.24045969e-06
0.000277858366
-1.50594855e-05
-0.00294521523
-0.00651639492
-0.00708412497
-0.00626668377
-0.00564094984
-0.00535747358
-0.00541344295
-0.0055689481
-0.00570818257
-0.0058036195
-0.00589659576
-0.00609166472
-0.00652174718
-0.00723849578
-0.00798276048
-0.00794855116
-0.00587799429
-0.000732324058
0.0073947022
0.0169056372
0.0252809966
0.0302540108
0.030907935
0.0279481164
0.0223848753
0.01387328
0.00408961021
0.00297376456
-1.57361159e-05
2.44306031e-05
0.000305102832
-0.000208286091
-0.00344590012
-0.00677707116
-0.00691695965
-0.00593782605
-0.0052218134
-0.00487391926
-0.00486007982
-0.00496945993
-0.00510837428
-0.00523500815
-0.0053520087
-0.00551376847
-0.00582187518
-0.00640455465
-0.00728096938
-0.00805907351
-0.00769704154
-0.00480575384
0.00141764033
0.0103556165
0.0200082481
0.0277771202
0.0314641296
0.0303031691
0.0253346851
0.0177169619
0.00763500052
0.00238072897
-1.72105357e-05
4.36079401e-05
0.000322274283
-0.000399375811
-0.00386114962
-0.0069427494
-0.00675593011
-0.00567690174
-0.00491318719
-0.0045193701
-0.00444323626
-0.00450804517
-0.00463439608
-0.00477312712
-0.00492165507
-0.00511275877
-0.00539824422
-0.00586497611
-0.00661344005
-0.00755810881
-0.00805217033
-0.00679429485
-0.0025206929
0.00495334929
0.0144074059
0.0237191923
0.0303956282
0.0321941099
0.0285115657
0.020946238
0.0102913312
-0.00108645306
-1.56981613e-05
6.13926653e-05
0.000330895089
-0.000559520999
-0.00417042613
-0.0070409905
-0.00662415546
-0.00549040331
-0.00471063418
-0.00428399358
-0.00415202829
-0.00416868382
-0.00425667989
-0.00436457181
-0.00450467648
-0.00472000641
-0.00504711825
-0.00552013798
-0.00619746664
-0.00710319929
-0.00790550784
-0.00756631644
-0.00470227169
0.00132180753
0.0098160052
0.0192769586
0.0277933049
0.0327599478
0.0316023717
0.0243901674
0.0134963924
-0.00224360876
-1.24136103e-05
7.20872668e-05
0.000334740363
-0.000664920862
-0.00436844889
-0.00709435859
-0.00652985648
-0.00536744761
-0.00459073179
-0.00414040186
-0.00396219144
-0.00393500849
-0.00397455362
-0.00403004846
-0.00412868795
-0.00432889071
-0.00468005698
-0.00520372127
-0.00590380217
-0.00679574343
-0.0077203916
-0.00789178642
-0.00593561914
-0.000953441879
0.00661181676
0.0155411289
0.0245982156
0.0318520866
0.033875154
0.0280303898
0.0166767943
0.000667388413
-9.08586553e-06
7.35106225e-05
0.000336391754
-0.000683812756
-0.00444034813
-0.00711664773
-0.00647175374
-0.00528976847
-0.00452555186
-0.00406077749
-0.00385266084
-0.00379925638
-0.00380379856
-0.00381575012
-0.00387044888
-0.00403037314
-0.0043644289
-0.00491208884
-0.00565059034
-0.00655355304
-0.00754947251
-0.00807170802
-0.00679406436
-0.0025725386
0.0043538053
0.012785155
0.0217360959
0.0300767909
0.0348761215
0.0315533993
0.0196362652
0.00544778441
-6.75464586e-06
6.55436745e-05
0.000336111151
-0.000624820906
-0.00436082956
-0.00711304108
-0.00644317903
-0.00523877865
-0.00449144851
-0.00402403202
-0.00380744433
-0.0037524918
-0.00374639671
-0.00373626622
-0.00375647081
-0.00386711664
-0.004157864
-0.00469954053
-0.00546056604
-0.00635799158
-0.00736251943
-0.00813562935
-0.00747204923
-0.00397811819
0.00243625012
0.0106261928
0.0195142777
0.0282233399
0.03473584
0.0343930477
0.0231302932
0.00953785036
-5.27258754e-06
5.02515142e-05
0.000329655041
-0.000509377048
-0.00415128382
-0.00707805442
-0.00643172122
-0.00519942025
-0.0044718141
-0.00401567261
-0.0038118084
-0.00377759195
-0.0037821351
-0.00376581938
-0.00375455772
-0.0038059938
-0.00403485033
-0.00455509008
-0.00534081493
-0.00622812021
-0.0071672236
-0.00806349452
-0.00796906149
-0.00531048471
0.000476489028
0.00853404875
0.0176697183
0.0266960938
0.0340059072
0.0360472021
0.0267239661
0.0109272349
-3.62572919e-06
3.19039052e-05
0.000314692567
-0.00036658933
-0.00385733198
-0.0069947369
-0.00644512474
-0.00516479853
-0.00445758888
-0.00402548689
-0.00384992955
-0.00385034491
-0.0038783933
-0.00386457266
-0.00382163155
-0.00380148224
-0.00394547439
-0.0044223438
-0.00524369053
-0.00615550957
-0.00698880571
-0.00785062294
-0.00821735857
-0.00651886739
-0.0016382113
0.00614374347
0.0157402607
0.0253979437
0.0331663389
0.036582096
0.0295222138
0.0103676962
-4.46553803e-07
1.46658748e-05
0.000292521261
-0.000222947925
-0.00352928542
-0.00686643897
-0.00647034028
-0.00514129239
-0.00444405557
-0.00404580311
-0.00390549768
-0.00394473526
-0.00400274912
-0.00400009899
-0.00393188274
-0.00383638332
-0.0038747596
-0.00426801156
-0.005110877
-0.00610276719
-0.00685766858
-0.00753341443
-0.00814296006
-0.00743071874
-0.00379133942
0.00333514365
0.0133465268
0.0239840807
0.0323603181
0.0364148539
0.031160517
0.00951433709
4.55415166e-06
1.0029142e-06
0.000266573173
-9.53782872e-05
-0.00320567054
-0.00669941941
-0.00650262121
-0.00514104757
-0.00443047409
-0.00407070607
-0.00396238664
-0.00403796983
-0.00412875891
-0.00414485702
-0.00406547932
-0.00390695938
-0.00383783723
-0.00410449944
-0.00491263643
-0.00601678785
-0.00679647785
-0.00721650026
-0.00774821252
-0.00783365012
-0.0056823438
0.000237061075
0.0103045139
0.0221174174
0.0314979967
0.0359361461
0.0317551618
0.00946548975
9.4266302e-06
-8.27603744e-06
0.000240330935
9.52580724e-06
-0.00290401787
-0.00649510412
-0.00654330258
-0.00518089718
-0.00442372472
-0.00409419303
-0.00401154266
-0.00410732615
-0.00422760178
-0.00427522822
-0.00418952539
-0.00399548687
-0.00384508366
-0.00397063355
-0.00466529013
-0.00584359871
-0.00677655724
-0.00703892292
-0.00719101032
-0.00761745305
-0.00692229904
-0.00278536184
0.00667613588
0.0196000138
0.0304296135
0.0354479598
0.0316955856
0.0103275949
1.07371013e-05
-1.3198182e-05
0.000216763034
9.157935e-05
-0.00262377365
-0.00624727479
-0.00659423094
-0.00528354804
-0.00444195698
-0.00411216831
-0.00404489804
-0.00414228352
-0.00427559866
-0.0043409201
-0.00426309301
-0.00406868949
-0.00388131022
-0.00389804079
-0.0044308722
-0.00557357067
-0.00670189836
-0.00705392208
-0.00675819557
-0.0069280728
-0.00722708223
-0.00521933692
0.00278460532
0.016442001
0.0290272392
0.035159182
0.0316317262
0.0118804284
6.23594616e-06
-1.33895042e-05
0.000198619256
0.000153491662
-0.00235222567
-0.00594092557
-0.00664783227
-0.00547471263
-0.00452283092
-0.00413443183
-0.00405849035
-0.00414200983
-0.0042683153
-0.00433580752
-0.00427456847
-0.00410431036
-0.00391846273
-0.00388212508
-0.00427498768
-0.0052791616
-0.00649924828
-0.00713752608
-0.00666863583
-0.00618048849
-0.00664677448
-0.00662201926
-0.000872653359
0.0128860645
0.0272367046
0.0350987361
0.0321732316
0.0140838273
-1.72236722e-06
-6.90803942e-06
0.00018791553
0.000199617336
-0.00206837522
-0.00555052506
-0.00667359562
-0.00576822937
-0.00472540427
-0.00420533407
-0.00406768608
-0.00411644703
-0.00422065949
-0.00428232308
-0.00424304799
-0.00411217931
-0.00395503412
-0.00390555962
-0.00420358817
-0.00505394172
-0.00623332441
-0.00711046776
-0.00685342572
-0.00580702579
-0.00563969305
-0.00687208949
-0.00378859609
0.00938654388
0.025165656
0.0351126159
0.0334560337
0.0163960353
-3.71083672e-06
6.33011276e-06
0.000185598817
0.000235515256
-0.00174903694
-0.00504182405
-0.00660535084
-0.00613280781
-0.0051023571
-0.00440932328
-0.00413223375
-0.00410104693
-0.00416328606
-0.00421324441
-0.0041954411
-0.00410764778
-0.00399926985
-0.00397552293
-0.00422159863
-0.00493436926
-0.0060124327
-0.00698049827
-0.00703857457
-0.00589137392
-0.00483190648
-0.00631609649
-0.00569994776
0.00643382255
0.0230989927
0.0350256343
0.0351903172
0.0179685576
8.2350028e-06
2.01021135e-05
0.000189339332
0.000267701367
-0.00137925881
-0.00438487435
-0.00634584612
-0.00645846009
-0.00563496048
-0.00482292881
-0.00435187694
-0.004173975
-0.00415214843
-0.00417032178
-0.00416312084
-0.00411738466
-0.00407392528
-0.00411059792
-0.00434961167
-0.00494886053
-0.00589263875
-0.00684233537
-0.00712169233
-0.00615469861
-0.00455946564
-0.00559336988
-0.0067270419
0.00430442309
0.0213619608
0.0348122928
0.0370205296
0.0189015218
2.3762171e-05
2.59915418e-05
0.00018403665
0.000299874131
-0.000955295816
-0.00356804612
-0.00580017157
-0.00656799802
-0.00618112178
-0.00542348117
-0.00479606375
-0.00443091732
-0.00427151206
-0.0042179828
-0.00419742854
-0.00419061373
-0.00422653198
-0.00434744279
-0.0046084447
-0.0051159463
-0.0059040459
-0.00675309689
-0.007133122
-0.00641202172
-0.00468131174
-0.00523657378
-0.00721137421
0.00299108462
0.0201330703
0.0345893816
0.0387129421
0.0202646432
2.38378432e-05
1.91747452e-05
0.000144772682
0.000314278432
-0.000502970814
-0.00262036656
-0.00493189542
-0.00629685561
-0.00651278214
-0.00604500862
-0.00541409038
-0.00490752347
-0.00459499656
-0.0044382253
-0.00438263849
-0.00441040698
-0.00452994488
-0.00473478546
-0.00501658866
-0.00543546064
-0.00605138968
-0.00673862463
-0.00712421356
-0.00661943302
-0.00494298815
-0.00540930741
-0.00748687188
0.00227108918
0.0193481197
0.0344557976
0.0401672603
0.0226868441
1.94010775e-05
7.9916321e-06
8.54196852e-05
0.00028427385
-0.000121507498
-0.00167886555
-0.00384685094
-0.00561768633
-0.00645353676
-0.00645964013
-0.00603235419
-0.00552497344
-0.00512584334
-0.00488836875
-0.00480564677
-0.00486664074
-0.00505106319
-0.00530237222
-0.00556834815
-0.00588032223
-0.00630888707
-0.00680024261
-0.0071399119
-0.00678879523
-0.00524198261
-0.00594869722
-0.0077502895
0.00182030218
0.0187535549
0.0343583116
0.0413783152
0.0257239851
2.24475886e-05
7.20860955e-07
4.17530043e-05
0.000230333231
0.000105701872
-0.000940725455
-0.00279569533
-0.00470875314
-0.00601656658
-0.00653549987
-0.00646718513
-0.00613202862
-0.00578224582
-0.00555190096
-0.00548638067
-0.00557701416
-0.00577823009
-0.00600710442
-0.00620046176
-0.00638078032
-0.00662104196
-0.00692342629
-0.00720343469
-0.00691364349
-0.00554281123
-0.00665524568
-0.00805833127
0.00132238823
0.0180335624
0.0340968533
0.0423373145
0.0286450716
2.63047053e-05
6.82934475e-06
2.76332672e-05
0.000194608631
0.000205277258
-0.000484032405
-0.00198685221
-0.00382037685
-0.00536625617
-0.00629006278
-0.00661784008
-0.00657704405
-0.00641310982
-0.00629246428
-0.0062871037
-0.0063883733
-0.00654640483
-0.00668596446
-0.00676422538
-0.00681359334
-0.00690577508
-0.00707206866
-0.00727609524
-0.00692352345
-0.00581561838
-0.0073932634
-0.00841624323
0.000531486932
0.0169002665
0.0333999687
0.0429475675
0.0312082989
3.96876304e-05
5.09926426e-05
6.75691076e-05
0.000197252323
0.000230479961
-0.000271209114
-0.00147456311
-0.00309603718
-0.0046543919
-0.00580107399
-0.00645507678
-0.0067347409
-0.00682087594
-0.00685668904
-0.00691062692
-0.00698759516
-0.00704358705
-0.00705162688
-0.00702223476
-0.00699969907
-0.00702776367
-0.0071136176
-0.00717987924
-0.00668832243
-0.00603697867
-0.00804570158
-0.00883003758
-0.000654245752
0.0151853395
0.0320278353
0.043009692
0.0336564026
4.34840598e-05
0.000100336578
0.000160732417
0.000222905539
0.000189801851
-0.000256706128
-0.00123132953
-0.00257210929
-0.00396241918
-0.00512831335
-0.00594983123
-0.00644928311
-0.00671715058
-0.00684303948
-0.00688313269
-0.0068644002
-0.00679595072
-0.00672564407
-0.00667743925
-0.00665693661
-0.00666320785
-0.00667377778
-0.00658166424
-0.00611627525
-0.00620938469
-0.00854926195
-0.00922434035
-0.00202746176
0.0130401702
0.0299623124
0.0422736606
0.0363328536
8.42792337e-05
9.08050622e-05
0.000132055685
0.000187179173
9.73593792e-05
-0.000328853185
-0.00111613659
-0.00215824421
-0.00326915971
-0.0042699699
-0.0050493881
-0.00557387326
-0.00586408763
-0.00596509995
-0.00592824792
-0.00580625961
-0.00566202808
-0.00552114967
-0.0053572543
-0.00523874145
-0.00520799088
-0.00525141968
-0.00528266622
-0.00534500373
-0.0064056483
-0.00892139729
-0.00939418566
-0.00297956295
0.0110725045
0.0275811539
0.0405659422
0.0392297964
-4.31646542e-05
3.46288993e-05
0.000199526303
0.000362909099
0.000426942967
0.000285449413
-8.54602237e-05
-0.000639819984
-0.00128861021
-0.0019327975
-0.00248866798
-0.00290084966
-0.00314425272
-0.00321970552
-0.00314833513
-0.00296778009
-0.00272462457
-0.00248387336
-0.00237085557
-0.00245537502
-0.00275255476
-0.00322963762
-0.00388671142
-0.00492261679
-0.00683939275
-0.00912738078
-0.00884867391
-0.00246977451
0.0104355441
0.025776083
0.0381115857
0.041582131
-0.000183966623
0.000118987831
-0.000674648712
-0.00124748269
-0.00164241674
-0.00193562536
-0.00218073567
-0.00239466336
-0.00258257503
-0.00274240009
-0.00286399047
-0.00293396993
-0.00294086542
-0.0028793898
-0.00275408691
-0.00258173686
-0.00239162667
-0.00222771925
-0.00215049818
-0.00221693764
-0.0025045823
-0.00300855101
-0.00404792386
-0.00564227356
-0.00746305262
-0.0082929857
-0.0060060354
0.00114172037
0.0127653523
0.0258352213
0.0360372856
0.0421049409
0.00154575695
-0.000695538148
0.00703109007
0.0136064647
0.0178980898
0.01998174
0.0201662923
0.0188535355
0.0167743845
0.0144724959
0.0121408221
0.00986707597
0.00770326225
0.00568296044
0.00382463193
0.00213398391
0.000608632132
-0.00075784647
-0.00197279941
-0.00304569803
-0.0039742079
-0.00478483373
-0.00523670544
-0.00526436886
-0.00423208742
-0.00145600213
0.00356320583
0.0108557593
0.0196711602
0.0284665971
0.0355680856
0.0407566857
-0.0101585354
0.0168900389
0.0511258828
0.0684193814
0.0718457839
0.0690334575
0.0646387822
0.0608112664
0.0578922109
0.0556598153
0.0539635071
0.0526005617
0.0510073621
0.049098505
0.0468948315
0.0444447314
0.0418095132
0.0390620051
0.0362875154
0.0335830118
0.031059699
0.0288392446
0.0270664991
0.0259335913
0.0254489098
0.0256529958
0.0266226229
0.028338886
0.0306393803
0.0331946728
0.0358260099
0.0397277113
0.0772952862
0.106703939
0.0983232195
0.0743876773
0.0509141359
0.0333185122
0.0217834116
0.0148680156
0.01107893
0.0093310053
0.00886811428
0.00929760556
0.0109354311
0.0135448212
0.0167614801
0.020210378
0.0235752577
0.0266199591
0.0291913769
0.0312127375
0.032675096
0.0336289065
0.0341616057
0.0343973562
0.0344531909
0.0344266509
0.0344006161
0.0344461036
0.0346333603
0.0349719725
0.0358469062
0.0392305604
0.125946209
0.0997517611
0.0647897475
0.0342586228
0.0136462366
0.00247387311
-0.00231489865
-0.00366627007
-0.00348624968
-0.00276004948
-0.00191341712
-0.00110072554
-0.000344890949
0.000321598248
0.00112054589
0.00229899406
0.00400056705
0.006257706
0.00900011846
0.0120817125
0.0153198513
0.0185341276
0.0215734277
0.0243296342
0.026743841
0.0287956463
0.0304886634
0.0318416249
0.0329006972
0.0336951326
0.0349934668
0.0390257456
0.114870877
0.0832009466
0.0436038358
0.0145431632
0.000449360697
-0.00332724731
-0.00255328307
-0.000623347133
0.00119621347
0.00263525578
0.00371002957
0.00447997583
0.00499486876
0.00536593954
0.00549125157
0.00537017903
0.00513541634
0.00498202503
0.00511668857
0.00571319952
0.00687969942
0.00864485932
0.0109643007
0.0137367371
0.016825233
0.0200743485
0.0233176696
0.0263818046
0.029100703
0.0313624693
0.0339682522
0.0394983816
0.110725894
0.0665450315
0.0239670698
0.00184702261
-0.00288937431
-0.000716499778
0.00204559374
0.00398052489
0.00543667841
0.00671107137
0.00779498607
0.00858340337
0.00901856761
0.00909820649
0.00891952368
0.00857677396
0.00811156682
0.00755357722
0.00695865113
0.00642919853
0.00611230197
0.00618230102
0.00681815055
0.00817725211
0.0103618696
0.0133770144
0.0170943573
0.0212302973
0.0253957493
0.0291856773
0.0338515693
0.0397205704
0.099713501
0.0503530747
0.011256299
-0.00108476158
0.000787436183
0.00376523687
0.00497705668
0.00597431645
0.00761085703
0.00957750527
0.0113473025
0.0126338891
0.0133605375
0.0135389437
0.0132035963
0.0124690795
0.0115144293
0.0104965409
0.00950157298
0.00855324343
0.00765834275
0.00686432489
0.00631344377
0.00627717969
0.00713465267
0.00924821186
0.0127599361
0.0174502138
0.0226733163
0.0279608682
0.035458491
0.0378406484
0.0923107925
0.038424182
0.00483492796
0.000748842856
0.00468037895
0.00561594913
0.00545369278
0.00675534077
0.00926364225
0.0118603086
0.0139539908
0.0154691137
0.0164601155
0.0169920203
0.0168629182
0.0160665362
0.0148017453
0.0133458215
0.0119244603
0.0106296747
0.00941756845
0.00818740128
0.00692611888
0.00586957449
0.00558408612
0.00682255274
0.0100769993
0.015146913
0.0212712689
0.0286100534
0.0376957644
0.0338442916
0.0878331282
0.0301701454
0.00288233636
0.00386579467
0.00713038618
0.00622713633
0.00561007173
0.00710988581
0.0096653164
0.0121524285
0.0142321184
0.01592533
0.0172371961
0.018441102
0.0188285744
0.018138968
0.0168219194
0.015193251
0.013555908
0.0120784272
0.0106973057
0.00918728955
0.00739324038
0.00554794209
0.00446276259
0.00526909222
0.00865500903
0.0143749818
0.0219271677
0.0313295692
0.0392904491
0.0280387895
0.0855654377
0.0257412151
0.00356301144
0.00632797099
0.00865451579
0.00692857995
0.00568397287
0.00649520081
0.00857769997
0.0109954558
0.0133079939
0.0153254547
0.0169250905
0.0180178033
0.0184434772
0.0180268269
0.0170032295
0.0156495008
0.0142278566
0.0128247152
0.0112657665
0.00925460659
0.00672676791
0.00423905611
0.00301249705
0.00434504016
0.00878186137
0.0160056959
0.0254323054
0.0354000873
0.0389949458
0.0207610272
0.085269652
0.0253423013
0.00537889402
0.00775732814
0.0100128471
0.00823527955
0.00603739709
0.00563981792
0.00689642657
0.00897447267
0.0112414113
0.0133184665
0.0149632762
0.0160475367
0.0165417796
0.0164581867
0.0158705562
0.0149053915
0.0136234655
0.0119425708
0.0096859696
0.00682543913
0.00381387325
0.00172509116
0.00191769135
0.00533425221
0.0120353125
0.021306245
0.0315629322
0.0389076188
0.0352618368
0.0119440018
0.0870275886
0.0291258111
0.00777950917
0.00864465172
0.0114061369
0.0102916941
0.00752702295
0.0056275987
0.00532538938
0.00624614132
0.00777328613
0.00941309049
0.0108351862
0.0118375242
0.0123739914
0.0124050842
0.0118986605
0.0108358038
0.0091894735
0.00696896406
0.00434912896
0.00184007317
0.000348513073
0.000971982187
0.00454539068
0.0112143224
0.0202822885
0.0301402341
0.0378060028
0.0383109593
0.0260053383
0.00230989896
0.0916092707
0.0369379364
0.0121271297
0.00954158841
0.0123020984
0.012831084
0.0107930045
0.00801496206
0.00586314383
0.00476399032
0.00454379203
0.00481443477
0.00520804581
0.0054764933
0.00552795062
0.00523211271
0.00455152197
0.00350660979
0.00222123401
0.000974514463
0.000246401189
0.000696321828
0.00301758634
0.00767243931
0.0146067054
0.0230593302
0.0314625445
0.0373428572
0.0374217304
0.0288997415
0.0135252863
0.00320498665
0.100194242
0.0510991598
0.0218599324
0.0128687949
0.013027776
0.0147487308
0.015065454
0.0137114443
0.0114137727
0.00894828704
0.00682547788
0.00526450298
0.00425443872
0.00359517419
0.00308220543
0.00271516017
0.00251999466
0.00260525933
0.00316603173
0.00448064552
0.00686949083
0.0106004964
0.0157429938
0.0220034913
0.0285972127
0.0342060537
0.0370908808
0.0355753185
0.0294087086
0.0224445282
0.0245146679
0.0381300996
0.113124645
0.0758479963
0.0449581959
0.0276432858
0.0202223923
0.0183289678
0.0188895491
0.0200578766
0.020919751
0.0211180558
0.0206019135
0.0195090488
0.0182522323
0.0174293704
0.0169684194
0.0169268544
0.0173509825
0.0183111715
0.0198820151
0.0221182829
0.0250083471
0.0284091366
0.031974934
0.0351090168
0.036985012
0.0367137339
0.0337749135
0.02884384
0.0248260023
0.0265743842
0.0355536195
0.0456832581
0.130886261
0.116926175
0.0960665216
0.077314386
0.0622735726
0.0506606066
0.0419780179
0.0356569083
0.0312174898
0.0282832285
0.0265673355
0.0258144176
0.0255475341
0.0253689957
0.0253979672
0.0256191336
0.0260461571
0.0266757203
0.027487977
0.0284301914
0.0293995378
0.0302263728
0.0306671877
0.0304248385
0.029222701
0.0269659064
0.0239984345
0.0213538176
0.0206320417
0.0240289983
0.036265553
0.0485471455
0.152780174
0.178080843
0.191458843
0.199121094
0.203698018
0.206289617
0.207670164
0.208313432
0.20849775
0.208359304
0.207944062
0.207249493
0.20623467
0.204733196
0.202624568
0.199792832
0.196116793
0.191472233
0.185729392
0.178750547
0.170387097
0.160482189
0.148889948
0.135533628
0.120541094
0.104497277
0.0887558503
0.0754938836
0.0696400388
0.0650821494
0.062303884
0.0596945753
0.169261631
0.229726878
0.278126651
0.315880002
0.345358147
0.368014393
0.385246788
0.398177682
0.407617566
0.414093899
0.417916624
0.419244333
0.41817969
0.415059985
0.409851844
0.402441412
0.392744908
0.380691422
0.366236006
0.349357433
0.33003816
0.308209268
0.283658788
0.255920526
0.22424303
0.187893756
0.147274696
0.106371633
0.07606799
0.0722638195
0.0752861842
0.0644963404
0.180919834
0.268476566
0.343726491
0.40199682
0.446189408
0.479467806
0.504763688
0.524158082
0.538950412
0.549886947
0.557358955
0.561528705
0.56238719
0.559702599
0.55317746
0.542782948
0.528507682
0.510409332
0.488643603
0.463501689
0.435432673
0.40502053
0.372877461
0.339401052
0.304363717
0.266427068
0.223039283
0.171853198
0.115476452
0.0696219576
0.0616344107
0.0635333638
0.188315436
0.294559619
0.388572388
0.460748232
0.515850024
0.5596593
0.596126859
0.627073886
0.65305166
0.674046798
0.689856002
0.700261511
0.705110611
0.704357463
0.698148726
0.686467121
0.66936192
0.64690993
0.61926117
0.586697953
0.549718484
0.509122702
0.466060423
0.421979203
0.378356413
0.33603605
0.294039368
0.248226183
0.191566046
0.119942878
0.0477567708
0.021534296
0.191375521
0.308630127
0.41602109
0.498728393
0.563519577
0.618418093
0.667063141
0.709950421
0.746551605
0.776343406
0.799058587
0.814651495
0.823202238
0.824846623
0.819777949
0.808244156
0.790428289
0.766539456
0.736754962
0.701229316
0.66015455
0.613896285
0.563172807
0.509225475
0.453932861
0.399754679
0.349073018
0.302215182
0.254055521
0.191786535
0.101525286
-0.00228404541
0.190880914
0.313791219
0.430305391
0.520870321
0.593640206
0.658301259
0.717293679
0.769768037
0.814546089
0.851064757
0.879215025
0.899073635
0.910787224
0.914566257
0.91067
0.89937237
0.881085259
0.85631198
0.82556487
0.789248881
0.747556521
0.700501047
0.648132405
0.590828573
0.52952504
0.465981951
0.403190135
0.345062973
0.29330882
0.240305853
0.163531597
0.0422541684
0.188753398
0.309522939
0.432753248
0.528820271
0.607973685
0.679915831
0.746365429
0.805631771
0.856295838
0.897959261
0.930711558
0.954637047
0.969729611
0.976021343
0.973709297
0.963201542
0.944868533
0.919294921
0.887318112
0.849873397
0.807649927
0.760815883
0.70910069
0.65225563
0.59048752
0.524458508
0.455549988
0.387051496
0.324518537
0.269700889
0.204498901
0.0829305148
0.185708297
0.296848935
0.423215052
0.524669373
0.607839122
0.683718895
0.754549077
0.818042428
0.872390827
0.917352466
0.953231729
0.980179778
0.998088496
1.00685638
1.00667486
0.998029715
0.981106669
0.956204188
0.924134183
0.88617875
0.843637262
0.797216071
0.746724423
0.691426482
0.631009422
0.565858408
0.496562663
0.424154179
0.3526885
0.289900446
0.230981401
0.120717162
0.182553023
0.278210518
0.401505335
0.507555428
0.59378179
0.670527263
0.742168235
0.807200956
0.863380107
0.909978773
0.947237755
0.975497622
0.994876223
1.00537835
1.00719044
1.00070368
0.985976119
0.96315544
0.932895062
0.896448713
0.855295556
0.810497906
0.762204114
0.709598359
0.651850769
0.588955678
0.521609885
0.450258448
0.375901476
0.305136071
0.245780605
0.152012582
0.180374197
0.256546518
0.369078089
0.476293754
0.565189158
0.641197876
0.710210822
0.7731532
0.828500538
0.875020167
0.912398055
0.940826117
0.960589767
0.971930334
0.97510015
0.970201418
0.957428914
0.937153866
0.910116592
0.877421319
0.840246365
0.799398033
0.754966904
0.706365689
0.652780104
0.593877225
0.530105329
0.462132565
0.390071125
0.316277319
0.252554556
0.176574785
0.181255367
0.235577847
0.329671686
0.431010524
0.520279631
0.595296633
0.660146664
0.717639934
0.768189436
0.81121969
0.846245225
0.873145622
0.892060424
0.903227873
0.907004247
0.903479642
0.89306034
0.876338134
0.854084007
0.827129024
0.796154458
0.761475548
0.722931686
0.679981945
0.632042233
0.578907521
0.520854354
0.458309491
0.391591297
0.321085513
0.253754199
0.193713524
0.179693394
0.217499134
0.289476427
0.376093403
0.459126972
0.530917931
0.591375415
0.642565661
0.686013632
0.722357119
0.751782465
0.774390667
0.790348096
0.799891246
0.803413534
0.801222473
0.79386569
0.781851283
0.765630089
0.74553564
0.721722168
0.694129802
0.662505929
0.626505638
0.585853083
0.540486523
0.490548423
0.436246685
0.377707465
0.31540368
0.251019729
0.201280864
0.173280954
0.203498226
0.25530614
0.320866033
0.388438084
0.450086874
0.502881829
0.546824816
0.582862508
0.611940282
0.634782934
0.651934625
0.663850815
0.670938189
0.673652018
0.672395011
0.667481717
0.659113937
0.647433537
0.632529085
0.614427698
0.593088011
0.568408786
0.54025657
0.50850536
0.473071784
0.433920269
0.391085337
0.34468716
0.295041473
0.243606734
0.198902259
0.137005533
0.172951272
0.216983599
0.26573012
0.315317891
0.361428825
0.401578891
0.435037329
0.462026365
0.483149254
0.499039858
0.510293055
0.517466398
0.520914951
0.520897903
0.517784472
0.511982159
0.503844219
0.493638334
0.48154395
0.46765343
0.451977777
0.434471825
0.415053371
0.393627914
0.370100073
0.344470071
0.316822867
0.287330028
0.256272527
0.223885965
0.194154312
0.338986855
0.260391217
0.222234066
0.218912331
0.232369271
0.251120085
0.269710455
0.285801332
0.298555802
0.307805825
0.314553467
0.319009454
0.321253854
0.321465331
0.319847883
0.316493317
0.311499863
0.304999869
0.297160787
0.288190182
0.278325398
0.267850375
0.257051115
0.246205124
0.235623578
0.225568086
0.216562227
0.208763653
0.202187458
0.196684956
0.191565189
0.184359425
0.501170561
0.461423204
0.405523345
0.355817829
0.317971706
0.28958113
0.267280579
0.248549966
0.231763322
0.21612593
0.200123278
0.183507222
0.166293469
0.148591668
0.130574573
0.112466734
0.0945620664
0.0772438774
0.0609917404
0.046404853
0.0342466327
0.0254132319
0.0202999145
0.0195265869
0.0238799755
0.0337858262
0.0493509791
0.0699174932
0.0943652243
0.121490191
0.14975272
0.170743059
0.489570688
0.406195377
0.297780126
0.195427565
0.105380159
0.0308057946
-0.029928159
-0.0799694374
-0.122152717
-0.15857551
-0.19071253
-0.219509235
-0.245540521
-0.26913665
-0.290442453
-0.309462331
-0.326084633
-0.340092678
-0.351164512
-0.358847815
-0.361845669
-0.35978197
-0.348303382
-0.324656442
-0.286583268
-0.232954298
-0.165273189
-0.0887741542
-0.0112916261
0.0600421826
0.121245737
0.161871566
0.532587572
0.413322119
0.242358253
0.0874940426
-0.0366867158
-0.132346524
-0.206843087
-0.267253944
-0.318380762
-0.36286793
-0.40197058
-0.436226544
-0.465840642
-0.490881435
-0.51136148
-0.527263553
-0.538553256
-0.545181783
-0.547066575
-0.543863457
-0.536554683
-0.525289331
-0.509393508
-0.486495779
-0.451182631
-0.394779991
-0.310179301
-0.200821276
-0.0829959371
0.0237113368
0.106968061
0.159541487
0.52246536
0.372575095
0.1731609
-0.00289003212
-0.137012531
-0.238534818
-0.321276439
-0.393911689
-0.459610047
-0.518634261
-0.570439037
-0.614595239
-0.650969751
-0.679638023
-0.700762796
-0.714517367
-0.721067241
-0.720619457
-0.713279005
-0.699029596
-0.677964328
-0.650403057
-0.61717301
-0.579255327
-0.535591003
-0.477623145
-0.38891711
-0.263138884
-0.120070104
0.0087415021
0.106119322
0.154231521
0.517311986
0.329529408
0.101162029
-0.0850343109
-0.220333886
-0.32722754
-0.423388752
-0.513756154
-0.596515189
-0.66908375
-0.730260381
-0.780055825
-0.819018843
-0.847788319
-0.866896661
-0.876804954
-0.877667963
-0.869513756
-0.852501822
-0.826830776
-0.792662232
-0.750173888
-0.699971432
-0.643917607
-0.584900548
-0.519288561
-0.426550959
-0.290398422
-0.131179347
0.00884315066
0.111836061
0.146338649
0.499452199
0.274045803
0.0268388516
-0.1568088
-0.28964347
-0.4061646
-0.519497602
-0.62581375
-0.719160648
-0.797328905
-0.860905937
-0.911248173
-0.949499956
-0.976449971
-0.992655204
-0.998511021
-0.994340543
-0.98035555
-0.956536799
-0.922738445
-0.878840592
-0.824851197
-0.761125234
-0.689458646
-0.614954748
-0.53912676
-0.440550305
-0.29426713
-0.125762848
0.0175353038
0.11921643
0.137680699
0.479247207
0.216700232
-0.0407211647
-0.215157241
-0.348577013
-0.479289075
-0.607291721
-0.721256141
-0.816662156
-0.89488826
-0.958310413
-1.00834801
-1.04568623
-1.07082251
-1.08425014
-1.08641045
-1.07776016
-1.05861671
-1.02911083
-0.989032134
-0.937905352
-0.875326276
-0.80130664
-0.717441102
-0.630152684
-0.545003861
-0.43880808
-0.28250857
-0.110352645
0.0308004926
0.126306552
0.128979774
0.459085561
0.159091629
-0.0987380009
-0.26108221
-0.400142963
-0.544877354
-0.679787094
-0.793559882
-0.88753156
-0.965614664
-1.02943691
-1.07912726
-1.11492451
-1.13757974
-1.14800567
-1.14666369
-1.13385378
-1.10992216
-1.07523845
-1.02975353
-0.972777066
-0.903441458
-0.821452066
-0.728305641
-0.631815375
-0.539943467
-0.423683498
-0.258997576
-0.0881997521
0.0467978608
0.132593815
0.119598609
0.440335977
0.104092256
-0.145031978
-0.296380939
-0.444750454
-0.598570709
-0.732896195
-0.843592634
-0.936740965
-1.01528392
-1.07868768
-1.12633082
-1.15902874
-1.17833083
-1.18552908
-1.18119479
-1.16514898
-1.13733269
-1.09819701
-1.04798098
-0.985946413
-0.910937937
-0.822277862
-0.722128323
-0.621185605
-0.52331434
-0.394965194
-0.22506275
-0.0604471917
0.0649114789
0.1376841
0.108218335
0.423334611
0.0538011462
-0.179234856
-0.322990763
-0.480745491
-0.637015416
-0.766935634
-0.874882615
-0.967578152
-1.04542188
-1.10659951
-1.1508867
-1.18009007
-1.19620142
-1.20029523
-1.19357185
-1.17456333
-1.14308738
-1.10001997
-1.04560545
-0.978900611
-0.898419395
-0.803749312
-0.700009359
-0.598438468
-0.492785056
-0.351842276
-0.181637875
-0.0278759128
0.0844152821
0.140693661
0.0946630623
0.408505231
0.0101534341
-0.20215967
-0.342000943
-0.505663865
-0.659154156
-0.783949488
-0.889422906
-0.980504206
-1.0560281
-1.11412434
-1.15520384
-1.18154473
-1.19506873
-1.19662411
-1.18622585
-1.16345336
-1.12841198
-1.08176593
-1.0232512
-0.95148611
-0.865249917
-0.766634769
-0.663744785
-0.561806969
-0.444918198
-0.29391504
-0.12985023
0.00855934692
0.104066446
0.140688949
0.0808100075
0.396188534
-0.025284117
-0.215443668
-0.353404089
-0.517460001
-0.665433615
-0.785356458
-0.887439098
-0.975199703
-1.04730848
-1.10227129
-1.14062045
-1.16427442
-1.17480348
-1.17289123
-1.15866134
-1.13220449
-1.09370553
-1.04312802
-0.979581833
-0.902057239
-0.811624971
-0.71347085
-0.613413895
-0.506604202
-0.376621027
-0.222186363
-0.0715706073
0.0471015911
0.121931121
0.136989649
0.067466837
0.387047229
-0.0501129331
-0.220845544
-0.356268816
-0.515048705
-0.656542054
-0.771327045
-0.868408984
-0.951291166
-1.01912784
-1.07067897
-1.10609555
-1.12673441
-1.13394138
-1.12840513
-1.1103882
-1.0800169
-1.03716281
-0.981378128
-0.912302546
-0.830954012
-0.740767553
-0.645724132
-0.544405192
-0.427212795
-0.288009039
-0.140264971
-0.0101969934
0.0845780567
0.135088187
0.127560046
0.0501614049
0.381811036
-0.0628568922
-0.220355393
-0.349305824
-0.497921606
-0.632210295
-0.740954623
-0.831713399
-0.908279648
-0.970567319
-1.01777025
-1.04971286
-1.06702255
-1.07055086
-1.06093086
-1.03853356
-1.00338914
-0.955476315
-0.895042661
-0.823212256
-0.742233
-0.654211005
-0.558195108
-0.448906648
-0.322174272
-0.184671708
-0.0549757528
0.0485526814
0.11611623
0.140275474
0.110299053
0.0252354278
0.381925228
-0.0620268654
-0.213512154
-0.330502739
-0.465978842
-0.591277324
-0.693147533
-0.776580056
-0.845568592
-0.900824222
-0.942070705
-0.969087623
-0.982005677
-0.98122936
-0.967259679
-0.940450269
-0.901165392
-0.849989453
-0.787912575
-0.716208426
-0.635639657
-0.545269129
-0.442428076
-0.325715819
-0.199987977
-0.077920819
0.0255244703
0.0998681976
0.138115248
0.131224688
0.0724347406
-0.0120324376
0.39164634
-0.0496213861
-0.198394231
-0.300205429
-0.417912042
-0.531798182
-0.625924175
-0.701562341
-0.762354174
-0.80965736
-0.843692016
-0.864485208
-0.872143553
-0.866882617
-0.848959144
-0.818841772
-0.777086916
-0.724336137
-0.661140586
-0.587607317
-0.503131204
-0.40687499
-0.299537734
-0.18574642
-0.0748823315
0.0212925702
0.0922705293
0.129651325
0.126763314
0.0888014075
0.0656133749
0.157217845
0.417275197
-0.023574697
-0.174202755
-0.259821977
-0.35417447
-0.451856519
-0.53639262
-0.604016969
-0.656727473
-0.696212999
-0.723095563
-0.737583299
-0.739811024
-0.729932551
-0.708211924
-0.674923327
-0.630345712
-0.57467146
-0.507952228
-0.430228489
-0.342071886
-0.245618371
-0.145698533
-0.0501633288
0.0312822521
0.0893410662
0.117766303
0.11854496
0.116295208
0.182280965
0.417056361
0.662349128
0.467364303
0.0273619024
-0.135142781
-0.210344937
-0.277987417
-0.352119015
-0.422219619
-0.480378822
-0.52494188
-0.55674093
-0.576565797
-0.584706863
-0.581241587
-0.566533156
-0.540592368
-0.503564439
-0.455640233
-0.397180018
-0.328942023
-0.252502763
-0.170815166
-0.0886571913
-0.0125322332
0.050398112
0.0945372509
0.119425878
0.135273317
0.1699274
0.267886749
0.452823727
0.641573434
0.782644834
0.551859889
0.120333822
-0.0664361971
-0.148344378
-0.195998348
-0.241042212
-0.287643652
-0.330595089
-0.36491718
-0.38848132
-0.401056126
-0.40299168
-0.394634656
-0.376187257
-0.347796998
-0.309865194
-0.263088999
-0.208680604
-0.148608469
-0.0858188974
-0.0242706717
0.0314520793
0.0771853895
0.110958432
0.135203578
0.158239192
0.191619809
0.236934727
0.264161177
0.250282547
0.469216484
0.821604509
0.683189215
0.284592129
0.0688665029
-0.0477163876
-0.103978061
-0.133016003
-0.152848239
-0.170928078
-0.187511353
-0.200080838
-0.20607532
-0.204116615
-0.194020875
-0.17610531
-0.150878218
-0.119144113
-0.0820967391
-0.0414317128
0.000622368389
0.0414274276
0.0783226579
0.109315418
0.133968464
0.154032777
0.172757298
0.191046926
0.199062479
0.169150327
0.0874469247
0.192835151
0.511325874
0.840706654
0.857933489
0.552100168
0.340161335
0.176367241
0.0693700326
0.00676442788
-0.0227077946
-0.0315359859
-0.0296321812
-0.0240578484
-0.0189381976
-0.0153811071
-0.00929932694
0.00212230008
0.0174719198
0.0360954897
0.0569139895
0.07869157
0.100070636
0.119786081
0.136967495
0.151456602
0.163898488
0.175350579
0.186312687
0.195828048
0.203643756
0.171119162
0.191497728
0.344444199
0.643115744
0.905426986
0.996609514
0.908858274
0.806123976
0.669325801
0.539556998
0.425437395
0.333246186
0.262861702
0.212700022
0.180266759
0.163206882
0.15867072
0.159706915
0.161898874
0.165820101
0.170947135
0.177008819
0.183709045
0.190842971
0.198354091
0.206412137
0.215478848
0.226294518
0.239800743
0.257319556
0.281555766
0.308061638
0.385100499
0.527838783
0.72251771
0.918831947
1.0022918
)
;

boundaryField
{
    inner_wall
    {
        type            zeroGradient;
    }
    outer_wall
    {
        type            fixedValue;
        value           uniform 0;
    }
    top
    {
        type            fixedValue;
        value           uniform 1;
    }
    bottom
    {
        type            inletOutlet;
        inletValue      uniform 0;
        value           nonuniform List<scalar> 
32
(
0
0
0
0
0
0
0
0
0
0
0
0
0
0
0
0.000886232665
0.00170457111
0.00282043681
0.00435827503
0.00643095372
0.00914322196
0.0125665504
0.016590425
0.0207432873
0.0243023868
0.0267306438
0.0279823884
0.028297697
0.0279290595
0.0268936596
0.0248294372
0.0223818052
)
;
    }
    front
    {
        type            wedge;
    }
    back
    {
        type            wedge;
    }
}


// ************************************************************************* //
