/*--------------------------------*- C++ -*----------------------------------*\
| =========                 |                                                 |
| \\      /  F ield         | OpenFOAM: The Open Source CFD Toolbox           |
|  \\    /   O peration     | Version:  2506                                  |
|   \\  /    A nd           | Website:  www.openfoam.com                      |
|    \\/     M anipulation  |                                                 |
\*---------------------------------------------------------------------------*/
FoamFile
{
    version     2.0;
    format      ascii;
    arch        "LSB;label=32;scalar=64";
    class       volScalarField;
    location    "32";
    object      C;
}
// * * * * * * * * * * * * * * * * * * * * * * * * * * * * * * * * * * * * * //

dimensions      [0 0 0 0 0 0 0];

internalField   nonuniform List<scalar> 
3072
(
8.69764255e-08
-8.21201332e-06
5.55345148e-05
0.000530054758
-0.000499595958
-0.006797938
-0.0118906158
0.0049549062
0.0554264899
0.114226296
0.121452708
0.0756752383
0.011954739
-0.0393620594
-0.0201520004
0.137126991
0.431227889
0.746814696
0.959905668
1.03563262
1.0286035
1.00650656
0.997445603
0.9980064
1.00037721
1.00298508
1.00741006
1.01185683
1.01019562
0.987113879
0.843362558
0.356482512
-1.9643744e-07
2.51442587e-05
0.000131524141
-0.00173468585
-0.00510847527
0.00902388764
0.0652631165
0.151859871
0.22039597
0.235760277
0.204099904
0.133810053
0.0426103429
-0.0330444172
-0.0277774098
0.134081386
0.441798099
0.764833746
0.972184671
1.03763765
1.02565398
1.00431449
0.99712056
0.998333667
1.00064997
1.00323429
1.00774176
1.01219186
1.010324
0.986689814
0.843109266
0.355649779
6.45719069e-08
5.82601407e-05
-0.000689443277
-0.0044819328
0.00633549249
0.0746161393
0.20185951
0.323282884
0.384021763
0.377403117
0.305182785
0.193563787
0.0738090628
-0.0248543284
-0.0338800912
0.128978012
0.445156672
0.773252212
0.977827225
1.03802438
1.02393245
1.00332298
0.997076961
0.998516406
1.00077594
1.00335584
1.00789632
1.01234727
1.0104496
0.986954138
0.845413339
0.361868449
1.88336381e-07
5.92252091e-05
-0.00142962846
-0.00568852898
0.0220610864
0.138371635
0.317516572
0.469151783
0.542280406
0.516680508
0.391919814
0.240942833
0.0969859379
-0.0191335463
-0.035439008
0.134348754
0.460665617
0.790511013
0.986775219
1.03830359
1.02146792
1.00203799
0.997042054
0.998748333
1.00093479
1.00351142
1.0080906
1.01253827
1.01059642
0.987181946
0.847562048
0.368369783
-1.56973646e-07
7.0950372e-05
-0.0015280592
-0.00603227106
0.0250206616
0.154651944
0.353275036
0.519708678
0.626357829
0.563606825
0.410054421
0.242410109
0.0914217888
-0.0239609912
-0.0266367319
0.164094933
0.502181788
0.823033853
0.999627821
1.03755814
1.01793615
1.0005868
0.99711991
0.999036252
1.00111688
1.00370517
1.00833179
1.01274238
1.01069143
0.987240987
0.849364647
0.375664533
-1.54772631e-06
9.96853794e-05
-0.00130520925
-0.00646833311
0.0164448966
0.12347035
0.294875258
0.443322409
0.513111868
0.462358109
0.332560891
0.187215727
0.0538223597
-0.0379470508
0.000444041702
0.232751469
0.580460528
0.874594961
1.01588158
1.03466713
1.01291361
0.99897313
0.997370697
0.999413824
1.00135428
1.00398567
1.00868254
1.01299233
1.01067486
0.986817675
0.849794974
0.381800338
-4.19822354e-06
0.000132513157
-0.000883979217
-0.00637427225
0.00436632798
0.0713957558
0.185923246
0.289015546
0.327537635
0.286851802
0.197976525
0.0966345757
-0.0013879669
-0.0431462517
0.0679878618
0.354038314
0.695651329
0.938213822
1.03004332
1.02811784
1.00684321
0.997651128
0.997881236
0.999863471
1.00165953
1.00439056
1.00918236
1.01329199
1.01048091
0.98569509
0.848312244
0.38590777
-1.02661237e-05
0.000151653669
-0.000388011723
-0.00531261477
-0.00408295213
0.0264126635
0.0837125898
0.13609558
0.150311234
0.124584839
0.0756441885
0.0115391902
-0.0419649917
-0.00148971453
0.20562929
0.531867244
0.831446728
0.996619197
1.03460563
1.0177865
1.00116556
0.997183135
0.998626447
1.0003328
1.00205182
1.00495753
1.00985632
1.01362427
1.0100346
0.983673277
0.844475486
0.387267575
-1.05167142e-05
0.000155342839
6.19058522e-05
-0.0035179451
-0.00668971293
0.00119846151
0.0202240051
0.0369654661
0.0389540469
0.0269523394
-0.00249780167
-0.0396310081
-0.02030116
0.137458654
0.429937714
0.743031733
0.953456773
1.02990168
1.02620979
1.0064438
0.997720983
0.997760205
0.999415002
1.00078257
1.00256875
1.00571802
1.01070658
1.01394061
1.00924226
0.980567761
0.838007589
0.385546662
-4.93656711e-05
9.45863828e-05
0.000311447533
-0.00168323751
-0.00516264315
-0.00631904255
-0.00430698729
-0.00280570511
-0.00329740918
-0.0165039065
-0.0380960157
-0.0131728351
0.132205773
0.403465
0.707476668
0.928880111
1.02358931
1.03018001
1.0105564
0.998738444
0.997305624
0.998865355
1.00001258
1.00125696
1.00326184
1.00668859
1.01170829
1.01415875
1.00798827
0.976189377
0.828725022
0.380662942
0.000103944244
0.000207556125
0.00055213966
-0.000184321649
-0.00219769397
-0.00446908726
-0.00616318192
-0.00665249134
-0.0183429893
-0.0285444472
0.0203469149
0.185454464
0.454630879
0.738649237
0.94023452
1.02585118
1.0310784
1.0114358
0.998938221
0.997062572
0.998664049
0.999669804
1.00041391
1.00188547
1.00416029
1.00786308
1.01280591
1.01416342
1.00613787
0.97034086
0.816525402
0.372742709
-0.00077314717
-0.000718945223
-0.000405057553
-0.000259961405
-0.000761283029
-0.00116985634
-0.00285887868
-0.0148486229
0.00134200362
0.104251667
0.315383541
0.587562174
0.832736877
0.984217191
1.03577837
1.02838491
1.00815275
0.997681526
0.99694695
0.998826105
0.99966536
0.999931931
1.00091027
1.00276394
1.0052392
1.00921688
1.01391009
1.01381317
1.00354696
0.962824991
0.801390012
0.362072311
0.00430090792
0.00431016581
0.00439014737
0.00315808183
0.00222365704
-0.00314214482
0.0129111443
0.109171007
0.302363763
0.554164348
0.793530631
0.959375226
1.03306512
1.03901089
1.0184427
1.00123046
0.995863777
0.99737005
0.999406002
0.999849805
0.999681432
1.00020768
1.00175832
1.0038398
1.00644246
1.01071632
1.01489383
1.01295692
1.00007829
0.953467215
0.78340997
0.349069173
-0.0302656205
-0.0307787502
-0.0294050166
-0.00686985791
0.071389001
0.22797652
0.447606221
0.680759164
0.875336974
0.998424096
1.04716338
1.044209
1.02130281
1.0021319
0.994832878
0.995893354
0.998863702
1.00022745
0.999982579
0.999485285
0.999732236
1.00097156
1.0028833
1.00497161
1.00773828
1.01231083
1.01559475
1.01146329
0.995622433
0.942154047
0.762826429
0.334258935
0.372958161
0.449983847
0.576171724
0.730736091
0.871711142
0.979664118
1.04449503
1.06666476
1.05709083
1.0326575
1.00916418
0.995550586
0.992472077
0.995329827
0.998964132
1.00071756
1.00061036
0.999808258
0.999276168
0.999439338
1.00040608
1.00207336
1.00405306
1.0060722
1.0091258
1.01390888
1.01583937
1.00925941
0.990121171
0.928888102
0.740074638
0.318252471
1.02350213
1.04165063
1.04947788
1.04631703
1.03501788
1.01953392
1.00435177
0.993365366
0.988570434
0.989452456
0.993559125
0.99796529
1.00072792
1.0014739
1.00094813
1.00009959
0.999470284
0.999194461
0.999323759
1.00001158
1.00137469
1.00323456
1.00513947
1.00712363
1.01058976
1.01537352
1.01549561
1.00636501
0.983593004
0.913854963
0.715815091
0.301715962
0.997177377
0.994169286
0.992080531
0.991485178
0.992375945
0.994467446
0.99719644
0.999817208
1.00164648
1.00234151
1.00203232
1.00120325
1.00038784
0.999879497
0.999649814
0.999507149
0.999349564
0.999311032
0.999695872
1.00075098
1.0024317
1.00434438
1.00607915
1.00811948
1.01207316
1.01655674
1.01453452
1.00290465
0.976162458
0.897484879
0.69093103
0.285330803
1.00043305
1.0009964
1.0014514
1.0016734
1.00163197
1.00133778
1.00085343
1.00029884
0.999825416
0.999560126
0.999545562
0.999712198
0.999906169
0.999965444
0.999810404
0.999507558
0.999275568
0.999418488
1.00019122
1.00163811
1.00349513
1.00529034
1.00682978
1.00905218
1.01347857
1.01735688
1.01306825
0.999091416
0.968090606
0.880477483
0.666474047
0.26974462
0.999926041
0.999811303
0.999712631
0.999655702
0.999647344
0.99968695
0.999767455
0.999875943
0.99999547
1.00010631
1.00018414
1.00019655
1.00010551
0.999887014
0.999570696
0.999281889
0.999246647
0.999722396
1.00085745
1.00254839
1.0044126
1.00600424
1.00740006
1.00989192
1.01468774
1.01777057
1.01133783
0.995191049
0.959790119
0.863753531
0.643553229
0.255519541
1.00001338
1.00003809
1.00006035
1.00007497
1.00007826
1.00006719
1.00004408
1.00002043
1.00001359
1.00003378
1.00006654
1.00006458
0.999964408
0.999732557
0.99942433
0.999216444
0.999371964
1.00012485
1.00152603
1.00334372
1.00512327
1.00649766
1.00780755
1.01057304
1.01560436
1.01790095
1.00964982
0.99148388
0.951796201
0.848319145
0.62318572
0.243087192
0.999997493
0.999991996
0.999987414
0.999984861
0.999982416
0.999977993
0.999974603
0.999982649
1.00001361
1.000065
1.0001055
1.00007597
0.999918626
0.999630879
0.999317172
0.99919751
0.999540506
1.00052836
1.00211527
1.00397551
1.00562886
1.00680525
1.00805566
1.01102359
1.01618367
1.0179052
1.00829419
0.988234185
0.944676121
0.83507288
0.606147129
0.232720084
1.00000048
1.00000178
1.00000333
1.00000483
1.00000351
0.999997169
0.999990161
0.999995284
1.00002498
1.00007351
1.00010231
1.00004666
0.999853872
0.999542725
0.999249915
0.999220224
0.999716792
1.00087522
1.00257639
1.00443312
1.00596051
1.00696801
1.00814507
1.01119781
1.01642546
1.0179164
1.00747965
0.98566459
0.938899794
0.824625634
0.592866087
0.22452535
0.999999905
0.999999649
0.999999825
1.00000037
0.999998404
0.99999186
0.999985982
0.999994593
1.00002946
1.00008085
1.00010386
1.0000301
0.999812339
0.999486687
0.99921326
0.999252026
0.999857869
1.00113011
1.00289857
1.00473708
1.00616028
1.00702433
1.00808746
1.01109126
1.01635026
1.01798942
1.00730049
0.983933301
0.934730622
0.817204367
0.583393595
0.218461111
1.00000001
1.00000013
1.00000065
1.00000143
0.99999943
0.999992612
0.999986701
0.999996207
1.00003273
1.00008447
1.00010313
1.00001843
0.999786574
0.999454026
0.999194464
0.999276056
0.999947843
1.00128714
1.00309348
1.00491689
1.0062665
1.00700927
1.00791219
1.01073804
1.01598367
1.01809435
1.00773238
0.983117235
0.932191108
0.812668731
0.57744995
0.214366909
0.99999999
1.00000002
1.00000048
1.00000123
0.999999181
0.99999228
0.999986373
0.999996254
1.00003358
1.00008584
1.00010331
1.00001464
0.999777022
0.999441031
0.999186242
0.999285017
0.99998508
1.00135535
1.00318208
1.00500148
1.00630987
1.00695387
1.00766089
1.01019724
1.01535565
1.01814895
1.00865242
0.983202056
0.931113439
0.810621908
0.57453261
0.211995814
0.999999994
1.00000003
1.00000052
1.00000132
0.999999358
0.999992471
0.999986339
0.999995779
1.00003281
1.00008541
1.00010414
1.0000171
0.999780259
0.999442951
0.999184577
0.999279113
0.999977411
1.00135144
1.00318762
1.00501572
1.00631334
1.00688374
1.00737661
1.00953444
1.01450208
1.01806621
1.009876
0.984066772
0.931237482
0.81058069
0.574059456
0.210991915
0.999999993
1.00000002
1.00000049
1.00000133
0.999999543
0.999992779
0.999986298
0.999994693
1.00003059
1.00008352
1.00010554
1.00002458
0.999793536
0.999456368
0.999187756
0.99926155
0.999935442
1.00129338
1.00313225
1.00498132
1.00629631
1.00682098
1.00709328
1.00879353
1.01345447
1.01780157
1.01121964
0.985522835
0.932298499
0.812031192
0.575376345
0.2109758
0.999999993
1.00000002
1.00000047
1.00000136
0.999999785
0.999993219
0.999986346
0.999993353
1.00002755
1.00008057
1.00010691
1.0000348
0.99981309
0.999477724
0.99919538
0.999238123
0.999872436
1.00120004
1.00303555
1.00491269
1.00626513
1.00677178
1.00684379
1.00805662
1.01227743
1.01728327
1.01254278
0.987434389
0.933980305
0.814398162
0.577864985
0.211671389
0.999999994
1.00000001
1.00000044
1.00000137
1.00000003
0.999993719
0.999986475
0.999991956
1.0000241
1.00007692
1.00010786
1.00004593
0.999835745
0.999503885
0.999206979
0.99921373
0.999799779
1.0010876
1.00291424
1.004822
1.00622451
1.00673694
1.00664172
1.00737444
1.01104289
1.01650195
1.01370425
0.989646737
0.93604189
0.817233482
0.581005211
0.212825824
0.999999995
1.00000001
1.00000041
1.00000137
1.00000027
0.999994238
0.999986681
0.999990651
1.00002061
1.00007291
1.0001082
1.00005667
0.999858988
0.999532139
0.999221685
0.999191614
0.999725992
1.00096882
1.00278202
1.00471959
1.0061781
1.00671373
1.00648775
1.00677614
1.00981833
1.01548579
1.01459966
0.992014175
0.938302327
0.8201999
0.584387293
0.214233564
0.999999996
1
1.00000039
1.00000137
1.00000049
0.999994742
0.999986943
0.999989512
1.00001731
1.00006884
1.00010794
1.00006627
0.999881114
0.999560346
0.999238315
0.999173335
0.99965658
1.00085281
1.00264937
1.00461401
1.0061294
1.00669875
1.00637455
1.00626954
1.00865581
1.01429016
1.01516543
0.994404452
0.940637346
0.8230691
0.587708826
0.215733789
0.999999996
0.999999999
1.00000036
1.00000136
1.00000068
0.999995208
0.999987234
0.999988562
1.00001431
1.00006493
1.00010722
1.00007449
0.999901259
0.999587111
0.999255684
0.999159169
0.999594428
1.00074528
1.00252363
1.00451188
1.00608164
1.00668931
1.00629217
1.00584826
1.007587
1.0129804
1.01538013
0.996706005
0.942966927
0.825702504
0.590762451
0.21720768
0.999999997
0.999999997
1.00000034
1.00000135
1.00000084
0.999995622
0.999987529
0.999987795
1.0000117
1.00006132
1.0001062
1.00008131
0.999918974
0.999611506
0.999272714
0.999148689
0.999540696
1.00064944
1.00240958
1.004418
1.00603763
1.00668374
1.00623122
1.00549862
1.00662453
1.01161831
1.01525671
0.998832051
0.945245099
0.828029957
0.593417652
0.218571524
0.999999997
0.999999996
1.00000032
1.00000134
1.00000097
0.999995978
0.999987806
0.999987189
1.00000949
1.00005815
1.00010505
1.00008679
0.999934031
0.999632889
0.999288486
0.999141159
0.999495504
1.0005668
1.00231003
1.00433564
1.00599961
1.00668121
1.00618417
1.00520504
1.00576684
1.01025396
1.01483169
1.0007217
0.947452315
0.830030765
0.595603001
0.219769305
0.999999997
0.999999994
1.0000003
1.00000134
1.00000108
0.999996275
0.999988049
0.999986716
1.00000767
1.00005546
1.00010393
1.00009113
0.999946484
0.999651003
0.999302363
0.999135752
0.999458303
1.00049761
1.00222623
1.00426668
1.00596913
1.00668137
1.00614562
1.0049532
1.00500375
1.00892254
1.01415392
1.00233815
0.949589716
0.83171997
0.597292201
0.220766891
0.999999997
0.999999993
1.00000029
1.00000133
1.00000117
0.999996514
0.99998825
0.999986347
1.00000622
1.00005326
1.00010294
1.00009452
0.999956522
0.999665828
0.999313956
0.999131722
0.99942823
1.00044129
1.00215825
1.00421183
1.00594703
1.00668409
1.00611194
1.00473148
1.00432133
1.00764511
1.01327547
1.00366456
0.951672967
0.833138308
0.598493123
0.221547025
0.999999997
0.99999999
1.00000028
1.00000133
1.00000125
0.999996703
0.999988405
0.999986056
1.00000507
1.00005152
1.00010214
1.00009717
0.999964432
0.999677551
0.999323134
0.999128468
0.999404266
1.00039671
1.00210526
1.00417082
1.0059335
1.0066893
1.00608087
1.00453121
1.00370528
1.00643124
1.01224513
1.00469934
0.953725432
0.834345393
0.599240717
0.222106206
0.999999997
0.999999986
1.00000027
1.00000134
1.00000131
0.999996847
0.999988516
0.999985821
1.00000419
1.00005021
1.00010156
1.00009925
0.999970543
0.999686527
0.999329997
0.999125557
0.999385343
1.00036234
1.0020657
1.00414258
1.00592812
1.00669693
1.00605122
1.00434647
1.00314294
1.00528249
1.01110473
1.00545148
0.955770924
0.835413938
0.599591802
0.222452333
0.999999997
0.999999981
1.00000027
1.00000134
1.00000136
0.999996954
0.999988586
0.999985628
1.00000353
1.00004924
1.00010119
1.0001009
0.999975189
0.999693179
0.999334794
0.99912272
0.99937044
1.00033647
1.00203761
1.00412546
1.00593006
1.00670684
1.00602258
1.00417359
1.00262418
1.00419571
1.00988767
1.00593663
0.957827319
0.836424001
0.599620407
0.222602447
0.999999996
0.999999974
1.00000026
1.00000136
1.00000141
0.999997032
0.999988624
0.999985463
1.00000303
1.00004856
1.00010101
1.00010224
0.999978689
0.999697965
0.999337868
0.999119814
0.999358616
1.00031735
1.00201877
1.00411745
1.00593814
1.0067189
1.00599509
1.00401066
1.00214164
1.0031657
1.00861917
1.00617417
0.959902668
0.837457748
0.599413635
0.222580895
0.999999995
0.999999966
1.00000026
1.00000137
1.00000145
0.999997088
0.999988636
0.999985317
1.00000265
1.0000481
1.00010097
1.00010337
0.999981349
0.999701352
0.999339618
0.999116785
0.999349015
1.00030323
1.00200687
1.00411636
1.00595102
1.00673297
1.00596932
1.00385713
1.00169048
1.00218707
1.00731744
1.006185
0.961994506
0.838595402
0.599067735
0.222417988
0.999999994
0.999999958
1.00000025
1.00000138
1.00000148
0.999997132
0.999988632
0.999985182
1.00000234
1.00004777
1.00010103
1.00010436
0.999983454
0.999703805
0.999340468
0.999113642
0.999340856
1.0002924
1.00199958
1.00411994
1.0059673
1.00674893
1.00594615
1.00371342
1.00126802
1.00125538
1.00599537
1.00599022
0.964091941
0.83991302
0.598684346
0.222148934
0.999999993
0.99999995
1.00000025
1.00000139
1.00000152
0.999997168
0.999988619
0.999985054
1.00000208
1.00004752
1.00010115
1.00010527
0.99998527
0.99970577
0.999340844
0.999110431
0.99933343
1.00028325
1.00199465
1.00412593
1.00598555
1.0067667
1.00592669
1.00358065
1.00087322
1.00036771
1.00466224
1.00561003
0.96617926
0.841482156
0.598365962
0.221808576
0.999999992
0.999999942
1.00000024
1.0000014
1.00000155
0.999997205
0.999988608
0.999984928
1.00000183
1.00004727
1.00010126
1.00010617
0.999987038
0.999707662
0.999341158
0.999107217
0.999326099
1.00027429
1.00198994
1.0041322
1.0060044
1.00678625
1.00591215
1.00346038
1.00050635
0.999522828
1.00332534
1.00506316
0.968239504
0.843370783
0.598216209
0.221437332
0.99999999
0.999999935
1.00000024
1.00000141
1.00000159
0.999997247
0.999988604
0.999984801
1.00000154
1.00004697
1.00010134
1.0001071
0.999988972
0.99970986
0.999341791
0.999104081
0.999318301
1.00026414
1.00198347
1.00413674
1.00602256
1.00680755
1.00590378
1.0033544
1.00016855
0.998721105
1.00199112
1.00436652
0.9702572
0.845644691
0.598336987
0.221075197
0.999999988
0.999999926
1.00000023
1.00000142
1.00000163
0.999997301
0.999988615
0.999984668
1.00000121
1.00004657
1.00010132
1.0001081
0.999991262
0.999712702
0.999343097
0.999101112
0.999309551
1.00025158
1.00197346
1.00413769
1.00603883
1.0068306
1.00590283
1.00326462
0.999861489
0.997964244
1.00066612
1.0035352
0.972219539
0.848368155
0.59883127
0.220764478
0.999999987
0.999999918
1.00000022
1.00000143
1.00000166
0.99999737
0.999988649
0.99998453
1.00000079
1.00004602
1.00010118
1.00010919
0.999994076
0.999716501
0.99934541
0.999098417
0.99929944
1.00023554
1.00195826
1.00413334
1.00605207
1.00685537
1.00591047
1.00319291
0.99958712
0.997254968
0.999357546
1.00258252
0.974115589
0.851600964
0.599802671
0.220548004
0.999999985
0.99999991
1.00000021
1.00000143
1.00000171
0.999997461
0.999988712
0.999984386
1.00000028
1.00004526
1.00010085
1.00011039
0.999997557
0.999721538
0.999349043
0.999096123
0.999287651
1.00021509
1.00193648
1.00412219
1.00606123
1.00688176
1.00592767
1.00314092
0.999347362
0.996596643
0.998073595
1.00152051
0.975934235
0.855392347
0.601354602
0.22046978
0.999999983
0.999999901
1.00000019
1.00000143
1.00000175
0.999997575
0.999988809
0.999984238
0.999999652
1.00004428
1.00010032
1.0001117
1.00000179
0.99972801
0.999354248
0.999094376
0.99927401
1.00018959
1.00190701
1.00410297
1.00606535
1.00690959
1.00595518
1.00311
0.999143839
0.995992855
0.996823607
1.00036053
0.977662013
0.859773873
0.603588028
0.220575815
0.999999981
0.999999892
1.00000018
1.00000142
1.00000181
0.999997714
0.999988945
0.999984088
0.999998909
1.00004304
1.00009955
1.00011311
1.00000681
0.999736035
0.999361214
0.999093339
0.999258491
1.00015867
1.00186912
1.00407473
1.00606363
1.00693856
1.00599341
1.00310103
0.998977636
0.99544694
0.995617902
0.999114215
0.979281706
0.864753451
0.606596931
0.220911771
0.999999978
0.999999883
1.00000016
1.00000141
1.00000186
0.999997881
0.999989123
0.999983943
0.99999805
1.00004154
1.0000985
1.00011457
1.00001261
0.999745663
0.999370071
0.99909319
0.999241216
1.00012225
1.00182244
1.00403685
1.00605539
1.00696825
1.00604238
1.0031143
0.998849101
0.994961503
0.994467385
0.997794334
0.98077204
0.870312082
0.610464548
0.22152333
0.999999976
0.999999875
1.00000013
1.00000139
1.00000192
0.999998073
0.999989345
0.999983808
0.999997086
1.00003979
1.00009716
1.00011603
1.00001912
0.999756861
0.999380876
0.999094111
0.999222454
1.00008058
1.00176702
1.00398911
1.00604016
1.00699811
1.00610167
1.00314948
0.998757668
0.994537957
0.993382967
0.996415658
0.982108421
0.876403727
0.615259262
0.222455129
0.999999974
0.999999866
1.00000011
1.00000137
1.00000197
0.999998288
0.999989611
0.999983692
0.999996032
1.00003779
1.00009552
1.00011745
1.00002623
0.999769504
0.999393596
0.999096263
0.99920261
1.00003423
1.00170341
1.00393178
1.00601776
1.00702752
1.0061704
1.00320543
0.998701698
0.994176086
0.99237479
0.994995539
0.983264594
0.882957728
0.621031554
0.223749204
0.999999973
0.999999859
1.00000008
1.00000134
1.00000203
0.999998523
0.999989918
0.999983603
0.999994916
1.00003558
1.0000936
1.00011874
1.00003377
0.999783374
0.999408084
0.999099761
0.999182208
0.999984121
1.00163272
1.00386572
1.00598841
1.00705584
1.00624716
1.00328016
0.998678332
0.993873678
0.991451312
0.99355416
0.984214977
0.889882566
0.627812139
0.225442942
0.999999971
0.999999853
1.00000005
1.0000013
1.00000208
0.99999877
0.999990261
0.999983546
0.999993771
1.00003322
1.00009142
1.00011986
1.00004152
0.999798117
0.999424024
0.999104615
0.999161877
0.999931598
1.00155672
1.00379258
1.00595291
1.00708253
1.00633002
1.00337064
0.998683367
0.99362624
0.990618292
0.992114315
0.984937533
0.897069897
0.635610951
0.227567309
0.99999997
0.999999848
1.00000002
1.00000126
1.00000213
0.999999023
0.99999063
0.999983525
0.999992634
1.00003079
1.00008906
1.00012075
1.0000492
0.999813222
0.999440882
0.999110677
0.999142295
0.999878384
1.00147794
1.0037149
1.00591278
1.00710726
1.00641658
1.00347277
0.99871117
0.993426881
0.989877764
0.990700575
0.98541702
0.904398683
0.644416456
0.230146482
0.999999969
0.999999844
0.999999991
1.00000122
1.00000217
0.999999275
0.999991009
0.99998354
0.999991548
1.00002838
1.00008661
1.0001214
1.00005652
0.999828073
0.999457931
0.999117597
0.999124111
0.999826513
1.00139959
1.00363616
1.00587042
1.0071301
1.00650405
1.0035814
0.998754678
0.993266406
0.989227201
0.989337777
0.985648247
0.911739679
0.65419472
0.233199432
0.999999969
0.99999984
0.999999961
1.00000118
1.00000221
0.999999515
0.999991383
0.999983583
0.999990551
1.00002609
1.00008421
1.00012181
1.00006319
0.999841973
0.99947424
0.999124793
0.999107873
0.999778234
1.00132552
1.00356079
1.00582915
1.00715161
1.00658941
1.0036903
0.998805411
0.99313357
0.988659073
0.988048987
0.985638682
0.918960109
0.664887362
0.236742345
0.999999969
0.999999838
0.999999933
1.00000113
1.00000224
0.999999732
0.999991728
0.999983642
0.999989684
1.00002406
1.00008203
1.00012207
1.00006895
0.99985417
0.99948873
0.99913146
0.999093968
0.999735904
1.00126009
1.00349412
1.00579329
1.00717299
1.00666952
1.00379227
0.998853441
0.993015403
0.988160907
0.986853235
0.985409934
0.925928676
0.676408865
0.240791217
0.99999997
0.999999836
0.999999908
1.0000011
1.00000226
0.999999916
0.999992019
0.999983696
0.999988981
1.00002241
1.00008026
1.00012225
1.00007352
0.999863845
0.999500163
0.999136576
0.999082646
0.999702016
1.00120823
1.00344237
1.00576814
1.00719607
1.00674107
1.00387903
0.998887219
0.992897394
0.987715833
0.985763427
0.984997692
0.932520351
0.688643083
0.245364091
0.999999973
0.999999833
0.999999886
1.00000107
1.00000228
1.00000005
0.999992223
0.999983719
0.999988479
1.0000213
1.00007914
1.00012249
1.00007662
0.99987005
0.999507077
0.999138907
0.99907412
0.999679384
1.00117562
1.0034129
1.00576011
1.00722329
1.00680048
1.00394099
0.998893222
0.99276343
0.987303435
0.984784583
0.984449872
0.938621885
0.701440494
0.250484642
0.999999978
0.99999983
0.999999868
1.00000105
1.00000231
1.00000013
0.999992309
0.999983684
0.999988222
1.0000209
1.00007893
1.00012294
1.00007791
0.999871713
0.999507832
0.999137086
0.999068683
0.999671279
1.00116882
1.0034142
1.00577665
1.00725756
1.00684369
1.00396697
0.998855557
0.992595503
0.986900685
0.983911709
0.983821413
0.944142143
0.714620274
0.256187791
0.999999984
0.999999826
0.999999856
1.00000105
1.00000233
1.00000014
0.999992244
0.999983567
0.999988253
1.00002136
1.00007987
1.00012367
1.00007701
0.999867734
0.999500787
0.999129801
0.999066821
0.999681415
1.0011952
1.00345584
1.00582626
1.00730229
1.00686604
1.00394396
0.998755566
0.992373194
0.986482534
0.983123725
0.98315865
0.949040447
0.727991519
0.262523587
0.99999999
0.999999821
0.99999985
1.00000107
1.00000235
1.00000008
0.999992016
0.999983358
0.99998861
1.00002284
1.00008214
1.00012471
1.00007341
0.999856833
0.999484212
0.999115961
0.999069718
0.999714653
1.00126343
1.00354847
1.00591798
1.00736071
1.0068619
1.00385696
0.998571332
0.992072073
0.9860202
0.982357641
0.982446118
0.953411578
0.74138139
0.269432204
0.999999995
0.999999816
0.999999848
1.00000111
1.00000238
0.999999919
0.999991581
0.99998305
0.999989435
1.00002566
1.00008607
1.0001259
1.00006591
0.99983675
0.999455647
0.999094813
0.999080562
0.999779367
1.00138607
1.00370531
1.00606053
1.00743238
1.00681957
1.00368448
0.998276032
0.99166536
0.985490098
0.981593672
0.981678498
0.957273407
0.754658032
0.276858696
0.999999998
0.99999981
0.999999853
1.00000117
1.00000241
0.999999632
0.99999089
0.99998267
0.999990945
1.0000302
1.00009192
1.00012674
1.00005272
0.999804561
0.999412571
0.999066798
0.999105209
0.999887551
1.00157902
1.00394108
1.00626132
1.0075127
1.00672128
1.00339842
0.997836857
0.991121533
0.984865043
0.980810263
0.980867138
0.9606314
0.767651478
0.284758062
1
0.999999802
0.999999866
1.00000127
1.00000243
0.999999172
0.9999899
0.999982301
0.999993483
1.00003698
1.00009979
1.00012609
1.00003101
0.999756543
0.999352811
0.999034751
0.999154127
1.0000569
1.00186272
1.00427151
1.00652393
1.00758897
1.00653901
1.00296094
0.997213698
0.990404891
0.984116679
0.979985502
0.980016157
0.963505809
0.780212882
0.293058044
1.00000001
0.999999794
0.999999888
1.00000139
1.00000241
0.999998478
0.999988575
0.999982121
0.999997577
1.00004659
1.00010946
1.00012178
0.999996362
0.999687847
0.999275142
0.999005836
0.999245245
1.00031336
1.002263
1.0047116
1.00684396
1.00763498
1.00622938
1.00232081
0.996357318
0.989475113
0.983215543
0.979098044
0.979128617
0.965923163
0.792207696
0.301665136
1.00000001
0.999999784
0.999999924
1.00000155
1.00000234
0.999997474
0.999986916
0.999982468
1.00000399
1.00005964
1.00011996
1.0001099
0.9999423
0.999593021
0.999181515
0.998995272
0.999407892
1.0006934
1.00280994
1.00527063
1.00720135
1.00760272
1.00572691
1.0014094
0.995208126
0.988287936
0.982132461
0.978128432
0.978206437
0.967916188
0.80352064
0.310465458
1.00000001
0.999999774
0.99999998
1.00000175
1.00000216
0.999996068
0.999984998
0.999983924
1.00001373
1.00007642
1.00012883
1.00008392
0.999860249
0.999468047
0.999081474
0.999032064
0.999687428
1.00124463
1.00353292
1.00594209
1.0075477
1.00741062
1.00493573
1.00013687
0.993695994
0.986796922
0.980840658
0.977060814
0.977251895
0.969522116
0.81405685
0.319328045
1.00000001
0.999999764
1.00000006
1.00000198
1.00000179
0.999994173
0.999983046
0.999987402
1.00002798
1.00009638
1.00013105
1.00003382
0.999740286
0.999314082
0.99899902
0.999166745
1.00014966
1.00202297
1.00444904
1.00668574
1.00778704
1.00692797
1.00372062
0.998389545
0.991741919
0.98495681
0.979318852
0.975885054
0.976268951
0.970780817
0.823738892
0.328104811
1.00000001
0.999999756
1.00000016
1.00000222
1.00000116
0.999991734
0.999981523
0.999994211
1.00004776
1.00011706
1.00011756
0.999945791
0.999574377
0.999145633
0.998983933
0.999480406
1.00088078
1.00307922
1.00553771
1.00739689
1.00774826
1.00595686
1.00189999
0.996031614
0.989263933
0.98272981
0.977555877
0.974599384
0.975264754
0.97173347
0.832503717
0.336631581
1.00000001
0.99999975
1.00000029
1.00000244
1.00000014
0.999988788
0.99998125
1.000006
1.00007319
1.00013244
1.0000739
0.999804072
0.999364557
0.999004926
0.999126494
1.00008964
1.00197354
1.00442465
1.00669325
1.00785937
1.00715098
1.00421666
0.999246992
0.992915743
0.986189916
0.980095908
0.975557028
0.973213498
0.974251151
0.972421538
0.840299033
0.344728956
1.00000001
0.999999748
1.00000046
1.0000026
0.999998621
0.999985536
0.999983489
1.00002444
1.00010218
1.00013095
0.99998024
0.999597638
0.999138807
0.99898235
0.999569484
1.00113451
1.00348314
1.00596135
1.00764888
1.00768536
1.00557495
1.00134356
0.995508962
0.98890916
0.982480271
0.977067924
0.973351954
0.971751802
0.973246014
0.972885822
0.847078686
0.352199965
1.00000001
0.999999753
1.00000064
1.00000265
0.999996525
0.999982439
0.999989931
1.0000505
1.00012845
1.0000939
0.999815403
0.999335416
0.998976051
0.99923693
1.00050071
1.00272479
1.0053289
1.00736472
1.00787668
1.00626107
1.00245856
0.996928068
0.99046085
0.983942875
0.978162641
0.973710952
0.971003217
0.97025622
0.972274138
0.973165689
0.852800574
0.358837891
1
0.999999764
1.00000084
1.00000252
0.999993833
0.999980285
1.00000247
1.0000831
1.00013938
0.999996531
0.999568742
0.999072606
0.9990347
0.999996614
1.00209216
1.00480885
1.00712257
1.00792794
1.00650133
1.00275087
0.997175962
0.990625576
0.984010365
0.978089021
0.973377421
0.970163529
0.968613542
0.968787589
0.971367398
0.973298781
0.857444171
0.364569713
1
0.999999783
1.00000105
1.00000216
0.99999064
0.999980194
1.00002265
1.00011745
1.00011485
0.999814745
0.999263191
0.998944185
0.99956351
1.00149701
1.00433822
1.00693943
1.00794422
1.00644116
1.00233112
0.996260564
0.989265313
0.982376289
0.976363468
0.971660847
0.968425481
0.966654088
0.96632837
0.967424429
0.970564159
0.973307536
0.860821493
0.368868814
0.999999999
0.99999981
1.00000125
1.00000151
0.99998719
0.999983492
1.00005079
1.00014337
1.00002942
0.999540857
0.998987589
0.999186481
1.00085051
1.00380227
1.0067636
1.00797868
1.00619733
1.001296
0.99419602
0.986296049
0.978871606
0.972740206
0.96822683
0.96530777
0.963798221
0.963502187
0.964329422
0.966257438
0.969905605
0.973222691
0.862914651
0.371586101
0.999999996
0.999999842
1.00000141
1.00000056
0.999983874
0.99999143
1.00008496
1.00014508
0.999859935
0.999207978
0.998923932
1.0001065
1.00305271
1.00648146
1.00807452
1.00595564
0.999859101
0.991133632
0.981810741
0.973592676
0.967365049
0.963255989
0.960958462
0.960044333
0.960157046
0.961090127
0.962814232
0.965378789
0.969431669
0.973061496
0.863683375
0.372645962
0.999999994
0.999999879
1.00000153
0.999999344
0.999981187
1.00000477
1.00012028
1.00010356
0.99959938
0.998914172
0.999338418
1.0019495
1.00588851
1.00824532
1.00605004
0.998527882
0.987574772
0.976296708
0.967149453
0.96108727
0.957828742
0.956558512
0.95649414
0.957126347
0.958228404
0.95979518
0.961969213
0.964881477
0.969194359
0.972818243
0.862831668
0.371561357
0.999999993
0.999999918
1.0000016
0.999997933
0.999979622
1.00002334
1.00014917
1.00000249
0.999272677
0.998826056
1.00049893
1.00465584
1.00831582
1.00689324
0.998211474
0.984542667
0.970738063
0.960711314
0.955561096
0.954162825
0.954708987
0.955820272
0.956850141
0.95771985
0.958654295
0.959966658
0.961973987
0.96485184
0.969233833
0.97246075
0.860074543
0.367988913
0.999999992
0.999999957
1.00000161
0.999996432
0.99997954
1.00004585
1.00016305
0.999836421
0.998944058
0.999136991
1.00251224
1.00762032
1.00854025
1.00009695
0.983651416
0.966457004
0.955411764
0.952346407
0.954658159
0.958640963
0.961758818
0.963204447
0.963202821
0.962417061
0.961672757
0.961665378
0.962840865
0.965305368
0.969573862
0.971909362
0.854961683
0.361492413
0.999999992
0.999999993
1.00000156
0.999994961
0.999981042
1.00006999
1.0001554
0.999617624
0.998703053
0.99997193
1.00515477
1.00972434
1.00478144
0.987193419
0.965255887
0.95148666
0.950938639
0.959098419
0.968817909
0.97565393
0.978374896
0.977543423
0.97428291
0.9701517
0.966571244
0.964506864
0.964407528
0.966200402
0.970212778
0.971003668
0.846833639
0.351579983
0.999999992
1.00000003
1.00000148
0.999993626
0.999983899
1.00009302
1.00012519
0.999376431
0.998624
1.00127371
1.00785496
1.00990886
0.996790957
0.970929549
0.94966885
0.947821756
0.962343678
0.979606124
0.991291354
0.996537227
0.996584675
0.992359457
0.985540859
0.978091265
0.971772906
0.967726
0.966364961
0.967452188
0.971178246
0.969415846
0.834533537
0.337528884
0.999999993
1.00000005
1.00000137
0.999992504
0.999987573
1.00011256
1.00007896
0.999152992
0.99871385
1.00274673
1.0099473
1.00815433
0.987109647
0.956919936
0.942482127
0.955631979
0.981160048
0.998673437
1.0053642
1.0068285
1.00475757
0.999831251
0.992216318
0.983449669
0.975708678
0.970506127
0.968369455
0.968954825
0.972251017
0.966503528
0.816159865
0.3179994
0.999999993
1.00000007
1.00000126
0.999991632
0.9999913
1.00012715
1.00003064
0.998984763
0.998883247
1.00391892
1.01106562
1.00605066
0.98049536
0.950086924
0.941990887
0.962676272
0.989647294
1.00240755
1.00464526
1.00532405
1.0046482
1.00010686
0.992894716
0.98455167
0.977202052
0.972271374
0.970138181
0.970681317
0.974178261
0.960559154
0.787705225
0.293458986
0.999999994
1.00000009
1.00000116
0.999991036
0.999994139
1.00013603
0.999999162
0.998900566
0.998975686
1.00428966
1.0112454
1.00597849
0.981337607
0.952026277
0.941763022
0.956452418
0.979913685
0.995047272
0.999909369
1.00073158
0.999326117
0.995344328
0.989537313
0.983046302
0.977290355
0.973258575
0.971796299
0.974224248
0.977971964
0.945341907
0.740737729
0.262590679
0.999999994
1.0000001
1.00000111
0.999990747
0.999995076
1.00013805
1.00000536
0.998932146
0.998856796
1.00342907
1.01043755
1.00914583
0.991229236
0.963235148
0.942848122
0.941985674
0.956726754
0.973855838
0.983564062
0.98494471
0.982655673
0.98037387
0.976771651
0.973355626
0.971091312
0.971454458
0.975752668
0.982639938
0.977157836
0.905612993
0.665215311
0.223130911
0.999999994
1.0000001
1.00000111
0.999990963
0.999992745
1.00012765
1.00007618
0.999156941
0.998494718
1.00129106
1.00796009
1.01236084
1.00607729
0.986827474
0.961481828
0.940916544
0.932626649
0.937507255
0.951501162
0.968832406
0.984283127
0.994611215
1.00050984
1.00271513
1.00609622
1.00883673
1.00770234
0.992472322
0.939183563
0.804756448
0.543361149
0.171640284
0.999999994
1.00000009
1.00000118
0.999992522
0.999983985
1.00009529
1.00017979
0.999581552
0.99846692
0.998910708
1.00299905
1.00972194
1.01462863
1.01273203
1.00160545
0.982180631
0.957438941
0.930640711
0.904276451
0.879869689
0.858220215
0.839689962
0.824214077
0.81032383
0.793221412
0.771384678
0.740283926
0.692094012
0.614277597
0.491095052
0.312365548
0.0966256093
0.999999994
1.00000004
1.00000129
0.999995965
0.999976635
1.00003784
1.00020947
1.0000726
0.999185601
0.998077267
0.998271752
1.00112594
1.00677321
1.01408698
1.02139372
1.02719381
1.03047258
1.03063255
1.02725643
1.01985827
1.00767505
0.989489128
0.963461718
0.926977252
0.876543866
0.807916595
0.716839351
0.600502985
0.460298406
0.305639678
0.156830493
0.037902484
0.999999996
0.999999966
1.00000107
1.00000037
0.999979856
0.999979157
1.00010717
1.00028725
1.00015635
0.999409013
0.998154547
0.996891791
0.996220253
0.996591239
0.998236724
1.00123069
1.00558683
1.01133153
1.01853347
1.02728827
1.03764977
1.04947848
1.06214838
1.07401913
1.08155621
1.07802069
1.05186317
0.985576491
0.857060507
0.647632283
0.363246299
0.073173286
0.999999999
0.999999934
1.00000041
1.0000029
0.999994252
0.999964174
0.999970141
1.00009448
1.00031988
1.00051053
1.00050665
1.00021151
0.999611793
0.998752533
0.997706165
0.996556587
0.995402228
0.994375872
0.993680232
0.993641056
0.994778644
0.997887329
1.00407894
1.01467093
1.03065373
1.05124654
1.07082338
1.07357259
1.0267871
0.8782409
0.574193133
0.137697644
1
0.99999997
0.999999825
1.00000164
1.00000491
0.999994176
0.999959381
0.999923349
0.999926555
0.999995116
1.00012905
1.0003097
1.00051084
1.0007048
1.00086302
1.00095323
1.0009354
1.00075855
1.00036202
0.999689114
0.998729278
0.997619042
0.996843191
0.997561895
1.00198197
1.01334756
1.03441231
1.06204336
1.07486214
1.01392985
0.770898649
0.251167265
1
1.00000001
0.999999869
0.999999539
1.00000167
1.00000761
1.00001108
1.00000325
0.999980742
0.999946669
0.999907318
0.999869401
0.999839064
0.999822095
0.999824452
0.999852521
0.999912503
1.00000784
1.00013279
1.00025939
1.00031566
1.00016144
0.999596652
0.998501408
0.997300527
0.997928974
1.00498485
1.0249495
1.05749536
1.0691043
0.942765861
0.446253452
1
0.999999999
1.00000005
0.999999984
0.999999164
0.999998145
0.999998759
1.00000219
1.00000816
1.00001549
1.00002284
1.00002903
1.00003297
1.00003364
1.00002994
1.00002075
1.00000524
0.999983887
0.999960638
0.999946804
0.999965368
1.00004769
1.00020126
1.00032176
1.00008902
0.999125714
0.998029247
1.00054213
1.01467006
1.04431035
1.04582432
0.770400666
)
;

boundaryField
{
    inner_wall
    {
        type            zeroGradient;
    }
    outer_wall
    {
        type            fixedValue;
        value           uniform 0;
    }
    top
    {
        type            fixedValue;
        value           uniform 1;
    }
    bottom
    {
        type            inletOutlet;
        inletValue      uniform 0;
        value           nonuniform List<scalar> 
32
(
0
0
0
0
0
0
0
0
0
0
0.121452708
0.0756752383
0.011954739
-0.0393620594
-0.0201520004
0.137126991
0.431227889
0.746814696
0.959905668
1.03563262
1.0286035
1.00650656
0.997445603
0.9980064
1.00037721
1.00298508
1.00741006
1.01185683
1.01019562
0.987113879
0.843362558
0.356482512
)
;
    }
    front
    {
        type            wedge;
    }
    back
    {
        type            wedge;
    }
}


// ************************************************************************* //
