/*--------------------------------*- C++ -*----------------------------------*\
| =========                 |                                                 |
| \\      /  F ield         | OpenFOAM: The Open Source CFD Toolbox           |
|  \\    /   O peration     | Version:  2506                                  |
|   \\  /    A nd           | Website:  www.openfoam.com                      |
|    \\/     M anipulation  |                                                 |
\*---------------------------------------------------------------------------*/
FoamFile
{
    version     2.0;
    format      ascii;
    arch        "LSB;label=32;scalar=64";
    class       volScalarField;
    location    "158";
    object      p;
}
// * * * * * * * * * * * * * * * * * * * * * * * * * * * * * * * * * * * * * //

dimensions      [0 2 -2 0 0 0 0];

internalField   nonuniform List<scalar> 
3072
(
-0.000123967131
-9.41515036e-05
-9.04856806e-05
-8.44511891e-05
-7.46945454e-05
-6.29698206e-05
-5.1020773e-05
-3.99856203e-05
-2.77742635e-05
-1.40153884e-05
-7.56288911e-06
-7.76019876e-06
-7.62205726e-06
-6.31047957e-06
-4.47205793e-06
-2.49542218e-06
-5.35744344e-07
1.32377418e-06
3.02535535e-06
4.52417291e-06
5.80685244e-06
7.01602433e-06
8.04228457e-06
8.74648823e-06
9.27237355e-06
9.66434049e-06
9.94256345e-06
1.01314717e-05
1.02633789e-05
1.03857587e-05
1.05658929e-05
1.08151529e-05
-0.000264310278
-0.000186451976
-0.000160138536
-0.000141512604
-0.000123474716
-0.000104850582
-8.64209785e-05
-6.86356982e-05
-5.08429639e-05
-3.39335901e-05
-2.18125245e-05
-1.44699827e-05
-8.57003367e-06
-3.299924e-06
1.33038566e-06
5.32475856e-06
8.74333247e-06
1.16448623e-05
1.40880589e-05
1.61498061e-05
1.77775355e-05
1.92002985e-05
2.04184531e-05
2.12384474e-05
2.18514019e-05
2.23315573e-05
2.27115985e-05
2.30231513e-05
2.33042842e-05
2.36021277e-05
2.39473503e-05
2.42410498e-05
-0.000326423561
-0.000221780957
-0.000176574076
-0.000146112727
-0.000121669289
-0.000100771595
-8.23234755e-05
-6.56795063e-05
-5.03712103e-05
-3.65145183e-05
-2.47566994e-05
-1.50289069e-05
-6.70543081e-06
5.33382724e-07
6.82429337e-06
1.2263449e-05
1.69345878e-05
2.09092928e-05
2.42732107e-05
2.7200565e-05
2.95866428e-05
3.14880748e-05
3.30811467e-05
3.43169014e-05
3.52851714e-05
3.60471835e-05
3.66468985e-05
3.71230061e-05
3.75126174e-05
3.78541088e-05
3.8178022e-05
3.84491892e-05
-0.000386213042
-0.000266915275
-0.000210788425
-0.000168760899
-0.00013576297
-0.000109664135
-8.78521601e-05
-6.89315476e-05
-5.21829175e-05
-3.72966989e-05
-2.4197078e-05
-1.27466848e-05
-2.7275395e-06
6.04070271e-06
1.3690089e-05
2.03248383e-05
2.60363797e-05
3.09109878e-05
3.50378657e-05
3.85008866e-05
4.1402248e-05
4.37573198e-05
4.56285443e-05
4.71510203e-05
4.83629585e-05
4.93170059e-05
5.00673728e-05
5.0662277e-05
5.11447901e-05
5.15569022e-05
5.19302295e-05
5.22253092e-05
-0.000442025779
-0.000315681267
-0.000246466383
-0.000194678953
-0.00015429129
-0.000122039602
-9.54368151e-05
-7.29136339e-05
-5.34569255e-05
-3.64586949e-05
-2.15555456e-05
-8.48062026e-06
2.98938895e-06
1.30324655e-05
2.17903082e-05
2.93830236e-05
3.59218336e-05
4.15133491e-05
4.62353938e-05
5.00707511e-05
5.32996718e-05
5.60634955e-05
5.82579557e-05
6.00107608e-05
6.14106534e-05
6.25242627e-05
6.34104402e-05
6.41220493e-05
6.47074228e-05
6.52150455e-05
6.56821272e-05
6.60573331e-05
-0.000490655742
-0.000359350486
-0.000280091718
-0.000220370819
-0.000173455551
-0.000135074975
-0.000103461853
-7.69819096e-05
-5.44130487e-05
-3.49375855e-05
-1.80139461e-05
-3.257326e-06
9.62032532e-06
2.08406869e-05
3.0581095e-05
3.89916083e-05
4.62062797e-05
5.23487167e-05
5.75292658e-05
6.18422683e-05
6.54205669e-05
6.83735898e-05
7.07720205e-05
7.2705599e-05
7.42586578e-05
7.55057883e-05
7.65132396e-05
7.73397629e-05
7.8039895e-05
7.86708821e-05
7.92764703e-05
7.97776688e-05
-0.000531925644
-0.000396359913
-0.000311284611
-0.000245353109
-0.000191929116
-0.000147979128
-0.00011162136
-8.11856836e-05
-5.53782972e-05
-3.32741903e-05
-1.42176613e-05
2.27290696e-06
1.65600138e-05
2.89245931e-05
3.95926869e-05
4.87540849e-05
5.65745532e-05
6.32033781e-05
6.87776227e-05
7.34251163e-05
7.72689604e-05
8.04237688e-05
8.29929702e-05
8.50734283e-05
8.67548229e-05
8.81187889e-05
8.92383063e-05
9.01779419e-05
9.09985271e-05
9.17666687e-05
9.25328085e-05
9.31834289e-05
-0.00056613303
-0.000427474314
-0.00033840682
-0.000267796735
-0.000209055462
-0.000160191498
-0.000119500764
-8.53394438e-05
-5.63984835e-05
-3.17026059e-05
-1.05252693e-05
7.68770364e-06
2.33650287e-05
3.68456525e-05
4.84055815e-05
5.82767397e-05
6.66600885e-05
7.37341564e-05
7.96607054e-05
8.45882651e-05
8.86543757e-05
9.19859628e-05
9.46995782e-05
9.69022879e-05
9.8692004e-05
0.000100157412
0.000101377587
0.000102422391
0.00010335848
0.000104261307
0.000105187358
0.000105987552
-0.000594147521
-0.000453436002
-0.000361224709
-0.000286858177
-0.000223988589
-0.00017107994
-0.000126662526
-8.91948499e-05
-5.74012821e-05
-3.02976516e-05
-7.12080649e-06
1.27311474e-05
2.9737526e-05
4.42860659e-05
5.66972791e-05
6.72423379e-05
7.61559837e-05
8.36454169e-05
8.98964097e-05
9.50773379e-05
9.93418235e-05
0.000102830184
0.000105670452
0.000107979255
0.000109862414
0.000111415231
0.000112722304
0.000113858183
0.00011489454
0.000115914359
0.000116979126
0.000117908848
-0.000616490647
-0.000474437482
-0.000379940299
-0.000302669234
-0.000236575094
-0.00018040573
-0.00013288934
-9.25996584e-05
-5.83166827e-05
-2.90715811e-05
-4.08809267e-06
1.72635609e-05
3.54979089e-05
5.10403128e-05
6.42477225e-05
7.54249575e-05
8.48365944e-05
9.2715764e-05
9.92702666e-05
0.000104686972
0.000109134772
0.000112766676
0.000115721252
0.000118123818
0.000120087335
0.000121712999
0.000123090229
0.000124297556
0.0001254107
0.000126518364
0.000127685806
0.000128710645
-0.000633726615
-0.000490848525
-0.000394799342
-0.000315366582
-0.000246804123
-0.000188073409
-0.000138060322
-9.54449407e-05
-5.90691377e-05
-2.79912106e-05
-1.43699844e-06
2.12364127e-05
4.05660811e-05
5.70042598e-05
7.09358923e-05
8.26927283e-05
9.25640933e-05
0.000100805064
0.000107642462
0.000113279293
0.000117897965
0.000121662679
0.000124721235
0.000127206483
0.000129237523
0.000130920526
0.000132348913
0.000133604446
0.000134765859
0.000135925579
0.000137151377
0.000138229116
-0.000646482858
-0.00050316409
-0.000406150289
-0.000325165851
-0.000254771401
-0.000194090943
-0.00014213145
-9.76638886e-05
-5.95903002e-05
-2.69999641e-05
8.70261467e-07
2.46665895e-05
4.49388493e-05
6.21571685e-05
7.67266725e-05
8.89994445e-05
9.92841504e-05
0.000107853399
0.000114949475
0.000120788652
0.000125564537
0.000129450619
0.000132602322
0.000135158673
0.000137243745
0.000138967668
0.000140427008
0.000141706011
0.000142885429
0.000144059462
0.000145297239
0.000146383941
-0.000655395391
-0.000511913722
-0.000414398599
-0.000332350093
-0.000260647872
-0.000198537706
-0.000145115148
-9.92258578e-05
-5.9824651e-05
-2.60321894e-05
2.89970329e-06
2.76146384e-05
4.86681957e-05
6.65413881e-05
8.16528953e-05
9.43692887e-05
0.00010501345
0.000113871216
0.000121196693
0.000127216422
0.000132132707
0.000136126266
0.00013935842
0.00014197294
0.00014409765
0.000145845624
0.000147315727
0.000148593995
0.000149762309
0.000150914907
0.000152121294
0.000153176189
-0.000661079325
-0.000517623481
-0.000419969757
-0.000337236939
-0.00026464838
-0.000201539289
-0.000147065192
-0.000100129948
-5.97330865e-05
-2.50241068e-05
4.72940879e-06
3.01653526e-05
5.18403875e-05
7.02412914e-05
8.57950742e-05
9.88779303e-05
0.000109822506
0.000118923982
0.000126444912
0.000132619254
0.000137655592
0.000141739864
0.000145037605
0.000147695935
0.00014984527
0.000151600667
0.000153062526
0.00015431806
0.00015544954
0.000156549826
0.00015768803
0.000158676885
-0.000664111608
-0.000520794663
-0.000423285246
-0.000340155561
-0.000267011235
-0.000203250959
-0.000148065287
-0.000100401458
-5.92957289e-05
-2.39223942e-05
6.43635009e-06
3.24112624e-05
5.45573916e-05
7.33636547e-05
8.92615822e-05
0.000102633109
0.00011381706
0.000123114647
0.000130793984
0.000137093909
0.00014222715
0.00014638304
0.000149729821
0.000152416704
0.000154575664
0.000156322904
0.0001577597
0.000158973937
0.000160047699
0.000161071425
0.000162113282
0.000163010277
-0.000665021496
-0.000521896216
-0.000424752515
-0.000341432536
-0.000267983095
-0.00020384465
-0.00014822016
-0.000100087579
-5.8512298e-05
-2.26889884e-05
8.08748302e-06
3.4440631e-05
5.69224719e-05
7.60217576e-05
9.21718414e-05
0.000105757529
0.000117121036
0.00012656698
0.00013436668
0.000140761766
0.000145967317
0.000150174529
0.000153553079
0.000156253208
0.0001584076
0.000160132908
0.000161530761
0.000162689314
0.000163690056
0.000164620329
0.00016554701
0.000166335288
-0.000664284107
-0.00052135345
-0.000424746432
-0.000341376281
-0.000267805946
-0.000203497507
-0.000147646632
-9.92512736e-05
-5.73995708e-05
-2.13022658e-05
9.73531065e-06
3.6330136e-05
5.9030605e-05
7.8324021e-05
9.4643743e-05
0.000108375462
0.000119862714
0.00012941157
0.000137294722
0.000143754986
0.000149008363
0.00015324672
0.000156640151
0.000159339107
0.000161476302
0.00016316832
0.000164516737
0.000165609687
0.000166527801
0.00016735498
0.000168156634
0.000168827859
-0.000662312371
-0.000519541621
-0.000423608058
-0.000340272475
-0.000266709216
-0.000202383741
-0.000146466249
-9.79658169e-05
-5.59881337e-05
-1.9756219e-05
1.14163734e-05
3.81411394e-05
6.09628431e-05
8.03667517e-05
9.67851432e-05
0.000110603288
0.000122164601
0.00013177522
0.000139707889
0.000146205425
0.000151483713
0.000155734398
0.000159127247
0.000161812312
0.000163921857
0.000165572019
0.000166864041
0.00016788583
0.000168717027
0.000169438011
0.000170112686
0.000170665912
-0.000659463083
-0.000516783392
-0.000421640324
-0.000338378448
-0.000264903699
-0.000200668469
-0.000144799574
-9.63099713e-05
-5.43187847e-05
-1.80583238e-05
1.31518116e-05
3.99186793e-05
6.27838246e-05
8.22303334e-05
9.86889356e-05
0.000112543639
0.000124136832
0.000133773763
0.000141726358
0.000148236624
0.000153519623
0.000157766169
0.000161145203
0.000163805968
0.000165879961
0.00016748263
0.000168714706
0.000169663739
0.000170408335
0.000171025484
0.000171577642
0.000172017829
-0.000656031595
-0.000513345854
-0.000419107448
-0.000335922101
-0.000262578348
-0.000198503146
-0.000142761268
-9.43631551e-05
-5.24383774e-05
-1.62261533e-05
1.49497326e-05
4.16928543e-05
6.45419049e-05
8.39782948e-05
0.000100431245
0.000114282847
0.000125873868
0.000135508125
0.000143456215
0.000149958841
0.000155229818
0.000159458757
0.000162813475
0.000165442169
0.000167475386
0.000169027754
0.000170199391
0.00017107742
0.00017173944
0.00017225932
0.000172698196
0.00017303461
-0.000652250006
-0.000509469327
-0.000416223505
-0.00033309804
-0.000259900476
-0.000196023732
-0.000140456277
-9.22010044e-05
-5.03953413e-05
-1.42830317e-05
1.68097161e-05
4.34832183e-05
6.62710177e-05
8.56568764e-05
0.000102071029
0.000115890539
0.000127453705
0.00013706299
0.000144987591
0.000151466713
0.000156712715
0.000160913842
0.000164236644
0.000166828171
0.000168817947
0.000170319732
0.000171432993
0.000172244395
0.000172830598
0.000173262708
0.000173600711
0.000173845406
-0.000648310549
-0.000505544433
-0.000413024314
-0.000330016729
-0.000257005609
-0.000193345922
-0.000137974863
-8.98905047e-05
-4.82345934e-05
-1.22523617e-05
1.87298171e-05
4.53078253e-05
6.7994661e-05
8.72925684e-05
0.000103648859
0.000117418743
0.000128937
0.000138505892
0.000146393643
0.000152838049
0.000158050024
0.000162216453
0.000165502624
0.000168054443
0.000170000423
0.00017145347
0.000172512406
0.000173263445
0.000173782397
0.000174137998
0.000174389263
0.000174555764
-0.000644359257
-0.000501786124
-0.000409595182
-0.000326788481
-0.000254004034
-0.000190565233
-0.000135395342
-8.74937898e-05
-4.60039639e-05
-1.01715587e-05
2.06749555e-05
4.71287254e-05
6.97223583e-05
8.89473408e-05
0.000105225927
0.000118923439
0.000130379815
0.000139895347
0.000147735832
0.000154137224
0.000159308874
0.000163436247
0.00016668334
0.000169194922
0.00017109853
0.000172506232
0.000173516229
0.000174214298
0.000174675514
0.000174966614
0.00017514575
0.00017524804
-0.000640496426
-0.000498120439
-0.000406182584
-0.0003235354
-0.000250977212
-0.000187754062
-0.000132779744
-8.50590702e-05
-4.37373223e-05
-8.0647912e-06
2.26380719e-05
4.89659732e-05
7.14748872e-05
9.06223199e-05
0.000106806133
0.000120422496
0.000131810723
0.000141267322
0.000149055743
0.000155410331
0.00016053902
0.00016462596
0.000167834001
0.000170306864
0.000172171055
0.000173538021
0.000174505417
0.000175158511
0.000175571791
0.000175810412
0.000175931571
0.000175982684
-0.000636798982
-0.000494584748
-0.000402826808
-0.000320371129
-0.000247994472
-0.000184959386
-0.000130166591
-8.26132572e-05
-4.14416073e-05
-5.94930523e-06
2.46299843e-05
5.08466076e-05
7.32416366e-05
9.22814903e-05
0.000108380486
0.000121924121
0.000133247417
0.000142646041
0.000150382744
0.000156690864
0.000161777248
0.000165825055
0.000168996374
0.000171434004
0.000173261265
0.000174591864
0.000175523922
0.000176140383
0.000176515356
0.000176713076
0.000176789792
0.000176800784
-0.000633315465
-0.000491226401
-0.000399595315
-0.000317332264
-0.000245110776
-0.000182230529
-0.000127597091
-8.02023276e-05
-3.91862574e-05
-3.79709313e-06
2.66454458e-05
5.27495773e-05
7.50339053e-05
9.39657588e-05
0.000109982366
0.000123454891
0.000134714411
0.00014405618
0.000151742385
0.000158005448
0.000163051251
0.000167062009
0.000170198794
0.000172603731
0.000174401923
0.000175703639
0.000176605599
0.00017719237
0.000177537568
0.000177704396
0.000177748814
0.000177732094
-0.000630067982
-0.000488069713
-0.000396542629
-0.000314419402
-0.00024233046
-0.00017958612
-0.000125091227
-7.78330157e-05
-3.69478814e-05
-1.67707621e-06
2.8656677e-05
5.46616644e-05
7.68374929e-05
9.56692859e-05
0.000111611875
0.000125019666
0.000136220393
0.000145509465
0.000153148834
0.000159370246
0.000164378838
0.000168356115
0.000171462469
0.000173839445
0.00017561176
0.000176889098
0.000177767788
0.00017833222
0.00017865566
0.00017880067
0.000178822934
0.000178787576
-0.00062705971
-0.000485122018
-0.000393674887
-0.00031165482
-0.000239674189
-0.000177043809
-0.000122665399
-7.55224659e-05
-3.47486829e-05
4.17605466e-07
3.06591947e-05
5.65750922e-05
7.86534603e-05
9.73993347e-05
0.000113276504
0.000126625928
0.000137773375
0.000147014621
0.000154611511
0.000160795292
0.00016577054
0.000169718216
0.000172798208
0.000175151592
0.000176902657
0.000178160734
0.000179021852
0.000179570148
0.000179878637
0.000180009486
0.000180018168
0.000179971833
-0.000624280674
-0.000482378742
-0.000390988286
-0.000309043423
-0.000237147786
-0.00017460914
-0.000120325836
-7.32784487e-05
-3.25986775e-05
2.47654008e-06
3.26333805e-05
5.84776227e-05
8.04890931e-05
9.91674161e-05
0.000114983519
0.000128278367
0.000139377316
0.000148575585
0.000156134528
0.000162284936
0.000167230927
0.000171153021
0.000174210689
0.000176544629
0.000178278791
0.000179522212
0.000180370671
0.000180908097
0.000181207317
0.000181330286
0.000181332331
0.000181281175
-0.000621711692
-0.000479825973
-0.00038847216
-0.000306579111
-0.000234747305
-0.000172279724
-0.00011807152
-7.1101078e-05
-3.04987429e-05
4.49865152e-06
3.45779898e-05
6.03553688e-05
8.2333195e-05
0.000100977112
0.000116735341
0.000129977256
0.000141031699
0.000150191721
0.00015771732
0.000163838708
0.000168759591
0.000172660103
0.000175699358
0.000178017741
0.000179738929
0.000180971721
0.000181811689
0.00018234259
0.000182637116
0.000182757143
0.000182757913
0.000182706641
-0.000619328093
-0.000477443757
-0.000386110354
-0.00030424939
-0.000232462673
-0.000170047119
-0.00011589472
-6.89819486e-05
-2.8437055e-05
6.5048441e-06
3.65270918e-05
6.22290272e-05
8.41643118e-05
0.000102791092
0.000118507181
0.000131707323
0.000142725881
0.000151854855
0.000159353268
0.000165450977
0.000170351471
0.000174234657
0.000177259424
0.000179565948
0.00018127772
0.000182503368
0.000183338312
0.000183866171
0.00018415955
0.000184280354
0.000184283777
0.00018423578
-0.000617102921
-0.000475209228
-0.000383883849
-0.000302038782
-0.000230281557
-0.000167901831
-0.000113788493
-6.691644e-05
-2.64115426e-05
8.49346338e-06
3.84764469e-05
6.41159251e-05
8.59986051e-05
0.000104600442
0.000120289108
0.000133461074
0.000144453422
0.000153558804
0.000161036253
0.000167115604
0.000172000316
0.000175870224
0.000178884126
0.000181182094
0.00018288751
0.000184108901
0.00018494158
0.000185469066
0.000185763916
0.000185888135
0.000185896903
0.000185854446
-0.000615008929
-0.00047309856
-0.000381772459
-0.00029993038
-0.000228190584
-0.000165834115
-0.000111747011
-6.49034023e-05
-2.44280823e-05
1.04470287e-05
4.03986794e-05
6.6007917e-05
8.78587738e-05
0.000106428519
0.0001220914
0.000135241462
0.000146213736
0.000155300806
0.000162761969
0.000168827166
0.000173699853
0.000177559836
0.000180565872
0.000182857982
0.000184559494
0.000185778869
0.00018661135
0.000187140381
0.000187438499
0.000187567856
0.000187583639
0.000187548072
-0.000613019649
-0.00047108809
-0.000379755731
-0.000297906322
-0.000226174873
-0.000163831937
-0.000109760784
-6.29355605e-05
-2.24809022e-05
1.23712633e-05
4.22997965e-05
6.79003424e-05
8.97386433e-05
0.000108273462
0.000123907429
0.000137041815
0.000148000541
0.000157074511
0.000164523733
0.000170578552
0.000175442519
0.000179295465
0.000182296158
0.000184584617
0.000186284155
0.000187503205
0.000188336968
0.000188868836
0.000189171349
0.000189306831
0.000189330484
0.000189302435
-0.000611110372
-0.000469155394
-0.000377814104
-0.000295949041
-0.000224219543
-0.000161882958
-0.000107819746
-6.10048439e-05
-2.05631826e-05
1.42732114e-05
4.41860628e-05
6.97849146e-05
9.16201859e-05
0.000110129532
0.00012573971
0.000138862561
0.000149811404
0.000158875744
0.000166316213
0.000172363516
0.000177221298
0.000181069427
0.000184066702
0.000186353164
0.000188052129
0.000189272022
0.00019010802
0.000190643479
0.000190950957
0.000191092957
0.000191124702
0.000191104242
-0.000609258859
-0.000467280032
-0.000375929682
-0.000294041988
-0.000222310442
-0.000159975206
-0.000105913732
-5.91025201e-05
-1.86667804e-05
1.61619452e-05
4.60664866e-05
7.1658557e-05
9.3485895e-05
0.00011198644
0.000127588455
0.000140702263
0.000151642658
0.000160699563
0.000168133636
0.000174175592
0.000179029112
0.000182874103
0.000185869399
0.00018815506
0.000189854415
0.000191075891
0.000191914651
0.000192454028
0.000192766605
0.000192915061
0.000192954631
0.000192941399
-0.000607445871
-0.000465444102
-0.000374086861
-0.000292170261
-0.000220435023
-0.000158098255
-0.000104034237
-5.72220122e-05
-1.6787314e-05
1.80389167e-05
4.79400537e-05
7.35277728e-05
9.53483824e-05
0.00011384488
0.000129444567
0.000142552776
0.000153487489
0.000162539491
0.00016996942
0.000176007971
0.000180858878
0.000184702109
0.000187696546
0.000189982282
0.00019168267
0.000192906148
0.000193747875
0.000194291171
0.00019460865
0.000194763156
0.000194809922
0.000194803233
-0.000605655405
-0.000463632504
-0.00037227262
-0.000290320747
-0.000218582499
-0.000156243094
-0.000102173802
-5.53574504e-05
-1.492057e-05
1.99064905e-05
4.98075449e-05
7.5393831e-05
9.72097214e-05
0.000115704241
0.000131304383
0.00014440983
0.000155341397
0.00016439064
0.000171818244
0.00017785493
0.000182704507
0.000186547018
0.000189541401
0.000191827794
0.000193529578
0.000194755208
0.000195599849
0.000196146816
0.000196468757
0.000196628661
0.000196681734
0.000196680665
-0.000603874724
-0.000461833089
-0.000370476694
-0.000288482122
-0.000216744198
-0.000154402317
-0.000100326232
-5.35039767e-05
-1.30630256e-05
2.17668423e-05
5.16697713e-05
7.7256529e-05
9.90700507e-05
0.000117564571
0.000133166566
0.000146271
0.000157201171
0.000166249194
0.000173675795
0.000179711736
0.000184560907
0.000188403423
0.00019139828
0.000193685659
0.000195388974
0.000196616699
0.000197464007
0.000198014215
0.000198340006
0.000198504488
0.000198562812
0.000198566283
-0.0006020942
-0.000460036824
-0.000368691131
-0.000286644851
-0.000214913738
-0.000152569956
-9.8486476e-05
-5.16576363e-05
-1.1211741e-05
2.36219818e-05
5.35278991e-05
7.91163478e-05
0.000100929279
0.0001194251
0.000135029664
0.000148134248
0.000159064226
0.000168112101
0.000175538624
0.0001815746
0.00018642399
0.000190266977
0.000193262608
0.000195551104
0.000197255906
0.000198485513
0.000199335104
0.000199888002
0.000200216923
0.000200385069
0.000200447496
0.000200454345
-0.000600306918
-0.000458237821
-0.000366905867
-0.000284805243
-0.00021308702
-0.00015074106
-9.66505265e-05
-4.9815365e-05
-9.3644165e-06
2.54735263e-05
5.53829352e-05
8.09737807e-05
0.000102787343
0.000121285147
0.000136892536
0.00014999807
0.000160928671
0.000169977112
0.000177404171
0.00018344069
0.00018829069
0.000192134409
0.000195130937
0.000197420527
0.000199126649
0.000200357816
0.00020120922
0.000201764188
0.000202095464
0.000202266296
0.000202331611
0.000202340765
-0.000598507929
-0.000456431586
-0.000365098092
-0.000282978996
-0.00021126203
-0.000148912146
-9.48157254e-05
-4.79750502e-05
-7.51938916e-06
2.732268e-05
5.72356595e-05
8.28292428e-05
0.000104644223
0.000123144257
0.000138754447
0.000151861493
0.000162793264
0.000171842734
0.000179270715
0.000185308086
0.000190158913
0.000194003476
0.000197000899
0.00019929146
0.000200998649
0.000202230991
0.000203083689
0.000203640083
0.000203972927
0.000204145405
0.000204212177
0.000204223448
-0.000596696302
-0.000454616807
-0.000363280213
-0.000281153645
-0.000209434599
-0.000147080936
-9.29800499e-05
-4.61349991e-05
-5.67533484e-06
2.91704034e-05
5.90867102e-05
8.46830993e-05
0.000106499968
0.000125002258
0.000140615129
0.0001537241
0.000164657414
0.000173708207
0.000181137346
0.000187175743
0.000192027497
0.000195872918
0.000198871152
0.000201162497
0.000202870453
0.000204103557
0.000204957016
0.000205514178
0.000205847804
0.000206021036
0.000206088356
0.000206100575
-0.000594872443
-0.000452793091
-0.000361454842
-0.000279328106
-0.000207604318
-0.000145247087
-9.1142941e-05
-4.42946357e-05
-3.83174606e-06
3.10170815e-05
6.09362927e-05
8.65352568e-05
0.000108354269
0.000126859218
0.000142474991
0.000155586126
0.00016652116
0.000175573443
0.000183003881
0.000189043398
0.000193896114
0.000197742355
0.000200741281
0.000203033197
0.000204741611
0.000205975064
0.000206828767
0.000207386068
0.000207719726
0.000207892901
0.000207960163
0.000207972051
-0.000593038164
-0.000450962248
-0.000359621551
-0.000277503487
-0.000205772119
-0.000143411401
-8.93051174e-05
-4.24545145e-05
-1.98904653e-06
3.28623707e-05
6.27839969e-05
8.83847819e-05
0.000110205357
0.000128715049
0.000144335886
0.000157448972
0.000168385387
0.000177439088
0.000184870858
0.000190911531
0.000195765209
0.000199612219
0.000202611716
0.000204904003
0.000206612589
0.000207846012
0.000208699485
0.000209256349
0.000209589358
0.000209761728
0.000209828274
0.000209838755
-0.000591196334
-0.000449127067
-0.000357773025
-0.000275689053
-0.000203941392
-0.000141575953
-8.74682948e-05
-4.0615864e-05
-1.4793471e-07
3.47061957e-05
6.46305969e-05
9.02332369e-05
0.000112053065
0.000130568193
0.000146197339
0.000159312816
0.000170250537
0.000179305748
0.000186739024
0.000192781006
0.000197635746
0.000201483554
0.000204483574
0.000206776101
0.000208484635
0.000209717716
0.000210570554
0.00021112649
0.000211458265
0.000211629113
0.000211694025
0.000211702685
-0.000589352259
-0.00044729214
-0.00035592274
-0.000273877704
-0.000202114947
-0.000139743684
-8.56346195e-05
-3.87802006e-05
1.69071338e-06
3.65484624e-05
6.64770906e-05
9.20832179e-05
0.000113900815
0.000132418539
0.000148056458
0.000161176167
0.000172116396
0.0001811739
0.000188609274
0.00019465302
0.000199509146
0.000203357956
0.000206358591
0.000208651341
0.000210359707
0.000211592228
0.000212444121
0.000212998732
0.000213328787
0.000213497471
0.000213559874
0.000213566484
-0.000587512502
-0.000445462883
-0.0003540825
-0.000272068675
-0.000200295814
-0.000137918459
-8.38071882e-05
-3.69499935e-05
3.5248431e-06
3.83872809e-05
6.83212457e-05
9.39321136e-05
0.000115749662
0.000134269898
0.000149915598
0.000163040753
0.000173984722
0.000183045427
0.000190483607
0.000196529686
0.000201387641
0.000205237771
0.000208239222
0.000210532284
0.000212240461
0.000213472304
0.000214323039
0.000214876026
0.000215203977
0.000215370013
0.000215429301
0.000215433264
-0.0005856845
-0.000443645886
-0.000352258521
-0.000270268483
-0.000198488345
-0.000136104537
-8.19896092e-05
-3.5128139e-05
5.35212233e-06
4.02206899e-05
7.01611398e-05
9.57778134e-05
0.000117598517
0.000136124192
0.000151778235
0.000164909446
0.000175858033
0.000184922812
0.000192364578
0.000198413662
0.000203274001
0.00020712589
0.000210128475
0.000212422054
0.00021413014
0.000215361297
0.000216210773
0.000216761948
0.000217087528
0.000217250565
0.000217306284
0.000217307108
-0.000583876628
-0.000441848935
-0.00035045708
-0.000268484584
-0.000196697822
-0.000134306491
-8.01857007e-05
-3.33175939e-05
7.1704589e-06
4.20475049e-05
7.19966909e-05
9.76213619e-05
0.000119447717
0.00013798109
0.000153644978
0.00016678357
0.000177738131
0.000186808237
0.000194254687
0.000200307715
0.000205171225
0.00020902551
0.000212029725
0.000214324184
0.000216032422
0.000217263027
0.000218111279
0.000218660589
0.000218983666
0.000219143493
0.000219195341
0.000219192683
-0.000582098069
-0.000440080616
-0.000348685305
-0.000266724605
-0.000194930219
-0.000132529323
-7.83996174e-05
-3.15216182e-05
8.97747592e-06
4.38662082e-05
7.38272445e-05
9.94629432e-05
0.000121297996
0.000139841498
0.000155516919
0.00016866464
0.000179627
0.000188704089
0.000196156661
0.000202214867
0.000207082588
0.000210940129
0.00021394667
0.000216242556
0.000217951357
0.000219181703
0.000220028919
0.000220576462
0.000220897056
0.000221053621
0.000221101468
0.000221095146
-0.000580358639
-0.000438350054
-0.000346950968
-0.000264996332
-0.000193191938
-0.000130778362
-7.66357555e-05
-2.97436714e-05
1.07706374e-05
4.56751454e-05
7.56520026e-05
0.000101302661
0.000123150368
0.000141706608
0.000157395075
0.000170554026
0.000181526592
0.00019061281
0.000198073334
0.00020413828
0.000209011538
0.000212873446
0.000215883228
0.000218181285
0.000219891245
0.000221121801
0.000221968342
0.000222514389
0.000222832696
0.000222986131
0.000223030046
0.000223020063
-0.000578668573
-0.000436666678
-0.000345262218
-0.000263307578
-0.000191489548
-0.000129059083
-7.48986143e-05
-2.79872761e-05
1.25474039e-05
4.74727856e-05
7.74705899e-05
0.000103141739
0.000125007775
0.000143577674
0.00015927857
0.000172451829
0.000183438281
0.000192536602
0.000200007455
0.000206081118
0.000210961574
0.000214829236
0.000217843414
0.0002201446
0.000221856516
0.000223087944
0.000223934362
0.000224479376
0.000224795792
0.000224946445
0.000224986733
0.000224973304
-0.000577038228
-0.00043503994
-0.000343627282
-0.000261665994
-0.00018982956
-0.000127376956
-7.31927424e-05
-2.62561061e-05
1.43049404e-05
4.9257076e-05
7.92816874e-05
0.000104979753
0.000126871291
0.000145456494
0.000161168973
0.00017436
0.000185364535
0.000194478368
0.000201962247
0.000208046856
0.000212936387
0.000216811389
0.000219831303
0.000222136758
0.000223851606
0.000225084753
0.000225931795
0.000226476449
0.000226791593
0.000226940059
0.000226977302
0.000226960893
-0.000575477708
-0.000433478947
-0.000342054104
-0.000260078774
-0.000188218132
-0.000125737213
-7.15226005e-05
-2.45540003e-05
1.60398174e-05
5.10245878e-05
8.10809643e-05
0.0001068106
0.000128736771
0.000147348547
0.00016307549
0.00017628394
0.000187309512
0.000196442032
0.000203941558
0.000210039303
0.000214939802
0.000218823789
0.000221850874
0.000224161857
0.00022588076
0.000227116643
0.00022796525
0.00022851043
0.000228825162
0.00022897231
0.000229007403
0.000228988768
-0.000573996374
-0.000431992002
-0.000340549882
-0.000258552204
-0.000186660561
-0.000124144243
-6.98917642e-05
-2.28838118e-05
1.7749799e-05
5.27735836e-05
8.28669849e-05
0.000108632649
0.000130601943
0.000149253384
0.000165000442
0.000178226655
0.000189276434
0.000198430697
0.000205948456
0.000212061566
0.000216974989
0.000220869692
0.000223905492
0.000226223398
0.000227947636
0.000229187456
0.000230038776
0.000230585602
0.000230901045
0.000231048044
0.000231082226
0.000231062432
-0.000572602364
-0.000430586124
-0.000339120639
-0.000257091219
-0.000185160866
-0.000122601209
-6.83025524e-05
-2.12470264e-05
1.94342574e-05
5.45045806e-05
8.4642136e-05
0.000110449489
0.000132462653
0.000151159535
0.000166940898
0.000180193572
0.000191270073
0.000200447751
0.000207985738
0.000214116243
0.000219044476
0.000222951625
0.000225997738
0.000228324063
0.000230055056
0.000231300188
0.000232155577
0.000232705412
0.000233022961
0.000233171295
0.00023320616
0.000233186596
-0.000571302113
-0.000429266554
-0.000337770829
-0.000255698962
-0.000183721454
-0.000121109872
-6.67560476e-05
-1.96440661e-05
2.10934184e-05
5.62185428e-05
8.64084372e-05
0.000112264494
0.000134322154
0.000153065871
0.000168893843
0.000182183832
0.000193290079
0.000202493216
0.000210053736
0.000216203917
0.000221149051
0.000225070553
0.00022812875
0.000230465168
0.000232204533
0.000233456567
0.00023431762
0.000234872088
0.000235193432
0.000235344915
0.000235382431
0.000235364815
-0.000570099818
-0.000428036156
-0.000336502985
-0.000254376259
-0.000182342763
-0.000119670369
-6.52519885e-05
-1.80743016e-05
2.27281947e-05
5.79164772e-05
8.81667929e-05
0.000114079476
0.00013618837
0.000154980082
0.000170856905
0.000184190865
0.00019533176
0.000204564245
0.000212150571
0.000218323239
0.000223287727
0.000227225771
0.000230298059
0.000232646463
0.000234396032
0.000235656788
0.000236525353
0.000237086359
0.000237413496
0.000237570293
0.000237612813
0.000237599204
-0.000568996773
-0.000426894633
-0.000335317914
-0.000253120656
-0.000181022739
-0.000118281091
-6.37886382e-05
-1.65358336e-05
2.43404525e-05
5.9599838e-05
8.99178289e-05
0.000115893926
0.000138060415
0.000156903518
0.000172832483
0.000186215
0.00019739411
0.000206659439
0.000214274643
0.000220472458
0.000225458656
0.000229415394
0.000232503794
0.000234866136
0.000236627851
0.000237899322
0.000238777454
0.000239347152
0.000239682382
0.00023984702
0.000239897316
0.000239890132
-0.00056799061
-0.00042583813
-0.000334216835
-0.000251921912
-0.000179753938
-0.000116937268
-6.23613644e-05
-1.50243511e-05
2.59319534e-05
6.12707264e-05
9.16632588e-05
0.000117708511
0.000139937757
0.000158836007
0.000174821231
0.000188255962
0.000199475378
0.000208776238
0.000216422907
0.000222648165
0.000227658157
0.000231635555
0.000234742001
0.000237120291
0.000238896276
0.000240180505
0.000241070512
0.000241651414
0.000241997384
0.00024217276
0.000242233989
0.000242235982
-0.000567074434
-0.000424860079
-0.000333197588
-0.000250757059
-0.000178519607
-0.00011562548
-6.09572794e-05
-1.3530599e-05
2.74936264e-05
6.29253213e-05
9.34012224e-05
0.000119522521
0.000141820545
0.000160775682
0.000176819083
0.000190309773
0.000201571536
0.000210910284
0.00021859058
0.000224845216
0.000229880825
0.000233880689
0.000237007096
0.000239403673
0.000241196694
0.000242492834
0.000243396532
0.000243991992
0.00024435195
0.000244541418
0.000244617052
0.000244631146
-0.000566234156
-0.000423947468
-0.000332189261
-0.000249682499
-0.000177347295
-0.000114348012
-5.95816699e-05
-1.20568108e-05
2.90812241e-05
6.45933833e-05
9.51496168e-05
0.00012134853
0.000143719051
0.000162726387
0.000178821436
0.00019237042
0.000203677633
0.000213055751
0.000220770667
0.000227055652
0.000232117886
0.000236141303
0.000239288754
0.000241704142
0.000243514317
0.000244830729
0.000245751687
0.000246362946
0.000246739335
0.000246946234
0.000247040862
0.000247072549
-0.000565449062
-0.0004230785
-0.000331186878
-0.000248646628
-0.000176188085
-0.000113071633
-5.82026293e-05
-1.05795011e-05
3.06554522e-05
6.62568752e-05
9.68969633e-05
0.000123175188
0.000145621901
0.000164684188
0.000180829275
0.00019443542
0.000205788146
0.000215205151
0.000222954292
0.000229269541
0.00023435866
0.000238406238
0.000241575765
0.000244011702
0.00024584147
0.000247177225
0.000248117383
0.00024874809
0.000249144612
0.000249373029
0.000249491341
0.000249544825
-0.000564692881
-0.000422224907
-0.000330205381
-0.000247589422
-0.000175014279
-0.000111784369
-5.68111273e-05
-9.08902615e-06
3.22399513e-05
6.79287272e-05
9.86471107e-05
0.000124995781
0.000147522704
0.000166664493
0.000182858329
0.000196501705
0.00020789528
0.000217348718
0.000225129871
0.000231473645
0.000236588544
0.000240659796
0.000243851511
0.000246308756
0.000248159503
0.000249516378
0.000250478214
0.000251131457
0.000251551761
0.000251806103
0.000251953034
0.000252031706
-0.000563927353
-0.000421348041
-0.000329201184
-0.000246487681
-0.000173798711
-0.000110458826
-5.53830042e-05
-7.56419572e-06
3.38558983e-05
6.9629942e-05
0.000100427349
0.000126845815
0.000149431608
0.000168630674
0.000184866152
0.000198541129
0.000209974998
0.000219464701
0.000227276705
0.0002336475
0.000238786876
0.000242880933
0.000246094521
0.000248573375
0.000250446055
0.000251825695
0.000252811521
0.000253490274
0.000253938038
0.000254222811
0.000254403627
0.000254512179
-0.000563101907
-0.000420402832
-0.000328124118
-0.00024530575
-0.000172506628
-0.000109062668
-5.38912253e-05
-5.98415473e-06
3.55175877e-05
7.1367647e-05
0.000102236887
0.00012871771
0.000151330936
0.000170563185
0.00018684957
0.000200558755
0.000212024414
0.000221542327
0.000229379038
0.000235772032
0.000240932116
0.000245046231
0.000248279947
0.000250779635
0.000252674414
0.000254077883
0.000255089627
0.000255796643
0.000256275434
0.000256595107
0.000256815165
0.000256958774
-0.000562152546
-0.000419361248
-0.000326903416
-0.000243993114
-0.000171097182
-0.000107559498
-5.23053755e-05
-4.32622992e-06
3.72384567e-05
7.31427839e-05
0.000104057767
0.000130577375
0.000153222195
0.000172497657
0.000188825212
0.000202553653
0.000214033232
0.000223565193
0.000231415964
0.000237822949
0.000242997404
0.00024712685
0.000250377411
0.000252895965
0.000254812079
0.000256239734
0.00025727879
0.00025801643
0.000258529547
0.000258888427
0.000259153035
0.000259336798
-0.000561015599
-0.000418291741
-0.000325368764
-0.000242461822
-0.000169515772
-0.00010590279
-5.05850806e-05
-2.55660403e-06
3.90469492e-05
7.49813371e-05
0.000105918174
0.00013245509
0.000155125618
0.000174417134
0.000190745781
0.000204479071
0.000215962383
0.000225497836
0.000233352746
0.000239765167
0.000244946936
0.000249086131
0.00025234938
0.000254884003
0.000256819945
0.000258271487
0.000259338684
0.000260108824
0.000260659144
0.000261061173
0.000261375316
0.000261604037
-0.000559603102
-0.000416989904
-0.000323543788
-0.000240666038
-0.000167701813
-0.000104040117
-4.86873972e-05
-6.40926856e-07
4.09692392e-05
7.69023169e-05
0.000107832216
0.000134359441
0.000157019519
0.000176290847
0.000192597084
0.000206315946
0.000217786469
0.000227310372
0.000235156114
0.00024156262
0.000246742312
0.000250883727
0.000254153883
0.000256700416
0.000258653523
0.000260127663
0.000261222968
0.000262026716
0.000262616419
0.000263064877
0.000263432909
0.000263710837
-0.00055782316
-0.000415296933
-0.000321382237
-0.000238542974
-0.000165586038
-0.00010191196
-4.65647261e-05
1.45725141e-06
4.30308311e-05
7.89199011e-05
0.00010980148
0.000136278633
0.000158888606
0.000178110034
0.000194369095
0.000208045661
0.000219478643
0.000228970118
0.000236789107
0.000243174985
0.000248340479
0.000252474352
0.000255743777
0.000258296496
0.00026026276
0.000261757024
0.000262879333
0.000263716804
0.000264347115
0.000264844327
0.00026526962
0.00026560015
-0.000555571653
-0.000413107435
-0.000318786711
-0.000236006518
-0.000163092277
-9.94539656e-05
-4.41650541e-05
3.77792237e-06
4.52602088e-05
8.10516661e-05
0.000111833464
0.000138211903
0.000160726702
0.000179858291
0.000196034428
0.000209636166
0.000221003051
0.000230437544
0.000238208892
0.000244556567
0.000249693294
0.000253807755
0.000257066991
0.000259618572
0.000261592547
0.000263103139
0.000264250093
0.000265120183
0.000265791104
0.000266338112
0.000266822669
0.000267207992
-0.000552728857
-0.000410310578
-0.00031565106
-0.000232961658
-0.000160138982
-9.65978541e-05
-4.1433467e-05
6.3627806e-06
4.76863373e-05
8.33146125e-05
0.000113934209
0.000140155599
0.000162521644
0.000181515026
0.00019756507
0.00021105382
0.000222321305
0.000231670111
0.000239369365
0.000245658246
0.000250749081
0.000254830078
0.000258067769
0.000260609196
0.000262583883
0.000264105529
0.000265273323
0.000266173468
0.000266883493
0.00026747971
0.000268023724
0.000268464392
-0.000549162568
-0.000406784175
-0.000311861377
-0.0002293074
-0.000156639672
-9.32718093e-05
-3.83128663e-05
9.25449036e-06
5.03381218e-05
8.57248386e-05
0.000116108147
0.000142103723
0.000164258223
0.000183056903
0.000198930676
0.000212262377
0.000223392207
0.000232622471
0.000240221706
0.000246428299
0.000251453661
0.000255485029
0.000258687949
0.000261208498
0.000263175276
0.000264701101
0.000265884288
0.000266810212
0.000267556045
0.000268198951
0.000268800173
0.000269293444
-0.000544730466
-0.000402397117
-0.000307296711
-0.000224937607
-0.0001525041
-8.94016891e-05
-3.4745144e-05
1.24956429e-05
5.3243542e-05
8.82968903e-05
0.000118357723
0.000144048016
0.000165918852
0.000184458313
0.000200098829
0.000213223729
0.000224172936
0.000233247919
0.000240716012
0.000246814165
0.000251752238
0.000255715881
0.000258869077
0.000261356409
0.000263305078
0.000264826596
0.000266018042
0.000266963659
0.000267740059
0.000268425058
0.0002690785
0.00026961555
-0.000539282119
-0.000397011468
-0.000301830997
-0.000219742688
-0.000147639969
-8.49126352e-05
-3.06725927e-05
1.61275745e-05
5.64287447e-05
9.10431571e-05
0.00012068313
0.000145978064
0.000167484051
0.000185692136
0.00020103607
0.000213899227
0.00022462063
0.000233500194
0.000240803264
0.000246764565
0.000251591622
0.000255467758
0.000258554702
0.000260994912
0.000262913622
0.000264420552
0.000265611125
0.000266568
0.000267366498
0.000268084645
0.000268784928
0.000269376643
-0.000532661354
-0.000390484672
-0.000295335406
-0.000213611726
-0.000141954968
-7.97309238e-05
-2.60395127e-05
2.0189071e-05
5.99171029e-05
9.39733278e-05
0.000123082185
0.000147881605
0.000168933162
0.000186730856
0.000201709372
0.000214251484
0.000224694501
0.000233335863
0.000240437973
0.000246232369
0.000250923324
0.000254690964
0.000257693971
0.000260071959
0.00026194756
0.000263428141
0.000264607012
0.00026556494
0.000266375733
0.000267116711
0.000267849726
0.000268479224
-0.000524709003
-0.000382672135
-0.000287681012
-0.000206434975
-0.000135359096
-7.37860717e-05
-2.0794008e-05
2.47149446e-05
6.37282294e-05
9.70938799e-05
0.000125550321
0.000149745016
0.00017024533
0.000187547982
0.00020208797
0.000214246575
0.000224358342
0.000232717099
0.000239581154
0.000245177727
0.000249706769
0.000253344212
0.000256244786
0.000258544451
0.000260362521
0.000261803389
0.000262957718
0.000263903994
0.000264714349
0.00026546509
0.000266215176
0.000266856531
-0.00051526603
-0.000373430147
-0.000278741807
-0.000198106694
-0.000127767314
-6.70132091e-05
-1.48900131e-05
2.9734443e-05
6.78768882e-05
0.000100407545
0.00012808062
0.000151553931
0.00017140067
0.000188119741
0.00020214552
0.000213856613
0.00022358347
0.000231614939
0.000238203864
0.000243571848
0.000247913296
0.000251398834
0.000254178235
0.000256382914
0.000258128094
0.000259514533
0.000260629702
0.000261549316
0.000262343207
0.000263085837
0.000263834344
0.000264477316
-0.000504176956
-0.00036261907
-0.000268398051
-0.000188528362
-0.000119102517
-5.93557461e-05
-8.28959235e-06
3.52694047e-05
7.23717043e-05
0.000103912637
0.0001306638
0.000153293866
0.000172381512
0.000188426886
0.000201862425
0.000213062516
0.000222351884
0.000230012757
0.000236290944
0.000241400954
0.000245530291
0.000248843061
0.000251483
0.00025357605
0.00025523253
0.000256548852
0.000257608727
0.000258484658
0.000259243657
0.000259957494
0.000260681206
0.0002613053
-0.000491293525
-0.000350106687
-0.000256539909
-0.000177612233
-0.000109298795
-5.07682796e-05
-9.65544697e-07
4.1332068e-05
7.72135245e-05
0.000107602068
0.000133287933
0.000154950655
0.000173173512
0.000188456439
0.000201228124
0.000211856785
0.000220659445
0.000227909802
0.00023384484
0.00023867034
0.000242565443
0.000245686442
0.000248169936
0.000250135398
0.000251687375
0.000252917217
0.000253904322
0.000254717595
0.000255420732
0.00025608186
0.000256753415
0.000257333764
-0.000476478259
-0.000335771357
-0.000243071168
-0.000165285407
-9.83054005e-05
-4.12201682e-05
7.09525152e-06
4.79221375e-05
8.23930923e-05
0.000111461757
0.000135937639
0.000156510421
0.00017376637
0.000188203057
0.000200243038
0.000210245923
0.000218518674
0.000225324265
0.000230888863
0.000235407745
0.000239050144
0.000241963234
0.00024427533
0.000246098497
0.000247530725
0.000248657563
0.000249553427
0.000250283502
0.000250907692
0.000251489437
0.000252078044
0.000252586489
-0.000459607334
-0.000319504818
-0.000227914722
-0.000151498127
-8.60933741e-05
-3.069982e-05
1.58866476e-05
5.50218075e-05
8.78870832e-05
0.000115467749
0.000138592233
0.000157958698
0.000174153819
0.000187669809
0.000198920011
0.000208252455
0.000215961309
0.000222296371
0.000227470849
0.000231667683
0.000235044665
0.000237738574
0.000239868508
0.000241538545
0.000242839093
0.000243847527
0.00024463243
0.000245257425
0.000245776557
0.000246248638
0.000246719804
0.000247125156
-0.000440569656
-0.000301213275
-0.000211024741
-0.000136245684
-7.26522716e-05
-1.91961509e-05
2.53843141e-05
6.25914291e-05
9.36537905e-05
0.000119582698
0.000141223032
0.000159278594
0.000174332624
0.000186867865
0.000197284528
0.000205915513
0.000213039043
0.000218889013
0.000223663352
0.000227530683
0.000230635544
0.000233102495
0.00023503996
0.000236544413
0.000237699035
0.000238557167
0.00023921565
0.000239732005
0.000240124924
0.00024045795
0.000240775498
0.000241043848
-0.000419249092
-0.000280799474
-0.000192375148
-0.000119564135
-5.79341325e-05
-6.63788396e-06
3.55466588e-05
7.05677456e-05
9.96303261e-05
0.000123752468
0.000143790365
0.000160448538
0.00017430097
0.00018581542
0.000195374079
0.000203290476
0.000209823458
0.000215188106
0.000219564656
0.000223105497
0.000225940025
0.000228178661
0.00022991632
0.000231247938
0.000232298694
0.000233073247
0.000233547297
0.000233848423
0.000234077523
0.00023424842
0.000234380258
0.000234477703
-0.000395504277
-0.000258114666
-0.000171839843
-0.000101297013
-4.21237834e-05
6.54778704e-06
4.61251679e-05
7.87966693e-05
0.000105693702
0.00012787763
0.000146227347
0.000161433354
0.000174053232
0.000184534804
0.000193237227
0.000200449674
0.000206409251
0.000211309509
0.000215310798
0.00021854806
0.00022113641
0.000223175724
0.000224753279
0.00022593016
0.000226712212
0.000227241035
0.00022765383
0.000227893858
0.000227954502
0.000227909774
0.000227807411
0.000227700484
-0.000369314136
-0.000233137768
-0.000149571376
-8.15341981e-05
-2.55647286e-05
2.00939316e-05
5.70916988e-05
8.71116689e-05
0.00011170008
0.000131813501
0.000148442806
0.000162184969
0.000173578057
0.000183047611
0.000190924714
0.000197470806
0.000202895324
0.000207367801
0.000211027208
0.000213989112
0.000216351207
0.000218197087
0.000219599099
0.000220618357
0.000221308969
0.000221740263
0.000221939133
0.000221939343
0.000221796548
0.000221531319
0.000221170655
0.000220824969
-0.000340649432
-0.000205809703
-0.000125742094
-6.04229013e-05
-8.09058195e-06
3.38438175e-05
6.79723471e-05
9.53074284e-05
0.000117442693
0.00013551268
0.00015037096
0.000162656623
0.000172866264
0.000181382527
0.000188499801
0.000194446655
0.00019940278
0.000203511393
0.000206888391
0.000209629174
0.000211813768
0.000213510111
0.00021477729
0.000215667266
0.000216227261
0.000216502537
0.000216535829
0.000216359928
0.000216006209
0.000215490031
0.00021483484
0.000214218344
-0.000309513377
-0.000176410336
-0.000100546286
-3.87046327e-05
9.95082602e-06
4.81534557e-05
7.86918393e-05
0.000103073546
0.000122709577
0.000138698509
0.000151850306
0.000162764612
0.000171888211
0.000179555432
0.000186018039
0.00019146756
0.000196051692
0.000199886179
0.000203063363
0.000205658366
0.000207733617
0.000209342298
0.000210530272
0.000211338099
0.000211803112
0.000211960127
0.000211842889
0.00021148359
0.000210907739
0.000210120822
0.000209142361
0.00020822606
-0.000275799289
-0.00014552877
-7.37001033e-05
-1.64999147e-05
2.7745833e-05
6.19529372e-05
8.87837443e-05
0.00011006731
0.000127187908
0.000141165003
0.000152733959
0.000162423201
0.000170614151
0.000177584194
0.000183537164
0.000188624899
0.000192962371
0.000196638226
0.000199722125
0.000202269889
0.000204327163
0.000205932081
0.000207117252
0.000207911524
0.000208340537
0.000208428774
0.000208201209
0.00020768398
0.000206896158
0.000205831418
0.000204503628
0.000203256731
-0.00023928621
-0.000113208818
-4.55483047e-05
5.78586642e-06
4.47197281e-05
7.44644523e-05
9.75075185e-05
0.000115736773
0.000130477027
0.000142638679
0.000152848431
0.000161540011
0.000169016075
0.000175490539
0.000181117195
0.000186008816
0.000190249834
0.000193904709
0.000197023439
0.000199645234
0.000201801076
0.000203515617
0.000204808558
0.000205695562
0.000206189076
0.000206299715
0.000206038904
0.000205420662
0.000204451902
0.00020310941
0.000201406429
0.000199787331
-0.000199685547
-7.91734284e-05
-1.72904219e-05
2.71747403e-05
6.01266915e-05
8.49730447e-05
0.000104202163
0.000119569792
0.000132222876
0.000142898741
0.000152077622
0.00016007753
0.000167113001
0.000173332709
0.0001788431
0.00018372289
0.000188032024
0.000191817117
0.000195114583
0.000197952348
0.000200351032
0.000202325203
0.000203884112
0.000205030839
0.000205762063
0.000206067308
0.00020593054
0.000205342713
0.000204286081
0.000202700088
0.000200574214
0.00019850038
-0.000156253357
-4.34458959e-05
1.01049113e-05
4.6273147e-05
7.25355965e-05
9.24170716e-05
0.000108133749
0.000121103166
0.000132172799
0.000141844483
0.000150423778
0.000158103717
0.000165010808
0.0001712343
0.00017684241
0.000181889699
0.000186421362
0.000190475536
0.000194083729
0.000197269741
0.000200049298
0.000202434052
0.000204433819
0.000206044388
0.000207253928
0.000208037216
0.0002083213
0.00020804016
0.000207127675
0.000205445718
0.000202878205
0.000200261703
-0.000107439791
-6.95988876e-06
3.45267732e-05
6.10014145e-05
8.03941398e-05
9.58110801e-05
0.000108788956
0.000120162768
0.000130370007
0.000139643977
0.000148116449
0.000155869437
0.000162954136
0.000169415304
0.00017530093
0.000180657696
0.000185531093
0.000189966544
0.000194008579
0.000197694033
0.00020104378
0.000204089379
0.000206880181
0.000209400784
0.000211624762
0.000213568703
0.00021504715
0.00021578752
0.000215620298
0.000214323341
0.00021148352
0.00020843835
-4.24569565e-05
2.9130254e-05
5.17417966e-05
6.76968835e-05
8.12778384e-05
9.3777813e-05
0.000105534141
0.000116609654
0.000126994266
0.000136678688
0.000145664741
0.000153946009
0.000161524545
0.000168436711
0.000174737006
0.000180479549
0.000185721364
0.000190528938
0.000194983801
0.000199157806
0.000203037795
0.000206573876
0.000209879795
0.000213282318
0.000217065859
0.000220849682
0.000223678307
0.000225483643
0.000227042679
0.000228189812
0.000227837159
0.000225776485
6.46116814e-05
6.48623427e-05
6.23754769e-05
6.80876349e-05
7.77928853e-05
8.91339557e-05
0.000100943148
0.000112571968
0.000123662766
0.000134101919
0.000143879684
0.000152904607
0.000161079819
0.000168463731
0.000175161057
0.000181237114
0.000186754381
0.000191794234
0.000196498569
0.000201024112
0.00020540143
0.000209573122
0.000213608289
0.000217814507
0.000222896015
0.000229750426
0.000238626173
0.000250126895
0.000265205856
0.000285366141
0.000314261505
0.000349257331
)
;

boundaryField
{
    inner_wall
    {
        type            zeroGradient;
    }
    outer_wall
    {
        type            zeroGradient;
    }
    top
    {
        type            zeroGradient;
    }
    bottom
    {
        type            fixedValue;
        value           uniform 0;
    }
    front
    {
        type            wedge;
    }
    back
    {
        type            wedge;
    }
}


// ************************************************************************* //
