/*--------------------------------*- C++ -*----------------------------------*\
| =========                 |                                                 |
| \\      /  F ield         | OpenFOAM: The Open Source CFD Toolbox           |
|  \\    /   O peration     | Version:  2506                                  |
|   \\  /    A nd           | Website:  www.openfoam.com                      |
|    \\/     M anipulation  |                                                 |
\*---------------------------------------------------------------------------*/
FoamFile
{
    version     2.0;
    format      ascii;
    arch        "LSB;label=32;scalar=64";
    class       volScalarField;
    location    "542";
    object      p;
}
// * * * * * * * * * * * * * * * * * * * * * * * * * * * * * * * * * * * * * //

dimensions      [0 2 -2 0 0 0 0];

internalField   nonuniform List<scalar> 
3072
(
-0.000123967161
-9.41515342e-05
-9.04857087e-05
-8.44512118e-05
-7.46945531e-05
-6.29698112e-05
-5.10207655e-05
-3.99856152e-05
-2.77742592e-05
-1.40153803e-05
-7.56288116e-06
-7.76018593e-06
-7.6220434e-06
-6.310462e-06
-4.47204167e-06
-2.49540463e-06
-5.35728443e-07
1.32379064e-06
3.02537024e-06
4.52418705e-06
5.80686663e-06
7.01603903e-06
8.04229804e-06
8.74650101e-06
9.27238566e-06
9.66435214e-06
9.94257525e-06
1.01314837e-05
1.02633912e-05
1.03857705e-05
1.05659033e-05
1.08151619e-05
-0.000264310441
-0.000186452149
-0.000160138717
-0.000141512792
-0.00012347482
-0.000104850671
-8.64210413e-05
-6.8635768e-05
-5.08430268e-05
-3.39336492e-05
-2.18125552e-05
-1.44700048e-05
-8.57003195e-06
-3.29992305e-06
1.33040074e-06
5.3247694e-06
8.74335187e-06
1.16448787e-05
1.40880807e-05
1.61498244e-05
1.77775584e-05
1.92003217e-05
2.04184774e-05
2.12384705e-05
2.18514255e-05
2.2331581e-05
2.27116239e-05
2.30231774e-05
2.33043117e-05
2.36021539e-05
2.3947375e-05
2.42410728e-05
-0.000326423888
-0.000221781304
-0.000176574478
-0.000146113161
-0.000121669721
-0.000100771992
-8.23238277e-05
-6.56798206e-05
-5.03714798e-05
-3.65147619e-05
-2.47569248e-05
-1.50291077e-05
-6.70560888e-06
5.33234247e-07
6.82416723e-06
1.22633485e-05
1.69345048e-05
2.0909231e-05
2.42731608e-05
2.72005295e-05
2.95866205e-05
3.14880671e-05
3.30811441e-05
3.43169069e-05
3.52851822e-05
3.60472004e-05
3.66469191e-05
3.71230295e-05
3.75126417e-05
3.78541357e-05
3.81780534e-05
3.84492243e-05
-0.000386212933
-0.000266915198
-0.00021078837
-0.000168760919
-0.00013576308
-0.000109664253
-8.7852309e-05
-6.89316529e-05
-5.2183036e-05
-3.72967745e-05
-2.41971726e-05
-1.27467452e-05
-2.72761354e-06
6.04066066e-06
1.3690041e-05
2.03248178e-05
2.60363595e-05
3.09109911e-05
3.50378718e-05
3.85009075e-05
4.14022658e-05
4.37573515e-05
4.56285796e-05
4.71510652e-05
4.83630057e-05
4.93170605e-05
5.00674285e-05
5.06623365e-05
5.11448491e-05
5.15569654e-05
5.19302976e-05
5.22253816e-05
-0.00044202533
-0.000315680715
-0.000246465655
-0.000194678111
-0.000154290567
-0.000122038899
-9.54362102e-05
-7.29130606e-05
-5.345643e-05
-3.64582286e-05
-2.15551426e-05
-8.48024746e-06
2.98971436e-06
1.30327646e-05
2.17905732e-05
2.93832677e-05
3.59220545e-05
4.15135556e-05
4.6235587e-05
5.00709347e-05
5.3299843e-05
5.60636559e-05
5.82581114e-05
6.00109122e-05
6.14108022e-05
6.25244078e-05
6.34105839e-05
6.41221904e-05
6.47075629e-05
6.52151827e-05
6.5682261e-05
6.6057464e-05
-0.000490655543
-0.000359350207
-0.000280091264
-0.00022037033
-0.000173454962
-0.000135074489
-0.000103461269
-7.69814076e-05
-5.4412501e-05
-3.49371217e-05
-1.80134685e-05
-3.25692109e-06
9.6207307e-06
2.08410357e-05
3.05814392e-05
3.899191e-05
4.62065742e-05
5.23489798e-05
5.7529522e-05
6.18425037e-05
6.54207975e-05
6.83738053e-05
7.07722311e-05
7.27057998e-05
7.42588545e-05
7.55059793e-05
7.65134289e-05
7.733995e-05
7.80400824e-05
7.86710667e-05
7.92766514e-05
7.97778466e-05
-0.000531925806
-0.000396360149
-0.000311285036
-0.000245353522
-0.000191929435
-0.000147979383
-0.000111621538
-8.11858141e-05
-5.5378358e-05
-3.32742189e-05
-1.42176344e-05
2.27295696e-06
1.65601038e-05
2.89246997e-05
3.95928207e-05
4.87542302e-05
5.65747155e-05
6.32035474e-05
6.8777802e-05
7.34253006e-05
7.72691513e-05
8.04239633e-05
8.29931693e-05
8.50736294e-05
8.67550269e-05
8.81189937e-05
8.92385124e-05
9.01781481e-05
9.09987336e-05
9.17668763e-05
9.25330182e-05
9.31836405e-05
-0.000566132832
-0.000427474211
-0.000338406815
-0.000267796832
-0.00020905561
-0.000160191631
-0.000119500916
-8.53395352e-05
-5.63985796e-05
-3.17026329e-05
-1.05252909e-05
7.68774454e-06
2.33650799e-05
3.68457531e-05
4.8405693e-05
5.82768875e-05
6.66602458e-05
7.37343389e-05
7.96608949e-05
8.45884716e-05
8.86545871e-05
9.19861855e-05
9.46998039e-05
9.69025216e-05
9.869224e-05
0.000100157654
0.00010137783
0.000102422637
0.000103358725
0.000104261556
0.000105187612
0.000105987808
-0.000594146863
-0.000453435291
-0.000361223956
-0.000286857366
-0.000223987856
-0.000171079197
-0.000126661893
-8.91942279e-05
-5.740075e-05
-3.02971318e-05
-7.12034844e-06
1.27315953e-05
2.97379339e-05
4.42864663e-05
5.66976545e-05
6.7242708e-05
7.61563386e-05
8.36457681e-05
8.98967519e-05
9.50776774e-05
9.93421578e-05
0.000102830516
0.000105670782
0.000107979583
0.000109862741
0.000111415556
0.000112722629
0.000113858506
0.000114894862
0.000115914679
0.000116979444
0.000117909164
-0.000616490112
-0.000474436897
-0.00037993961
-0.000302668538
-0.000236574266
-0.000180404964
-0.000132888511
-9.25989196e-05
-5.83159285e-05
-2.90709119e-05
-4.08742908e-06
1.72641558e-05
3.54984917e-05
5.1040844e-05
6.42482411e-05
7.54254389e-05
8.48370651e-05
9.27162086e-05
9.92707029e-05
0.00010468739
0.000109135184
0.000112767076
0.000115721647
0.000118124205
0.000120087718
0.000121713378
0.000123090605
0.000124297931
0.000125411074
0.000126518737
0.000127686177
0.000128711013
-0.000633726433
-0.000490848372
-0.000394799251
-0.000315366483
-0.000246804007
-0.000188073258
-0.000138060105
-9.54446961e-05
-5.90688295e-05
-2.79908888e-05
-1.43663171e-06
2.12367839e-05
4.05664801e-05
5.70046585e-05
7.09363067e-05
8.26931402e-05
9.25645134e-05
0.000100805481
0.000107642883
0.000113279711
0.000117898384
0.000121663096
0.000124721652
0.000127206898
0.000129237938
0.000130920939
0.000132349325
0.000133604857
0.000134766269
0.000135925989
0.000137151787
0.000138229526
-0.000646482469
-0.000503163751
-0.000406150016
-0.000325165624
-0.000254771243
-0.000194090768
-0.000142131305
-9.76636894e-05
-5.95901005e-05
-2.69997055e-05
8.70532219e-07
2.46669079e-05
4.49391811e-05
6.21575341e-05
7.67270489e-05
8.8999843e-05
9.92845567e-05
0.000107853818
0.0001149499
0.000120789085
0.000125564972
0.000129451058
0.000132602762
0.000135159116
0.000137244188
0.000138968113
0.000140427453
0.000141706457
0.000142885875
0.000144059909
0.000145297688
0.000146384391
-0.000655394646
-0.000511912949
-0.000414397786
-0.000332349261
-0.000260647082
-0.000198536926
-0.000145114443
-9.92251651e-05
-5.98240217e-05
-2.60315679e-05
2.9002823e-06
2.76152136e-05
4.86687449e-05
6.65419349e-05
8.16534266e-05
9.43698182e-05
0.000105013971
0.000113871734
0.000121197206
0.000127216933
0.000132133215
0.000136126773
0.000139358925
0.000141973443
0.000144098152
0.000145846124
0.000147316226
0.000148594492
0.000149762806
0.000150915403
0.000152121788
0.000153176682
-0.000661078644
-0.000517622765
-0.000419968988
-0.000337236147
-0.000264647511
-0.000201538448
-0.000147064315
-0.00010012913
-5.97322647e-05
-2.50233459e-05
4.73015977e-06
3.01660539e-05
5.18410764e-05
7.02419434e-05
8.57957151e-05
9.88785448e-05
0.000109823112
0.000118924569
0.000126445493
0.000132619822
0.000137656155
0.000141740418
0.000145038155
0.000147696479
0.000149845811
0.000151601205
0.000153063061
0.000154318594
0.000155450074
0.000156550359
0.000157688561
0.000158677415
-0.000664111111
-0.000520794191
-0.000423284809
-0.000340155142
-0.000267010796
-0.000203250514
-0.000148064792
-0.000100400954
-5.92951793e-05
-2.39218434e-05
6.4369304e-06
3.24118382e-05
5.45579837e-05
7.33642401e-05
8.92621755e-05
0.000102633695
0.00011381765
0.00012311523
0.000130794567
0.000137094487
0.000142227728
0.000146383613
0.000149730394
0.000152417273
0.000154576233
0.000156323469
0.000157760264
0.000158974499
0.00016004826
0.000161071985
0.000162113842
0.000163010836
-0.000665020898
-0.000521895646
-0.000424751991
-0.000341432033
-0.000267982653
-0.000203844194
-0.000148219733
-0.000100087116
-5.85118387e-05
-2.26884925e-05
8.08798591e-06
3.44411616e-05
5.69230106e-05
7.60223142e-05
9.21724042e-05
0.000105758102
0.000117121613
0.000126567562
0.000134367264
0.000140762352
0.000145967903
0.000150175115
0.000153553665
0.000156253794
0.000158408186
0.000160133493
0.000161531345
0.000162689898
0.000163690639
0.000164620912
0.000165547594
0.000166335872
-0.000664283291
-0.000521352618
-0.00042474557
-0.000341375416
-0.000267805096
-0.000203496675
-0.000147645846
-9.92505052e-05
-5.7398845e-05
-2.13015511e-05
9.73599644e-06
3.63308153e-05
5.90312666e-05
7.8324678e-05
9.46443894e-05
0.000108376105
0.00011986335
0.000129412203
0.000137295351
0.000143755611
0.000149008987
0.000153247341
0.00015664077
0.000159339723
0.000161476917
0.000163168933
0.000164517349
0.000165610297
0.000166528411
0.000167355589
0.000168157242
0.000168828466
-0.000662311617
-0.00051954084
-0.00042360724
-0.000340271637
-0.000266708334
-0.000202382876
-0.000146465364
-9.79649729e-05
-5.59872903e-05
-1.97554184e-05
1.14171653e-05
3.81418958e-05
6.09635895e-05
8.03674714e-05
9.67858542e-05
0.000110603979
0.000122165285
0.00013177589
0.000139708554
0.000146206081
0.000151484365
0.000155735043
0.000159127889
0.000161812949
0.000163922491
0.00016557265
0.000166864671
0.000167886458
0.000168717655
0.000169438638
0.000170113312
0.000170666537
-0.000659462444
-0.000516782777
-0.000421639745
-0.000338377891
-0.000264903115
-0.000200667884
-0.000144798946
-9.63093419e-05
-5.43181217e-05
-1.80576643e-05
1.31524913e-05
3.9919352e-05
6.27845077e-05
8.22310083e-05
9.86896148e-05
0.00011254431
0.000124137504
0.000133774428
0.000141727023
0.000148237282
0.00015352028
0.000157766822
0.000161145854
0.000163806616
0.000165880607
0.000167483274
0.000168715348
0.000169664379
0.000170408975
0.000171026123
0.000171578281
0.000172018466
-0.000656030901
-0.000513345186
-0.00041910683
-0.000335921492
-0.000262577787
-0.000198502569
-0.000142760712
-9.43625719e-05
-5.24377955e-05
-1.62255472e-05
1.49503439e-05
4.16934821e-05
6.45425383e-05
8.39789377e-05
0.000100431892
0.000114283499
0.000125874521
0.00013550878
0.000143456871
0.000149959496
0.000155230473
0.000159459411
0.000162814128
0.00016544282
0.000167476036
0.000169028403
0.000170200039
0.000171078067
0.000171740087
0.000172259967
0.000172698842
0.000173035256
-0.000652249198
-0.00050946851
-0.000416222668
-0.000333097209
-0.000259899656
-0.00019602293
-0.000140455503
-9.2200245e-05
-5.03946076e-05
-1.4282307e-05
1.6810423e-05
4.34839204e-05
6.62717087e-05
8.56575638e-05
0.000102071711
0.000115891218
0.000127454379
0.000137063662
0.00014498826
0.000151467379
0.00015671338
0.000160914504
0.000164237305
0.000166828829
0.000168818605
0.000170320388
0.000171433647
0.000172245049
0.000172831251
0.000173263361
0.000173601363
0.000173846058
-0.000648309781
-0.00050554365
-0.000413023514
-0.000330015917
-0.000257004771
-0.000193345095
-0.000137974029
-8.98896962e-05
-4.82337897e-05
-1.22515857e-05
1.87305862e-05
4.53085726e-05
6.79953989e-05
8.72932872e-05
0.000103649572
0.000117419444
0.000128937696
0.000138506579
0.000146394326
0.000152838725
0.000158050698
0.000162217122
0.000165503291
0.000168055106
0.000170001085
0.000171454129
0.000172513064
0.000173264101
0.000173783054
0.000174138654
0.000174389918
0.000174556419
-0.000644358593
-0.000501785467
-0.000409594534
-0.000326787838
-0.000254003375
-0.000190564574
-0.000135394659
-8.74931096e-05
-4.60032655e-05
-1.01708665e-05
2.06756593e-05
4.71294208e-05
6.97230577e-05
8.8948032e-05
0.00010522662
0.000118924124
0.0001303805
0.000139896026
0.00014773651
0.000154137896
0.000159309545
0.000163436913
0.000166684005
0.000169195585
0.000171099191
0.000172506891
0.000173516886
0.000174214954
0.000174676169
0.000174967269
0.000175146405
0.000175248694
-0.000640495754
-0.000498119776
-0.000406181935
-0.00032353476
-0.00025097659
-0.000187753435
-0.000132779124
-8.5058437e-05
-4.37366882e-05
-8.06414461e-06
2.26387207e-05
4.8966628e-05
7.14755461e-05
9.06229835e-05
0.000106806798
0.000120423161
0.000131811388
0.000141267986
0.000149056406
0.000155410993
0.000160539681
0.000164626619
0.000167834659
0.000170307521
0.000172171711
0.000173538675
0.00017450607
0.000175159163
0.000175572443
0.000175811064
0.000175932222
0.000175983335
-0.00063679824
-0.000494584005
-0.000402826062
-0.000320370388
-0.000247993736
-0.000184958661
-0.000130165876
-8.26125511e-05
-4.14409093e-05
-5.94861377e-06
2.46306689e-05
5.08472867e-05
7.32423106e-05
9.22821614e-05
0.000108381154
0.000121924786
0.00013324808
0.000142646702
0.000150383402
0.000156691521
0.000161777903
0.000165825708
0.000168997026
0.000171434654
0.000173261913
0.000174592512
0.000175524568
0.00017614103
0.000176516002
0.000176713721
0.000176790438
0.000176801429
-0.000633314747
-0.000491225676
-0.000399594583
-0.000317331527
-0.000245110031
-0.000182229789
-0.000127596351
-8.02016005e-05
-3.91855347e-05
-3.79638396e-06
2.66461513e-05
5.27502716e-05
7.50345938e-05
9.39664375e-05
0.00010998304
0.000123455558
0.000134715075
0.000144056839
0.000151743041
0.000158006101
0.000163051902
0.000167062657
0.000170199441
0.000172604375
0.000174402567
0.000175704281
0.00017660624
0.00017719301
0.000177538208
0.000177705035
0.000177749453
0.000177732732
-0.000630067326
-0.000488069061
-0.000396541982
-0.000314418759
-0.000242329808
-0.000179585469
-0.000125090566
-7.78323589e-05
-3.69472165e-05
-1.67641527e-06
2.86573442e-05
5.46623261e-05
7.68381556e-05
9.56699429e-05
0.000111612532
0.000125020318
0.000136221044
0.000145510112
0.00015314948
0.000159370889
0.000164379479
0.000168356753
0.000171463106
0.00017384008
0.000175612394
0.000176889731
0.00017776842
0.000178332851
0.000178656291
0.000178801301
0.000178823564
0.000178788206
-0.000627059066
-0.000485121378
-0.000393674253
-0.00031165419
-0.00023967357
-0.000177043186
-0.000122664782
-7.55218426e-05
-3.47480593e-05
4.18234246e-07
3.06598253e-05
5.65757247e-05
7.86540933e-05
9.73999682e-05
0.000113277138
0.000126626561
0.000137774008
0.000147015253
0.000154612142
0.000160795922
0.000165771169
0.000169718843
0.000172798835
0.000175152218
0.000176903282
0.000178161357
0.000179022475
0.00017957077
0.000179879259
0.000180010108
0.000180018789
0.000179972454
-0.000624280004
-0.000482378071
-0.000390987614
-0.000309042754
-0.000237147119
-0.000174608479
-0.000120325181
-7.32777983e-05
-3.25980328e-05
2.47717946e-06
3.26340133e-05
5.84782533e-05
8.04897234e-05
9.91680441e-05
0.000114984145
0.000128278992
0.000139377939
0.000148576206
0.000156135148
0.000162285554
0.000167231544
0.000171153636
0.000174211303
0.000176545242
0.000178279404
0.000179522824
0.000180371282
0.000180908707
0.000181207928
0.000181330896
0.000181332941
0.000181281785
-0.000621711043
-0.000479825322
-0.000388471505
-0.000306578454
-0.000234746643
-0.000172279066
-0.000118070861
-7.11004256e-05
-3.04980931e-05
4.49929257e-06
3.45786258e-05
6.03559992e-05
8.23338238e-05
0.000100977736
0.000116735962
0.000129977873
0.000141032315
0.000150192334
0.000157717931
0.000163839316
0.000168760199
0.000172660708
0.000175699963
0.000178018344
0.000179739532
0.000180972323
0.00018181229
0.000182343191
0.000182637716
0.000182757743
0.000182758513
0.000182707241
-0.000619327485
-0.000477443152
-0.000386109751
-0.00030424879
-0.000232462068
-0.000170046516
-0.000115894111
-6.89813419e-05
-2.84364425e-05
6.50545356e-06
3.65277047e-05
6.22296353e-05
8.41649204e-05
0.000102791698
0.000118507786
0.000131707925
0.000142726482
0.000151855454
0.000159353866
0.000165451572
0.000170352066
0.00017423525
0.000177260016
0.000179566539
0.00018127831
0.000182503957
0.0001833389
0.000183866759
0.000184160138
0.000184280942
0.000184284365
0.000184236368
-0.000617102326
-0.000475208635
-0.00038388326
-0.000302038195
-0.000230280976
-0.000167901248
-0.000113787914
-6.69158583e-05
-2.64109608e-05
8.49404822e-06
3.84770329e-05
6.41165113e-05
8.59991917e-05
0.000104601029
0.000120289695
0.00013346166
0.000144454007
0.000153559388
0.000161036836
0.000167116186
0.000172000898
0.000175870805
0.000178884707
0.000181182673
0.00018288809
0.000184109479
0.000184942158
0.000185469643
0.000185764493
0.000185888711
0.00018589748
0.000185855022
-0.000615008328
-0.000473097959
-0.000381771858
-0.00029992978
-0.000228189985
-0.00016583352
-0.000111746419
-6.49028138e-05
-2.44274972e-05
1.04476114e-05
4.03992606e-05
6.60084964e-05
8.78593517e-05
0.000106429094
0.000122091975
0.000135242035
0.000146214308
0.000155301377
0.00016276254
0.000168827735
0.000173700421
0.000177560403
0.000180566439
0.000182858548
0.00018456006
0.000185779434
0.000186611915
0.000187140945
0.000187439064
0.000187568421
0.000187584203
0.000187548636
-0.000613019065
-0.000471087505
-0.000379755144
-0.000297905734
-0.000226174282
-0.000163831348
-0.000109760196
-6.29349761e-05
-2.24803196e-05
1.23718414e-05
4.23003727e-05
6.79009149e-05
8.97392139e-05
0.000108274029
0.000123907995
0.000137042378
0.000148001103
0.000157075072
0.000164524293
0.00017057911
0.000175443078
0.000179296022
0.000182296714
0.000184585173
0.000186284711
0.000187503759
0.000188337522
0.00018886939
0.000189171903
0.000189307384
0.000189331037
0.000189302989
-0.000611109816
-0.000469154839
-0.00037781355
-0.000295948489
-0.000224218989
-0.000161882404
-0.000107819189
-6.10042883e-05
-2.05626245e-05
1.4273767e-05
4.41866195e-05
6.9785469e-05
9.16207405e-05
0.000110130084
0.000125740262
0.000138863111
0.000149811954
0.000158876292
0.00016631676
0.000172364062
0.000177221843
0.000181069971
0.000184067246
0.000186353707
0.000188052672
0.000189272564
0.000190108562
0.000190644021
0.000190951499
0.000191093499
0.000191125243
0.000191104783
-0.000609258315
-0.00046727949
-0.000375929142
-0.00029404145
-0.000222309907
-0.00015997467
-0.000105913198
-5.91019839e-05
-1.86662442e-05
1.61624823e-05
4.60670241e-05
7.1659095e-05
9.34864329e-05
0.000111986978
0.000127588992
0.000140702799
0.000151643194
0.000160700098
0.000168134171
0.000174176126
0.000179029646
0.000182874637
0.000185869932
0.000188155593
0.000189854948
0.000191076423
0.000191915183
0.00019245456
0.000192767136
0.000192915591
0.000192955162
0.00019294193
-0.000607445329
-0.000465443561
-0.00037408632
-0.000292169721
-0.000220434484
-0.000158097718
-0.000104033702
-5.7221479e-05
-1.67867823e-05
1.80394469e-05
4.7940583e-05
7.35283008e-05
9.53489103e-05
0.000113845407
0.000129445094
0.000142553301
0.000153488014
0.000162540014
0.000169969943
0.000176008493
0.000180859399
0.00018470263
0.000187697066
0.000189982802
0.00019168319
0.000192906667
0.000193748394
0.00019429169
0.000194609169
0.000194763675
0.000194810442
0.000194803752
-0.000605654877
-0.000463631975
-0.00037227209
-0.000290320217
-0.000218581968
-0.000156242564
-0.000102173273
-5.53569236e-05
-1.49200441e-05
1.99070139e-05
4.9808067e-05
7.53943508e-05
9.72102405e-05
0.000115704758
0.0001313049
0.000144410345
0.000155341912
0.000164391154
0.000171818758
0.000177855442
0.000182705019
0.000186547529
0.000189541912
0.000191828305
0.000193530088
0.000194755718
0.000195600359
0.000196147326
0.000196469266
0.00019662917
0.000196682242
0.000196681173
-0.000603874215
-0.00046183258
-0.000370476185
-0.000288481614
-0.000216743689
-0.000154401809
-0.000100325723
-5.3503468e-05
-1.30625163e-05
2.17673503e-05
5.16702795e-05
7.72570358e-05
9.90705574e-05
0.000117565076
0.000133167071
0.000146271504
0.000157201674
0.000166249696
0.000173676297
0.000179712238
0.000184561407
0.000188403923
0.00019139878
0.000193686159
0.000195389473
0.000196617197
0.000197464506
0.000198014714
0.000198340504
0.000198504987
0.00019856331
0.000198566782
-0.000602093702
-0.000460036327
-0.000368690635
-0.000286644357
-0.000214913244
-0.000152569462
-9.84859823e-05
-5.16571421e-05
-1.12112469e-05
2.36224761e-05
5.35283935e-05
7.91168422e-05
0.000100929773
0.000119425594
0.000135030157
0.000148134741
0.000159064719
0.000168112593
0.000175539116
0.000181575092
0.000186424482
0.000190267468
0.000193263099
0.000195551594
0.000197256397
0.000198486002
0.000199335594
0.000199888492
0.000200217413
0.000200385558
0.000200447985
0.000200454834
-0.000600306426
-0.000458237329
-0.000366905375
-0.000284804752
-0.00021308653
-0.000150740571
-9.66500377e-05
-4.9814877e-05
-9.36392932e-06
2.54740126e-05
5.5383421e-05
8.09742657e-05
0.000102787827
0.000121285632
0.00013689302
0.000149998553
0.000160929154
0.000169977594
0.000177404653
0.000183441171
0.000188291171
0.000192134889
0.000195131417
0.000197421007
0.000199127129
0.000200358296
0.000201209699
0.000201764667
0.000202095944
0.000202266775
0.000202332091
0.000202341244
-0.000598507446
-0.000456431103
-0.000365097609
-0.000282978512
-0.000211261547
-0.000148911663
-9.4815243e-05
-4.79745689e-05
-7.51890862e-06
2.73231593e-05
5.72361379e-05
8.28297201e-05
0.0001046447
0.000123144733
0.000138754923
0.000151861968
0.000162793739
0.000171843207
0.000179271188
0.000185308559
0.000190159386
0.000194003948
0.000197001371
0.000199291932
0.000200999121
0.000202231463
0.00020308416
0.000203640554
0.000203973398
0.000204145875
0.000204212648
0.000204223919
-0.000596695832
-0.000454616337
-0.000363279743
-0.000281153175
-0.000209434129
-0.000147080467
-9.29795802e-05
-4.61345298e-05
-5.67486565e-06
2.91708719e-05
5.90871785e-05
8.46835668e-05
0.000106500435
0.000125002724
0.000140615596
0.000153724565
0.000164657879
0.000173708671
0.00018113781
0.000187176206
0.00019202796
0.000195873381
0.000198871615
0.00020116296
0.000202870916
0.000204104019
0.000204957478
0.00020551464
0.000205848266
0.000206021498
0.000206088818
0.000206101037
-0.000594871983
-0.00045279263
-0.000361454382
-0.000279327647
-0.000207603859
-0.000145246628
-9.11424823e-05
-4.4294177e-05
-3.8312876e-06
3.10175399e-05
6.0936751e-05
8.6535715e-05
0.000108354727
0.000126859675
0.000142475448
0.000155586583
0.000166521617
0.0001755739
0.000183004337
0.000189043854
0.00019389657
0.00019774281
0.000200741736
0.000203033652
0.000204742066
0.000205975519
0.000206829222
0.000207386523
0.00020772018
0.000207893355
0.000207960618
0.000207972506
-0.000593037709
-0.000450961794
-0.000359621097
-0.000277503034
-0.000205771666
-0.000143410948
-8.93046651e-05
-4.24540627e-05
-1.98859514e-06
3.28628215e-05
6.27844474e-05
8.83852319e-05
0.000110205807
0.000128715498
0.000144336335
0.00015744942
0.000168385835
0.000177439536
0.000184871306
0.000190911978
0.000195765657
0.000199612666
0.000202612162
0.00020490445
0.000206613035
0.000207846458
0.000208699931
0.000209256796
0.000209589804
0.000209762175
0.00020982872
0.000209839202
-0.000591195887
-0.000449126619
-0.000357772577
-0.000275688606
-0.000203940945
-0.000141575506
-8.74678484e-05
-4.06154181e-05
-1.47489366e-07
3.47066404e-05
6.4631041e-05
9.02336804e-05
0.000112053508
0.000130568636
0.000146197782
0.000159313258
0.000170250979
0.000179306189
0.000186739465
0.000192781447
0.000197636187
0.000201483994
0.000204484014
0.000206776541
0.000208485075
0.000209718156
0.000210570994
0.00021112693
0.000211458705
0.000211629552
0.000211694465
0.000211703125
-0.000589351821
-0.000447291702
-0.000355922302
-0.000273877266
-0.000202114508
-0.000139743246
-8.56341813e-05
-3.8779763e-05
1.69115107e-06
3.65488995e-05
6.64775276e-05
9.20836543e-05
0.000113901251
0.000132418975
0.000148056893
0.000161176602
0.000172116831
0.000181174334
0.000188609708
0.000194653454
0.000199509579
0.000203358389
0.000206359024
0.000208651774
0.000210360139
0.00021159266
0.000212444554
0.000212999165
0.00021332922
0.000213497904
0.000213560306
0.000213566916
-0.000587512071
-0.000445462452
-0.000354082069
-0.000272068245
-0.000200295384
-0.000137918029
-8.38067586e-05
-3.69495639e-05
3.52527252e-06
3.83877103e-05
6.83216749e-05
9.39325427e-05
0.000115750091
0.000134270326
0.000149916027
0.000163041181
0.00017398515
0.000183045855
0.000190484035
0.000196530114
0.000201388068
0.000205238199
0.000208239649
0.00021053271
0.000212240888
0.00021347273
0.000214323466
0.000214876452
0.000215204403
0.00021537044
0.000215429728
0.00021543369
-0.000585684075
-0.000443645461
-0.000352258096
-0.000270268059
-0.000198487921
-0.000136104114
-8.19891856e-05
-3.5127716e-05
5.3525453e-06
4.02211124e-05
7.01615623e-05
9.57782354e-05
0.000117598939
0.000136124614
0.000151778657
0.000164909867
0.000175858454
0.000184923233
0.000192364998
0.000198414082
0.000203274421
0.000207126311
0.000210128895
0.000212422474
0.00021413056
0.000215361716
0.000216211193
0.000216762368
0.000217087948
0.000217250985
0.000217306704
0.000217307528
-0.000583876209
-0.000441848515
-0.00035045666
-0.000268484164
-0.000196697403
-0.000134306072
-8.0185282e-05
-3.33171755e-05
7.17087697e-06
4.20479227e-05
7.19971083e-05
9.76217789e-05
0.000119448134
0.000137981506
0.000153645394
0.000166783986
0.000177738547
0.000186808653
0.000194255102
0.00020030813
0.00020517164
0.000209025925
0.00021203014
0.000214324599
0.000216032837
0.000217263442
0.000218111694
0.000218661004
0.00021898408
0.000219143907
0.000219195755
0.000219193097
-0.000582097655
-0.000440080203
-0.000348684891
-0.000266724192
-0.000194929805
-0.000132528909
-7.83992036e-05
-3.1521205e-05
8.97788929e-06
4.38666209e-05
7.38276573e-05
9.94633555e-05
0.000121298408
0.00013984191
0.000155517331
0.000168665051
0.000179627411
0.0001887045
0.000196157071
0.000202215277
0.000207082997
0.000210940539
0.00021394708
0.000216242965
0.000217951767
0.000219182112
0.000220029328
0.000220576871
0.000220897465
0.00022105403
0.000221101877
0.000221095555
-0.000580358232
-0.000438349647
-0.000346950561
-0.000264995924
-0.000193191531
-0.000130777955
-7.66353486e-05
-2.97432643e-05
1.07710442e-05
4.56755522e-05
7.56524093e-05
0.000101303068
0.000123150774
0.000141707014
0.000157395481
0.000170554432
0.000181526998
0.000190613216
0.00019807374
0.000204138685
0.000209011943
0.00021287385
0.000215883633
0.000218181689
0.00021989165
0.000221122206
0.000221968746
0.000222514793
0.0002228331
0.000222986535
0.000223030451
0.000223020467
-0.00057866817
-0.000436666276
-0.000345261816
-0.000263307177
-0.000191489147
-0.000129058682
-7.48982131e-05
-2.79868753e-05
1.25478048e-05
4.74731861e-05
7.74709905e-05
0.00010314214
0.000125008175
0.000143578074
0.00015927897
0.000172452229
0.000183438681
0.000192537002
0.000200007855
0.000206081517
0.000210961973
0.000214829635
0.000217843813
0.000220144999
0.000221856915
0.000223088343
0.000223934761
0.000224479775
0.000224796191
0.000224946844
0.000224987133
0.000224973703
-0.00057703783
-0.000435039541
-0.000343626884
-0.000261665596
-0.000189829163
-0.000127376559
-7.31923452e-05
-2.62557089e-05
1.43053372e-05
4.92574729e-05
7.92820839e-05
0.000104980149
0.000126871687
0.00014545689
0.000161169368
0.000174360396
0.00018536493
0.000194478763
0.000201962642
0.000208047251
0.000212936782
0.000216811784
0.000219831698
0.000222137153
0.000223852001
0.000225085148
0.00022593219
0.000226476844
0.000226791988
0.000226940454
0.000226977697
0.000226961287
-0.000575477313
-0.000433478552
-0.000342053709
-0.000260078379
-0.000188217737
-0.000125736818
-7.15222057e-05
-2.45536061e-05
1.60402117e-05
5.10249816e-05
8.10813581e-05
0.000106810993
0.000128737164
0.00014734894
0.000163075882
0.000176284332
0.000187309904
0.000196442424
0.000203941949
0.000210039695
0.000214940193
0.00021882418
0.000221851265
0.000224162248
0.00022588115
0.000227117034
0.000227965641
0.000228510821
0.000228825553
0.000228972701
0.000229007794
0.000228989159
-0.000573995984
-0.000431991613
-0.000340549492
-0.000258551814
-0.000186660172
-0.000124143854
-6.98913746e-05
-2.28834223e-05
1.77501884e-05
5.27739729e-05
8.28673741e-05
0.000108633038
0.000130602332
0.000149253773
0.00016500083
0.000178227043
0.000189276822
0.000198431085
0.000205948844
0.000212061953
0.000216975376
0.000220870079
0.000223905879
0.000226223786
0.000227948023
0.000229187843
0.000230039163
0.000230585989
0.000230901432
0.000231048431
0.000231082613
0.000231062819
-0.000572601979
-0.000430585739
-0.000339120254
-0.000257090835
-0.000185160482
-0.000122600826
-6.83021686e-05
-2.12466428e-05
1.94346412e-05
5.45049642e-05
8.46425198e-05
0.000110449872
0.000132463036
0.000151159919
0.000166941282
0.000180193955
0.000191270456
0.000200448135
0.000207986121
0.000214116626
0.000219044859
0.000222952008
0.000225998121
0.000228324445
0.000230055439
0.000231300571
0.00023215596
0.000232705795
0.000233023343
0.000233171678
0.000233206543
0.000233186979
-0.000571301732
-0.000429266173
-0.000337770448
-0.000255698581
-0.000183721073
-0.000121109491
-6.6755667e-05
-1.96436854e-05
2.10937988e-05
5.62189233e-05
8.64088176e-05
0.000112264875
0.000134322534
0.000153066252
0.000168894224
0.000182184212
0.000193290459
0.000202493596
0.000210054116
0.000216204296
0.000221149431
0.000225070933
0.00022812913
0.000230465548
0.000232204913
0.000233456947
0.000234318
0.000234872468
0.000235193811
0.000235345295
0.00023538281
0.000235365195
-0.000570099439
-0.000428035777
-0.000336502606
-0.000254375879
-0.000182342383
-0.000119669989
-6.52516088e-05
-1.80739222e-05
2.2728574e-05
5.79168562e-05
8.81671718e-05
0.000114079854
0.000136188749
0.00015498046
0.000170857283
0.000184191243
0.000195332137
0.000204564623
0.000212150948
0.000218323616
0.000223288104
0.000227226148
0.000230298436
0.00023264684
0.000234396408
0.000235657165
0.000236525729
0.000237086736
0.000237413873
0.000237570669
0.000237613189
0.000237599581
-0.000568996397
-0.000426894258
-0.000335317538
-0.00025312028
-0.000181022363
-0.000118280715
-6.37882621e-05
-1.65354576e-05
2.43408284e-05
5.96002137e-05
8.99182044e-05
0.000115894301
0.00013806079
0.000156903893
0.000172832858
0.000186215374
0.000197394485
0.000206659813
0.000214275017
0.000220472832
0.00022545903
0.000229415768
0.000232504168
0.00023486651
0.000236628224
0.000237899696
0.000238777828
0.000239347526
0.000239682755
0.000239847394
0.000239897689
0.000239890506
-0.000567990239
-0.000425837759
-0.000334216465
-0.000251921542
-0.000179753568
-0.000116936897
-6.23609938e-05
-1.50239805e-05
2.59323241e-05
6.12710971e-05
9.16636297e-05
0.000117708881
0.000139938128
0.000158836377
0.000174821602
0.000188256333
0.000199475748
0.000208776609
0.000216423278
0.000222648536
0.000227658528
0.000231635926
0.000234742371
0.000237120662
0.000238896647
0.000240180875
0.000241070882
0.000241651784
0.000241997755
0.000242173131
0.00024223436
0.000242236352
-0.000567074065
-0.000424859711
-0.00033319722
-0.00025075669
-0.000178519239
-0.000115625112
-6.09569114e-05
-1.3530231e-05
2.74939946e-05
6.29256897e-05
9.34015907e-05
0.00011952289
0.000141820913
0.000160776051
0.000176819451
0.000190310141
0.000201571904
0.000210910653
0.000218590948
0.000224845585
0.000229881193
0.000233881057
0.000237007464
0.000239404041
0.000241197062
0.000242493202
0.000243396901
0.00024399236
0.000244352318
0.000244541786
0.000244617421
0.000244631514
-0.000566233788
-0.0004239471
-0.000332188892
-0.000249682131
-0.000177346927
-0.000114347644
-5.95813018e-05
-1.20564431e-05
2.90815919e-05
6.45937508e-05
9.51499842e-05
0.000121348897
0.000143719418
0.000162726754
0.000178821803
0.000192370787
0.000203677999
0.000213056117
0.000220771033
0.000227056018
0.000232118252
0.000236141669
0.00023928912
0.000241704508
0.000243514683
0.000244831094
0.000245752052
0.000246363312
0.000246739701
0.0002469466
0.000247041228
0.000247072914
-0.000565448697
-0.000423078135
-0.000331186513
-0.000248646262
-0.000176187719
-0.000113071268
-5.82022641e-05
-1.05791358e-05
3.06558173e-05
6.62572402e-05
9.68973282e-05
0.000123175553
0.000145622266
0.000164684552
0.000180829639
0.000194435784
0.000205788511
0.000215205515
0.000222954656
0.000229269905
0.000234359024
0.000238406602
0.000241576129
0.000244012066
0.000245841834
0.000247177588
0.000248117746
0.000248748453
0.000249144976
0.000249373393
0.000249491704
0.000249545188
-0.000564692519
-0.000422224546
-0.00033020502
-0.000247589061
-0.000175013918
-0.000111784008
-5.68107661e-05
-9.08866545e-06
3.22403125e-05
6.79290881e-05
9.86474719e-05
0.000124996142
0.000147523066
0.000166664855
0.00018285869
0.000196502066
0.000207895641
0.000217349079
0.000225130232
0.000231474006
0.000236588906
0.000240660157
0.000243851872
0.000246309118
0.000248159864
0.000249516739
0.000250478575
0.000251131819
0.000251552123
0.000251806464
0.000251953396
0.000252032068
-0.000563926994
-0.000421347682
-0.000329200825
-0.000246487321
-0.000173798352
-0.000110458466
-5.53826453e-05
-7.56383631e-06
3.38562572e-05
6.96303013e-05
0.000100427708
0.000126846175
0.000149431967
0.000168631034
0.000184866512
0.000198541489
0.000209975358
0.000219465061
0.000227277065
0.00023364786
0.000238787235
0.000242881293
0.000246094881
0.000248573734
0.000250446415
0.000251826054
0.00025281188
0.000253490634
0.000253938397
0.00025422317
0.000254403987
0.000254512538
-0.000563101547
-0.000420402473
-0.000328123759
-0.000245305391
-0.000172506267
-0.000109062308
-5.38908646e-05
-5.98379464e-06
3.55179478e-05
7.13680065e-05
0.000102237246
0.000128718069
0.000151331295
0.000170563544
0.000186849929
0.000200559113
0.000212024772
0.000221542686
0.000229379396
0.00023577239
0.000240932474
0.000245046589
0.000248280305
0.000250779993
0.000252674771
0.000254078241
0.000255089984
0.000255797
0.000256275792
0.000256595465
0.000256815523
0.000256959131
-0.000562152189
-0.000419360891
-0.000326903059
-0.000243992756
-0.000171096824
-0.000107559139
-5.23050172e-05
-4.32587165e-06
3.72388148e-05
7.31431418e-05
0.000104058125
0.000130577733
0.000153222553
0.000172498014
0.00018882557
0.00020255401
0.000214033589
0.00022356555
0.000231416321
0.000237823306
0.000242997761
0.000247127207
0.000250377768
0.000252896321
0.000254812436
0.00025624009
0.000257279146
0.000258016786
0.000258529904
0.000258888784
0.000259153391
0.000259337154
-0.000561015237
-0.000418291382
-0.000325368411
-0.000242461471
-0.000169515419
-0.000105902438
-5.05847267e-05
-2.5562503e-06
3.90473036e-05
7.49816913e-05
0.000105918529
0.000132455444
0.000155125973
0.000174417489
0.000190746136
0.000204479426
0.000215962738
0.00022549819
0.000233353101
0.000239765522
0.000244947291
0.000249086485
0.000252349735
0.000254884358
0.0002568203
0.000258271842
0.000259339039
0.000260109178
0.000260659499
0.000261061528
0.000261375671
0.000261604392
-0.000559602744
-0.000416989547
-0.000323543435
-0.000240665685
-0.000167701461
-0.000104039764
-4.86870455e-05
-6.40574386e-07
4.09695913e-05
7.69026696e-05
0.000107832569
0.000134359793
0.000157019872
0.0001762912
0.000192597437
0.000206316299
0.000217786822
0.000227310726
0.000235156467
0.000241562973
0.000246742665
0.000250884081
0.000254154236
0.000256700769
0.000258653877
0.000260128017
0.000261223322
0.00026202707
0.000262616772
0.00026306523
0.000263433262
0.00026371119
-0.000557822803
-0.000415296578
-0.000321381882
-0.000238542621
-0.000165585683
-0.000101911607
-4.65643722e-05
1.45760475e-06
4.30311844e-05
7.89202541e-05
0.000109801833
0.000136278986
0.000158888959
0.000178110387
0.000194369448
0.000208046014
0.000219478996
0.00022897047
0.00023678946
0.000243175337
0.000248340832
0.000252474704
0.000255744129
0.000258296848
0.000260263112
0.000261757377
0.000262879685
0.000263717157
0.000264347467
0.000264844679
0.000265269973
0.000265600503
-0.000555571302
-0.000413107083
-0.000318786359
-0.000236006166
-0.000163091924
-9.94536125e-05
-4.41647014e-05
3.77827521e-06
4.52605614e-05
8.10520186e-05
0.000111833816
0.000138212255
0.000160727054
0.000179858643
0.00019603478
0.000209636518
0.000221003403
0.000230437895
0.000238209244
0.000244556918
0.000249693645
0.000253808106
0.000257067343
0.000259618924
0.000261592899
0.00026310349
0.000264250444
0.000265120534
0.000265791456
0.000266338463
0.00026682302
0.000267208343
-0.000552728507
-0.000410310229
-0.00031565071
-0.000232961309
-0.000160138632
-9.65975042e-05
-4.14331164e-05
6.36313095e-06
4.7686688e-05
8.3314963e-05
0.00011393456
0.000140155949
0.000162521995
0.000181515376
0.000197565421
0.00021105417
0.000222321656
0.000231670462
0.000239369715
0.000245658597
0.000250749431
0.000254830429
0.000258068119
0.000260609546
0.000262584233
0.00026410588
0.000265273673
0.000266173818
0.000266883843
0.000267480061
0.000268024074
0.000268464742
-0.000549162219
-0.000406783826
-0.000311861028
-0.00022930705
-0.000156639323
-9.32714601e-05
-3.83125176e-05
9.25483947e-06
5.03384708e-05
8.57251878e-05
0.000116108497
0.000142104072
0.000164258572
0.000183057252
0.000198931026
0.000212262727
0.000223392557
0.000232622821
0.000240222056
0.000246428649
0.000251454011
0.000255485379
0.000258688298
0.000261208847
0.000263175626
0.00026470145
0.000265884638
0.000266810562
0.000267556395
0.0002681993
0.000268800523
0.000269293793
-0.000544730116
-0.000402396768
-0.000307296362
-0.000224937258
-0.00015250375
-8.94013399e-05
-3.47447947e-05
1.2495992e-05
5.3243891e-05
8.82972392e-05
0.000118358072
0.000144048364
0.000165919201
0.000184458662
0.000200099178
0.000213224078
0.000224173284
0.000233248268
0.000240716361
0.000246814514
0.000251752587
0.00025571623
0.000258869426
0.000261356758
0.000263305427
0.000264826945
0.000266018391
0.000266964008
0.000267740408
0.000268425407
0.000269078849
0.000269615899
-0.00053928177
-0.00039701112
-0.000301830649
-0.000219742339
-0.00014763962
-8.49122862e-05
-3.06722438e-05
1.61279234e-05
5.64290935e-05
9.10435058e-05
0.000120683478
0.000145978413
0.000167484399
0.000185692484
0.000201036419
0.000213899575
0.000224620978
0.000233500542
0.000240803613
0.000246764913
0.00025159197
0.000255468106
0.00025855505
0.00026099526
0.000262913971
0.0002644209
0.000265611473
0.000266568349
0.000267366846
0.000268084993
0.000268785277
0.000269376991
-0.000532661005
-0.000390484324
-0.000295335058
-0.000213611378
-0.00014195462
-7.9730576e-05
-2.60391646e-05
2.0189419e-05
5.9917451e-05
9.39736758e-05
0.000123082533
0.000147881953
0.00016893351
0.000186731203
0.00020170972
0.000214251832
0.000224694849
0.000233336211
0.000240438321
0.000246232717
0.000250923672
0.000254691312
0.000257694319
0.000260072307
0.000261947907
0.000263428489
0.00026460736
0.000265565288
0.000266376081
0.000267117059
0.000267850073
0.000268479572
-0.000524708656
-0.000382671788
-0.000287680665
-0.000206434627
-0.000135358749
-7.37857244e-05
-2.07936609e-05
2.47152918e-05
6.37285766e-05
9.70942272e-05
0.000125550668
0.000149745363
0.000170245677
0.000187548329
0.000202088317
0.000214246923
0.000224358689
0.000232717447
0.000239581501
0.000245178075
0.000249707116
0.00025334456
0.000256245133
0.000258544798
0.000260362868
0.000261803737
0.000262958066
0.000263904341
0.000264714696
0.000265465437
0.000266215524
0.000266856879
-0.000515265682
-0.0003734298
-0.00027874146
-0.000198106347
-0.000127766967
-6.70128622e-05
-1.48896662e-05
2.97347898e-05
6.78772351e-05
0.000100407892
0.000128080967
0.000151554278
0.000171401017
0.000188120088
0.000202145867
0.00021385696
0.000223583817
0.000231615286
0.00023820421
0.000243572195
0.000247913643
0.000251399181
0.000254178581
0.000256383261
0.000258128441
0.00025951488
0.000260630049
0.000261549663
0.000262343554
0.000263086184
0.000263834691
0.000264477663
-0.000504176609
-0.000362618723
-0.000268397705
-0.000188528015
-0.00011910217
-5.93553993e-05
-8.28924567e-06
3.52697514e-05
7.23720509e-05
0.000103912983
0.000130664147
0.000153294213
0.000172381858
0.000188427233
0.000201862771
0.000213062862
0.00022235223
0.000230013104
0.000236291291
0.000241401301
0.000245530638
0.000248843407
0.000251483346
0.000253576396
0.000255232876
0.000256549199
0.000257609073
0.000258485005
0.000259244003
0.000259957841
0.000260681553
0.000261305647
-0.000491293179
-0.00035010634
-0.000256539563
-0.000177611886
-0.000109298448
-5.07679333e-05
-9.65198278e-07
4.13324143e-05
7.72138709e-05
0.000107602415
0.00013328828
0.000154951001
0.000173173858
0.000188456785
0.00020122847
0.000211857132
0.000220659791
0.000227910148
0.000233845187
0.000238670686
0.000242565789
0.000245686789
0.000248170282
0.000250135744
0.000251687722
0.000252917563
0.000253904668
0.000254717941
0.000255421078
0.000256082206
0.000256753762
0.00025733411
-0.000476477913
-0.000335771011
-0.000243070822
-0.000165285061
-9.83050545e-05
-4.12198221e-05
7.09559755e-06
4.79224835e-05
8.23934384e-05
0.000111462104
0.000135937985
0.000156510767
0.000173766716
0.000188203403
0.000200243385
0.000210246269
0.00021851902
0.000225324611
0.000230889209
0.000235408091
0.00023905049
0.00024196358
0.000244275676
0.000246098843
0.000247531071
0.000248657909
0.000249553773
0.000250283848
0.000250908038
0.000251489783
0.00025207839
0.000252586836
-0.000459606988
-0.000319504472
-0.000227914376
-0.000151497781
-8.60930282e-05
-3.06994742e-05
1.58869934e-05
5.50221533e-05
8.78874291e-05
0.000115468095
0.000138592579
0.000157959044
0.000174154164
0.000187670155
0.000198920356
0.000208252801
0.000215961655
0.000222296717
0.000227471195
0.000231668029
0.00023504501
0.000237738919
0.000239868854
0.00024153889
0.000242839438
0.000243847873
0.000244632775
0.000245257771
0.000245776903
0.000246248984
0.00024672015
0.000247125502
-0.000440569311
-0.00030121293
-0.000211024395
-0.000136245338
-7.26519259e-05
-1.91958052e-05
2.53846598e-05
6.25917748e-05
9.36541362e-05
0.000119583044
0.000141223377
0.00015927894
0.00017433297
0.000186868211
0.000197284873
0.000205915859
0.000213039388
0.000218889359
0.000223663698
0.000227531029
0.000230635889
0.000233102841
0.000235040306
0.000236544759
0.00023769938
0.000238557513
0.000239215996
0.000239732351
0.000240125269
0.000240458296
0.000240775844
0.000241044194
-0.000419248746
-0.000280799129
-0.000192374802
-0.00011956379
-5.7933787e-05
-6.63753848e-06
3.55470043e-05
7.05680911e-05
9.96306717e-05
0.000123752814
0.00014379071
0.000160448883
0.000174301315
0.000185815765
0.000195374425
0.000203290822
0.000209823804
0.000215188451
0.000219565002
0.000223105843
0.000225940371
0.000228179007
0.000229916665
0.000231248284
0.00023229904
0.000233073593
0.000233547642
0.000233848768
0.000234077868
0.000234248765
0.000234380603
0.000234478049
-0.000395503931
-0.00025811432
-0.000171839497
-0.000101296668
-4.21234381e-05
6.54813239e-06
4.61255132e-05
7.87970147e-05
0.000105694047
0.000127877975
0.000146227692
0.0001614337
0.000174053577
0.000184535149
0.000193237572
0.00020045002
0.000206409596
0.000211309854
0.000215311143
0.000218548406
0.000221136755
0.000223176069
0.000224753624
0.000225930505
0.000226712558
0.000227241381
0.000227654175
0.000227894203
0.000227954847
0.000227910119
0.000227807756
0.000227700829
-0.000369313791
-0.000233137423
-0.00014957103
-8.15338528e-05
-2.55643833e-05
2.00942769e-05
5.7092044e-05
8.71120142e-05
0.000111700425
0.000131813847
0.000148443151
0.000162185314
0.000173578402
0.000183047957
0.00019092506
0.000197471151
0.00020289567
0.000207368146
0.000211027553
0.000213989457
0.000216351553
0.000218197432
0.000219599445
0.000220618702
0.000221309315
0.000221740608
0.000221939478
0.000221939689
0.000221796893
0.000221531664
0.000221171
0.000220825315
-0.000340649087
-0.000205809358
-0.000125741749
-6.04225562e-05
-8.09023679e-06
3.38441627e-05
6.79726923e-05
9.53077735e-05
0.000117443038
0.000135513025
0.000150371305
0.000162656968
0.000172866609
0.000181382872
0.000188500146
0.000194447
0.000199403125
0.000203511738
0.000206888736
0.000209629519
0.000211814113
0.000213510456
0.000214777636
0.000215667611
0.000216227607
0.000216502882
0.000216536174
0.000216360273
0.000216006554
0.000215490377
0.000214835185
0.000214218689
-0.000309513031
-0.000176409991
-0.000100545941
-3.87042876e-05
9.95117108e-06
4.81538008e-05
7.86921844e-05
0.000103073891
0.000122709922
0.000138698854
0.000151850651
0.000162764957
0.000171888556
0.000179555777
0.000186018384
0.000191467905
0.000196052037
0.000199886524
0.000203063708
0.000205658711
0.000207733962
0.000209342643
0.000210530617
0.000211338444
0.000211803457
0.000211960472
0.000211843234
0.000211483935
0.000210908084
0.000210121167
0.000209142706
0.000208226406
-0.000275798944
-0.000145528425
-7.36997583e-05
-1.64995697e-05
2.7746178e-05
6.19532822e-05
8.87840893e-05
0.000110067655
0.000127188253
0.000141165348
0.000152734304
0.000162423546
0.000170614496
0.000177584539
0.000183537509
0.000188625245
0.000192962716
0.000196638571
0.00019972247
0.000202270234
0.000204327508
0.000205932426
0.000207117597
0.000207911869
0.000208340882
0.000208429119
0.000208201554
0.000207684325
0.000206896503
0.000205831763
0.000204503973
0.000203257076
-0.000239285865
-0.000113208473
-4.55479597e-05
5.78621138e-06
4.4720073e-05
7.44647973e-05
9.75078634e-05
0.000115737118
0.000130477372
0.000142639024
0.000152848776
0.000161540356
0.00016901642
0.000175490884
0.00018111754
0.000186009161
0.000190250179
0.000193905054
0.000197023784
0.000199645579
0.000201801421
0.000203515962
0.000204808903
0.000205695907
0.000206189421
0.00020630006
0.000206039249
0.000205421007
0.000204452247
0.000203109755
0.000201406774
0.000199787676
-0.000199685202
-7.91730835e-05
-1.7290077e-05
2.71750852e-05
6.01270364e-05
8.49733896e-05
0.000104202508
0.000119570137
0.000132223221
0.000142899086
0.000152077967
0.000160077875
0.000167113346
0.000173333054
0.000178843445
0.000183723235
0.000188032369
0.000191817462
0.000195114928
0.000197952693
0.000200351377
0.000202325548
0.000203884457
0.000205031184
0.000205762408
0.000206067653
0.000205930885
0.000205343058
0.000204286426
0.000202700433
0.000200574559
0.000198500725
-0.000156253012
-4.34455511e-05
1.01052562e-05
4.62734919e-05
7.25359413e-05
9.24174165e-05
0.000108134094
0.000121103511
0.000132173143
0.000141844828
0.000150424123
0.000158104062
0.000165011153
0.000171234645
0.000176842755
0.000181890044
0.000186421706
0.00019047588
0.000194084074
0.000197270086
0.000200049643
0.000202434397
0.000204434164
0.000206044733
0.000207254272
0.000208037561
0.000208321645
0.000208040505
0.00020712802
0.000205446063
0.00020287855
0.000200262048
-0.000107439446
-6.95954392e-06
3.45271181e-05
6.10017594e-05
8.03944846e-05
9.5811425e-05
0.000108789301
0.000120163112
0.000130370352
0.000139644322
0.000148116794
0.000155869782
0.000162954481
0.000169415648
0.000175301275
0.000180658041
0.000185531438
0.000189966889
0.000194008924
0.000197694378
0.000201044125
0.000204089724
0.000206880526
0.000209401129
0.000211625107
0.000213569048
0.000215047495
0.000215787865
0.000215620643
0.000214323686
0.000211483865
0.000208438695
-4.24566117e-05
2.91305989e-05
5.17421414e-05
6.76972284e-05
8.12781833e-05
9.37781578e-05
0.000105534486
0.000116609998
0.00012699461
0.000136679032
0.000145665086
0.000153946354
0.00016152489
0.000168437056
0.000174737351
0.000180479893
0.000185721709
0.000190529283
0.000194984146
0.000199158151
0.00020303814
0.000206574221
0.000209880139
0.000213282663
0.000217066204
0.000220850027
0.000223678652
0.000225483988
0.000227043024
0.000228190157
0.000227837504
0.00022577683
6.46120262e-05
6.48626875e-05
6.23758218e-05
6.80879798e-05
7.77932301e-05
8.91343005e-05
0.000100943493
0.000112572313
0.000123663111
0.000134102264
0.000143880029
0.000152904951
0.000161080163
0.000168464076
0.000175161402
0.000181237459
0.000186754726
0.000191794579
0.000196498914
0.000201024457
0.000205401775
0.000209573467
0.000213608634
0.000217814852
0.00022289636
0.000229750771
0.000238626518
0.00025012724
0.000265206201
0.000285366486
0.000314261849
0.000349257676
)
;

boundaryField
{
    inner_wall
    {
        type            zeroGradient;
    }
    outer_wall
    {
        type            zeroGradient;
    }
    top
    {
        type            zeroGradient;
    }
    bottom
    {
        type            fixedValue;
        value           uniform 0;
    }
    front
    {
        type            wedge;
    }
    back
    {
        type            wedge;
    }
}


// ************************************************************************* //
