/*--------------------------------*- C++ -*----------------------------------*\
| =========                 |                                                 |
| \\      /  F ield         | OpenFOAM: The Open Source CFD Toolbox           |
|  \\    /   O peration     | Version:  2506                                  |
|   \\  /    A nd           | Website:  www.openfoam.com                      |
|    \\/     M anipulation  |                                                 |
\*---------------------------------------------------------------------------*/
FoamFile
{
    version     2.0;
    format      ascii;
    arch        "LSB;label=32;scalar=64";
    class       volScalarField;
    location    "274";
    object      C;
}
// * * * * * * * * * * * * * * * * * * * * * * * * * * * * * * * * * * * * * //

dimensions      [0 0 0 0 0 0 0];

internalField   nonuniform List<scalar> 
3072
(
2.20046936e-09
-3.20308665e-07
-1.41463622e-06
2.04358602e-05
6.16494614e-05
-8.47997813e-05
-0.000703782287
-0.00179259524
-0.00318922596
-0.00501890016
-0.00817101661
-0.0184149857
-0.0375052504
-0.0524372329
-0.0157899465
0.143532471
0.433826886
0.746603534
0.959136979
1.03533309
1.02864688
1.00650108
0.997235608
0.99795612
1.00159405
1.00577856
1.00759932
1.00174279
0.979075732
0.900196746
0.678250087
0.261535491
-1.59325029e-09
2.1990705e-07
1.13274593e-05
-1.67496583e-05
-0.000250830681
-0.000373227222
0.000759245464
0.00379996583
0.00756941168
0.00950035438
0.00661546113
-0.00350055747
-0.0256941642
-0.0514688814
-0.0240860454
0.140493751
0.444259406
0.76451454
0.97144382
1.0374012
1.02571636
1.00429094
0.996895964
0.99832329
1.00199192
1.00610906
1.00761356
1.00110137
0.977470594
0.896756518
0.673022467
0.257468594
9.42836603e-09
2.54994053e-06
-2.32332809e-06
-0.000161305045
-0.00019241399
0.00167045432
0.00668270126
0.0125600354
0.0156914599
0.015565923
0.0137504206
0.00710303581
-0.0142528086
-0.0486379276
-0.0308988655
0.135394706
0.447577762
0.772889608
0.977107783
1.03781974
1.02400049
1.00328815
0.996846342
0.998531098
1.00218516
1.00626659
1.00760419
1.00080299
0.976903699
0.896063275
0.673268456
0.260286485
1.36604139e-08
3.49933231e-06
-2.17112791e-05
-0.000261413008
0.00018531958
0.004065317
0.0111323508
0.0161829833
0.0166574974
0.0158728026
0.0142609743
0.0120934015
-0.00629727168
-0.0463043708
-0.0327412361
0.140644031
0.462881512
0.790058925
0.98609382
1.03814571
1.02154256
1.00198749
0.99680422
0.998797804
1.00243217
1.00646536
1.00758759
1.00042677
0.976178743
0.895023973
0.672792095
0.262748083
8.35404568e-10
3.87511472e-06
-2.35386849e-05
-0.000280227403
0.000255294532
0.00464403943
0.0123971114
0.0173670015
0.0177480772
0.0168097754
0.0132021382
0.0119684472
-0.00745244174
-0.0476664174
-0.0229740938
0.169878002
0.503828657
0.822434854
0.999021045
1.03746461
1.01801364
1.00051371
0.996875734
0.999138283
1.0027318
1.00669806
1.00753609
0.99993736
0.975248113
0.893623138
0.671944521
0.265666071
-1.02516269e-07
4.17482162e-06
-1.54041315e-05
-0.000268618963
3.36707736e-05
0.00351238489
0.0100628259
0.0149262417
0.0168020222
0.0146538738
0.0118939117
0.00888094118
-0.0162281137
-0.0505702022
0.00561006981
0.237217246
0.581160891
0.873845127
1.01541057
1.03465576
1.01298455
0.99886633
0.997123762
0.999604132
1.00314426
1.00700619
1.00741293
0.999180661
0.973751078
0.891007383
0.669213905
0.26740216
-1.43666772e-08
4.46837637e-06
-2.03383229e-06
-0.000225086043
-0.000230283522
0.00174815191
0.00590588212
0.00950630656
0.0108267482
0.00909745448
0.00849250971
0.000499946586
-0.0319039792
-0.0435557132
0.0734215
0.35644668
0.695353063
0.937451034
1.02977355
1.02818375
1.00688736
0.997499127
0.997644691
1.00019978
1.00370021
1.00739592
1.0071528
0.998020506
0.971429484
0.886656561
0.663887026
0.267300072
-1.05486847e-06
2.95170691e-06
9.70404705e-06
-0.000156047342
-0.000345476453
0.000382561614
0.00224099857
0.00408454891
0.00433059197
0.0043529232
0.00291916027
-0.0168564394
-0.0443899582
0.00373116154
0.209003475
0.532145136
0.83059501
0.996079264
1.03455452
1.01788857
1.0011556
0.996980654
0.998431761
1.00090055
1.00442458
1.0078406
1.00665508
0.996310856
0.968037722
0.880112029
0.655379626
0.26481948
3.23980055e-06
6.64951153e-06
2.33237543e-05
-7.3982918e-05
-0.000285816469
-0.000224803238
0.000254717922
0.000707996614
0.00095534008
0.00118708947
-0.0114427791
-0.0369484511
-0.0145063435
0.140919516
0.430346445
0.742120099
0.952727737
1.02972076
1.02630318
1.00651834
0.997635122
0.997517115
0.999323057
1.00169752
1.00533512
1.00825993
1.00577701
0.993900802
0.963350165
0.871022178
0.643396146
0.259767419
-1.91048646e-05
-1.95155618e-05
-1.52908905e-06
-3.81462836e-05
-0.000175005544
-0.000297737526
-0.000310078711
-0.000381432456
-0.000115949525
-0.0109181116
-0.0312591242
-0.00773710735
0.134624197
0.403334567
0.706386307
0.928062941
1.02334787
1.03025717
1.01066469
0.99873629
0.997139672
0.998616708
1.00012519
1.00265811
1.00641943
1.00850241
1.00434087
0.990639351
0.957144583
0.859104248
0.627846989
0.252189366
9.71549859e-05
0.000106073821
0.000130418944
0.000113782511
5.24285557e-05
-7.25434741e-05
-0.000139559372
-0.000184381893
-0.0122858889
-0.0238031815
0.0229465325
0.18582342
0.453604972
0.737391393
0.939475735
1.02565879
1.03116757
1.01155216
0.998973925
0.996971426
0.998434671
0.999488761
1.00088079
1.00390767
1.00757657
1.00834163
1.00215947
0.986388281
0.949199551
0.844148731
0.60884269
0.242334619
-0.000544734526
-0.000596490756
-0.000618318322
-0.000484950056
-0.000440362827
4.02007837e-06
-0.00108730385
-0.0132276496
0.00216052452
0.10393609
0.314155815
0.58607059
0.831612773
0.983704577
1.03572495
1.02850447
1.00825935
0.997721812
0.996900773
0.998654439
0.999415441
0.999946447
1.00191949
1.0054805
1.00857095
1.00750979
0.999077894
0.981036024
0.93930254
0.826046298
0.586691881
0.230606393
0.00332049057
0.00362477237
0.00374928865
0.00251526648
0.00163714766
-0.00363312324
0.0122385639
0.108002921
0.300739017
0.552470195
0.792219151
0.958672045
1.03288521
1.03909712
1.01856949
1.00130582
0.995890047
0.997346876
0.999286639
0.999613219
0.999503421
1.0006077
1.00349394
1.0071764
1.0090676
1.00576861
0.99501671
0.974507304
0.927275595
0.804842671
0.561913408
0.217520322
-0.0243178223
-0.0268848672
-0.0268571027
-0.00571893283
0.0709975181
0.226332539
0.445373858
0.678656937
0.873841724
0.997661245
1.04697112
1.04430437
1.02144801
1.00221817
0.994862642
0.995903836
0.998856148
1.00014867
0.999780728
0.999237841
0.999791531
1.00198087
1.00544544
1.00861619
1.00874381
1.00298606
0.989999316
0.966769389
0.913025822
0.78081182
0.535243039
0.203662142
0.328394663
0.422991504
0.559343522
0.719878358
0.865025373
0.975935086
1.04275492
1.06612454
1.05714177
1.03288695
1.00935254
0.995634665
0.992482129
0.995322533
0.998972579
1.00072718
1.00056279
0.99964133
0.99901293
0.999311188
1.00092288
1.0038769
1.00736496
1.00942935
1.00739476
0.99918754
0.984154349
0.957844373
0.896624236
0.754528623
0.507618874
0.189643413
1.02866543
1.0456512
1.05253228
1.04866234
1.03676819
1.02075491
1.00511534
0.993766929
0.988721598
0.989462458
0.993516516
0.997927798
1.0007219
1.00149795
1.00097436
1.0000749
0.999334734
0.998939686
0.999093721
1.00019287
1.00255637
1.00589013
1.00889186
1.00936427
1.00499635
0.994569754
0.977695241
0.947840542
0.878401673
0.726909532
0.480130984
0.176055285
0.99610943
0.993354584
0.991442634
0.990971521
0.991964803
0.994151917
0.996971815
0.999673916
1.00156867
1.00231047
1.0020321
1.00122404
1.00042239
0.999911502
0.999641612
0.999403883
0.999120042
0.999031409
0.999644334
1.00142914
1.0043934
1.00772955
1.0097601
1.00834221
1.00173635
0.989466156
0.970890213
0.937007384
0.859026617
0.699185049
0.453930725
0.163423899
1.00067368
1.00117645
1.00159272
1.00178963
1.00172858
1.00141566
1.0009116
1.00033687
0.999845922
0.999570539
0.999557262
0.999734724
0.999936075
0.999974612
0.999746029
0.999320533
0.998987176
0.999210206
1.00046146
1.00293228
1.00621408
1.00912304
1.00985031
1.00651182
0.997976368
0.984268836
0.964045023
0.925793046
0.839510947
0.672780779
0.430109998
0.152172872
0.999869629
0.999769803
0.999680547
0.999629754
0.99962585
0.999668619
0.999751042
0.999861134
0.999984586
1.00010518
1.00019946
1.00022767
1.00013265
0.999864703
0.999441536
0.999024246
0.99895389
0.99967918
1.00154203
1.00447333
1.00774263
1.0099362
1.00926901
1.00420181
0.994142087
0.979350391
0.957503796
0.914854151
0.821099744
0.649117811
0.409575162
0.142598088
1.00002665
1.00004773
1.00006814
1.00008189
1.00008432
1.00007139
1.00004513
1.0000187
1.00001328
1.00004284
1.00009133
1.00009873
0.999977146
0.999669173
0.999234301
0.998916536
0.999128245
1.00030417
1.00264114
1.00582006
1.00885997
1.01023325
1.00827477
1.00179513
0.990615582
0.975017469
0.951639878
0.904972656
0.805051216
0.6293838
0.392946208
0.134857791
0.999994124
0.999989601
0.999985916
0.999984135
0.999981896
0.999976349
0.999970607
0.999977446
1.00001277
1.00007715
1.00013462
1.00010853
0.999913934
0.999529404
0.999081081
0.998883317
0.999376303
1.00093699
1.00360969
1.00687302
1.00958355
1.0101845
1.00716175
0.999622356
0.987670416
0.971488561
0.946807672
0.896886918
0.792377314
0.614347408
0.380505262
0.128978213
1.00000113
1.00000227
1.00000405
1.00000592
1.00000447
0.999996585
0.999986891
0.999991068
1.00002637
1.00008942
1.00013451
1.00007602
0.999833001
0.999411121
0.998983571
0.998909213
0.99963486
1.00147806
1.00436004
1.00761546
1.01000464
1.00998231
1.00617159
0.997900614
0.98545094
0.968881606
0.943263196
0.891107174
0.78364652
0.60427337
0.372202744
0.12487245
0.999999576
0.999999439
1.00000002
1.00000103
0.999998957
0.999990822
0.999982266
0.999990335
1.00003183
1.00009879
1.00013744
1.0000563
0.999779627
0.99933506
0.99892965
0.998949977
0.999840125
1.00186898
1.00487075
1.0080882
1.01023043
1.00977572
1.0054489
0.996723129
0.983984406
0.967208599
0.941096874
0.887803849
0.778920404
0.598952684
0.36771308
0.122368814
0.999999922
1.00000008
1.00000096
1.00000218
1.00000006
0.999991601
0.999982982
0.999992094
1.00003569
1.00010347
1.00013731
1.0000427
0.999747306
0.99929181
0.998902578
0.998980787
0.99996657
1.00209868
1.00516133
1.00834784
1.01034399
1.0096474
1.00504287
0.996082395
0.983209385
0.966385253
0.940219615
0.886812611
0.777827593
0.597818873
0.36651913
0.12124215
0.999999841
0.999999925
1.00000074
1.00000193
0.999999792
0.999991279
0.999982661
0.999992138
1.00003658
1.00010499
1.0001376
1.00003845
0.999736126
0.999276087
0.998892151
0.998991279
1.00001231
1.00218279
1.00526867
1.00844627
1.01039504
1.00962184
1.00493309
0.995906034
0.98300969
0.966258274
0.940405563
0.887735875
0.779726883
0.600102928
0.368001663
0.121243582
0.99999986
0.999999948
1.00000076
1.000002
0.999999994
0.999991561
0.999982719
0.999991601
1.00003547
1.00010404
1.00013819
1.00004172
0.99974174
0.999281453
0.998892705
0.998982039
0.999990361
1.00214999
1.00523364
1.00842466
1.01040712
1.00968698
1.00506133
0.996090621
0.983243115
0.966634426
0.941356395
0.890086758
0.783904044
0.604978034
0.371494228
0.122109331
0.999999856
0.999999926
1.0000007
1.00000198
1.00000021
0.999992003
0.99998283
0.999990404
1.00003259
1.00010105
1.00013904
1.00005094
0.999760463
0.999303173
0.998901865
0.998958187
0.999917959
1.00203044
1.00509359
1.008315
1.01039069
1.00981765
1.00535982
0.996525341
0.983753728
0.967305335
0.942778353
0.893407748
0.789670977
0.611642452
0.376369534
0.123587193
0.999999859
0.999999914
1.00000065
1.00000197
1.00000048
0.999992602
0.999983074
0.999988956
1.00002873
1.00009665
1.00013955
1.00006321
0.999787129
0.999335887
0.998918438
0.998928019
0.999816387
1.001857
1.00488499
1.00814393
1.01034748
1.00997969
1.00575758
0.99711613
0.984444659
0.968151721
0.944427084
0.89721102
0.796342612
0.619428077
0.382155768
0.125493481
0.999999861
0.9999999
1.00000058
1.00000194
1.00000075
0.999993266
0.999983426
0.999987482
1.00002443
1.00009139
1.00013936
1.0000763
0.999817434
0.999374912
0.998941129
0.998898242
0.999703366
1.0016572
1.00463841
1.00793389
1.01027969
1.01014623
1.00619742
0.997784055
0.985228198
0.969070124
0.946120304
0.901142435
0.803393737
0.627786028
0.388446083
0.127663725
0.999999864
0.999999889
1.00000052
1.0000019
1.00000101
0.999993943
0.999983868
0.999986143
1.00002014
1.00008574
1.00013838
1.00008866
0.999848059
0.999416301
0.998968177
0.998872979
0.999591622
1.00145197
1.00437828
1.00770438
1.01019208
1.01029979
1.00663761
0.998469343
0.986039058
0.969990655
0.947739583
0.90495572
0.810438329
0.636303367
0.394930541
0.12996903
0.999999867
0.999999879
1.00000046
1.00000186
1.00000124
0.999994589
0.999984363
0.999985012
1.00001612
1.00008011
1.00013671
1.00009944
0.999876833
0.999457047
0.998997551
0.998853882
0.999488888
1.00125556
1.00412267
1.00747144
1.01009147
1.01043174
1.00705142
0.999130109
0.986829607
0.970867189
0.949218397
0.908503143
0.817219937
0.644689167
0.401383764
0.132311482
0.99999987
0.999999871
1.00000041
1.00000181
1.00000143
0.999995178
0.999984875
0.999984105
1.00001253
1.00007477
1.00013456
1.00010844
0.999902721
0.999495278
0.999027389
0.998840849
0.999398787
1.00107633
1.00388357
1.00724731
1.00998531
1.01053997
1.00742428
0.999740031
0.987568017
0.971672085
0.950527281
0.9117111
0.823586628
0.652756558
0.407655276
0.134621864
0.999999872
0.999999864
1.00000036
1.00000177
1.00000159
0.999995697
0.999985371
0.999983405
1.00000943
1.00006991
1.00013216
1.00011569
0.999925246
0.99952982
0.999056114
0.998832896
0.999322358
1.00091846
1.00366829
1.00704065
1.0098806
1.01062629
1.00775027
1.00028475
0.988234887
0.97239041
0.951660243
0.914557039
0.82946429
0.660399657
0.413654297
0.136854489
0.999999875
0.999999859
1.00000032
1.00000173
1.00000171
0.999996139
0.999985826
0.999982879
1.00000684
1.00006566
1.00012975
1.00012136
0.999944217
0.999559916
0.999082451
0.998828715
0.999259177
1.00078341
1.00348062
1.00685709
1.00978307
1.01069443
1.008029
1.00075849
0.988820299
0.973015899
0.952624699
0.917050276
0.834832849
0.667572421
0.419335571
0.138982021
0.999999877
0.999999854
1.00000028
1.00000169
1.00000181
0.999996505
0.999986223
0.999982489
1.00000472
1.00006207
1.00012751
1.00012571
0.999959789
0.999585335
0.999105576
0.998826987
0.999207961
1.00067075
1.00332171
1.00669953
1.00969691
1.01074861
1.00826336
1.00116137
0.989321421
0.973548316
0.953435041
0.91921846
0.839708254
0.674272057
0.424688123
0.140991382
0.999999879
0.99999985
1.00000026
1.00000166
1.00000189
0.9999968
0.999986553
0.999982199
1.00000304
1.00005915
1.00012557
1.00012902
0.99997227
0.999606154
0.99912504
0.998826595
0.999167101
1.00057893
1.00319086
1.00656877
1.00962463
1.01079281
1.00845795
1.00149736
0.989740562
0.973991667
0.954108756
0.921098384
0.844129103
0.680526054
0.429726171
0.142880234
0.999999881
0.999999846
1.00000023
1.00000164
1.00000196
0.999997031
0.999986814
0.99998198
1.00000172
1.00005683
1.00012398
1.00013153
0.999982073
0.999622708
0.999140753
0.998826694
0.999134892
1.0005057
1.00308598
1.00646386
1.00956721
1.01083033
1.00861816
1.00177291
0.99008375
0.974353082
0.954664366
0.922730407
0.848147715
0.686383262
0.434482925
0.144654728
0.999999882
0.999999842
1.00000021
1.00000162
1.00000201
0.999997209
0.999987011
0.999981809
1.00000071
1.00005504
1.00012275
1.00013346
0.999989641
0.999635529
0.999152949
0.99882673
0.99910967
1.00044837
1.00300403
1.00638247
1.0095243
1.01086367
1.0087496
1.00199599
0.990359628
0.974641972
0.955120322
0.924154991
0.851823786
0.691907109
0.439005716
0.14632776
0.999999884
0.999999838
1.0000002
1.00000161
1.00000205
0.999997343
0.999987151
0.99998167
0.999999947
1.00005371
1.00012185
1.00013497
0.999995406
0.999645223
0.999162049
0.9988264
0.999089924
1.00040413
1.00294142
1.00632141
1.00949454
1.01089461
1.00885779
1.00217535
0.990578469
0.974869236
0.955494314
0.925410476
0.855219517
0.697169844
0.443351641
0.147917231
0.999999886
0.999999834
1.00000019
1.0000016
1.00000209
0.999997442
0.999987246
0.99998155
0.999999371
1.00005275
1.00012125
1.00013618
0.999999771
0.99965242
0.999168591
0.998825596
0.999074325
1.00037019
1.00289431
1.00627691
1.00947585
1.01092429
1.00894793
1.00231994
0.990751396
0.975046592
0.955802882
0.926531773
0.858396081
0.70224797
0.447584034
0.149444598
0.999999887
0.99999983
1.00000018
1.0000016
1.00000212
0.999997516
0.999987305
0.999981442
0.999998933
1.00005205
1.00012087
1.00013718
1.00000311
0.999657752
0.999173178
0.998824341
0.99906171
1.00034389
1.00285884
1.006245
1.00946576
1.01095338
1.00902484
1.00243866
0.990889798
0.975186024
0.956061184
0.92754968
0.861411139
0.707218718
0.451769723
0.150933804
0.999999889
0.999999826
1.00000017
1.0000016
1.00000215
0.999997573
0.999987341
0.999981341
0.999998585
1.00005153
1.00012065
1.00013807
1.00000578
0.999661833
0.999176434
0.998822746
0.999051056
1.00032269
1.00283121
1.00622163
1.00946159
1.01098221
1.00909296
1.00254001
0.991004899
0.975299355
0.956282893
0.928490593
0.864317154
0.712157407
0.455976943
0.152410505
0.999999891
0.999999822
1.00000016
1.0000016
1.00000217
0.999997622
0.999987365
0.999981244
0.999998284
1.00005111
1.0001205
1.00013888
1.00000809
0.999665245
0.999178978
0.99882097
0.999041462
1.00030425
1.00280784
1.0062029
1.00946062
1.01101089
1.00915633
1.00263199
0.991107438
0.975397928
0.956480146
0.929376439
0.867160212
0.717135328
0.460272608
0.153898334
0.999999893
0.999999818
1.00000015
1.00000161
1.0000022
0.999997671
0.999987388
0.999981148
0.999997991
1.0000507
1.00012037
1.00013968
1.00001031
0.999668527
0.999181396
0.998819195
0.999032142
1.00028644
1.00278537
1.0061851
1.0094602
1.01103938
1.00921855
1.002722
0.991207448
0.975492376
0.956663559
0.930224745
0.869979127
0.722218043
0.464723308
0.155423359
0.999999895
0.999999814
1.00000014
1.00000161
1.00000223
0.999997725
0.99998742
0.999981052
0.999997671
1.00005024
1.00012018
1.00014049
1.00001272
0.999672162
0.99918423
0.998817614
0.999022418
1.00026735
1.00276078
1.00616481
1.00945785
1.01106752
1.00928282
1.00281668
0.991314128
0.975592511
0.956842316
0.9310489
0.872805244
0.727464592
0.469392866
0.157009982
0.999999897
0.99999981
1.00000013
1.0000016
1.00000226
0.999997791
0.999987471
0.999980955
0.999997295
1.00004965
1.00011987
1.00014134
1.00001551
0.999676578
0.999187972
0.998816427
0.999011725
1.0002453
1.00273134
1.00613894
1.00945123
1.01109506
1.0093519
1.00292198
0.991435784
0.975707295
0.957024342
0.931858524
0.875662626
0.732927886
0.474344238
0.158683088
0.9999999
0.999999806
1.00000012
1.0000016
1.00000229
0.999997875
0.999987548
0.999980858
0.999996837
1.00004888
1.00011938
1.00014226
1.00001888
0.999682165
0.999193082
0.998815843
0.998999601
1.00021883
1.00269465
1.00610469
1.0094382
1.01112164
1.00942807
1.00304301
0.991579751
0.975844795
0.957216418
0.932659745
0.878567866
0.738653941
0.479638599
0.160466824
0.999999903
0.999999802
1.0000001
1.00000159
1.00000232
0.99999798
0.99998766
0.999980763
0.999996274
1.00004788
1.00011866
1.00014325
1.00002299
0.999689267
0.999199982
0.998816092
0.998985713
1.00018677
1.00264869
1.00605966
1.0094168
1.01114677
1.00951309
1.003184
0.991752238
0.976012047
0.957424235
0.933455385
0.881529594
0.744680433
0.48533487
0.162385158
0.999999907
0.999999799
1.00000009
1.00000158
1.00000236
0.999998111
0.999987814
0.999980673
0.999995596
1.00004661
1.00011765
1.0001443
1.00002793
0.999698118
0.999209001
0.998817405
0.998969904
1.00014831
1.00259194
1.00600192
1.00938535
1.01116985
1.00960809
1.00334805
0.991958109
0.976214868
0.957652416
0.934245215
0.8845481
0.751035345
0.491489241
0.164462675
0.999999911
0.999999796
1.00000007
1.00000156
1.0000024
0.999998269
0.999988015
0.999980592
0.999994797
1.00004505
1.00011632
1.00014537
1.00003373
0.999708848
0.999220369
0.998820016
0.998952207
1.00010304
1.00252345
1.00593011
1.00934249
1.01119011
1.0097135
1.00353708
0.992200694
0.976457664
0.957904546
0.935026355
0.8876153
0.757735751
0.498153668
0.166723032
0.999999915
0.999999794
1.00000005
1.00000153
1.00000244
0.999998454
0.999988265
0.999980527
0.999993881
1.00004319
1.00011464
1.00014643
1.00004035
0.999721498
0.999234231
0.998824155
0.998932832
1.00005098
1.00244287
1.00584345
1.00928723
1.01120671
1.00982902
1.00375167
0.992481625
0.976743233
0.958183177
0.935793792
0.89071494
0.764786648
0.505375386
0.169189644
0.99999992
0.999999792
1.00000002
1.0000015
1.00000248
0.999998666
0.999988568
0.999980485
0.99999286
1.00004103
1.00011259
1.00014741
1.00004772
0.999736001
0.999250625
0.998830035
0.998912161
0.999992553
1.00235048
1.00574187
1.00921901
1.01121871
1.0099536
1.00399096
0.992800618
0.977072468
0.958489733
0.93654094
0.893822984
0.772179532
0.513195448
0.171885539
0.999999925
0.999999791
0.999999996
1.00000146
1.00000252
0.999998901
0.999988921
0.999980475
0.999991755
1.00003861
1.00011017
1.00014826
1.00005569
0.999752179
0.999269462
0.998837817
0.998890726
0.999928648
1.00224726
1.0056261
1.0091379
1.01122525
1.01008547
1.00425257
0.99315521
0.977443967
0.958824262
0.937260231
0.896908291
0.779890764
0.521646744
0.174833045
0.999999931
0.99999979
0.999999968
1.00000141
1.00000256
0.999999155
0.99998932
0.999980502
0.999990596
1.00003596
1.0001074
1.0001489
1.00006405
0.999769738
0.999290499
0.998847573
0.998869179
0.999860594
1.00213503
1.00549782
1.00904472
1.01122564
1.01022215
1.00453241
0.993540461
0.977853548
0.959185021
0.937943689
0.899933712
0.787879955
0.530751385
0.178053122
0.999999937
0.999999791
0.999999938
1.00000136
1.00000259
0.999999421
0.999989757
0.999980571
0.999989418
1.00003316
1.00010433
1.00014928
1.00007256
0.999788223
0.999313274
0.998859212
0.998848252
0.999790211
1.00201649
1.00535991
1.00894135
1.01121961
1.01036052
1.00482465
0.99394867
0.978293737
0.959567896
0.938583459
0.90285783
0.796088835
0.540517796
0.181564426
0.999999944
0.999999793
0.999999909
1.00000131
1.00000262
0.999999691
0.99999022
0.999980683
0.999988264
1.00003029
1.00010107
1.00014938
1.00008091
0.999807001
0.99933705
0.998872407
0.998828685
0.999719777
1.00189535
1.00521658
1.00883093
1.01120752
1.01049704
1.00512168
0.994369235
0.978753387
0.959965787
0.939172243
0.905637573
0.804441436
0.550938326
0.185382599
0.999999951
0.999999795
0.999999879
1.00000125
1.00000264
0.999999956
0.999990692
0.999980834
0.999987174
1.00002747
1.00009774
1.0001492
1.00008877
0.999825323
0.999360851
0.998886556
0.998811118
0.99965189
1.00177619
1.00507336
1.00871799
1.01119062
1.01062796
1.00541438
0.994788747
0.979217552
0.960368043
0.939703529
0.908231572
0.812846099
0.561987992
0.18952045
0.999999957
0.999999798
0.99999985
1.00000119
1.00000265
1.00000021
0.999991151
0.999981009
0.999986188
1.00002482
1.00009451
1.0001488
1.00009585
0.999842362
0.999383467
0.998900745
0.998796001
0.999589331
1.00166433
1.00493708
1.00860854
1.01117124
1.01074959
1.00569232
0.995191162
0.979667522
0.960759956
0.940171394
0.910603655
0.821198711
0.5736238
0.193989023
0.999999964
0.999999801
0.999999823
1.00000113
1.00000266
1.00000043
0.999991573
0.999981191
0.999985339
1.00002247
1.00009158
1.00014828
1.00010189
0.999857244
0.999403519
0.998913782
0.998783533
0.999534925
1.00156569
1.00481571
1.00851003
1.01115285
1.01085851
1.00594395
0.99555797
0.980080923
0.961122328
0.940569793
0.912725935
0.829386764
0.585784273
0.19879993
0.999999971
0.999999804
0.999999799
1.00000109
1.00000267
1.00000062
0.999991926
0.99998135
0.999984661
1.00002057
1.00008921
1.00014782
1.00010664
0.999869034
0.999419456
0.998924205
0.998773697
0.999491585
1.00148679
1.00471842
1.0084314
1.01114014
1.01095147
1.00615651
0.995868027
0.98043158
0.961430955
0.940891239
0.914580799
0.837293187
0.598387651
0.203968412
0.999999977
0.999999807
0.999999779
1.00000105
1.00000268
1.00000076
0.999992177
0.999981452
0.999984182
1.00001929
1.00008767
1.0001476
1.00010982
0.999876655
0.999429462
0.99893027
0.998766381
0.999462554
1.0014351
1.00465583
1.00838319
1.0111389
1.01102523
1.00631563
0.996097016
0.980689049
0.96165604
0.941124893
0.916161469
0.844800725
0.611329176
0.209517434
0.999999984
0.999999808
0.999999763
1.00000103
1.00000269
1.00000084
0.999992288
0.999981459
0.999983939
1.00001881
1.00008727
1.00014783
1.00011113
0.999878889
0.999431504
0.998930064
0.998761544
0.99945162
1.00141918
1.00464016
1.00837751
1.01115581
1.01107604
1.0064047
0.996216784
0.980818065
0.961761693
0.94125372
0.917470165
0.851800791
0.624480699
0.215481994
0.99999999
0.999999808
0.999999752
1.00000102
1.00000271
1.00000085
0.999992225
0.99998134
0.999983971
1.0000193
1.00008828
1.00014866
1.00011019
0.99987449
0.999423575
0.998921788
0.99875944
0.999463159
1.00144862
1.00468492
1.00842778
1.0111982
1.0110994
1.00640444
0.996194757
0.980777978
0.961704998
0.941247451
0.918508664
0.858218606
0.637704698
0.221909877
0.999999995
0.999999805
0.999999746
1.00000104
1.00000274
1.00000078
0.999991975
0.999981083
0.999984314
1.00002093
1.00009096
1.00015016
1.00010645
0.999861978
0.999403541
0.998903904
0.998761231
0.999503108
1.0015348
1.00480511
1.00854798
1.01127268
1.01108865
1.00629177
0.99599246
0.980519585
0.961429501
0.941035023
0.919238861
0.864083655
0.650865077
0.228749666
1
0.999999802
0.999999743
1.00000108
1.00000278
1.00000062
0.999991485
0.999980668
0.999985112
1.00002406
1.00009569
1.00015223
1.00009863
0.999838651
0.999368179
0.99887498
0.998770328
0.999581957
1.00169491
1.00502055
1.00875341
1.01138213
1.01102858
1.0060324
0.995560903
0.979987615
0.960883365
0.940577081
0.919632971
0.869366162
0.663858073
0.235957253
1.00000001
0.999999797
0.999999747
1.00000115
1.00000282
1.00000033
0.9999907
0.999980112
0.999986595
1.00002915
1.00010285
1.0001544
1.00008468
0.999800926
0.999314044
0.998834913
0.998793512
0.999715172
1.00195117
1.00535397
1.00905829
1.01152355
1.01089398
1.00557963
0.994838059
0.979114229
0.960003313
0.939827529
0.919676358
0.874024821
0.676538746
0.243500212
1.00000001
0.999999791
0.999999758
1.00000126
1.00000287
0.99999986
0.999989561
0.999979488
0.999989142
1.00003681
1.00011267
1.0001555
1.0000613
0.999744097
0.999237835
0.998786309
0.998843418
0.999926178
1.00233309
1.00583117
1.0094729
1.01168248
1.01064261
1.00486776
0.993744649
0.977818531
0.958717601
0.938734376
0.919350043
0.878034404
0.688771174
0.251320723
1.00000001
0.999999782
0.999999779
1.0000014
1.0000029
0.999999142
0.999988014
0.999978971
0.999993345
1.00004781
1.00012508
1.00015319
1.00002327
0.999661817
0.999136967
0.998736844
0.998942394
1.00025032
1.00287954
1.00647952
1.00999816
1.01182453
1.01020575
1.00380367
0.992177944
0.976002741
0.956944106
0.937239744
0.918633959
0.881379162
0.700424191
0.259341583
1.00000002
0.999999772
0.999999814
1.00000159
1.00000287
0.999998086
0.999986037
0.999978913
1.00000009
1.00006296
1.0001392
1.00014307
0.999962638
0.99954651
0.999012151
0.998704033
0.999128137
1.00073891
1.0036386
1.00732217
1.01061457
1.01188156
1.00947457
1.002256
0.99000511
0.973549512
0.954590428
0.935281029
0.91750663
0.88405386
0.711377724
0.26746657
1.00000002
0.99999976
0.999999868
1.00000182
1.00000275
0.999996582
0.999983683
0.999979938
1.00001058
1.00008286
1.00015254
1.00011759
0.999868523
0.999391542
0.998872763
0.998722959
0.999460978
1.00146212
1.00466282
1.00836486
1.01126291
1.0117304
1.00828139
1.00004192
0.987056037
0.970319677
0.951554639
0.932792839
0.91594643
0.88606297
0.721526159
0.275583256
1.00000002
0.999999748
0.999999945
1.00000209
1.00000245
0.999994515
0.999981158
0.99998306
1.0000263
1.00010722
1.00015964
1.00006476
0.99972759
0.999195454
0.998745558
0.998857308
1.00003204
1.00250823
1.00599584
1.00957078
1.01181249
1.01116162
1.00637489
0.996911335
0.983116017
0.966150837
0.947726879
0.929709419
0.913932866
0.887418969
0.730777642
0.283562865
1.00000002
0.999999737
1.00000005
1.00000239
1.00000187
0.999991798
0.99997893
0.999989781
1.00004868
1.00013374
1.00015024
0.999967405
0.999527404
0.998971824
0.998689874
0.999213756
1.00096755
1.00397003
1.00763902
1.01081314
1.01201034
1.00983604
1.00339029
0.992531607
0.977921583
0.960859424
0.942993542
0.925968632
0.911448936
0.888141264
0.739053189
0.291261186
1.00000002
0.999999727
1.00000019
1.00000269
1.00000087
0.999988431
0.999977868
1.00000207
1.0000783
1.0001561
1.00010734
0.999804648
0.999265785
0.99876762
0.998819124
0.999953941
1.00241731
1.00590239
1.0094826
1.0117946
1.011407
1.00723036
0.998819374
0.986478149
0.971163702
0.954248761
0.937245219
0.92151781
0.908484422
0.888255554
0.746284955
0.298519437
1.00000002
0.999999722
1.00000035
1.00000293
0.99999934
0.999984584
0.999979364
1.00002206
1.00011345
1.00016138
1.00000648
0.999559071
0.998970199
0.998691283
0.999322549
1.00128806
1.00450334
1.00822552
1.0111817
1.01192484
1.00926135
1.0025816
0.991991809
0.978240407
0.962504423
0.946126186
0.930389499
0.916321691
0.905040027
0.887793522
0.752413243
0.305162348
1.00000001
0.999999723
1.00000055
1.00000308
0.999997149
0.999980709
0.999985354
1.00005128
1.00014769
1.00012784
0.999819616
0.999234455
0.998730397
0.998945175
1.00046712
1.00341542
1.00718797
1.01054024
1.01196197
1.01016186
1.00444485
0.994855783
0.982090095
0.967258361
0.951615064
0.936332473
0.922369462
0.91037237
0.901132137
0.886793005
0.757385667
0.311005163
1.00000001
0.999999731
1.00000077
1.00000304
0.999994254
0.999977634
0.99999811
1.00008919
1.0001672
1.00002516
0.999528169
0.998888612
0.99873991
0.999838863
1.00253359
1.00635316
1.01001088
1.01183385
1.0103702
1.00486158
0.995401312
0.982791078
0.968232984
0.953008628
0.938243713
0.924785404
0.913187486
0.903700582
0.896797724
0.885298954
0.761174929
0.315980949
1.00000001
0.999999747
1.00000101
1.00000276
0.999990727
0.999976581
1.00001967
1.00013109
1.00014885
0.999821342
0.999150523
0.998678927
0.999322435
1.0017285
1.00561008
1.00958502
1.01167153
1.01011751
1.00406662
0.993755928
0.980271142
0.965092327
0.949669732
0.935156851
0.922314837
0.911535126
0.902931306
0.896385942
0.892097227
0.883346549
0.763597279
0.31962025
1
0.999999771
1.00000123
1.00000218
0.999986802
0.999979061
1.00005084
1.00016614
1.0000619
0.999500526
0.998783469
0.9988997
1.00088617
1.00479456
1.00916394
1.01151803
1.00955338
1.0021924
0.989902085
0.974281697
0.957336733
0.94086055
0.926113992
0.913776329
0.904051459
0.89682257
0.891797485
0.888565341
0.887118494
0.880994348
0.764638352
0.321791406
0.999999999
0.999999802
1.00000143
1.00000127
0.999982885
0.999986573
1.00009001
1.00017656
0.999876116
0.999092639
0.998642431
0.999960918
1.00372016
1.00858176
1.01141167
1.00893786
0.999553183
0.983993363
0.964689625
0.944539881
0.925921206
0.910280511
0.898186598
0.889589863
0.884083146
0.881114762
0.880095041
0.880426841
0.88196643
0.878291199
0.764263534
0.322427614
0.999999996
0.999999839
1.00000159
1.00000005
0.999979513
1.00000014
1.00013219
1.00013992
0.999577797
0.998705724
0.999062566
1.00223709
1.00757514
1.01136948
1.00879916
0.997041541
0.97693226
0.952148979
0.927061225
0.904995158
0.887654003
0.875404311
0.867814199
0.86412383
0.863469793
0.865073837
0.868233689
0.87223391
0.876818742
0.875295784
0.762212235
0.321098446
0.999999994
0.999999879
1.00000169
0.999998588
0.999977249
1.0000198
1.00016908
1.00003569
0.999189502
0.998536848
1.00040913
1.00575156
1.01114037
1.00978909
0.996360464
0.970988927
0.938955527
0.907050464
0.880183343
0.860367431
0.847500558
0.840548253
0.838266965
0.839586776
0.843677813
0.849708817
0.856881126
0.864392774
0.871889248
0.872041344
0.758233146
0.317502627
0.999999993
0.999999919
1.00000173
0.999997001
0.99997653
1.00004432
1.00019084
0.999854876
0.998781607
0.998828803
1.00287502
1.00981261
1.01185833
0.999519273
0.96992016
0.929534367
0.888988287
0.856148428
0.833536708
0.819998579
0.813292741
0.811539919
0.813635606
0.818875626
0.826626752
0.836185767
0.846726261
0.857312637
0.867406037
0.868518297
0.751923974
0.311259406
0.999999992
0.999999958
1.00000171
0.999995413
0.999977526
1.00007122
1.00018948
0.999608834
0.998459348
0.999756436
1.00624273
1.01295352
1.00678581
0.977794571
0.930117704
0.879199782
0.83891675
0.813549644
0.80021155
0.794261668
0.792486178
0.793663363
0.797535422
0.804249035
0.813740777
0.82545462
0.838415622
0.851419429
0.863600165
0.864633114
0.742691112
0.301942013
0.999999992
0.999999992
1.00000165
0.999993949
0.999980044
1.00009743
1.00016282
0.999331057
0.998316953
1.00127845
1.00981191
1.01361204
0.994842871
0.947058594
0.885562497
0.83419137
0.804352727
0.791578614
0.787640407
0.78684583
0.786947425
0.78764497
0.790223009
0.796025551
0.805513577
0.81809842
0.832489828
0.847133859
0.860723407
0.860098423
0.729489472
0.288927102
0.999999992
1.00000002
1.00000156
0.999992697
0.999983543
1.00012013
1.00011728
0.999068738
0.998374198
1.00304922
1.01268158
1.01151934
0.979359431
0.916728322
0.850391905
0.80776695
0.791817254
0.788375762
0.788759819
0.789795198
0.789149095
0.787775955
0.788277619
0.792691549
0.801648032
0.814428
0.829469116
0.844901432
0.85881809
0.854271952
0.710564119
0.271042382
0.999999992
1.00000005
1.00000146
0.999991711
0.999987213
1.00013739
1.00006779
0.998868412
0.998537643
1.00448002
1.01426584
1.00872008
0.968230754
0.89975981
0.835736139
0.801359329
0.792042803
0.789917466
0.789813302
0.790995094
0.789154369
0.787627824
0.788192745
0.792778677
0.801891874
0.814733905
0.82970661
0.845114658
0.858440589
0.845281561
0.68250842
0.248741989
0.999999993
1.00000006
1.00000137
0.999991031
0.999990047
1.00014797
1.00003513
0.99876817
0.998632315
1.00492705
1.01447848
1.00854941
0.969760575
0.905573311
0.844725855
0.808794046
0.795793764
0.791966138
0.789663951
0.788829069
0.788864496
0.789444916
0.792254455
0.798304828
0.8077772
0.820020937
0.834188044
0.849430753
0.859701511
0.827111926
0.638136415
0.220974439
0.999999993
1.00000007
1.00000132
0.999990708
0.999990969
1.00015012
1.00004203
0.998809995
0.99851117
1.00383821
1.01309547
1.01245861
0.986491385
0.935464466
0.877806607
0.834120418
0.811458507
0.803204086
0.79976644
0.796747944
0.795214651
0.797041787
0.801010782
0.807823625
0.817441146
0.829932233
0.844789166
0.858440063
0.85477466
0.785895422
0.568693922
0.185746865
0.999999993
1.00000007
1.00000132
0.999990974
0.999988604
1.00013694
1.00011647
0.999091156
0.998163455
1.00119795
1.00942193
1.01585972
1.00868875
0.98128231
0.93827384
0.892160031
0.855032773
0.832922044
0.825421897
0.828300353
0.836188731
0.844602414
0.852227744
0.858323009
0.866420458
0.873733758
0.876105545
0.863210519
0.813384456
0.690422704
0.458990572
0.140027287
0.999999993
1.00000006
1.00000138
0.999992779
0.999979937
1.00009752
1.00021919
0.999593023
0.99825447
0.998501915
1.00306529
1.01135283
1.01836717
1.01761564
1.0049887
0.980432351
0.946996234
0.908833487
0.869661991
0.832153526
0.797974947
0.768049602
0.742637694
0.720457224
0.696707133
0.669744657
0.635370469
0.586786814
0.513576491
0.403325631
0.249603437
0.0722527294
0.999999993
1.00000001
1.00000143
0.999996606
0.999973735
1.00003249
1.0002315
1.00013043
0.999169685
0.99781216
0.99774529
1.00066573
1.00697993
1.015577
1.02454567
1.03204011
1.03674478
1.03788621
1.03499682
1.02762533
1.01508176
0.996225783
0.969281396
0.931673875
0.879929168
0.809797079
0.716999953
0.598714217
0.456369333
0.299595284
0.149500455
0.033285587
0.999999995
0.999999945
1.0000011
1.00000117
0.999979361
0.999971611
1.0001038
1.00032164
1.00023605
0.999466464
0.998063047
0.996532536
0.995540408
0.995617674
0.997052266
0.999938418
1.00428222
1.01008886
1.01740378
1.02630354
1.0368288
1.04883223
1.06168398
1.07374248
1.08147332
1.07813779
1.05218492
0.986100414
0.857764011
0.648443649
0.363986799
0.0734908504
0.999999999
0.999999924
1.00000034
1.00000337
0.99999572
0.999961951
0.999958582
1.00008236
1.00033353
1.00057809
1.0006412
1.00040669
0.999848174
0.999007018
0.997958673
0.99679278
0.995613401
0.994557574
0.993830716
0.993760048
0.994866514
0.997944628
1.00410619
1.01466856
1.03062222
1.05118668
1.0707368
1.07346292
1.02666195
0.878115287
0.574093711
0.137661706
1
0.999999971
0.999999761
1.00000157
1.00000596
0.999996752
0.999959523
0.999914036
0.999902869
0.99995709
1.00008066
1.00025633
1.00045733
1.00065456
1.00081806
1.00091448
1.00090314
1.00073268
1.00034233
0.999675333
0.998721162
0.997616367
0.996845738
0.997569413
1.00199412
1.01336386
1.03443201
1.06206532
1.07488454
1.01394995
0.770912731
0.251171531
1
1.00000001
0.999999874
0.999999399
1.00000139
1.00000822
1.00001417
1.0000097
0.999990196
0.999957987
0.999919251
0.999880965
0.999849637
0.999831361
0.999832299
0.999858952
0.999917572
1.00001162
1.00013535
1.00026078
1.00031594
1.00016068
0.999594917
0.998498791
0.997297148
0.997924985
1.00498046
1.024945
1.05749121
1.06910105
0.942764017
0.446253092
1
0.999999998
1.00000005
1.00000003
0.999999152
0.999997768
0.999997749
1.00000053
1.00000604
1.00001317
1.00002054
1.00002689
1.00003108
1.00003202
1.0000286
1.00001967
1.00000441
0.999983299
0.999960278
0.999946664
0.999965439
1.00004796
1.00020173
1.00032241
1.00008981
0.999126605
0.998030159
1.00054296
1.0146707
1.04431075
1.04582447
0.770400674
)
;

boundaryField
{
    inner_wall
    {
        type            zeroGradient;
    }
    outer_wall
    {
        type            fixedValue;
        value           uniform 0;
    }
    top
    {
        type            fixedValue;
        value           uniform 1;
    }
    bottom
    {
        type            inletOutlet;
        inletValue      uniform 0;
        value           nonuniform List<scalar> 
32
(
0
0
0
0
0
0
0
0
0
0
-0.00817101661
-0.0184149857
-0.0375052504
-0.0524372329
-0.0157899465
0.143532471
0.433826886
0.746603534
0.959136979
1.03533309
1.02864688
1.00650108
0.997235608
0.99795612
1.00159405
1.00577856
1.00759932
1.00174279
0.979075732
0.900196746
0.678250087
0.261535491
)
;
    }
    front
    {
        type            wedge;
    }
    back
    {
        type            wedge;
    }
}


// ************************************************************************* //
