/*--------------------------------*- C++ -*----------------------------------*\
| =========                 |                                                 |
| \\      /  F ield         | OpenFOAM: The Open Source CFD Toolbox           |
|  \\    /   O peration     | Version:  2506                                  |
|   \\  /    A nd           | Website:  www.openfoam.com                      |
|    \\/     M anipulation  |                                                 |
\*---------------------------------------------------------------------------*/
FoamFile
{
    version     2.0;
    format      ascii;
    arch        "LSB;label=32;scalar=64";
    class       volScalarField;
    location    "20";
    object      C;
}
// * * * * * * * * * * * * * * * * * * * * * * * * * * * * * * * * * * * * * //

dimensions      [0 0 0 0 0 0 0];

internalField   nonuniform List<scalar> 
3072
(
-6.30464772e-11
-5.53616442e-10
2.03986893e-09
1.538774e-08
-5.80513013e-08
-2.46233073e-07
6.08398282e-07
3.13912731e-06
-3.37063521e-07
-2.2349315e-05
-4.57495164e-05
1.77771056e-06
0.00018452378
0.000442407796
0.000567269611
0.000301874499
-0.000774147207
-0.00240306335
-0.00299612974
-0.00240135394
-0.000752197228
0.00183250359
0.00525024251
0.00929762859
0.0136112598
0.0177496535
0.0213636164
0.0243060746
0.0266438344
0.0284687572
0.0301759929
0.0332723437
-2.71291599e-11
3.83549465e-09
-5.69261894e-09
-8.54101735e-08
2.09585335e-07
1.26788569e-06
-1.73769556e-06
-1.39854057e-05
-8.92077364e-06
7.14377425e-05
0.00020924108
0.000190590708
-0.000338218597
-0.00160343937
-0.00340593011
-0.00490546914
-0.00477172002
-0.00331406284
-0.000910567899
0.00230811942
0.00635919692
0.0112404978
0.016675194
0.0220196943
0.0264798834
0.0294688465
0.0308587104
0.0309547172
0.0303849014
0.0297880387
0.0307866588
0.0345909557
1.41659974e-09
-1.39641092e-08
-4.31683129e-08
3.43537891e-07
7.23537389e-07
-4.47998601e-06
-1.31218192e-05
1.90490918e-05
0.000132222393
0.000185553575
-0.000225643215
-0.00151522314
-0.00360495582
-0.00557303459
-0.00593210756
-0.00451798284
-0.00238497175
0.000255731476
0.00348820094
0.00751067691
0.0124828908
0.0181949073
0.0238130926
0.0281825874
0.0304740355
0.0306344952
0.029388316
0.0278419067
0.0271500657
0.0278947743
0.0312163854
0.0350350322
-7.85382388e-09
-7.33824007e-09
3.14269337e-07
3.63517822e-07
-4.71851111e-06
-1.14146047e-05
2.83078919e-05
0.000152484546
0.000173604091
-0.000405541225
-0.00202731129
-0.00443740649
-0.00632106888
-0.00589542512
-0.00439739543
-0.00247356163
-7.21139166e-05
0.00301930322
0.00696041337
0.0118834548
0.0177655287
0.0239151889
0.028891871
0.0313387792
0.0309570527
0.0288126875
0.026661237
0.0258548191
0.0268428318
0.0289635972
0.0335366378
0.0354988674
2.69210315e-08
2.21425554e-07
6.95620633e-08
-3.75745776e-06
-1.0239146e-05
2.10169131e-05
0.000144148711
0.00020129719
-0.000330916774
-0.00196862208
-0.00447363905
-0.00644477928
-0.00598190308
-0.00479672046
-0.00323839407
-0.0010158623
0.00211170865
0.00611726056
0.0108481945
0.0162787156
0.0222866989
0.0278472927
0.0311479727
0.0309110159
0.027924708
0.0248957381
0.0240388346
0.025439843
0.0278933696
0.0304905328
0.0361096466
0.0337145858
4.14624183e-08
2.82230481e-07
-1.83794799e-06
-8.65621935e-06
4.32832952e-06
0.00010571953
0.000229423874
-9.75811285e-05
-0.00150513221
-0.00395466313
-0.00616522151
-0.00620307423
-0.00543302781
-0.0041949849
-0.00199109196
0.00138933499
0.00571067378
0.0105105382
0.0154282008
0.0204818328
0.025667366
0.029854813
0.0310197691
0.0281315723
0.0237721658
0.0222452625
0.0243182759
0.0275134092
0.0300862068
0.0330458118
0.0391950644
0.0292743922
-2.72441894e-09
-3.30749656e-08
-1.33221924e-06
-9.65466161e-06
3.4694022e-05
0.000202054547
0.00016560842
-0.000813059986
-0.0030569592
-0.00560162804
-0.00653415608
-0.0061191459
-0.00518703487
-0.00294410602
0.000746102702
0.00547607632
0.0106416063
0.0156495223
0.0201368048
0.0242112903
0.0280275135
0.0305112769
0.0295736313
0.0246938189
0.0206289312
0.0221114434
0.0266210861
0.0302308334
0.0327246556
0.0368252201
0.0405151135
0.0228795838
3.7790777e-07
3.35757725e-08
1.96041851e-06
-1.26406813e-05
7.6438246e-05
0.000280524943
-0.0001450605
-0.00198627803
-0.00480078441
-0.00676061124
-0.00666608558
-0.00623628493
-0.00406514795
-0.000276261005
0.00458269746
0.0100062999
0.0154821444
0.0204247193
0.024378729
0.0273692292
0.0296431084
0.0303775139
0.0277150718
0.0218231902
0.018958982
0.0230645661
0.0286525037
0.03266805
0.0362048243
0.0397682694
0.0378951461
0.0164367331
-1.21226885e-06
1.61133669e-06
-7.64887303e-07
-1.18948476e-05
0.000180374749
0.000236122467
-0.00096248153
-0.00365003415
-0.00625609706
-0.00709771297
-0.0075311133
-0.00550900619
-0.00202067123
0.00233620292
0.00739993918
0.0130133041
0.0187243307
0.0238026836
0.0275479561
0.0297371222
0.0306098112
0.0297972502
0.0260092163
0.0198830885
0.0177804571
0.0231701498
0.0292619631
0.0342669118
0.0379388268
0.0392117686
0.0329348252
0.0112194847
-8.70078068e-06
-5.98160795e-06
-9.64920297e-06
7.60347158e-05
0.000284882657
-0.000267095973
-0.00249684183
-0.00557629169
-0.00766300319
-0.00838318387
-0.00714574567
-0.00440661178
-0.00117730532
0.00275984458
0.00763509647
0.0133437565
0.0193783832
0.024900611
0.0289788448
0.0310155
0.0310190369
0.0290681977
0.0246991071
0.0186938026
0.0163312499
0.0217214439
0.028148442
0.0332738884
0.0363234939
0.0357431814
0.0283360602
0.0078060238
-1.95823644e-05
-1.31772172e-05
4.80551691e-05
0.000229893501
8.30234902e-05
-0.00149430414
-0.00460814561
-0.00768977249
-0.00928295154
-0.00883463596
-0.00698552405
-0.00507918509
-0.00263867739
0.000741088591
0.00528015241
0.0108906167
0.0171396546
0.0232432435
0.0281669505
0.030931479
0.0310384447
0.0285958647
0.023948343
0.0181248666
0.0148823499
0.0188265081
0.025462404
0.0301575827
0.0326446478
0.0316573931
0.0253032762
0.00638322384
-2.00993142e-05
2.18413888e-05
0.000176680964
0.000241804925
-0.000669072971
-0.00332834123
-0.00690966034
-0.00952956385
-0.0101069618
-0.00927523105
-0.00833212537
-0.00721184846
-0.00546667865
-0.00268908889
0.00133412222
0.00657014153
0.0127315672
0.0192238076
0.0251162145
0.0292559017
0.0306185105
0.028790153
0.0242324829
0.0183352893
0.0139856247
0.0152894609
0.0216957992
0.0265475346
0.0288787003
0.0283870488
0.0234488949
0.00640177787
3.90263679e-07
0.00010581937
0.000269947274
-7.15987612e-05
-0.00192550134
-0.00541791232
-0.00902750488
-0.0109197796
-0.0109335362
-0.0105055419
-0.0101393553
-0.00959380844
-0.00841421927
-0.00620045133
-0.00277359197
0.00188324912
0.00761844004
0.0140564598
0.020526637
0.0260270703
0.0293329488
0.0293817109
0.0259012908
0.0199599735
0.0141778782
0.0123936727
0.0168559238
0.022809546
0.0256445555
0.0257877085
0.0220075972
0.00695461899
4.0846969e-05
0.000213654236
0.000234744344
-0.000710694169
-0.00341922959
-0.00739584202
-0.0107500729
-0.0119853514
-0.0118189025
-0.0115856414
-0.0115535743
-0.0114434559
-0.0107262116
-0.00906023386
-0.00626390787
-0.00225896729
0.00290247641
0.00898739031
0.0155386111
0.0218324472
0.0268444608
0.0293272951
0.028204569
0.0233722693
0.0165566479
0.0114461129
0.0120477846
0.0180399807
0.0224047885
0.023235305
0.0203695209
0.00735306319
7.6000015e-05
0.000309336868
0.00012216464
-0.00139772448
-0.00472534469
-0.00897575683
-0.0120460592
-0.0126939463
-0.0122777915
-0.012072362
-0.0123216475
-0.0125856205
-0.0123463555
-0.0113049442
-0.00924294776
-0.00598568409
-0.00146615987
0.00419295267
0.0106389695
0.0172964411
0.0233780068
0.0278629088
0.0295305924
0.0273277533
0.0213206362
0.013860526
0.00954561819
0.0120918339
0.0182110986
0.0203120918
0.0179962816
0.00734091619
6.07383564e-05
0.000346472464
0.000122361103
-0.00159053332
-0.00527792913
-0.00993141362
-0.012926018
-0.0129550378
-0.0121998484
-0.0120147438
-0.0125182613
-0.0131196745
-0.0133798275
-0.0130556728
-0.0119034595
-0.00964011991
-0.00602650205
-0.000998740957
0.00522832859
0.0121419414
0.0189995269
0.0249144038
0.0288699949
0.0297113575
0.0264557715
0.019361533
0.011393195
0.00794023338
0.0119421537
0.0164349016
0.0148770144
0.00701500992
9.0632649e-06
0.000276680266
0.00024887699
-0.00102240203
-0.00461365912
-0.0101465887
-0.0134516056
-0.0128532382
-0.0117497501
-0.0115869072
-0.012250481
-0.0130638476
-0.0137092189
-0.0140403944
-0.0138555669
-0.0128289329
-0.010561373
-0.00672224862
-0.0012293671
0.00561375699
0.013105721
0.0202808932
0.026098685
0.029529632
0.0295163853
0.0252025585
0.0170923579
0.00879182042
0.00626178187
0.0108006308
0.0116342085
0.00640497662
1.47952546e-05
0.000155642486
0.000269198295
-0.000294636369
-0.00293456491
-0.00986642734
-0.0137292207
-0.0125313371
-0.01111414
-0.0109416275
-0.0116126232
-0.012431179
-0.01319964
-0.0138940177
-0.0144305241
-0.0145669376
-0.0138772823
-0.0118271255
-0.00795341099
-0.00210676204
0.00534804575
0.0135006549
0.0210955605
0.0268663877
0.0297499917
0.0288311069
0.0234434183
0.014392057
0.00595521444
0.00428412158
0.00787778391
0.00492220223
0.000130860597
9.25039272e-05
0.00015841117
4.27392111e-05
-0.00132243688
-0.00982836069
-0.0138381031
-0.0120651166
-0.0104354497
-0.0102353989
-0.0107896156
-0.0114445052
-0.0120759536
-0.0127500918
-0.0135158016
-0.0143074988
-0.014856623
-0.0146546967
-0.0130214315
-0.00931464308
-0.00325022532
0.00479338957
0.0136795313
0.0217756457
0.0274952094
0.0297287201
0.0277840468
0.0212571337
0.0112798972
0.00287580152
0.00195999155
0.00205838406
0.000284545037
7.32708383e-05
4.2677822e-05
0.000256398829
-0.000929971022
-0.0106424244
-0.0137550554
-0.011484582
-0.00982304252
-0.00963635797
-0.0100577135
-0.0105119049
-0.0109159922
-0.0113380808
-0.0118959714
-0.0126766047
-0.0136517331
-0.0145704309
-0.0148812417
-0.0137670511
-0.0103649269
-0.00417553964
0.00446969499
0.0141786423
0.0228167079
0.0283549468
0.02965005
0.0263764417
0.0184845008
0.00752460507
-0.00036941838
-0.000261073714
0.000398710972
9.61749872e-05
7.46861725e-05
0.0004116105
-0.00239649968
-0.012031101
-0.0134080206
-0.0108629895
-0.00937150752
-0.00928223601
-0.0096513415
-0.00999495948
-0.0102416486
-0.0104331117
-0.0106568027
-0.011038784
-0.0117015509
-0.0126818638
-0.0137954981
-0.0145049696
-0.0138843772
-0.010810915
-0.00448133576
0.00486783115
0.0155079885
0.0246152583
0.0295851931
0.0293318351
0.0241371476
0.0144265178
0.00292831903
-0.000968976106
0.000484419029
0.000224267763
0.000215757383
-0.000187562588
-0.00536493681
-0.0132074925
-0.0128460899
-0.0103214229
-0.0091401259
-0.00921912594
-0.00962300335
-0.00995732026
-0.0101651511
-0.0102682055
-0.0102998183
-0.0103260273
-0.0104634683
-0.0108661957
-0.0116461715
-0.0127296095
-0.0136581974
-0.0134191109
-0.0105648609
-0.00390337225
0.0063908396
0.0180445774
0.0272828971
0.030862109
0.0280614456
0.0201360449
0.00791222954
-0.00222881528
0.000551478826
0.000350451668
1.94725934e-05
-0.00201173381
-0.00854646269
-0.0137543238
-0.012243702
-0.00994768277
-0.00911642147
-0.00938111304
-0.00984644693
-0.0101965635
-0.0104156668
-0.0105278498
-0.0105448657
-0.0104533248
-0.010288069
-0.0101532372
-0.0102098607
-0.0106425025
-0.0115414715
-0.0125764136
-0.0125898652
-0.009673661
-0.00222628375
0.00939573657
0.0219625981
0.0304624846
0.0311888676
0.0245267161
0.0131497022
-0.00150033222
0.000574801599
0.00030103351
-0.000773833164
-0.00442386142
-0.0109393844
-0.0137814862
-0.0117555052
-0.00974742294
-0.00921725223
-0.00962598205
-0.0101154796
-0.0104412718
-0.0106545943
-0.0108081844
-0.0108845173
-0.0108307023
-0.010622631
-0.010289907
-0.00989562436
-0.00957316062
-0.009622133
-0.0103758124
-0.0115738807
-0.0116671361
-0.00810860469
0.000891142993
0.0141966548
0.0270384911
0.0330349812
0.0287429543
0.0170579396
0.00172454251
0.000554723238
0.000114555189
-0.00184186556
-0.00656785
-0.0123382453
-0.0135780275
-0.0114368655
-0.0096684711
-0.00933784324
-0.00981773709
-0.0102821021
-0.0105551429
-0.0107535615
-0.0109435048
-0.0110803929
-0.011086259
-0.0109231984
-0.0106062287
-0.0101345054
-0.00947209786
-0.00876534944
-0.00857735448
-0.00949643651
-0.0109983151
-0.0107048583
-0.00546695421
0.00598280443
0.0208201284
0.0321984001
0.0326829754
0.0209313892
0.00481503408
0.000523126032
-4.6870246e-05
-0.00272324973
-0.00802234843
-0.0129833659
-0.0133457072
-0.0112707048
-0.00965316528
-0.00940739893
-0.00988698443
-0.0103005172
-0.0105290463
-0.0107302628
-0.0109575328
-0.0111397304
-0.0111853755
-0.0110530088
-0.0107753351
-0.0103795341
-0.00974544562
-0.00875095127
-0.00776987617
-0.00778142061
-0.00932531297
-0.0109413173
-0.00914548408
-0.000873508298
0.0134459681
0.0284057064
0.0348663996
0.0259859355
0.0073143343
0.000507034453
-0.000102704524
-0.00322884089
-0.00880852557
-0.0131811083
-0.0131560233
-0.011214471
-0.00966999419
-0.00940941311
-0.00983461758
-0.0101939709
-0.0103995323
-0.0106210769
-0.0108834986
-0.0110969915
-0.0111780761
-0.0110723
-0.0108060704
-0.0104707876
-0.00999495915
-0.00909040237
-0.0077752053
-0.0069357432
-0.007797774
-0.0100647304
-0.0107124561
-0.00571015506
0.00653945057
0.0227889672
0.0343195795
0.0304159266
0.01023418
0.000485075395
-6.91345282e-05
-0.00340846166
-0.00908508448
-0.0131031263
-0.0130091974
-0.0112339165
-0.00971439942
-0.0093698381
-0.00970326782
-0.0100082542
-0.0101983027
-0.0104342746
-0.0107193539
-0.0109564296
-0.0110767827
-0.0110219824
-0.0107707368
-0.0104501877
-0.0101090747
-0.00945634481
-0.00822209355
-0.00691484244
-0.00693032476
-0.0089864013
-0.0109912012
-0.0086845568
0.000924567744
0.0167081837
0.0315772502
0.0328700987
0.0134952975
0.000434120481
-3.74475245e-06
-0.00336938976
-0.0090273995
-0.0128626227
-0.0128754295
-0.0112848146
-0.00980311611
-0.00933330206
-0.00954611661
-0.00979665037
-0.00995169939
-0.0101782491
-0.0104814003
-0.0107380257
-0.0108911496
-0.0109095728
-0.0107009813
-0.0103764613
-0.0101034761
-0.00970272947
-0.00878893652
-0.00745438073
-0.00682160448
-0.00822464107
-0.0106704064
-0.010227026
-0.00317087144
0.011059363
0.027618929
0.0334508305
0.0148610489
0.000376741968
2.89995535e-05
-0.0032313029
-0.00876238432
-0.0125269505
-0.0127437612
-0.0113337951
-0.0099053351
-0.00932010987
-0.00940390271
-0.00960433339
-0.00971727777
-0.00988274403
-0.0101692763
-0.0104704492
-0.0106426172
-0.0107389233
-0.0106009667
-0.0102826329
-0.0100230372
-0.00979519733
-0.00925726694
-0.00823014858
-0.00732587888
-0.00799914231
-0.0102494085
-0.0108130471
-0.00580508179
0.00635826406
0.0231681038
0.0329160032
0.014496176
0.000368941839
-1.7668633e-05
-0.00312597632
-0.00841072775
-0.0121501452
-0.0126387139
-0.0114098812
-0.010007784
-0.00930234463
-0.00926238892
-0.00943199126
-0.00953592
-0.00963578968
-0.00984236704
-0.010106109
-0.0103469997
-0.0105111536
-0.0104584083
-0.0101773661
-0.00990991843
-0.00976364955
-0.00952599114
-0.00895368752
-0.00816454767
-0.00830507336
-0.0100491311
-0.0109049931
-0.00721598657
0.00290097869
0.0187582793
0.0317828185
0.0163382387
0.000437754034
-0.000100745511
-0.00311932945
-0.00808961567
-0.0117955135
-0.0126026998
-0.0116062881
-0.0102157694
-0.00933995871
-0.00912143136
-0.00923291078
-0.00936161582
-0.00945434014
-0.00959384982
-0.00979771445
-0.0100387244
-0.0102399231
-0.0102556723
-0.0100441593
-0.00978594124
-0.00966230003
-0.00960393645
-0.00944867855
-0.00903102358
-0.00898074136
-0.0102199714
-0.0109037254
-0.00777346323
0.000780675258
0.0149343048
0.0299654314
0.0216903074
0.000537922655
-4.21425838e-05
-0.00295073593
-0.00765942732
-0.0113984519
-0.0126033703
-0.0119631557
-0.010678486
-0.00964297749
-0.00916333569
-0.00909401717
-0.0091744831
-0.0092734418
-0.0093950122
-0.00956359434
-0.0097720112
-0.00995740689
-0.0100007778
-0.00985436467
-0.00964185402
-0.00953279581
-0.00956666194
-0.00968890517
-0.00969640168
-0.00978850811
-0.0107583133
-0.0110956249
-0.00790555774
-0.000156408357
0.0121925551
0.0274546209
0.0275444462
0.000572508036
0.000254572305
-0.00209783545
-0.00645944604
-0.0104393591
-0.0123019798
-0.0122609329
-0.0113065074
-0.0102903686
-0.00961313947
-0.00929044441
-0.00918087323
-0.00917127846
-0.00922576555
-0.00934257064
-0.00950749409
-0.00965441304
-0.00970006979
-0.00961097274
-0.009462083
-0.00939102684
-0.00949259529
-0.00976730853
-0.0100891449
-0.0105167853
-0.01154323
-0.0116107082
-0.00800088933
-0.000292803226
0.0107464066
0.0247656517
0.0308277199
0.000556373289
0.000557916626
-0.00071339155
-0.00408453281
-0.00812587539
-0.0109020033
-0.0118476157
-0.0115583194
-0.0108569379
-0.0102409809
-0.00983289283
-0.00957158039
-0.00938863885
-0.00926967274
-0.00922905162
-0.00926613542
-0.00933875613
-0.00937713258
-0.00934727562
-0.00927956611
-0.00927018392
-0.0094342461
-0.00980263062
-0.0102975131
-0.0110867465
-0.0124166325
-0.0124092586
-0.00828141582
-6.57262631e-05
0.0104803065
0.0226317544
0.0308344867
0.000569865499
0.000618847179
0.000309971295
-0.0014841428
-0.00468237718
-0.00789247727
-0.00992457544
-0.0106155418
-0.0105170909
-0.0102252961
-0.0100200907
-0.00989953417
-0.00977244005
-0.00959891963
-0.00941290507
-0.00926775783
-0.00919544227
-0.00917937313
-0.00917854644
-0.00918364296
-0.00925571252
-0.00948840595
-0.009889464
-0.0104667452
-0.0115933982
-0.0132839966
-0.0133156078
-0.00874008989
0.000190808791
0.0110274371
0.021563935
0.0286880845
0.000337599508
0.000406083982
0.000550083406
5.76734443e-05
-0.00167709161
-0.00425713091
-0.00666505377
-0.00817053178
-0.00876011472
-0.00888704194
-0.0089915016
-0.00922768596
-0.00950265651
-0.00967000885
-0.00967496672
-0.00956743724
-0.00943225452
-0.00933447982
-0.00929931309
-0.00933872603
-0.00948841816
-0.00976987454
-0.0101389913
-0.0107513778
-0.0121968701
-0.0141949054
-0.0140867938
-0.00912480559
0.00041243924
0.0119666263
0.0216695652
0.0261599238
-3.14734223e-06
-0.000245042182
0.000217674745
0.000456748294
-8.395676e-05
-0.0015489477
-0.00345110739
-0.00506512616
-0.00599998016
-0.00639799304
-0.00668468054
-0.00717577301
-0.00788704394
-0.00862749631
-0.00920334664
-0.00954254042
-0.00968985207
-0.00973843988
-0.00978865794
-0.00990400802
-0.0101024108
-0.0103477393
-0.0106459775
-0.0113797644
-0.013134439
-0.0151009059
-0.0144337776
-0.00891283464
0.000968349482
0.0131025122
0.0227672804
0.0248312376
-0.00036009677
-0.00112359649
-0.000346129937
0.000266448633
0.000361014536
-0.000231691655
-0.00132012184
-0.00243525109
-0.00319592941
-0.00359013848
-0.00392206157
-0.00451893158
-0.00548699819
-0.00668926299
-0.00788822199
-0.00889836916
-0.00965114012
-0.0101758515
-0.0105411428
-0.0107824109
-0.0109514001
-0.0111302335
-0.0115550218
-0.0126681706
-0.0145004262
-0.015630219
-0.0136553782
-0.00726577227
0.00274759259
0.0147603061
0.0246475362
0.0253964651
-0.000541841825
-0.0014589058
-0.00111932782
-0.000224719081
0.000253647838
0.000291124018
2.28578009e-06
-0.000399347026
-0.000743631325
-0.00104085106
-0.00146498087
-0.00220640228
-0.00333029456
-0.0047416836
-0.0062505277
-0.00766644824
-0.00886434116
-0.00979988096
-0.010493449
-0.0109979625
-0.0114745405
-0.0121765009
-0.0132373067
-0.0144969103
-0.0152148663
-0.0141037466
-0.0100126296
-0.002702525
0.00700814032
0.0180560109
0.0274220548
0.0273600242
-0.00109866113
-0.00103090875
-0.00181602468
-0.00198607593
-0.00198840424
-0.00209481237
-0.00237129323
-0.00275485972
-0.00321476235
-0.00377936578
-0.00450042075
-0.00542053582
-0.00653917469
-0.0078040109
-0.00912694357
-0.0104111691
-0.0115774592
-0.0125774361
-0.0133890873
-0.0140209975
-0.014432316
-0.0144856363
-0.013958703
-0.0125579108
-0.00993209615
-0.00577270257
2.8403772e-05
0.0072895498
0.0155088797
0.0242372927
0.031691932
0.0299555956
0.000190336451
-0.00126922736
-0.00289693236
-0.00285377474
0.000619276459
0.00433580403
0.00648473383
0.00707664577
0.0067187368
0.00620942602
0.00570072777
0.00522676466
0.00480400428
0.00443476688
0.00413067969
0.00391893717
0.00382933665
0.00389054243
0.00413372155
0.00460117704
0.00532890351
0.00639946291
0.0080296192
0.0103012839
0.0132437692
0.0168250662
0.0209374876
0.0254138867
0.0299758228
0.0344598363
0.0377263025
0.03299012
-0.00799987475
-0.00104764705
0.0231300322
0.0484869636
0.064673949
0.0718189455
0.073297985
0.0720926456
0.0699747078
0.0674513087
0.0649809598
0.0627665234
0.0608621846
0.0592667487
0.0578619844
0.0566025695
0.0554764504
0.0544898247
0.0536528529
0.0529727268
0.0524481032
0.0520845985
0.0517618597
0.0514313142
0.0510734475
0.0506682834
0.0501834224
0.0495729819
0.0486960585
0.0474975706
0.0449504367
0.0353983281
0.0598465561
0.104718323
0.118090471
0.108572358
0.0901124965
0.0712787225
0.0556648304
0.0439926424
0.0357183938
0.0299698266
0.0259459191
0.023048041
0.0208697512
0.0191498188
0.0178362276
0.0168890972
0.0163171879
0.0160866467
0.0161789369
0.0166102669
0.0174299567
0.0187218827
0.0205921599
0.0231605965
0.0265218739
0.0306772951
0.0354387947
0.0403535268
0.0445992027
0.0472351695
0.0458559161
0.0350482715
0.160199826
0.13215726
0.103375116
0.0751863287
0.0509410882
0.0333975541
0.0226875712
0.017170217
0.0148581178
0.0142062845
0.0142622549
0.0145253726
0.0147633578
0.0148802
0.014834993
0.0146254463
0.0141940316
0.0135257073
0.0126392466
0.0115833045
0.0104554531
0.0094374959
0.0088494839
0.00920098322
0.0111668786
0.0153842116
0.022051988
0.030524678
0.0390888719
0.0453977829
0.0450744448
0.033485958
0.140986205
0.119218367
0.089275376
0.0570188431
0.0325903361
0.0192908976
0.0144701814
0.0140088085
0.0149647068
0.0159527114
0.0165759024
0.0168531436
0.0169038595
0.0168309458
0.016699251
0.0165076244
0.016175785
0.0156626323
0.014911145
0.0138392954
0.0123549415
0.010410061
0.00814165326
0.00612703844
0.00558962121
0.00813626416
0.0148141172
0.0250370552
0.0361854463
0.0443951687
0.043493963
0.0318479087
0.130604238
0.113053248
0.0733329278
0.0363623741
0.0164290652
0.0110086697
0.0118795915
0.0134277708
0.0138455867
0.0132879514
0.0123181204
0.0113285199
0.0105001821
0.00989433453
0.00952840495
0.00941558832
0.00956792232
0.00992741463
0.0103776546
0.0107308826
0.0107003719
0.00990748905
0.00806480188
0.00549592289
0.00374901517
0.00536307786
0.0122060442
0.023595031
0.0359486189
0.04428523
0.0415321126
0.0302766226
0.136662727
0.105079075
0.0531656506
0.0188873184
0.00910632082
0.010519722
0.0121112893
0.0111857622
0.00894988394
0.00665416028
0.00473618201
0.00320734879
0.00202091693
0.00119392737
0.00079969473
0.000874943637
0.00142148174
0.00241039005
0.00378087956
0.00538809682
0.00687758166
0.00759157034
0.00681662841
0.00464918195
0.00297430701
0.00500410287
0.0128437709
0.0252541492
0.0377743778
0.0441007846
0.0393302459
0.0293786759
0.146896956
0.09209709
0.0332809298
0.00883599534
0.00862771644
0.0110950356
0.00936374813
0.00592509209
0.00300139226
0.000711567627
-0.00140317776
-0.00348802387
-0.00536114094
-0.00669464579
-0.0072114229
-0.00684252855
-0.00564517385
-0.00378271479
-0.00142676667
0.00124214227
0.00382145284
0.00548099744
0.00532890421
0.00364909931
0.0029296301
0.00669599022
0.016422272
0.0294151644
0.0402127595
0.043002459
0.0373534489
0.0291830473
0.148671917
0.0754735932
0.0181297031
0.005853121
0.0100503815
0.0095190082
0.00540536595
0.0022109553
5.32425625e-05
-0.00236357808
-0.00536879504
-0.00848292318
-0.0110792664
-0.0125878259
-0.0128328397
-0.0114767593
-0.00909110268
-0.00625780572
-0.00313504813
0.00014824708
0.00302057287
0.00448660854
0.00403818411
0.00305689071
0.00465918062
0.0114346878
0.022793596
0.0346402201
0.0416852844
0.0410363471
0.0361829322
0.0288084267
0.145892493
0.0595021778
0.00907723262
0.00630074345
0.0102875339
0.007308457
0.00349425265
0.00152582105
-0.000313779165
-0.00317074295
-0.0066128991
-0.00973103636
-0.0118525778
-0.0124874657
-0.0115937567
-0.00971082803
-0.00706479922
-0.00405849149
-0.000961387637
0.00179274038
0.00353652578
0.00389295399
0.00365112486
0.00499603095
0.0101865163
0.0195345999
0.0304689062
0.038795713
0.0414163194
0.0391444463
0.0358715595
0.0259616644
0.141398202
0.0464048574
0.00495406393
0.00693312349
0.00963129816
0.00667370368
0.00401503498
0.00276175404
0.00133456317
-0.000922431865
-0.00344762741
-0.00542288451
-0.00637356519
-0.00621969447
-0.00511819768
-0.00338565482
-0.00126926542
0.000870295187
0.00267808854
0.00384266363
0.00436433045
0.00492662914
0.00692891156
0.0117725044
0.0196682319
0.0289522851
0.036696673
0.0404841508
0.0402398251
0.0382953607
0.0347253132
0.0181854904
0.13684242
0.0378952431
0.00378588259
0.0064422755
0.00925830487
0.00774534532
0.00592498381
0.00527751262
0.00484307924
0.00396071391
0.00286400683
0.00206295916
0.00184083187
0.00216749981
0.0028410808
0.0037233735
0.0046113644
0.00534699629
0.00591923907
0.00657775919
0.00791409237
0.0107382347
0.015650649
0.0224709429
0.0299624099
0.0362371978
0.039777772
0.0404602998
0.0395668344
0.0376915898
0.030662463
0.00952700954
0.133255148
0.0350670716
0.00362458802
0.00528806952
0.00928827085
0.00960848001
0.00873224293
0.00847486855
0.00875486986
0.00903040997
0.00908925447
0.00901896224
0.00894964074
0.00893952949
0.00901711009
0.00918669621
0.00948185902
0.0100583654
0.0111990308
0.013280858
0.0166399319
0.0213439713
0.0269779372
0.0326251884
0.0371706463
0.0398441809
0.0406706768
0.0403415641
0.0391217462
0.0350704817
0.0237366574
0.00447512851
0.131627871
0.0371783712
0.00497110499
0.00401829961
0.00863880441
0.0112970725
0.0118953886
0.0119276001
0.0121482852
0.0126083765
0.0131087059
0.0135010029
0.0137812261
0.0140668078
0.0145132398
0.0152228988
0.016363721
0.0181134562
0.0206200684
0.0239227507
0.0278648087
0.0320496017
0.0359022769
0.0388594078
0.0406147553
0.0412499737
0.0410449164
0.0398682336
0.0364038085
0.0281739273
0.014078968
-5.86377327e-05
0.134199084
0.0446025734
0.0102126229
0.0039033338
0.00678658148
0.0111153015
0.0141652007
0.0157638447
0.0164457626
0.0167800041
0.0171720786
0.0178475285
0.0188663284
0.0200962136
0.0215318356
0.0232697375
0.0253640581
0.0278267024
0.0305931102
0.0335032762
0.0363086362
0.0387209187
0.0404962373
0.0415115131
0.0417583879
0.0411847246
0.039394795
0.0354134705
0.0280347491
0.0174996077
0.00838662687
0.008551205
0.141986056
0.0611538319
0.0249837943
0.0110846254
0.00761177994
0.00932165686
0.0130766738
0.0172870772
0.0211534646
0.0243043649
0.0266051561
0.0281313942
0.0294948313
0.0309925608
0.0326150785
0.0343366228
0.0361148867
0.0378784011
0.0395255193
0.0409311159
0.0419632924
0.0425032183
0.042451339
0.0416976908
0.0400467535
0.0371351113
0.0324752496
0.0258813414
0.0185412305
0.0143834664
0.0188871669
0.0283420092
0.15544377
0.0913733552
0.0604533477
0.0430305652
0.0320670198
0.0250987614
0.0206584904
0.0179719824
0.0165898735
0.0162610532
0.0167839726
0.0179835668
0.0193379085
0.0206851921
0.0220314156
0.0233508797
0.0246091494
0.0257658194
0.0267735793
0.027579757
0.0281257711
0.0283417646
0.0281346534
0.0273723654
0.0258860363
0.0235335317
0.0203882332
0.017099851
0.0154102812
0.0192506637
0.0241131042
0.0304352738
0.176353242
0.142562009
0.134026763
0.133356896
0.136421509
0.141740939
0.148260798
0.155350651
0.162596568
0.169752393
0.176580947
0.183051413
0.189076376
0.194566358
0.199260593
0.202757573
0.205055264
0.206024619
0.205509674
0.203288934
0.199061613
0.192433813
0.182918325
0.169978157
0.153192091
0.132600747
0.109269654
0.0859657965
0.068502411
0.0575789957
0.043657049
0.0331606139
0.208733812
0.227228961
0.267907823
0.310090844
0.349462781
0.384809838
0.415489913
0.441434485
0.462784576
0.479755788
0.492531914
0.501269518
0.506080841
0.507196295
0.505703335
0.501782657
0.495248885
0.486084758
0.474256148
0.4597427
0.442478159
0.422233996
0.398420141
0.369828021
0.334446714
0.289669704
0.23350289
0.167565511
0.102071179
0.0594599583
0.0567514034
0.0436581689
0.237458407
0.298863741
0.376548593
0.445052969
0.500484868
0.543806243
0.576908445
0.601978845
0.620850549
0.634891917
0.645031234
0.651829314
0.655520862
0.655917176
0.652132612
0.644172155
0.631994098
0.615664362
0.595399158
0.57162696
0.545014499
0.516410424
0.486618385
0.455916464
0.423291649
0.385547482
0.336898942
0.27049641
0.184312657
0.0932368937
0.0392363138
0.0453758305
0.260767209
0.352898618
0.453611861
0.535849791
0.598725341
0.647538283
0.686914717
0.719869987
0.74777142
0.77095739
0.789255064
0.802320152
0.809828836
0.811597855
0.807723849
0.798092431
0.782577255
0.76109725
0.733688606
0.700627433
0.662584648
0.620785869
0.577073902
0.533709396
0.492708673
0.454525653
0.416087828
0.368895698
0.299508659
0.197238786
0.0751256197
-0.00132219904
0.277770891
0.389714448
0.504208102
0.595027717
0.664859015
0.722540216
0.772852982
0.817129038
0.855044164
0.886082502
0.910064714
0.927127509
0.937512739
0.941391484
0.938842325
0.929884868
0.914369393
0.892151177
0.863059718
0.826953225
0.783847156
0.73417674
0.679169643
0.621174647
0.563683378
0.510673513
0.464765009
0.423713651
0.375856366
0.298493498
0.16914824
0.00697654697
0.288120325
0.412417375
0.535091145
0.632394448
0.709494672
0.777097721
0.838069219
0.891483569
0.936058157
0.971578808
0.998665334
1.01811572
1.03048882
1.03603493
1.03479286
1.02674324
1.01185622
0.990123777
0.961555055
0.926102051
0.883562083
0.833612194
0.776150979
0.711946586
0.643334072
0.57459416
0.511534841
0.459135376
0.415354272
0.361241549
0.256854254
0.0718104517
0.293208596
0.423203194
0.550891748
0.652535937
0.736169973
0.812174808
0.881281148
0.940899112
0.989529588
1.02770554
1.05682806
1.07805088
1.09194174
1.09869833
1.09842168
1.09129783
1.07719158
1.0559543
1.02767374
0.99265475
0.951156685
0.90305612
0.847752109
0.784659207
0.714158198
0.638503487
0.562483072
0.493596947
0.439083533
0.393623528
0.316712186
0.131188256
0.293217323
0.421824735
0.552618411
0.657767328
0.745820847
0.827206847
0.901708694
0.965417682
1.01671279
1.0565342
1.08661157
1.10821896
1.12213829
1.12903866
1.12944118
1.12342206
1.11087095
1.09118603
1.06418309
1.03020526
0.989843328
0.943481698
0.890799852
0.830846568
0.762942735
0.68776786
0.607897306
0.52859074
0.459263302
0.40851766
0.353763388
0.189174673
0.287409944
0.409805323
0.541062907
0.648782659
0.738826604
0.821818336
0.898508783
0.964740998
1.01819294
1.05942504
1.09016882
1.11191324
1.12568446
1.13217907
1.13193894
1.12606119
1.11428918
1.09589217
1.07059422
1.03868848
1.00071768
0.957125195
0.907750849
0.851637727
0.787664315
0.715819209
0.637807076
0.556742863
0.478473841
0.415727316
0.370972225
0.243847992
0.273775464
0.388327185
0.516986846
0.626065268
0.716035949
0.796666054
0.871250958
0.937218899
0.991804853
1.0344509
1.06619278
1.0884551
1.10246952
1.10917555
1.10925302
1.10306454
1.09074204
1.0723769
1.04819926
1.0185869
0.983922486
0.944323299
0.899369282
0.848034216
0.789098301
0.722163458
0.648497904
0.570801706
0.49221601
0.420637451
0.373490188
0.287411371
0.247417005
0.356147116
0.480427819
0.589508955
0.678559137
0.754384184
0.822342898
0.882980309
0.934720546
0.976457413
1.00822071
1.03076529
1.04506178
1.05200631
1.05233023
1.04638555
1.03465428
1.01764649
0.995869745
0.969748197
0.939480973
0.904874217
0.865230514
0.819440399
0.76643674
0.705935657
0.63893385
0.567504132
0.494376078
0.422736755
0.367906097
0.316321411
0.218157307
0.314293635
0.430904138
0.538023534
0.626205896
0.697820152
0.757899554
0.809433263
0.85317522
0.888991924
0.916825329
0.936959117
0.949931157
0.956365175
0.956912744
0.952180722
0.942771039
0.929193255
0.911800071
0.890724642
0.86582934
0.836679489
0.802584021
0.762761882
0.71665722
0.664304737
0.60651423
0.544721414
0.480734475
0.417222857
0.359858257
0.328759046
0.222817412
0.275962032
0.369786777
0.467499069
0.552226247
0.620752128
0.675382754
0.719194872
0.754361095
0.782129861
0.803250494
0.818295348
0.827803452
0.832298123
0.832358811
0.828647047
0.821438552
0.810845749
0.796882838
0.779479476
0.758482916
0.733667572
0.704772205
0.671579559
0.63402937
0.592323799
0.546972074
0.498761658
0.448759784
0.398429757
0.352142244
0.324028804
0.229484143
0.255979192
0.318359647
0.392326654
0.462568477
0.522263863
0.570153049
0.607405735
0.635730905
0.656663137
0.67141006
0.680888307
0.685843594
0.686782665
0.683797702
0.677179989
0.667430551
0.655016011
0.640309308
0.623578728
0.604988467
0.584610545
0.562453888
0.538504673
0.512765447
0.485290954
0.456238978
0.425920647
0.394826642
0.363689065
0.334619794
0.318210647
0.24744915
0.233856418
0.249753127
0.28432181
0.324507681
0.3621554
0.393755685
0.418407465
0.436420352
0.448491847
0.455764778
0.459331198
0.459771926
0.457586742
0.453414675
0.447560835
0.440254973
0.431710868
0.422140861
0.411765968
0.400809547
0.389506008
0.378086357
0.36676266
0.35574366
0.34523119
0.33546749
0.326678331
0.318964257
0.312379013
0.307362332
0.308866979
0.596053024
0.524457386
0.462692155
0.418443782
0.390250578
0.372381869
0.36000586
0.35003526
0.340737994
0.33133668
0.321198204
0.309868758
0.297447551
0.284157474
0.270256403
0.256028046
0.241783622
0.227872532
0.21469776
0.202732748
0.192547717
0.18482935
0.180021062
0.1785103
0.180827861
0.187381883
0.198200882
0.212877144
0.23068429
0.250825364
0.272761173
0.296850409
0.576271696
0.486219942
0.403323105
0.327972106
0.262081473
0.207107175
0.161790557
0.123971273
0.0917217926
0.0635992583
0.0385949086
0.0160402546
-0.00447396212
-0.0231717894
-0.0401558575
-0.0554270332
-0.0689008528
-0.0804211321
-0.0897374802
-0.096574417
-0.100198905
-0.0999449649
-0.0936819657
-0.0790035531
-0.0541113165
-0.0178685142
0.0293244485
0.084659676
0.143194193
0.199427775
0.249744768
0.290561243
0.598900889
0.48490223
0.347853873
0.227967314
0.133173602
0.0611079877
0.00577279865
-0.0384380167
-0.0753457734
-0.107121947
-0.134857216
-0.159057901
-0.179955004
-0.197651634
-0.212204642
-0.223653285
-0.23202254
-0.237337614
-0.239550211
-0.238429295
-0.234149662
-0.227000416
-0.216581038
-0.201285475
-0.177448715
-0.139188938
-0.0810588939
-0.0034464053
0.0846326114
0.169295638
0.238606621
0.291974847
0.591547609
0.459862139
0.297950942
0.160704662
0.059276149
-0.0153211571
-0.0745070125
-0.125496008
-0.171172115
-0.212031521
-0.247798215
-0.278194736
-0.303144225
-0.322736397
-0.33714774
-0.346582182
-0.351225735
-0.351298421
-0.347068306
-0.338790667
-0.326604473
-0.310669917
-0.291221091
-0.268308005
-0.240384847
-0.201236488
-0.139981028
-0.0509593606
0.0555612365
0.157829258
0.242126247
0.286126071
0.580588863
0.422889966
0.242560282
0.100497011
0.000585783006
-0.0754614306
-0.142240741
-0.204602241
-0.26177569
-0.311917339
-0.354018936
-0.388004168
-0.414299794
-0.433481484
-0.446090447
-0.452579784
-0.453257459
-0.448166855
-0.437449014
-0.42134847
-0.40024767
-0.374648234
-0.34514099
-0.312408062
-0.27655094
-0.232920992
-0.167823025
-0.070536442
0.0482054666
0.160131156
0.252965276
0.272502632
0.569764515
0.386915192
0.191930418
0.0517037684
-0.0445940575
-0.125414634
-0.203445993
-0.277286418
-0.342446801
-0.396714654
-0.440172027
-0.473839332
-0.498814165
-0.516000679
-0.526093134
-0.52959869
-0.526849113
-0.518086708
-0.503323978
-0.482440715
-0.455408421
-0.422561984
-0.384703244
-0.343010182
-0.298726973
-0.248678918
-0.17787392
-0.0719053919
0.0544208236
0.170767894
0.264377026
0.254929314
0.557673174
0.347287306
0.144607093
0.0124340177
-0.0816725682
-0.171422476
-0.260829501
-0.341641703
-0.408991396
-0.462935802
-0.505228941
-0.537441565
-0.560696549
-0.575863487
-0.583662358
-0.584599466
-0.579087467
-0.567313237
-0.549304253
-0.524902596
-0.493804996
-0.455911153
-0.411794132
-0.362865603
-0.311091132
-0.254500767
-0.176110445
-0.0614496906
0.0688472648
0.185999383
0.273656637
0.235085137
0.545146531
0.307461263
0.103955347
-0.0176158248
-0.113664213
-0.214442471
-0.311441254
-0.393626706
-0.459649643
-0.512150252
-0.553205825
-0.58393694
-0.605283241
-0.61826503
-0.623828326
-0.622539562
-0.61470453
-0.600407722
-0.579637993
-0.552288557
-0.51800513
-0.476337247
-0.427487844
-0.372834255
-0.315152389
-0.252253293
-0.164434722
-0.0423497204
0.0888753655
0.203688983
0.279865446
0.213474026
0.532187452
0.268510434
0.0708226429
-0.040371711
-0.142546508
-0.253107577
-0.352505479
-0.432711253
-0.496824319
-0.548078473
-0.587611262
-0.61612501
-0.634878348
-0.645333414
-0.648727953
-0.645649669
-0.636139201
-0.619946597
-0.596925382
-0.567039992
-0.530017548
-0.485228136
-0.432447628
-0.373311258
-0.311355018
-0.241272305
-0.143102029
-0.0158459786
0.113463843
0.222543178
0.282406865
0.191099768
0.519580248
0.231787547
0.0454966569
-0.0577092633
-0.168486132
-0.285193694
-0.383027988
-0.460406173
-0.522803397
-0.572396909
-0.609577499
-0.635269063
-0.651310164
-0.659385703
-0.660796885
-0.656417608
-0.645705055
-0.627877969
-0.602779115
-0.570607538
-0.531083655
-0.483246642
-0.426868469
-0.364625432
-0.298921281
-0.21997488
-0.11188564
0.017423593
0.141845615
0.241235502
0.280784962
0.169541286
0.50799566
0.198469523
0.0275768071
-0.0710484974
-0.19034468
-0.309021543
-0.403461771
-0.478131333
-0.538497964
-0.585753995
-0.620296583
-0.6434443
-0.657325512
-0.66348481
-0.663539189
-0.657722408
-0.645173485
-0.625304919
-0.598134332
-0.563759528
-0.521467435
-0.470214843
-0.410861087
-0.346577207
-0.275863747
-0.186447643
-0.0705797975
0.0569982986
0.173098603
0.258212777
0.274388601
0.147970932
0.497924203
0.169742413
0.0162286915
-0.0809954672
-0.206348768
-0.323786315
-0.414542754
-0.486452224
-0.544191987
-0.588824314
-0.621030706
-0.642250111
-0.65451812
-0.659421463
-0.657750452
-0.649689505
-0.634775676
-0.612677078
-0.583283701
-0.546131794
-0.500284573
-0.445703019
-0.384439113
-0.317574747
-0.2390875
-0.139077958
-0.0194347556
0.101995889
0.205593758
0.271391367
0.261620584
0.122247874
0.489677853
0.14658831
0.0102680683
-0.0873020264
-0.214735166
-0.329200439
-0.416567767
-0.48533866
-0.539980984
-0.581940901
-0.61211778
-0.631761287
-0.642520705
-0.645744403
-0.642101731
-0.631644334
-0.614208256
-0.589464218
-0.556938938
-0.51599697
-0.466506559
-0.409612496
-0.346394199
-0.274069183
-0.185536932
-0.0777167586
0.0399965162
0.150241874
0.236338606
0.277658741
0.240273131
0.091833725
0.483665714
0.130385748
0.00851531914
-0.0889070143
-0.214093061
-0.325131387
-0.409181036
-0.474332521
-0.525538616
-0.564632308
-0.592695557
-0.610737418
-0.619928471
-0.62127372
-0.615288285
-0.602104384
-0.581520798
-0.553164227
-0.516670612
-0.47204387
-0.419917918
-0.360772359
-0.292915546
-0.211844195
-0.114330595
-0.00476167134
0.104234968
0.197727869
0.260814545
0.273408822
0.209718125
0.0610935601
0.480627323
0.122298081
0.00989807157
-0.0841985087
-0.203205864
-0.310342135
-0.391088163
-0.452489722
-0.499974697
-0.535798831
-0.56123765
-0.577158006
-0.584296244
-0.58325986
-0.574425179
-0.557913967
-0.533619334
-0.501448282
-0.461490159
-0.414013619
-0.358939908
-0.294892914
-0.219066039
-0.129464845
-0.0287264322
0.0743178227
0.167431943
0.238199102
0.273000377
0.254947418
0.169980542
0.0314367663
0.482101191
0.124297485
0.0151485277
-0.0708552528
-0.180901741
-0.283035509
-0.360530072
-0.418229907
-0.461819375
-0.493935477
-0.515999174
-0.528876585
-0.533112825
-0.529086743
-0.517019782
-0.497070452
-0.469316244
-0.433833664
-0.390603258
-0.339220147
-0.278571775
-0.207074502
-0.124066532
-0.0319431667
0.0627257683
0.150444594
0.221100302
0.264505198
0.269136958
0.223244554
0.123814762
0.0023127575
0.491775658
0.134931237
0.025972804
-0.048925623
-0.145353278
-0.240371898
-0.314573266
-0.368920268
-0.408705941
-0.436977169
-0.455277918
-0.464529949
-0.465280092
-0.457813986
-0.442301943
-0.418861885
-0.387493227
-0.348030222
-0.300041611
-0.242837069
-0.175824165
-0.0993863516
-0.0160026156
0.0691820106
0.148964022
0.215321702
0.259766642
0.272218424
0.240729445
0.15799211
0.0443096969
-0.0146712317
0.515140965
0.156245075
0.0432597892
-0.0192387165
-0.0962717886
-0.179446747
-0.249096985
-0.300516443
-0.336912798
-0.361523863
-0.37612528
-0.381651657
-0.378627872
-0.36733911
-0.347943185
-0.320420203
-0.28463258
-0.240343753
-0.18734974
-0.125798427
-0.0567179026
0.0174080843
0.0923426053
0.162272268
0.220159993
0.257632195
0.264622845
0.231895013
0.164282323
0.114521233
0.21940734
0.539211521
0.559130438
0.197469504
0.0718637545
0.0170778118
-0.0365031851
-0.0999283765
-0.160172874
-0.207767367
-0.241249033
-0.262538376
-0.2735433
-0.275366839
-0.268561932
-0.253476118
-0.230226777
-0.198865629
-0.159456907
-0.112238324
-0.0578698679
0.00223381115
0.0655618415
0.128272371
0.185129315
0.229569656
0.254002087
0.251426892
0.22153909
0.186168447
0.212972479
0.412697352
0.791838339
0.856087052
0.633430563
0.273618537
0.124483857
0.0623281881
0.0268081791
-0.0100197055
-0.0504657455
-0.0879834498
-0.116966312
-0.135378552
-0.143522096
-0.142375361
-0.132883313
-0.115468442
-0.0904502925
-0.0582387792
-0.019456853
0.0248587275
0.0730294719
0.122510779
0.169737693
0.210126354
0.238393285
0.249607132
0.241928231
0.222512987
0.216631301
0.271959081
0.430368614
0.634679049
0.744947187
0.935164891
0.745584123
0.407717618
0.232754979
0.138762521
0.0953349584
0.0738835094
0.0588106389
0.0439610699
0.0296350788
0.0185863747
0.0134391044
0.0154580093
0.024588155
0.0402531859
0.0617944239
0.0883139748
0.118581353
0.150886117
0.182937559
0.211853707
0.234352566
0.247305776
0.248936377
0.241019297
0.232159587
0.240716097
0.291750306
0.395691056
0.498598468
0.470348457
0.743435412
0.933480586
0.885107145
0.622620813
0.455464103
0.320515875
0.231394111
0.179222915
0.155114003
0.148638094
0.151478332
0.157250631
0.162169047
0.165044259
0.168826516
0.17691891
0.187623803
0.200159433
0.21323483
0.225377769
0.234956429
0.240442111
0.240871715
0.23658189
0.230177056
0.227460168
0.237514073
0.270289715
0.329920567
0.405625022
0.431984652
0.603210564
0.860003486
0.970521016
0.976541085
0.906509083
0.842424295
0.733105772
0.624021133
0.525421131
0.444356486
0.38097153
0.334909099
0.304667701
0.287996753
0.282390978
0.282319098
0.282387174
0.283470451
0.285021751
0.286875967
0.288928067
0.291356666
0.29479091
0.300528357
0.310696075
0.328229333
0.356574876
0.398966025
0.457259476
0.531453939
0.621315504
0.764839147
0.925981233
1.01890255
0.992542266
)
;

boundaryField
{
    inner_wall
    {
        type            zeroGradient;
    }
    outer_wall
    {
        type            fixedValue;
        value           uniform 0;
    }
    top
    {
        type            fixedValue;
        value           uniform 1;
    }
    bottom
    {
        type            inletOutlet;
        inletValue      uniform 0;
        value           nonuniform List<scalar> 
32
(
0
0
0
0
0
0
0
0
0
0
0
0
0
0
0
0
0
-0.00240306335
-0.00299612974
-0.00240135394
-0.000752197228
0.00183250359
0.00525024251
0.00929762859
0.0136112598
0.0177496535
0.0213636164
0.0243060746
0.0266438344
0.0284687572
0.0301759929
0.0332723437
)
;
    }
    front
    {
        type            wedge;
    }
    back
    {
        type            wedge;
    }
}


// ************************************************************************* //
