/*--------------------------------*- C++ -*----------------------------------*\
| =========                 |                                                 |
| \\      /  F ield         | OpenFOAM: The Open Source CFD Toolbox           |
|  \\    /   O peration     | Version:  2506                                  |
|   \\  /    A nd           | Website:  www.openfoam.com                      |
|    \\/     M anipulation  |                                                 |
\*---------------------------------------------------------------------------*/
FoamFile
{
    version     2.0;
    format      ascii;
    arch        "LSB;label=32;scalar=64";
    class       volScalarField;
    location    "26";
    object      C;
}
// * * * * * * * * * * * * * * * * * * * * * * * * * * * * * * * * * * * * * //

dimensions      [0 0 0 0 0 0 0];

internalField   nonuniform List<scalar> 
3072
(
1.07745322e-07
-1.0157656e-05
6.95475881e-05
0.000656189542
-0.000636135842
-0.00846093273
-0.0146937134
0.00655134685
0.0699162534
0.143922187
0.153867709
0.099205063
0.0243828102
-0.0359044921
-0.0207278224
0.136563286
0.431950323
0.748034645
0.96068808
1.03579597
1.02851314
1.00650578
0.997494392
0.997692297
0.999760476
1.00252931
1.00492926
1.00421416
1.00178398
0.990035628
0.864684356
0.370816015
-2.44245945e-07
3.12944155e-05
0.00016113102
-0.00215915599
-0.00631024892
0.0113520411
0.0812711518
0.188639487
0.273233576
0.291775286
0.252830323
0.167737446
0.0595804358
-0.0283289585
-0.0282348833
0.133489204
0.442525046
0.766025529
0.972894905
1.03774752
1.02555832
1.00433042
0.997166953
0.997978465
1.00000328
1.00283595
1.00533104
1.00450149
1.00188487
0.990068614
0.865888082
0.370834191
7.7376301e-08
7.19754649e-05
-0.00085928316
-0.00554910779
0.0079534288
0.0926728555
0.250113435
0.399810988
0.474152437
0.465456863
0.376157449
0.239197284
0.095517563
-0.0188769978
-0.0342047286
0.128364761
0.445877507
0.774427381
0.978500044
1.03810968
1.02383743
1.00334796
0.997119807
0.998137685
1.00011578
1.002997
1.00554694
1.00466745
1.00197736
0.990435115
0.868848593
0.377811325
2.33117545e-07
7.2904709e-05
-0.00177676646
-0.00702589736
0.0274656913
0.171495627
0.392766961
0.579495733
0.669084813
0.636867975
0.482961879
0.296518694
0.122283602
-0.0123776706
-0.0357141542
0.133763293
0.461420589
0.791663008
0.987388201
1.03835351
1.02137467
1.00207512
0.997079022
0.998338224
1.00025888
1.0032029
1.00581411
1.00486979
1.00208835
0.99080738
0.871833501
0.385272561
-2.07252009e-07
8.73607984e-05
-0.00189828657
-0.00744664847
0.0311207967
0.191526832
0.436677797
0.641525597
0.771323356
0.693987668
0.505218051
0.298116728
0.115527875
-0.0180816065
-0.027114046
0.163679514
0.503063922
0.824146599
1.00014626
1.03756235
1.01784967
1.00063969
0.997144804
0.998583531
1.00042793
1.00345303
1.00609665
1.00504729
1.00217103
0.991068006
0.874500488
0.393651312
-1.85930853e-06
0.000123019837
-0.00162206531
-0.00798874892
0.0204815113
0.152883468
0.364390601
0.547114532
0.632308729
0.569602988
0.409576845
0.230326567
0.0708710205
-0.0347635695
-0.000290672824
0.232760034
0.581546578
0.875615716
1.01625465
1.03461642
1.01284381
0.999046573
0.997370816
0.998897523
1.00065824
1.0038016
1.00642261
1.00518309
1.00219083
0.991029564
0.875964789
0.40096912
-5.37248861e-06
0.000163650363
-0.00110062435
-0.00787846849
0.00550441445
0.0884464079
0.229794517
0.356741195
0.403929286
0.353765119
0.243755893
0.119979946
0.00605143845
-0.0428427745
0.067405926
0.354678907
0.69689241
0.939038039
1.03022897
1.02802144
1.00680656
0.997745995
0.997833542
0.999256598
1.00097369
1.00429035
1.00679304
1.00524433
1.00211426
0.9905629
0.87574859
0.406329232
-1.18544787e-05
0.000188111388
-0.000486357907
-0.00657183417
-0.00498242305
0.0327918602
0.103564056
0.168121156
0.185648954
0.153726714
0.0933464732
0.0184592697
-0.0413108755
-0.00229575919
0.205862243
0.533094635
0.832611818
0.997125543
1.03460655
1.01768078
1.00117972
0.997289426
0.998494074
0.99960833
1.00141423
1.00495616
1.00718951
1.00519571
1.0019133
0.98954818
0.873472752
0.40899132
-1.6359493e-05
0.000190855242
6.95816339e-05
-0.00435886859
-0.00824121457
0.00157125253
0.0251155675
0.045811309
0.0482420382
0.0332900202
-0.000301485591
-0.0402690945
-0.0213806272
0.137541602
0.431160853
0.744412545
0.954237048
1.03004987
1.02609864
1.00638077
0.997792155
0.997849646
0.999146516
0.999925899
1.00204932
1.0058151
1.00756051
1.00499793
1.00156344
0.987864807
0.86889419
0.408604083
-4.77352802e-05
0.000125204142
0.000385393851
-0.00208880019
-0.00637653602
-0.00777143826
-0.00525328725
-0.00334998386
-0.00402409081
-0.0178784928
-0.0397637286
-0.0141655428
0.132554796
0.404874112
0.709019534
0.929821669
1.02384204
1.03008557
1.0104496
0.998753556
0.99741567
0.998887353
0.999547713
1.00028655
1.00296911
1.00684059
1.00781989
1.00461695
1.0010411
0.985370906
0.861838229
0.405066258
7.49040864e-05
0.000229243999
0.000660558537
-0.000252492509
-0.00274189889
-0.00553411976
-0.00761579143
-0.00822498136
-0.0198716776
-0.0296481129
0.0202229662
0.186517821
0.456408876
0.740301792
0.941187774
1.02610196
1.03097699
1.01130772
0.998918543
0.997147795
0.998768217
0.999553024
0.999699703
1.00088056
1.004234
1.00794117
1.00785802
1.00403777
1.0003174
0.981892883
0.852183834
0.398481253
-0.000756711553
-0.000768626018
-0.000402280413
-0.000254190983
-0.000881292001
-0.00148609271
-0.00333947373
-0.0152684629
0.0014735274
0.105337487
0.317303646
0.589673551
0.834330142
0.984986031
1.03589983
1.0282394
1.00801981
0.997653296
0.997012045
0.998937476
0.999699052
0.999591945
0.999931319
1.00189104
1.00581527
1.00895883
1.00757009
1.00327803
0.999346468
0.977224688
0.839866117
0.389107488
0.0046424169
0.00481027593
0.00489486961
0.00356657784
0.00251324113
-0.00291483937
0.0135758293
0.110775402
0.304821265
0.556834492
0.795669146
0.96058486
1.03343439
1.03891858
1.01825282
1.00112067
0.995851772
0.997425458
0.999505938
0.99993339
0.999563037
0.999565828
1.00058039
1.00335915
1.00758269
1.00969666
1.00689561
1.00239158
0.998049802
0.971143259
0.824902808
0.377329337
-0.0355736649
-0.0349617596
-0.032424151
-0.00803078187
0.0726162481
0.231235615
0.451777627
0.684616784
0.878076869
0.99984793
1.04756037
1.04407178
1.02105049
1.00197205
0.994787161
0.995909957
0.998911126
1.00030914
1.00007914
0.999476639
0.999366042
0.999994789
1.00169498
1.00519847
1.00933776
1.00996651
1.00585554
1.001453
0.99630445
0.96344594
0.807435466
0.363635381
0.44627802
0.495136533
0.60463504
0.74917031
0.883053844
0.985956942
1.04738893
1.06751469
1.05694316
1.0322192
1.0088087
0.995384524
0.992447028
0.995357085
0.998990675
1.0007459
1.0006709
0.999904635
0.999326877
0.999247953
0.999711538
1.0008279
1.00317164
1.00728272
1.01084395
1.00964962
1.00456841
1.00052252
0.993949561
0.954011879
0.78777541
0.348597767
1.01738069
1.03599301
1.04470492
1.04247101
1.03208832
1.01747747
1.00306892
0.992698759
0.988328321
0.989445675
0.993636406
0.998033919
1.00075469
1.00147071
1.00095077
1.00014417
0.999564308
0.999280276
0.999248941
0.999545646
1.00033986
1.00191532
1.00495131
1.0094364
1.01187045
1.00876132
1.00322425
0.999606363
0.990825699
0.942878955
0.76643935
0.332846039
0.998235129
0.995206403
0.99302283
0.992303321
0.993054876
0.994997153
0.997575471
1.0000571
1.00177174
1.00238452
1.00202586
1.0011751
1.0003607
0.999874827
0.999688289
0.999596168
0.999453906
0.999318841
0.999412641
0.999968695
1.00114476
1.0032437
1.00692627
1.01142576
1.01228935
1.00747458
1.00201276
0.998643352
0.986847148
0.930313863
0.744157454
0.317031805
1.00022816
1.00078475
1.00125143
1.0014933
1.00147613
1.00121001
1.00075654
1.00023272
0.99978544
0.999537523
0.999530762
0.99970094
0.999905398
0.999993297
0.999883785
0.999614774
0.99934185
0.99928724
0.999656459
1.00056968
1.00212483
1.00471137
1.00890188
1.01306017
1.01215642
1.00605953
1.00104617
0.997541496
0.982081242
0.916843517
0.721838673
0.301784304
0.999967476
0.999856812
0.999756656
0.999696056
0.999683379
0.999718548
0.999794184
0.999896301
1.00000676
1.00010609
1.00017376
1.00018566
1.00011367
0.999936648
0.999667226
0.999383386
0.999237664
0.999419166
1.00007773
1.00128162
1.00314911
1.00616299
1.01069714
1.01427828
1.01169501
1.00477275
1.00033402
0.996249306
0.976789987
0.903219965
0.700486869
0.287661529
1.00000485
1.00002794
1.00005017
1.00006542
1.00007008
1.00006127
1.00004051
1.00001748
1.00000777
1.00002227
1.0000519
1.00005921
0.999989334
0.999805042
0.999532718
0.999290145
0.999266536
0.999650705
1.00054901
1.00198657
1.00411051
1.00746538
1.01218888
1.01515074
1.01120474
1.00377655
0.999823219
0.994810254
0.971399841
0.890311369
0.681076537
0.275106204
0.999999259
0.999994262
0.999989592
0.999986809
0.999984665
0.99998126
0.999978482
0.999984693
1.00001002
1.00005404
1.00009279
1.0000778
0.999957406
0.999717944
0.999424781
0.999232183
0.999340586
0.999912821
1.00100603
1.00261621
1.00492468
1.00851278
1.01332568
1.01582251
1.01095516
1.00313589
0.999458015
0.993358711
0.966402843
0.87894211
0.664414646
0.264417969
1.00000011
1.00000122
1.00000264
1.00000406
1.00000337
0.999998417
0.999992195
0.999995321
1.00001916
1.00006099
1.00009077
1.00005449
0.9999029
0.999637934
0.999350495
0.999217174
0.999441036
1.00016074
1.0013953
1.00312024
1.0055383
1.00925078
1.01411207
1.01642461
1.01111831
1.00287308
0.999207527
0.992064161
0.962229754
0.869732252
0.651026423
0.255748977
0.99999998
0.999999739
0.999999804
1.0000002
0.999998857
0.999993657
0.999988369
0.999994576
1.00002321
1.00006818
1.0000938
1.00004218
0.999867447
0.999585033
0.999305509
0.999220619
0.999532545
1.00035959
1.00169092
1.00348218
1.00593841
1.00967444
1.01457364
1.01701409
1.01175196
1.00301798
0.99905801
0.991065641
0.959148715
0.862993363
0.641099318
0.249120135
1
1.00000007
1.00000046
1.00000107
0.999999729
0.999994271
0.999988919
0.999995924
1.00002616
1.00007179
1.00009397
1.00003264
0.9998442
0.999552509
0.999280336
0.999228752
0.99959928
1.00049696
1.0018893
1.0037095
1.00614451
1.00981626
1.01473799
1.01756684
1.01280952
1.00361278
0.999005979
0.990430175
0.957226556
0.858714525
0.634499739
0.244443612
0.999999995
0.999999997
1.00000032
1.00000087
0.999999473
0.999993912
0.999988569
0.999995985
1.0000271
1.00007339
1.00009453
1.00002919
0.999834409
0.999537895
0.99926867
0.999233548
0.999635434
1.00057346
1.00200062
1.00382486
1.00619647
1.00973146
1.01463441
1.01801008
1.01416395
1.00467843
0.999067745
0.990143509
0.956356947
0.856636572
0.630860965
0.241539218
0.999999996
1.00000001
1.00000035
1.00000092
0.999999582
0.99999401
0.999988496
0.999995635
1.00002665
1.0000733
1.00009528
1.0000306
0.999835384
0.999537082
0.999266118
0.99923259
0.999643193
1.00059796
1.002042
1.00385696
1.00614114
1.00948335
1.0142993
1.01826983
1.01565
1.0061705
0.999276016
0.99012334
0.956326831
0.856393688
0.629735992
0.240092177
0.999999995
1.00000001
1.00000032
1.00000091
0.999999695
0.999994207
0.99998843
0.999994781
1.00002496
1.00007187
1.0000963
1.00003602
0.999844907
0.999546879
0.999270063
0.99922617
0.999627993
1.00058242
1.00203304
1.00383567
1.00602234
1.00912495
1.01376861
1.01831848
1.0171317
1.00794979
0.999655102
0.990287655
0.956914232
0.857567271
0.630548022
0.239729353
0.999999996
1.00000001
1.0000003
1.00000091
0.999999859
0.999994522
0.999988444
0.999993708
1.00002253
1.00006946
1.00009718
1.0000437
0.999859863
0.999563928
0.999278976
0.999216812
0.999597595
1.00053928
1.00198944
1.00378215
1.00587961
1.00872879
1.01310738
1.01809719
1.01844738
1.00997264
1.0002648
0.990582967
0.957863722
0.859631451
0.632679898
0.240170855
0.999999996
1.00000001
1.00000027
1.0000009
1.00000003
0.99999489
0.999988527
0.999992577
1.00001974
1.00006643
1.00009769
1.00005219
0.999877589
0.999585302
0.999291585
0.999206952
0.999559186
1.0004798
1.00192469
1.0037118
1.00573752
1.00834519
1.01238752
1.01761829
1.01946988
1.0121296
1.00115362
0.990968448
0.9589742
0.86216156
0.63561063
0.241157586
0.999999997
1.00000001
1.00000024
1.0000009
1.0000002
0.999995279
0.999988672
0.999991509
1.00001688
1.00006309
1.00009773
1.00006046
0.999895969
0.999608527
0.999306602
0.999198258
0.999518422
1.00041319
1.00184973
1.00363538
1.00560906
1.0080045
1.01167371
1.01693354
1.02012343
1.01429355
1.00235169
0.991425597
0.960100952
0.864821435
0.638916768
0.242474011
0.999999998
1.00000001
1.00000021
1.00000089
1.00000036
0.999995659
0.999988861
0.999990565
1.00001416
1.00005969
1.00009732
1.0000679
0.999913559
0.999631698
0.999322751
0.999191496
0.999479128
1.00034627
1.00177292
1.0035603
1.00549941
1.00771884
1.01101263
1.01611709
1.0203883
1.01633195
1.003858
0.991950846
0.96115474
0.867369956
0.642276056
0.243948468
0.999999998
1
1.00000019
1.00000089
1.0000005
0.999996011
0.99998907
0.999989767
1.00001169
1.00005644
1.00009658
1.00007431
0.999929619
0.999653603
0.999338942
0.999186723
0.999443449
1.00028348
1.0017001
1.00349162
1.00540968
1.00748829
1.01042945
1.01524306
1.02029328
1.01812854
1.00563634
0.992549265
0.962090635
0.869648415
0.645456692
0.245451166
0.999999999
1
1.00000016
1.00000089
1.00000062
0.999996323
0.99998928
0.999989111
1.00000952
1.00005345
1.00009565
1.00007966
0.999943755
0.999673446
0.999354271
0.999183603
0.999412376
1.00022749
1.00163515
1.00343269
1.00533932
1.00730692
1.00993144
1.01437139
1.01989886
1.01959792
1.00761916
0.993230229
0.962895343
0.871564528
0.648300964
0.246887652
0.999999999
1
1.00000014
1.00000089
1.00000073
0.999996591
0.999989473
0.999988581
1.00000769
1.00005084
1.00009467
1.00008401
0.999955755
0.999690679
0.999368002
0.999181625
0.999386193
1.00017975
1.00158043
1.00338559
1.00528725
1.00716692
1.00951404
1.01354216
1.01927899
1.02069252
1.00971766
0.994006845
0.963576419
0.87307658
0.650708696
0.248191383
0.999999999
1
1.00000012
1.0000009
1.00000082
0.999996812
0.999989635
0.999988154
1.00000619
1.00004865
1.00009377
1.00008748
0.999965642
0.999705082
0.999379657
0.99918026
0.99936471
1.00014075
1.00153708
1.0033513
1.00525214
1.00706072
1.00916679
1.01277647
1.01850608
1.0214013
1.01183463
0.994897274
0.964154942
0.874180667
0.652624228
0.249317885
1
0.999999999
1.00000011
1.00000092
1.00000089
0.999996988
0.999989759
0.999987808
1.00000498
1.00004689
1.00009303
1.00009023
0.999973556
0.999716639
0.999388973
0.999179055
0.999347503
1.00011037
1.00150533
1.00332995
1.00523248
1.00698175
1.0088774
1.0120809
1.01764145
1.02174262
1.01387632
0.995924904
0.964660781
0.874900335
0.654025951
0.250239688
1
0.999999996
1.0000001
1.00000094
1.00000096
0.999997123
0.999989844
0.999987523
1.00000403
1.00004554
1.0000925
1.00009242
0.999979721
0.999725511
0.999395904
0.999177679
0.999334021
1.00008802
1.00148468
1.00332093
1.00522652
1.0069245
1.00863416
1.01145268
1.01673131
1.02175428
1.01576128
0.997115236
0.965129484
0.875279115
0.654919338
0.250943238
1
0.999999993
1.00000009
1.00000096
1.00000101
0.999997222
0.99998989
0.999987283
1.00000331
1.00004455
1.00009218
1.00009418
0.999984399
0.999732003
0.999400602
0.99917594
0.999323655
1.00007277
1.00147407
1.00332302
1.00523232
1.00688436
1.00842693
1.01088421
1.01580694
1.02148347
1.01742531
0.99848925
0.965599442
0.875374837
0.655331588
0.251426496
1
0.999999989
1.0000001
1.00000098
1.00000106
0.999997293
0.999989901
0.999987074
1.00000277
1.00004387
1.00009207
1.00009562
0.999987859
0.99973648
0.999403339
0.999173765
0.999315807
1.00006351
1.00147203
1.00333456
1.00524775
1.00685745
1.00824745
1.0103663
1.01488728
1.02097862
1.0188229
1.00005516
0.966109037
0.875255138
0.655306927
0.251696481
0.999999999
0.999999985
1.0000001
1.00000101
1.00000111
0.99999734
0.999989884
0.999986888
1.00000237
1.00004345
1.00009214
1.00009682
0.999990363
0.999739341
0.999404465
0.999171166
0.999309907
1.00005901
1.00147687
1.00335364
1.00527067
1.00684051
1.00808919
1.0098901
1.01398248
1.02028412
1.01992594
1.00180165
0.966694635
0.874994257
0.654903058
0.251767261
0.999999999
0.999999981
1.00000011
1.00000104
1.00000115
0.99999737
0.999989846
0.999986718
1.00000207
1.00004321
1.00009234
1.00009785
0.999992165
0.999740997
0.999404372
0.999168219
0.999305418
1.00005802
1.00148676
1.00337818
1.00529892
1.00683083
1.00794722
1.00944805
1.01309716
1.01943779
1.020721
1.00369521
0.967390485
0.874670929
0.65418884
0.251658619
0.999999999
0.999999978
1.00000012
1.00000107
1.00000119
0.999997389
0.999989794
0.999986557
1.00000184
1.00004309
1.00009263
1.00009877
0.999993508
0.999741859
0.999403472
0.99916503
0.999301826
1.00005926
1.00149981
1.00340606
1.00533045
1.00682614
1.00781784
1.00903422
1.01223304
1.01847048
1.02120595
1.00568242
0.968230829
0.874367114
0.653243069
0.251395259
0.999999998
0.999999976
1.00000013
1.0000011
1.00000123
0.999997404
0.999989737
0.999986401
1.00000165
1.00004303
1.00009297
1.00009964
0.999994619
0.999742327
0.999402173
0.999161719
0.999298644
1.00006148
1.00151415
1.00343518
1.00536331
1.00682465
1.00769845
1.00864432
1.01139073
1.01740703
1.02138679
1.00769632
0.96925307
0.87416718
0.652152615
0.251001609
0.999999997
0.999999974
1.00000015
1.00000113
1.00000127
0.999997421
0.999989681
0.999986248
1.00000145
1.00004297
1.00009331
1.0001005
0.99999571
0.999742775
0.999400869
0.999158408
0.999295411
1.00006348
1.00152798
1.00346353
1.00539574
1.00682493
1.00758733
1.0082755
1.01057082
1.01626772
1.02127499
1.00966438
0.970499607
0.87415711
0.651014399
0.250509115
0.999999997
0.999999971
1.00000016
1.00000116
1.00000131
0.999997443
0.999989633
0.999986093
1.00000123
1.00004287
1.00009359
1.00010139
0.999996972
0.999743549
0.999399924
0.999155216
0.999291699
1.00006413
1.00153957
1.00348923
1.00542618
1.00682589
1.00748345
1.00792616
1.00977445
1.01506988
1.02088566
1.01151584
0.972016124
0.874423626
0.649931912
0.249950289
0.999999996
0.999999967
1.00000016
1.00000118
1.00000135
0.999997477
0.9999896
0.999985935
1.00000096
1.00004266
1.00009379
1.00010233
0.999998575
0.999744961
0.999399672
0.999152255
0.999287122
1.00006238
1.00154734
1.00351054
1.00545323
1.00682677
1.00738637
1.0075957
1.0090035
1.01382912
1.02023649
1.01318666
0.973845202
0.875053075
0.649015346
0.24936221
0.999999995
0.999999961
1.00000017
1.0000012
1.0000014
0.999997527
0.99998959
0.999985772
1.00000061
1.0000423
1.00009386
1.00010335
1.00000067
0.999747299
0.999400429
0.999149644
0.999281337
1.00005728
1.00154984
1.00352587
1.00547567
1.00682702
1.00729607
1.00728428
1.00826058
1.01256027
1.01934729
1.01462179
0.976016105
0.87612842
0.648377524
0.248784637
0.999999995
0.999999954
1.00000017
1.00000122
1.00000145
0.999997596
0.999989607
0.999985604
1.00000017
1.00004174
1.00009376
1.00010447
1.0000034
0.999750827
0.999402489
0.999147506
0.999274066
1.00004802
1.0015458
1.00353383
1.00549246
1.00682631
1.00721288
1.00699261
1.00754889
1.01127801
1.01823999
1.01577529
0.978533962
0.87772528
0.648130687
0.2482605
0.999999994
0.999999945
1.00000016
1.00000123
1.0000015
0.999997688
0.999989658
0.999985433
0.999999625
1.00004097
1.00009345
1.0001057
1.00000685
0.999755731
0.999406086
0.999145972
0.999265137
1.00003398
1.00153419
1.0035333
1.00550278
1.00682449
1.00713732
1.00672178
1.00687203
1.00999717
1.01693902
1.01660978
0.981372269
0.879908676
0.648384624
0.24783641
0.999999993
0.999999936
1.00000016
1.00000124
1.00000155
0.999997806
0.999989746
0.99998526
0.999998965
1.00003996
1.0000929
1.000107
1.00001104
0.999762127
0.999411395
0.999145178
0.999254499
1.00001479
1.00151434
1.00352342
1.00550599
1.00682148
1.00707001
1.00647299
1.00623368
1.00873267
1.01547168
1.01709625
0.98447131
0.882731504
0.649245273
0.247559874
0.999999992
0.999999927
1.00000015
1.00000124
1.00000161
0.999997949
0.999989874
0.999985091
0.999998193
1.00003869
1.00009209
1.00010836
1.00001599
0.999770067
0.999418533
0.99914527
0.999242222
0.999990334
1.00148586
1.00350369
1.00550169
1.0068173
1.00701157
1.00624743
1.00563728
1.00749919
1.01386837
1.01721463
0.987742568
0.886234515
0.650815164
0.247479923
0.999999991
0.99999992
1.00000013
1.00000123
1.00000167
0.999998117
0.999990046
0.999984932
0.999997317
1.00003717
1.00009101
1.00010973
1.00002162
0.999779523
0.999427548
0.99914639
0.999228504
0.99996077
1.0014488
1.00347399
1.00548972
1.006812
1.00696246
1.00604602
1.00508571
1.00631071
1.01216245
1.01695517
0.991077108
0.890445938
0.653192231
0.247646717
0.99999999
0.999999913
1.00000011
1.00000122
1.00000174
0.999998309
0.999990261
0.99998479
0.999996352
1.00003541
1.00008964
1.00011106
1.00002785
0.999790389
0.999438406
0.999148662
0.999213665
0.999926555
1.0014036
1.00343462
1.00547021
1.00680568
1.00692292
1.00586927
1.00458098
1.00517976
1.01038965
1.01631995
0.994355267
0.895378603
0.656466681
0.248110859
0.999999989
0.999999906
1.00000009
1.00000121
1.0000018
0.99999852
0.999990516
0.999984671
0.999995322
1.00003345
1.00008799
1.0001123
1.00003452
0.999802462
0.999450964
0.999152163
0.999198134
0.999888477
1.00135124
1.00338647
1.00544371
1.00679846
1.00689287
1.00571707
1.00412394
1.00411678
1.00858708
1.01532438
0.99745566
0.901023344
0.660715762
0.248921546
0.999999988
0.9999999
1.00000007
1.00000118
1.00000186
0.999998746
0.999990807
0.999984583
0.999994258
1.00003134
1.00008609
1.00011337
1.00004143
0.999815419
0.999464925
0.999156877
0.999182434
0.999847687
1.00129331
1.00333113
1.00541128
1.0067906
1.0068718
1.00558847
1.00371398
1.00312932
1.00679163
1.01399799
1.00026291
0.907339874
0.665997348
0.250123274
0.999999987
0.999999894
1.00000005
1.00000116
1.00000191
0.99999898
0.999991124
0.999984529
0.999993197
1.00002914
1.00008402
1.00011425
1.00004833
0.999828786
0.999479787
0.999162643
0.99916714
0.999805706
1.00123209
1.00327098
1.00537464
1.00678253
1.00685881
1.00548154
1.00334885
1.0022214
1.00503795
1.01238433
1.00267464
0.91424863
0.672344162
0.251752371
0.999999986
0.999999889
1.00000002
1.00000113
1.00000196
0.999999213
0.999991454
0.999984507
0.999992176
1.00002696
1.00008186
1.00011491
1.00005494
0.999841989
0.999494867
0.999169115
0.99915281
0.999764345
1.00117047
1.00320927
1.00533625
1.00677499
1.00685254
1.00539326
1.00302449
1.00139305
1.00335608
1.01053942
1.0046082
0.921627426
0.679760477
0.253836097
0.999999985
0.999999883
0.999999992
1.00000109
1.00000201
0.999999436
0.999991781
0.999984513
0.999991235
1.00002488
1.00007974
1.00011538
1.00006099
0.999854374
0.999509295
0.999175739
0.999139916
0.999725631
1.00111195
1.0031501
1.00529939
1.00676907
1.00685128
1.00531945
1.00273501
1.00064019
1.00176917
1.00852866
1.00600703
0.929314603
0.688221433
0.256395685
0.999999984
0.999999877
0.999999966
1.00000106
1.00000205
0.99999964
0.999992083
0.999984534
0.99999041
1.00002303
1.00007781
1.00011569
1.00006622
0.999865231
0.999522057
0.999181757
0.999128803
0.99969171
1.00106053
1.00309836
1.00526815
1.00676629
1.00685301
1.00525474
1.00247264
0.999954836
1.00029179
1.00642231
1.00684584
0.937118263
0.697674342
0.259452649
0.999999983
0.999999872
0.999999942
1.00000103
1.00000208
0.999999814
0.999992337
0.999984553
0.999989738
1.00002153
1.00007627
1.00011595
1.00007038
0.999873788
0.999531991
0.999186217
0.999119698
0.999664879
1.00102072
1.00305978
1.00524751
1.00676865
1.00685537
1.00519255
1.00222769
0.999325541
0.998929017
1.00429026
1.00713353
0.94482892
0.708038886
0.263034433
0.999999983
0.999999866
0.99999992
1.00000101
1.00000211
0.999999945
0.999992512
0.999984545
0.999989256
1.00002054
1.00007533
1.00011628
1.00007319
0.99987914
0.99953772
0.999187963
0.999112803
0.999647744
1.00099775
1.00304112
1.00524338
1.00677862
1.00685563
1.0051249
1.00198835
0.998737817
0.997676626
1.00219639
1.00691339
0.952234061
0.719204905
0.267177913
0.999999983
0.99999986
0.999999903
1.000001
1.00000214
1.00000002
0.999992575
0.999984485
0.999989007
1.00002021
1.00007524
1.00011678
1.00007431
0.999880264
0.999537693
0.999185716
0.999108401
0.999643356
1.00099772
1.00305022
1.00526267
1.00679905
1.0068505
1.00504221
1.00174049
0.998174452
0.996521726
1.00019196
1.00625912
0.959136883
0.731030596
0.271931672
0.999999984
0.999999854
0.99999989
1.00000101
1.00000217
1.00000003
0.999992497
0.999984351
0.999989035
1.0000207
1.00007623
1.00011756
1.00007337
0.999876102
0.999530348
0.999178241
0.99910696
0.999655204
1.00102748
1.00309596
1.00531327
1.00683325
1.00683612
1.00493324
1.00146747
0.997615765
0.995443334
0.998303439
1.00526225
0.965390793
0.743355839
0.277357975
0.999999988
0.999999846
0.999999882
1.00000103
1.0000022
0.999999967
0.999992265
0.999984133
0.99998938
1.00002216
1.00007849
1.00011862
1.00006986
0.999865419
0.99951403
0.999164498
0.999109597
0.99968786
1.00109515
1.00318829
1.0054037
1.00688449
1.00680787
1.00478514
1.00115044
0.997040072
0.994409724
0.996495514
1.0039945
0.970983163
0.756019109
0.283415353
0.999999994
0.999999838
0.999999878
1.00000107
1.00000224
0.999999812
0.999991836
0.999983828
0.999990181
1.0000249
1.00008231
1.0001198
1.00006267
0.999846063
0.999486402
0.999143762
0.999119276
0.999749111
1.00121242
1.0033395
1.00554216
1.00695278
1.0067557
1.00457905
1.00076518
0.996422164
0.993401398
0.994769856
1.00250931
0.975882225
0.768864054
0.290064721
1
0.99999983
0.999999881
1.00000113
1.00000227
0.999999532
0.999991165
0.999983462
0.999991647
1.00002929
1.00008794
1.00012061
1.00005004
0.999815248
0.999445064
0.99911642
0.999141449
0.999850117
1.00139405
1.00356336
1.00573586
1.0070346
1.00666447
1.00429071
1.00028282
0.995732802
0.992392466
0.993123148
1.00087221
0.980068944
0.781682417
0.29726623
1.00000001
0.99999982
0.999999892
1.00000123
1.00000228
0.999999085
0.999990209
0.999983117
0.999994109
1.00003582
1.00009549
1.00011998
1.00002928
0.999769432
0.999387941
0.999085092
0.999185848
1.00000732
1.00165906
1.00387464
1.00598872
1.00711947
1.00651028
1.00388765
0.999668466
0.994939324
0.99135518
0.991545427
0.999137949
0.983557186
0.794277359
0.304951501
1.00000001
0.99999981
0.999999914
1.00000135
1.00000227
0.999998412
0.999988936
0.999982966
0.999998077
1.00004505
1.00010471
1.0001158
0.999996208
0.999704013
0.999313845
0.999056436
0.999269141
1.00024481
1.00203147
1.00428765
1.0062978
1.0071853
1.00625626
1.00332637
0.998880066
0.9940057
0.990260222
0.990022549
0.997353919
0.986382865
0.806462231
0.313027931
1.00000001
0.999999799
0.99999995
1.00000151
1.00000219
0.999997437
0.999987348
0.99998334
1.00000428
1.00005756
1.00011468
1.00010434
0.999944646
0.999613824
0.999224569
0.999044624
0.999418571
1.0005964
1.00253936
1.00481183
1.00664654
1.00719125
1.00584686
1.00254915
0.997867603
0.992893427
0.989078549
0.988537987
0.995559126
0.988599449
0.818070956
0.321380059
1.00000001
0.999999788
1
1.0000017
1.00000201
0.999996075
0.999985523
0.999984799
1.00001369
1.00007361
1.00012302
1.00007938
0.999866466
0.999495059
0.999129031
0.999076678
0.999676251
1.00110626
1.00321037
1.00544268
1.00699365
1.0070677
1.00520114
1.00148122
0.996573383
0.991563394
0.987783682
0.987075286
0.993785111
0.990272381
0.828963108
0.329872997
1.00000001
0.999999777
1.00000008
1.00000191
1.00000164
0.999994243
0.99998368
0.999988225
1.00002742
1.00009265
1.00012491
1.00003138
0.999752282
0.999348804
0.999049682
0.999199646
1.00010322
1.00182633
1.00406132
1.00614609
1.00725658
1.00670322
1.00420571
1.00002934
0.994934089
0.989979155
0.986354808
0.985620891
0.992057467
0.991473585
0.83902325
0.338352741
1.00000001
0.999999768
1.00000018
1.00000214
1.00000101
0.999991892
0.999982275
0.999994875
1.00004642
1.00011227
1.00011168
0.99994723
0.99959453
0.999188711
0.999033054
0.999488928
1.00077938
1.00280413
1.00507562
1.00683135
1.00728799
1.00593003
1.00271005
0.99808437
0.992886621
0.988112672
0.984780976
0.984167224
0.990397888
0.992277275
0.848158787
0.346647615
1.00000001
0.999999762
1.00000031
1.00000235
1.00000001
0.999989063
0.999982103
1.00000632
1.00007078
1.00012668
1.00006955
0.999812026
0.999395194
0.999054448
0.999163397
1.00005279
1.00179084
1.00405189
1.00616129
1.00731064
1.00684764
1.00451269
1.00052955
0.99553205
0.990379949
0.985953359
0.983066507
0.982715874
0.988826435
0.992756781
0.85629615
0.354569631
1.00000001
0.999999761
1.00000047
1.00000249
0.999998526
0.999985957
0.999984384
1.00002415
1.00009843
1.00012476
0.99997967
0.999615431
0.999180745
0.999030731
0.999573704
1.00102123
1.00318993
1.0054843
1.00708477
1.00724865
1.00557927
1.00215155
0.997465521
0.992277343
0.987395252
0.983520845
0.981237373
0.981280603
0.987363769
0.992982192
0.863375219
0.361912547
1.00000001
0.999999765
1.00000065
1.00000253
0.999996484
0.999983028
0.999990744
1.00004924
1.00012328
1.00008868
0.99982202
0.99936607
0.999025533
0.999266248
1.00043863
1.00249681
1.00490679
1.00681536
1.00738619
1.00612075
1.00301607
0.998521241
0.993355144
0.988288364
0.983975665
0.98088082
0.979347648
0.979889628
0.986033037
0.993018823
0.869345913
0.368459946
1
0.999999776
1.00000084
1.00000238
0.99999387
0.999981042
1.00000299
1.00008051
1.00013318
0.999994858
0.999586715
0.999116297
0.999078325
0.999973658
1.00191849
1.00443609
1.00659745
1.00742555
1.00631262
1.00322806
0.99865838
0.993373542
0.988165192
0.983662682
0.980263556
0.978161176
0.977484219
0.978586376
0.984861142
0.992926683
0.874184579
0.374131023
1
0.999999795
1.00000104
1.00000201
0.999990783
0.999981083
1.00002257
1.00011324
1.00010887
0.99982053
0.999295822
0.998993529
0.999572083
1.00137275
1.00401192
1.00644088
1.00745128
1.00626898
1.00286377
0.997857722
0.992183911
0.986731997
0.982132869
0.978708538
0.976536582
0.97556249
0.975766843
0.977427963
0.9838802
0.992748357
0.87769823
0.378390426
0.999999999
0.999999821
1.00000123
1.00000136
0.999987463
0.999984432
1.00004975
1.00013762
1.00002607
0.999558709
0.999033782
0.999220095
1.00077611
1.00352617
1.00629379
1.00750325
1.00608185
1.001993
0.996115121
0.98969958
0.983834652
0.979172532
0.975926383
0.974013546
0.973224282
0.973353749
0.97434007
0.976479669
0.98312379
0.992531086
0.879869577
0.381079371
0.999999996
0.999999852
1.00000138
1.00000042
0.999984293
0.999992283
1.00008262
1.00013845
0.999862862
0.999241303
0.998972779
1.00008403
1.00283854
1.00604647
1.00761099
1.0059026
1.00078513
0.993543639
0.985989561
0.979557463
0.974920554
0.972093463
0.970739854
0.970445871
0.970877517
0.971842349
0.973353934
0.975806391
0.982626444
0.992306694
0.880657812
0.382114835
0.999999994
0.999999889
1.0000015
0.999999222
0.999981753
1.00000535
1.0001164
1.00009753
0.999612886
0.998961817
0.999363798
1.00181535
1.00550486
1.00777543
1.00601052
0.999658269
0.990543927
0.981442824
0.974406752
0.970100142
0.968135891
0.967728081
0.968171551
0.969017471
0.970066764
0.971313863
0.972940006
0.975471105
0.982442631
0.99208685
0.879758716
0.381008258
0.999999993
0.999999927
1.00000156
0.999997839
0.999980319
1.00002345
1.00014378
0.999999327
0.999300289
0.998878416
1.00045871
1.00436083
1.00782892
1.00675665
0.999376635
0.987945092
0.976831071
0.969305999
0.966036897
0.965831823
0.967057094
0.968535665
0.969735153
0.970582088
0.971245145
0.971996551
0.97320187
0.975527584
0.982624705
0.991853803
0.876874773
0.377417715
0.999999992
0.999999964
1.00000156
0.999996372
0.999980335
1.0000453
1.0001565
0.999838825
0.998986594
0.999174049
1.00235773
1.00716368
1.0081913
1.00096603
0.987075449
0.973166542
0.965072606
0.963862845
0.966902984
0.971003775
0.974162479
0.975793628
0.97604597
0.975385331
0.974449152
0.973838882
0.974090524
0.975978679
0.983233324
0.99154172
0.871531744
0.370914053
0.999999992
0.999999999
1.00000151
0.999994939
0.999981892
1.00006866
1.00014834
0.99962796
0.99875717
0.999966483
1.00485189
1.00919634
1.00500357
0.989913006
0.971835844
0.961699296
0.962974682
0.970868716
0.979282982
0.985113294
0.9877842
0.987704077
0.985519004
0.982235931
0.978906952
0.976406564
0.97541018
0.976803022
0.984343892
0.990994963
0.863029545
0.361024076
0.999999992
1.00000003
1.00000142
0.999993643
0.999984759
1.00009089
1.00011838
0.99939592
0.99868263
1.00120122
1.00740691
1.00948636
0.998065066
0.976104672
0.959469001
0.960206208
0.973658357
0.987360012
0.995718403
0.999570667
1.00036313
0.998367894
0.99412518
0.988635054
0.983188798
0.978961802
0.976857514
0.978006215
0.986117629
0.989856916
0.85015219
0.347057345
0.999999993
1.00000006
1.00000131
0.999992555
0.999988409
1.0001097
1.00007303
0.999181179
0.998769251
1.0025986
1.00939849
1.00800374
0.989637902
0.964387958
0.954402364
0.967892885
0.988773492
0.999979483
1.00297603
1.0037237
1.00391542
1.00278925
0.998803839
0.99255722
0.985955403
0.980745117
0.978189972
0.979693205
0.988595627
0.987388427
0.830872967
0.327763243
0.999999993
1.00000008
1.0000012
0.999991712
0.999992095
1.00012373
1.00002583
0.999019532
0.998931586
1.00371197
1.01047557
1.00616682
0.983873362
0.958719077
0.954412285
0.973775463
0.994474149
1.00075661
1.0009621
1.00337445
1.00450753
1.00317656
0.998975778
0.992661032
0.986176918
0.981282801
0.979372161
0.982502425
0.992781134
0.981319758
0.80130471
0.303663878
0.999999994
1.00000009
1.00000111
0.999991135
0.999994898
1.00013226
0.999995073
0.998938429
0.999020157
1.00406724
1.01065822
1.00610462
0.984547
0.960099087
0.953507298
0.967790871
0.986957015
0.997110831
0.999459568
1.00065109
1.00083766
0.998738944
0.994662651
0.989346842
0.984300006
0.981149539
0.982018358
0.989497918
0.999079704
0.96456628
0.753503754
0.273375066
0.999999994
1.0000001
1.00000105
0.999990854
0.999995827
1.00013425
1.00000099
0.998967996
0.99890622
1.00325915
1.00990359
1.00892327
0.993068865
0.968962217
0.952747628
0.954184593
0.968325895
0.982797861
0.98963114
0.989349465
0.986950906
0.98552332
0.98304186
0.981063947
0.980763125
0.984010878
0.99226168
1.00305691
0.998146604
0.921581329
0.678419963
0.234797405
0.999999994
1.0000001
1.00000105
0.999991057
0.999993536
1.00012443
1.00006976
0.999181598
0.998557975
1.00124182
1.007577
1.01178155
1.0061628
0.988965218
0.966871357
0.94990372
0.944585433
0.951261489
0.965893935
0.98309103
0.998111833
1.00816274
1.01435362
1.01736924
1.02184919
1.02573791
1.02524604
1.00939616
0.954137846
0.818721225
0.560214615
0.184664945
0.999999994
1.00000009
1.00000113
0.999992552
0.999984893
1.00009363
1.00017131
0.999587848
0.998522309
0.9989707
1.00289264
1.00927825
1.01390464
1.0121352
1.00180458
0.983883463
0.961191986
0.936745187
0.912812797
0.890770504
0.871339424
0.85484759
0.841222233
0.829028071
0.813611008
0.793458373
0.764110531
0.717918783
0.642586171
0.521910693
0.34211583
0.112836963
0.999999994
1.00000004
1.00000125
0.999995881
0.999977455
1.00003828
1.00020288
1.00006283
0.999202379
0.998148127
0.998367294
1.00114109
1.00656897
1.01355693
1.02050702
1.02599683
1.02906256
1.02912586
1.02576606
1.01848412
1.00650374
0.988599451
0.962933071
0.926900581
0.877036512
0.809142885
0.719033352
0.603994691
0.465513076
0.312946379
0.165792724
0.0444331364
0.999999996
0.999999971
1.00000105
1.0000002
0.999980194
0.99998085
1.00010634
1.00027719
1.00014081
0.999409682
0.998200958
0.997003864
0.996398418
0.996818542
0.998487551
1.00147925
1.00581199
1.01151794
1.01867057
1.0273685
1.03766677
1.04942557
1.06201733
1.07379897
1.08123224
1.07757369
1.05127004
0.984814685
0.856123581
0.646572331
0.36226798
0.0727528113
0.999999999
0.999999937
1.00000042
1.00000277
0.999994014
0.999965076
0.999972829
1.00009559
1.0003128
1.00049007
1.00047229
1.00016719
0.999563486
0.99870602
0.997665819
0.996525197
0.995381352
0.994366318
0.993682473
0.993655524
0.994805914
0.997928237
1.00413466
1.01474298
1.03074397
1.05135695
1.07095546
1.07372592
1.02695605
0.878408591
0.574323115
0.137735741
1
0.99999997
0.999999841
1.00000163
1.00000462
0.999993691
0.999959865
0.999926341
0.999932701
1.00000381
1.00013893
1.00031937
1.00051923
1.00071125
1.00086719
1.00095499
1.00093473
1.00075544
1.00035646
0.999681038
0.998718591
0.997605608
0.996826853
0.997542496
1.00195941
1.01332189
1.03438382
1.06201294
1.07483174
1.01390313
0.770881132
0.251164087
1
1.00000001
0.99999987
0.999999576
1.00000171
1.00000738
1.00001024
1.00000171
0.999978741
0.999944537
0.99990536
0.999867822
0.999837974
0.999821538
0.999824436
0.999853042
0.999913555
1.00000942
1.00013492
1.00026207
1.0003189
1.00016526
0.999601051
0.998506373
0.997306018
0.997934915
1.00499109
1.0249557
1.05750094
1.06910848
0.942767961
0.446253567
1
0.999999999
1.00000004
0.999999974
0.999999178
0.999998256
0.999999008
1.00000255
1.00000857
1.00001588
1.00002317
1.00002926
1.00003311
1.00003367
1.00002987
1.00002056
1.00000495
0.999983496
0.999960137
0.999946189
0.999964633
1.00004683
1.00020027
1.00032065
1.00008779
0.999124417
0.998027971
1.00054101
1.01466922
1.04430987
1.04582416
0.770400676
)
;

boundaryField
{
    inner_wall
    {
        type            zeroGradient;
    }
    outer_wall
    {
        type            fixedValue;
        value           uniform 0;
    }
    top
    {
        type            fixedValue;
        value           uniform 1;
    }
    bottom
    {
        type            inletOutlet;
        inletValue      uniform 0;
        value           nonuniform List<scalar> 
32
(
0
0
0
0
0
0
0
0
0
0
0.153867709
0.099205063
0.0243828102
-0.0359044921
-0.0207278224
0.136563286
0.431950323
0.748034645
0.96068808
1.03579597
1.02851314
1.00650578
0.997494392
0.997692297
0.999760476
1.00252931
1.00492926
1.00421416
1.00178398
0.990035628
0.864684356
0.370816015
)
;
    }
    front
    {
        type            wedge;
    }
    back
    {
        type            wedge;
    }
}


// ************************************************************************* //
