/*--------------------------------*- C++ -*----------------------------------*\
| =========                 |                                                 |
| \\      /  F ield         | OpenFOAM: The Open Source CFD Toolbox           |
|  \\    /   O peration     | Version:  2506                                  |
|   \\  /    A nd           | Website:  www.openfoam.com                      |
|    \\/     M anipulation  |                                                 |
\*---------------------------------------------------------------------------*/
FoamFile
{
    version     2.0;
    format      ascii;
    arch        "LSB;label=32;scalar=64";
    class       volScalarField;
    location    "211";
    object      C;
}
// * * * * * * * * * * * * * * * * * * * * * * * * * * * * * * * * * * * * * //

dimensions      [0 0 0 0 0 0 0];

internalField   nonuniform List<scalar> 
3072
(
2.31907443e-09
-3.31359361e-07
-1.33502565e-06
2.11496308e-05
6.08662121e-05
-9.41980739e-05
-0.000719459054
-0.00178317425
-0.0031071617
-0.00485190372
-0.00798949269
-0.0182832352
-0.0374359649
-0.0524189525
-0.0157964089
0.143522607
0.433822057
0.746602948
0.959137618
1.03533267
1.02864516
1.00650199
0.997246646
0.997973893
1.00157588
1.00563891
1.00730682
1.0015513
0.97967805
0.902204595
0.680944537
0.262791721
-1.86576253e-09
2.54778487e-07
1.14959988e-05
-1.91538122e-05
-0.000257635821
-0.000360087464
0.000849541909
0.00400727219
0.0078673875
0.00981705464
0.00689179495
-0.00330844568
-0.0255985557
-0.0514430843
-0.0240915187
0.140483906
0.444254796
0.764514156
0.971444452
1.03740064
1.02571459
1.00429237
0.996908097
0.998340799
1.00196812
1.005957
1.00731147
1.00092577
0.978131247
0.898844568
0.67577444
0.258737884
9.50574593e-09
2.62796586e-06
-3.28466642e-06
-0.000167355827
-0.000183288155
0.0017725773
0.00695601897
0.0129951744
0.0162071834
0.016072393
0.0141581671
0.00736383252
-0.014129607
-0.0486046169
-0.0309033074
0.135384874
0.447573222
0.77288931
0.977108397
1.0378191
1.02399872
1.00328991
0.996859066
0.998548298
1.00215809
1.00610809
1.0072978
1.00063507
0.977588208
0.898181453
0.676050063
0.261587804
1.39065334e-08
3.57742852e-06
-2.36815259e-05
-0.000269017247
0.000215924846
0.00425339109
0.0115615448
0.0168176013
0.0173938168
0.0165741004
0.0147894505
0.0124134626
-0.00615281861
-0.0462663206
-0.0327452691
0.140634371
0.462877277
0.790058795
0.986094396
1.03814494
1.0215408
1.00198971
0.99681773
0.998814517
1.00240077
1.00629863
1.00727594
1.00026866
0.976893379
0.897180973
0.675610102
0.264085092
6.0960826e-10
3.96909376e-06
-2.56437893e-05
-0.000288287464
0.000289934868
0.0048540869
0.0128746602
0.0180709678
0.0186013145
0.0175757104
0.0137575616
0.0122907422
-0.00731416157
-0.0476332332
-0.0229795235
0.169869015
0.50382524
0.822435005
0.999021529
1.03746364
1.01801193
1.00051665
0.996890257
0.999154061
1.00269442
1.006521
1.00721893
0.999792824
0.975999391
0.895822872
0.674797935
0.267041925
-1.04519634e-07
4.30858176e-06
-1.72081028e-05
-0.000277303617
5.66083137e-05
0.00368030756
0.0104617409
0.0155264515
0.0174973643
0.0152808062
0.012342642
0.00913034152
-0.016130126
-0.0505525573
0.00560241239
0.237210005
0.581158845
0.873845611
1.01541085
1.03465453
1.01298303
0.998870461
0.997139669
0.999618012
1.00309758
1.0068144
1.00708955
0.999058419
0.974556663
0.893264921
0.672103691
0.268812857
-2.0316447e-08
4.64746942e-06
-3.26654751e-06
-0.000233695671
-0.000223881655
0.00184559722
0.00615790018
0.00989770377
0.0112701615
0.00948615632
0.00875752742
0.000634365326
-0.0318612579
-0.0435552625
0.073413244
0.356442204
0.695352533
0.937451701
1.02977347
1.02818218
1.00688633
0.997505152
0.997662264
1.00020987
1.00363914
1.00718357
1.00682355
0.997934384
0.972314681
0.888991941
0.6668131
0.268737592
-1.06729893e-06
3.16003011e-06
9.14949362e-06
-0.000163262614
-0.000350726808
0.000418943841
0.00235497194
0.00426925442
0.00453480073
0.00452103818
0.00302081086
-0.0168167022
-0.0443865668
0.00372347073
0.208997801
0.532143609
0.830595496
0.996079779
1.03455391
1.01788675
1.00115565
0.996989489
0.998450812
1.0009034
1.00434205
1.00760125
1.00632299
0.996280805
0.969034463
0.882548224
0.658340315
0.266272313
3.21844199e-06
6.85551352e-06
2.33775661e-05
-7.87997645e-05
-0.000294784738
-0.00022284118
0.000282608314
0.000758655457
0.0010084172
0.00122306582
-0.0114302487
-0.03695217
-0.0145147155
0.140913848
0.430344688
0.742120421
0.9527284
1.02972079
1.02630196
1.0065166
0.997637251
0.997529689
0.999342245
1.00168739
1.00522211
1.00798801
1.00545005
0.993953867
0.964494966
0.873581465
0.646386771
0.26122187
-1.9136738e-05
-1.9347912e-05
-1.08429434e-06
-4.04393904e-05
-0.000181977286
-0.000306165156
-0.000315687173
-0.000384851889
-0.000120417923
-0.0109258812
-0.031268658
-0.00774498908
0.134619979
0.403333513
0.706386732
0.928063577
1.02334813
1.03025656
1.01066298
0.998735435
0.997145313
0.998633412
1.000141
1.00262624
1.00626564
1.00819543
1.00403448
0.990810249
0.958476081
0.861804812
0.630858776
0.253630554
9.71124342e-05
0.000106175425
0.000130978534
0.000113344569
4.92670184e-05
-7.87035778e-05
-0.000147998164
-0.000193427491
-0.0122943087
-0.0238098554
0.022942445
0.185821872
0.453605031
0.737391966
0.939476226
1.02565904
1.03116729
1.01155088
0.998972209
0.996972925
0.998445349
0.999508388
1.00088634
1.00384215
1.00737214
1.00800322
1.00189884
0.98671884
0.950755139
0.847001394
0.611862166
0.243747496
-0.000544786519
-0.000596465238
-0.00061787786
-0.000484531653
-0.000440732553
2.43879738e-06
-0.00108970934
-0.0132298795
0.0021590892
0.103935631
0.314156077
0.586071095
0.831613166
0.983704807
1.0357251
1.02850436
1.00825844
0.997720045
0.996900289
0.998660351
0.999431812
0.999964654
1.00190362
1.00536735
1.00830961
1.00715308
0.998899008
0.981572788
0.94111409
0.829051882
0.589701103
0.231976762
0.00332043156
0.00362473359
0.00374949139
0.0025157004
0.00163765778
-0.00363266246
0.0122389808
0.108003346
0.300739437
0.552470532
0.792219331
0.95867209
1.03288525
1.03909723
1.01856949
1.00130516
0.99588843
0.997345538
0.999289542
0.999625413
0.999523598
1.00061555
1.0034416
1.00700242
1.00875068
1.00541874
0.99496526
0.975296952
0.929364709
0.807990532
0.564891176
0.218835869
-0.0243178915
-0.0268849462
-0.0268571186
-0.00571885503
0.0709976442
0.22633264
0.445373914
0.678656941
0.873841674
0.99766116
1.04697106
1.04430441
1.02144818
1.00221825
0.994862135
0.995902357
0.99885444
1.00014977
0.999789506
0.999256344
0.999809276
1.00196455
1.0053401
1.00837342
1.00838409
1.00268048
0.990126477
0.96785234
0.915399593
0.784080153
0.538167057
0.204913381
0.328394597
0.422991442
0.559343466
0.719878318
0.865025348
0.975935064
1.0427549
1.06612451
1.05714174
1.03288696
1.00935266
0.995634874
0.992482238
0.9953221
0.998971196
1.00072529
1.00056275
0.999647524
0.999028852
0.999332267
1.00092692
1.00381969
1.00719307
1.00911969
1.00701796
0.998972601
0.984509633
0.959247825
0.89927283
0.75788685
0.510468522
0.190824406
1.02866543
1.04565121
1.05253228
1.04866235
1.0367682
1.0207549
1.00511532
0.993766907
0.988721614
0.989462571
0.993516725
0.997927929
1.00072154
1.00149666
1.00097237
1.00007405
0.999338845
0.998952858
0.999115036
1.00020823
1.00253205
1.00577671
1.00864786
1.00900192
1.00463866
0.9944935
0.978317822
0.949572906
0.881298846
0.730322611
0.482890183
0.17716402
0.996109433
0.993354586
0.991442637
0.990971523
0.991964795
0.994151892
0.996971785
0.999673922
1.00156877
1.00231068
1.00203228
1.0012238
1.00042127
0.999909497
0.999640074
0.999406096
0.999130284
0.999051173
0.999665602
1.00142741
1.00432662
1.00755088
1.00944933
1.00795196
1.00143764
0.989569051
0.97180121
0.939056046
0.862133528
0.702618849
0.456590239
0.164462246
1.00067368
1.00117645
1.00159272
1.00178963
1.00172856
1.00141563
1.00091158
1.00033695
0.999846123
0.999570776
0.999557204
0.999733877
0.999934207
0.999972552
0.999746411
0.999327516
0.999003908
0.99923347
1.0004749
1.00290245
1.00609573
1.00887929
1.00948791
1.0061231
0.997771254
0.984575314
0.965243305
0.928126403
0.842782465
0.676207208
0.432668626
0.153146129
0.999869631
0.999769806
0.999680551
0.999629749
0.999625825
0.999668586
0.99975106
0.999861276
0.999984842
1.00010532
1.00019901
1.00022618
1.00013038
0.999863481
0.99944503
0.999036573
0.998975641
0.999701303
1.00154029
1.00440834
1.00757109
1.00963604
1.00887506
1.00384092
0.994052091
0.979864205
0.958966643
0.917427336
0.824491442
0.652518356
0.412039574
0.143514209
1.00002666
1.00004773
1.00006814
1.00008188
1.00008429
1.00007136
1.00004518
1.00001889
1.00001354
1.0000428
1.00009045
1.00009675
0.999974934
0.99966947
0.999241357
0.998933599
0.999152564
1.00032091
1.00261981
1.00571857
1.00864051
1.00989015
1.00786821
1.00147896
0.99064529
0.97572214
0.953327972
0.90773496
0.808525002
0.63275066
0.395329556
0.135726455
0.999994126
0.999989604
0.999985919
0.999984124
0.999981863
0.999976332
0.999970692
0.999977682
1.000013
1.00007692
1.00013337
1.00010626
0.999912104
0.99953146
0.999091416
0.998903859
0.999400932
1.00094598
1.00356827
1.00673882
1.00932569
1.00981237
1.00675592
0.999355865
0.987808478
0.972352157
0.94867237
0.899788547
0.795904327
0.617682278
0.382825009
0.129809864
1.00000113
1.00000227
1.00000406
1.00000591
1.00000444
0.999996575
0.999986999
0.999991325
1.00002656
1.00008902
1.00013299
1.00007362
0.999831669
0.999414764
0.998996468
0.998931942
0.999658467
1.00147919
1.00430134
1.00745555
1.00971912
1.00959253
1.0057728
0.997678273
0.98567469
0.969863688
0.945253701
0.894103735
0.78720717
0.607584655
0.374478275
0.125677466
0.999999578
0.999999442
1.00000002
1.00000101
0.999998922
0.999990816
0.999982389
0.999990602
1.00003199
1.00009827
1.00013575
1.00005386
0.999778729
0.99933988
0.998944273
0.998973911
0.999862389
1.00186384
1.0047995
1.00791068
1.00992714
1.00937622
1.0050577
0.996532753
0.984265848
0.968267012
0.943165684
0.890858283
0.782502486
0.602252228
0.369963556
0.12315686
0.999999924
1.00000008
1.00000097
1.00000216
1.00000002
0.999991598
0.999983112
0.999992366
1.00003583
1.00010289
1.00013553
1.00004025
0.999746681
0.999297322
0.998918168
0.999005303
0.999987857
1.00208972
1.00508276
1.00816042
1.01003113
1.00924314
1.00465646
0.995909414
0.983520578
0.967481284
0.942325768
0.889895283
0.781423777
0.601119109
0.368761891
0.122021762
0.999999843
0.999999928
1.00000074
1.00000191
0.999999756
0.999991276
0.999982792
0.999992411
1.00003672
1.00010439
1.00013578
1.000036
0.999735596
0.999281843
0.998908086
0.999016005
1.00003325
1.00217248
1.00518756
1.00825549
1.01007899
1.00921589
1.00454762
0.995736817
0.9833264
0.967359669
0.94251598
0.890823804
0.783332625
0.603414976
0.370251239
0.12202192
0.999999861
0.999999951
1.00000076
1.00000198
0.999999958
0.999991556
0.999982847
0.999991873
1.00003561
1.00010345
1.0001364
1.00003927
0.999741146
0.999287084
0.998908499
0.999006728
1.00001155
1.00214041
1.00515386
1.00823564
1.01009269
1.00928144
1.00467346
0.99591434
0.983546537
0.967716406
0.943445861
0.89316281
0.787516646
0.608310911
0.373761725
0.122891822
0.999999857
0.999999929
1.0000007
1.00000197
1.00000017
0.999991995
0.999982949
0.999990673
1.00003275
1.00010052
1.00013731
1.00004848
0.999759686
0.99930839
0.998917133
0.998982627
0.999939818
1.00202312
1.00501797
1.00813153
1.01008149
1.00941415
1.00496731
0.996334424
0.984030554
0.96835029
0.944829063
0.89646025
0.793289152
0.61500273
0.378662698
0.124377657
0.99999986
0.999999916
1.00000065
1.00000196
1.00000044
0.999992589
0.999983182
0.99998922
1.00002891
1.00009619
1.0001379
1.00006075
0.999786106
0.999340517
0.998932924
0.998952026
0.999839088
1.0018528
1.00481526
1.0079684
1.01004592
1.00957959
1.00535951
0.996906446
0.98468724
0.969149111
0.94642771
0.900231721
0.799964718
0.622819894
0.384479938
0.126294698
0.999999862
0.999999902
1.00000058
1.00000193
1.00000072
0.999993249
0.999983523
0.999987738
1.00002464
1.000091
1.00013782
1.00007386
0.999816153
0.999378882
0.998954693
0.998921667
0.999726893
1.00165643
1.00457535
1.00776756
1.0099872
1.00975062
1.00579388
0.997554153
0.985433284
0.970014993
0.948064887
0.904126323
0.807018285
0.631211596
0.390804466
0.128477508
0.999999865
0.999999891
1.00000052
1.00000189
1.00000098
0.999993921
0.999983953
0.99998639
1.00002036
1.00008543
1.00013695
1.00008624
0.999846538
0.999419611
0.998980772
0.998895718
0.999615844
1.00145455
1.004322
1.00754761
1.00990929
1.00990944
1.00622931
0.998219638
0.986206608
0.970882264
0.949626374
0.907900451
0.814064081
0.63976348
0.39732472
0.13079643
0.999999867
0.999999881
1.00000046
1.00000185
1.0000012
0.999994563
0.999984437
0.999985249
1.00001637
1.00007987
1.00013538
1.00009707
0.999875107
0.999459741
0.9990092
0.998875882
0.99951363
1.0012612
1.00407279
1.00732394
1.00981835
1.01004706
1.0066393
0.998862133
0.986961665
0.971707699
0.951048745
0.911408542
0.820846062
0.648183678
0.403814133
0.133152968
0.99999987
0.999999873
1.00000041
1.00000181
1.0000014
0.99999515
0.999984939
0.999984332
1.00001279
1.00007459
1.00013333
1.00010612
0.999900826
0.999497426
0.999038158
0.998862103
0.99942388
1.00108462
1.0038395
1.0071084
1.00972139
1.01016101
1.0070093
0.999455865
0.987667817
0.972465458
0.952304632
0.914578638
0.827212752
0.656284762
0.410121434
0.135477485
0.999999873
0.999999866
1.00000036
1.00000176
1.00000155
0.999995666
0.999985427
0.999983622
1.0000097
1.00006978
1.00013103
1.00011343
0.99992322
0.999531497
0.999066094
0.998853437
0.999347659
1.00092898
1.00362928
1.00690942
1.00962508
1.01025285
1.00733326
0.999986638
0.98830621
0.973141567
0.953389325
0.917389346
0.833090486
0.663960578
0.416155355
0.137724013
0.999999875
0.99999986
1.00000032
1.00000172
1.00000168
0.999996106
0.999985874
0.999983087
1.00000711
1.00006558
1.0001287
1.00011916
0.99994209
0.999561201
0.999091749
0.998848604
0.999284582
1.00079577
1.00344591
1.00673251
1.00953498
1.01032606
1.0076106
1.0004486
0.988867041
0.973730126
0.954310884
0.919850713
0.838459569
0.67116501
0.421870388
0.13986504
0.999999877
0.999999856
1.00000029
1.00000168
1.00000178
0.99999647
0.999986265
0.999982689
1.000005
1.00006203
1.00012653
1.00012356
0.999957588
0.999586299
0.999114299
0.998846306
0.999233402
1.00068458
1.00329059
1.00658057
1.0094552
1.01038473
1.00784402
1.00084169
0.989347328
0.974230854
0.955083874
0.921990758
0.843336237
0.677895317
0.427255484
0.141887394
0.999999879
0.999999851
1.00000026
1.00000165
1.00000186
0.999996764
0.999986589
0.999982393
1.00000332
1.00005913
1.00012464
1.0001269
0.999970014
0.999606862
0.999133293
0.998845431
0.999192539
1.00059392
1.00316264
1.00645445
1.00938824
1.01043276
1.00803796
1.00116963
0.989749068
0.974647444
0.955725608
0.923846352
0.847759272
0.684179119
0.432324915
0.143788709
0.999999881
0.999999847
1.00000024
1.00000163
1.00000193
0.999996995
0.999986846
0.999982169
1.000002
1.00005683
1.00012309
1.00012945
0.999979776
0.999623216
0.999148632
0.998845138
0.999160312
1.0005216
1.00306009
1.00635328
1.00933515
1.01047341
1.00819768
1.00143861
0.990077891
0.974986539
0.956254193
0.925457693
0.851781074
0.690065449
0.437112043
0.145575157
0.999999883
0.999999843
1.00000022
1.00000162
1.00000198
0.999997172
0.99998704
0.999981994
1.000001
1.00005506
1.00012189
1.00013141
0.999987314
0.999635884
0.999160535
0.998844864
0.999135069
1.00046499
1.00297997
1.00627486
1.00929569
1.01050926
1.00832872
1.00165632
0.990341992
0.975256959
0.956687493
0.926864903
0.855461329
0.695617941
0.441664429
0.147259696
0.999999884
0.999999839
1.0000002
1.00000161
1.00000202
0.999997305
0.999987179
0.999981851
1.00000023
1.00005375
1.00012103
1.00013294
0.999993055
0.999645461
0.999169413
0.998844298
0.99911531
1.0004213
1.00291878
1.00621609
1.0092686
1.01054213
1.0084365
1.00183128
0.990551183
0.975468956
0.95704251
0.928105847
0.858862143
0.700909061
0.446039454
0.14886032
0.999999886
0.999999835
1.00000019
1.0000016
1.00000206
0.999997404
0.999987271
0.999981729
0.999999657
1.00005279
1.00012044
1.00013416
0.999997403
0.999652569
0.999175787
0.998843317
0.999099709
1.0003878
1.00287278
1.00617339
1.00925198
1.01057327
1.00852622
1.00197223
0.990716136
0.975633587
0.957335044
0.929214879
0.862044535
0.706015532
0.450300772
0.150398605
0.999999888
0.999999831
1.00000018
1.0000016
1.00000209
0.999997477
0.99998733
0.99998162
0.99999922
1.0000521
1.00012007
1.00013518
1.00000073
0.999657831
0.999180246
0.998841931
0.999087101
1.00036185
1.00283817
1.00614287
1.0092435
1.01060346
1.00860269
1.00208783
0.990847807
0.975762186
0.957579502
0.930222193
0.86506596
0.7110148
0.454515559
0.151898631
0.999999889
0.999999827
1.00000017
1.0000016
1.00000212
0.999997534
0.999987365
0.999981518
0.999998873
1.00005159
1.00011986
1.00013607
1.00000338
0.999661857
0.999183402
0.998840236
0.999076462
1.00034094
1.00281127
1.00612064
1.00924062
1.01063314
1.00867035
1.00218644
0.990957011
0.975865958
0.957788822
0.931153567
0.867978646
0.71598238
0.458752413
0.153386204
0.999999891
0.999999823
1.00000016
1.0000016
1.00000215
0.999997583
0.999987388
0.99998142
0.999998573
1.00005117
1.00011972
1.00013689
1.00000568
0.999665222
0.99918586
0.998838377
0.999066887
1.00032277
1.00278852
1.0061029
1.00924076
1.01066253
1.00873324
1.00227588
0.991054115
0.975955668
0.957974449
0.932030321
0.870828418
0.720989751
0.463078614
0.154885097
0.999999893
0.999999819
1.00000015
1.0000016
1.00000217
0.999997632
0.99998741
0.999981323
0.99999828
1.00005076
1.0001196
1.0001377
1.0000079
0.999668457
0.999188195
0.998836522
0.999057585
1.00030522
1.00276667
1.00608606
1.00924143
1.01069171
1.00879501
1.0023634
0.991148816
0.976041426
0.958146355
0.9328694
0.873653818
0.726102635
0.467561123
0.156421541
0.999999895
0.999999815
1.00000014
1.0000016
1.0000022
0.999997686
0.999987441
0.999981226
0.999997962
1.0000503
1.00011942
1.00013851
1.00001029
0.999672043
0.999190939
0.998834852
0.999047875
1.00028639
1.00274272
1.0060668
1.00924024
1.01072062
1.00885885
1.00245555
0.991250015
0.976132573
0.95831315
0.933683648
0.876485909
0.731380215
0.472264134
0.158020092
0.999999898
0.999999811
1.00000013
1.0000016
1.00000223
0.999997751
0.99998749
0.999981128
0.999997587
1.00004972
1.00011912
1.00013938
1.00001307
0.999676402
0.999194575
0.998833554
0.999037185
1.00026463
1.00271401
1.0060421
1.00923499
1.0107491
1.00892756
1.00255815
0.991365757
0.97623766
0.95848224
0.934482182
0.879348467
0.736875521
0.477250978
0.159705798
0.9999999
0.999999807
1.00000012
1.0000016
1.00000226
0.999997835
0.999987566
0.99998103
0.999997129
1.00004896
1.00011865
1.00014031
1.00001643
0.999681922
0.999199555
0.99883283
0.999025049
1.00023849
1.00267817
1.00600927
1.00922361
1.01077688
1.00900344
1.00267625
0.991503161
0.976364402
0.95865996
0.935270671
0.882257789
0.742634656
0.482583208
0.161502967
0.999999904
0.999999803
1.00000011
1.00000159
1.0000023
0.99999794
0.999987677
0.999980932
0.999996567
1.00004797
1.00011795
1.00014132
1.00002052
0.999688943
0.999206293
0.998832897
0.999011128
1.0002068
1.00263323
1.00596594
1.00920424
1.01080356
1.00908829
1.00281401
0.991668261
0.97651955
0.958851633
0.936051536
0.885222205
0.748695353
0.488320118
0.163435734
0.999999907
0.9999998
1.00000009
1.00000158
1.00000234
0.99999807
0.999987828
0.999980839
0.999995889
1.00004671
1.00011696
1.00014239
1.00002545
0.999697698
0.999215115
0.998833981
0.998995261
1.00016876
1.00257768
1.00591023
1.00917526
1.01082857
1.00918326
1.00297451
0.991865799
0.976708708
0.959061599
0.936824218
0.888241718
0.755085616
0.494518267
0.16552886
0.999999911
0.999999797
1.00000007
1.00000156
1.00000238
0.999998228
0.999988027
0.999980754
0.99999509
1.00004517
1.00011566
1.00014349
1.00003123
0.999708317
0.999226248
0.998836311
0.998977473
1.00012396
1.00251058
1.00584081
1.00913536
1.01085123
1.00928882
1.00315964
0.99209904
0.976936153
0.959293258
0.93758559
0.891307964
0.76182249
0.501229973
0.167806174
0.999999915
0.999999795
1.00000005
1.00000153
1.00000242
0.999998412
0.999988275
0.999980685
0.999994173
1.00004332
1.00011401
1.00014458
1.00003785
0.999720841
0.999239836
0.998840115
0.99895797
1.00007241
1.00243157
1.00575691
1.00908355
1.01087069
1.0094047
1.00337001
0.992369608
0.977204641
0.959549088
0.938330484
0.894404433
0.768910901
0.508502809
0.170291272
0.99999992
0.999999793
1.00000003
1.0000015
1.00000246
0.999998624
0.999988574
0.999980637
0.999993151
1.00004118
1.000112
1.00014561
1.00004521
0.999735205
0.99925592
0.998845604
0.998937129
1.00001452
1.00234092
1.00565846
1.0090193
1.01088606
1.0095299
1.00360483
0.992677273
0.977515114
0.959830552
0.939052277
0.897506876
0.776342218
0.516378148
0.173007365
0.999999925
0.999999791
1
1.00000146
1.0000025
0.999998859
0.999988923
0.99998062
0.999992044
1.00003877
1.00010962
1.0001465
1.00005317
0.999751235
0.999274415
0.998852944
0.998915479
0.999951178
1.00223961
1.00554612
1.0089426
1.01089644
1.00966265
1.00386176
0.99301969
0.977866326
0.960137869
0.939743498
0.900584001
0.784092627
0.524889159
0.175976965
0.99999993
0.999999791
0.999999973
1.00000141
1.00000254
0.999999112
0.999989319
0.99998064
0.999990883
1.00003614
1.00010689
1.0001472
1.00006153
0.99976864
0.999295084
0.998862211
0.99889367
0.99988368
1.00212937
1.00542154
1.00885425
1.01090112
1.0098005
1.00413684
0.993392108
0.97825436
0.960469614
0.940396433
0.903598599
0.792121513
0.534058184
0.179221217
0.999999936
0.999999792
0.999999943
1.00000136
1.00000257
0.999999378
0.999989752
0.999980702
0.999989702
1.00003335
1.00010388
1.00014765
1.00007005
0.999786971
0.999317476
0.998873326
0.998872437
0.999813832
1.00201288
1.0052875
1.008756
1.01089973
1.00994033
1.00442433
0.99378708
0.978672127
0.960822155
0.941003676
0.906509331
0.800370335
0.543893813
0.182758957
0.999999943
0.999999793
0.999999913
1.00000131
1.0000026
0.999999648
0.999990211
0.999980807
0.999988544
1.0000305
1.00010066
1.0001478
1.0000784
0.999805599
0.999340867
0.998885979
0.998852529
0.999743894
1.00189378
1.00514808
1.00865084
1.01089252
1.01007856
1.00471676
0.994194327
0.979108987
0.961189039
0.941558585
0.909273368
0.808762837
0.554388476
0.186605997
0.999999949
0.999999795
0.999999883
1.00000125
1.00000262
0.999999913
0.999990679
0.999980949
0.999987449
1.00002769
1.00009738
1.00014769
1.00008628
0.999823783
0.999364294
0.998899589
0.9988346
0.999676447
1.00177657
1.0050087
1.00854312
1.01088056
1.01021136
1.00500512
0.994600813
0.979550616
0.961560423
0.942055514
0.911849788
0.817207067
0.565517182
0.190775314
0.999999956
0.999999798
0.999999855
1.00000119
1.00000264
1.00000016
0.999991135
0.999981117
0.999986458
1.00002505
1.00009419
1.00014734
1.00009338
0.999840699
0.999386564
0.998913269
0.998819121
0.999614262
1.00166651
1.00487601
1.00843864
1.01086595
1.01033493
1.00527911
0.994990916
0.979979025
0.961922559
0.942489608
0.914203098
0.825598653
0.577236837
0.195278125
0.999999964
0.999999802
0.999999828
1.00000114
1.00000265
1.00000039
0.999991553
0.999981292
0.999985605
1.00002271
1.0000913
1.00014689
1.00009944
0.999855477
0.999406317
0.998925856
0.998806321
0.999560159
1.00156942
1.0047578
1.00834457
1.01085189
1.01044569
1.00552726
0.995346578
0.980372659
0.962257347
0.942856083
0.916306344
0.833824898
0.589485761
0.200126246
0.999999971
0.999999805
0.999999804
1.00000109
1.00000266
1.00000058
0.999991904
0.999981445
0.999984923
1.00002082
1.00008896
1.00014647
1.00010421
0.999867187
0.999422018
0.998935918
0.998796215
0.999517051
1.00149176
1.00466306
1.00826956
1.01084274
1.01054019
1.0057369
0.995647144
0.980706259
0.962541828
0.9431489
0.918143123
0.841768656
0.602181886
0.205335185
0.999999978
0.999999807
0.999999783
1.00000105
1.00000266
1.00000072
0.999992154
0.999981543
0.999984442
1.00001955
1.00008744
1.00014628
1.0001074
0.999874755
0.99943187
0.998941753
0.998788729
0.999488187
1.0014409
1.00460221
1.00822381
1.01084393
1.01061493
1.00589373
0.995868841
0.980950425
0.962747623
0.943358876
0.91970817
0.849312764
0.615220018
0.210928284
0.999999984
0.999999809
0.999999767
1.00000103
1.00000268
1.0000008
0.999992264
0.999981549
0.999984198
1.00001907
1.00008704
1.00014651
1.00010871
0.999876968
0.999433863
0.998941485
0.998783867
0.999477355
1.00142533
1.0045872
1.00821905
1.01086171
1.01066588
1.0059812
0.995984134
0.981071084
0.962840456
0.943470835
0.921005517
0.856348992
0.628471462
0.216941065
0.999999989
0.999999808
0.999999757
1.00000103
1.0000027
1.00000081
0.999992201
0.999981431
0.999984231
1.00001957
1.00008805
1.00014733
1.00010775
0.999872585
0.999426014
0.998933356
0.998781918
0.999488918
1.00145449
1.00463127
1.00826827
1.01090293
1.01068822
1.00598015
0.99596116
0.981028947
0.962779246
0.943456545
0.922038985
0.862803404
0.641798177
0.22342197
0.999999995
0.999999805
0.99999975
1.00000105
1.00000272
1.00000074
0.999991951
0.999981177
0.999984578
1.00002119
1.0000907
1.00014879
1.00010399
0.999860137
0.999406214
0.998915868
0.99878407
0.999528777
1.00153961
1.00474911
1.00838501
1.01097375
1.01067504
1.00586769
0.995762299
0.980776401
0.962509695
0.943247156
0.922772614
0.868707671
0.65506396
0.230319411
1
0.999999802
0.999999748
1.00000109
1.00000276
1.00000058
0.999991464
0.99998077
0.999985383
1.0000243
1.00009539
1.00015077
1.00009613
0.999836945
0.999371294
0.998887658
0.998793768
0.999607337
1.0016976
1.00496001
1.0085839
1.01107644
1.01061091
1.00560998
0.995339853
0.980260253
0.961982543
0.942805983
0.923180914
0.874033569
0.668165131
0.237589115
1.00000001
0.999999797
0.999999752
1.00000116
1.00000281
1.00000029
0.999990683
0.999980227
0.999986877
1.00002938
1.00010247
1.00015282
1.00008212
0.999799464
0.999317883
0.998848697
0.998817797
0.999739892
1.00195024
1.00528602
1.00887838
1.01120742
1.01047055
1.00516111
0.994633589
0.979415336
0.961137696
0.942090141
0.923252096
0.878741511
0.680956556
0.245198687
1.00000001
0.999999791
0.999999763
1.00000126
1.00000285
0.999999815
0.999989551
0.99997962
0.999989436
1.000037
1.00011217
1.00015375
1.00005871
0.99974305
0.999242775
0.998801671
0.998868736
0.999949549
1.00232639
1.00575202
1.00927778
1.01135166
1.01021202
1.00445681
0.993566811
0.978164235
0.959907285
0.941051334
0.922970299
0.882808278
0.693302299
0.253090152
1.00000002
0.999999782
0.999999785
1.0000014
1.00000288
0.999999096
0.999988015
0.999979129
0.999993651
1.00004794
1.00012439
1.00015122
1.0000207
0.999661459
0.999143527
0.998754321
0.998968759
1.00027107
1.0028639
1.00638411
1.00978192
1.01147443
1.00976748
1.00340633
0.992040548
0.976413808
0.958213998
0.939636006
0.922318923
0.886220357
0.705071283
0.261185998
1.00000002
0.999999772
0.99999982
1.00000159
1.00000285
0.99999804
0.999986054
0.999979103
1.0000004
1.00006299
1.00013826
1.00014084
0.999960226
0.999547279
0.999021018
0.998724163
0.999155148
1.00075477
1.00360929
1.00720373
1.01037014
1.01150772
1.00903009
1.00188229
0.989927459
0.974052916
0.955971432
0.93778659
0.921280283
0.888974936
0.716143651
0.269389552
1.00000002
0.99999976
0.999999874
1.00000182
1.00000272
0.999996537
0.999983724
0.999980167
1.00001088
1.00008272
1.00015126
1.00011511
0.999866551
0.999394107
0.998884793
0.998746091
0.999487368
1.00146912
1.00461288
1.00821454
1.01098232
1.01132962
1.00783613
0.999708248
0.987065434
0.970950735
0.953085145
0.935443542
0.919836835
0.891079008
0.726414101
0.277587784
1.00000002
0.999999748
0.999999951
1.00000209
1.00000241
0.999994476
0.999981233
0.999983331
1.00002655
1.00010683
1.00015794
1.00006214
0.999726585
0.999200785
0.998761673
0.99888318
1.00005488
1.00249973
1.00591522
1.00937749
1.01148785
1.01073424
1.0059415
0.99664431
0.983251353
0.96695606
0.949454623
0.932547878
0.917972435
0.892547594
0.735791144
0.285651159
1.00000002
0.999999737
1.00000006
1.00000239
1.00000182
0.99999177
0.99997905
0.999990087
1.00004882
1.00013297
1.00014809
0.999964955
0.999528262
0.998981194
0.998710719
0.999240638
1.00098094
1.0039353
1.00751386
1.01056424
1.0116364
1.00939024
1.00299417
0.992373764
0.978238371
0.961900222
0.944977824
0.929045202
0.915674608
0.893402546
0.744196143
0.293434543
1.00000002
0.999999728
1.00000019
1.00000268
1.00000083
0.999988422
0.999978045
1.00000239
1.00007824
1.00015482
1.0001048
0.999803036
0.999269872
0.998782386
0.998844233
0.999977077
1.00241044
1.00582524
1.00929548
1.01147873
1.01098682
1.00679013
0.998507604
0.986496404
0.971740894
0.955606064
0.939559397
0.924891503
0.912937681
0.893671773
0.751561498
0.300778051
1.00000002
0.999999723
1.00000036
1.00000292
0.999999291
0.999984606
0.999979604
1.00002234
1.00011302
1.0001595
1.00000392
0.9995595
0.998979292
0.998712161
0.999348626
1.00129719
1.00445828
1.00808393
1.01091479
1.01153942
1.00881772
1.00220052
0.991847087
0.978538095
0.963453264
0.947905851
0.933123533
0.920060822
0.90976664
0.893388727
0.757827558
0.307505094
1.00000001
0.999999724
1.00000056
1.00000306
0.9999971
0.999980776
0.999985653
1.00005143
1.00014674
1.00012541
0.999817865
0.99923876
0.998746159
0.998970533
1.00048513
1.00339169
1.00707859
1.01030994
1.01160711
1.00972979
1.00404177
0.994639875
0.982251503
0.967991467
0.953089848
0.938671052
0.925632045
0.914554654
0.906181478
0.892592344
0.762941672
0.313429422
1.00000001
0.999999732
1.00000078
1.00000302
0.999994211
0.999977758
0.999998441
1.00008906
1.00016558
1.00002255
0.99952875
0.998899004
0.998762401
0.999861582
1.00252486
1.00626727
1.00980702
1.01150203
1.00995344
1.00446445
0.99518099
0.982934005
0.968924859
0.954406017
0.940453529
0.927855256
0.91710704
0.908412242
0.902221495
0.891327724
0.766875977
0.318483369
1.00000001
0.999999748
1.00000101
1.00000273
0.999990697
0.999976774
1.00001997
1.00013052
1.00014655
0.999819493
0.999155653
0.998696919
0.999347105
1.00173157
1.00554372
1.00940218
1.01135759
1.00971841
1.00369887
0.993593129
0.980512477
0.965925142
0.951237919
0.937542354
0.925533952
0.915547064
0.907654747
0.90171939
0.897947543
0.889629072
0.769444801
0.322193573
1
0.999999772
1.00000123
1.00000214
0.999986794
0.999979324
1.00005102
1.00016495
1.00005922
0.999501095
0.998795512
0.998923668
1.00089939
1.00474774
1.00900216
1.01122162
1.00917753
1.00188176
0.989870152
0.974763794
0.958537203
0.942912965
0.929064042
0.917587039
0.908623936
0.902023254
0.897485344
0.894614804
0.893444943
0.887552379
0.770632186
0.324426841
0.999999999
0.999999804
1.00000143
1.00000122
0.999982908
0.999986894
1.00008994
1.00017464
0.999873846
0.999097908
0.998662349
0.999982194
1.00369524
1.00844602
1.01113648
1.0085915
0.999328537
0.984178931
0.965595286
0.946413579
0.928891408
0.91433932
0.903210108
0.895380074
0.89041518
0.887775798
0.886912146
0.887282293
0.888813209
0.88514278
0.77040151
0.325115284
0.999999996
0.999999841
1.00000159
1
0.999979576
1.00000049
1.00013172
1.00013738
0.999577295
0.998717929
0.999087223
1.00223597
1.00747448
1.01112167
1.00847934
0.996909426
0.977402435
0.953673954
0.929988101
0.909467053
0.893587902
0.882535546
0.875778431
0.872539616
0.872002961
0.873471352
0.876335201
0.879971282
0.884216838
0.882449978
0.768486234
0.323823876
0.999999994
0.999999881
1.00000169
0.999998544
0.999977356
1.00002013
1.0001681
1.00003289
0.999192561
0.998556826
1.00042824
1.00569704
1.0109326
1.0094796
0.996268327
0.971708002
0.941190417
0.911365882
0.886807691
0.86913956
0.857945716
0.852028218
0.850136016
0.851299974
0.854838059
0.860081713
0.866380972
0.873054726
0.879849008
0.879496817
0.764629394
0.320247841
0.999999993
0.999999921
1.00000173
0.999996959
0.999976682
1.00004457
1.00018929
0.999852481
0.998789963
0.998854334
1.00287006
1.00967119
1.01155592
0.99935691
0.97066111
0.932252298
0.894670771
0.865300138
0.84600627
0.835066549
0.829913762
0.828638332
0.83029734
0.834438421
0.840710823
0.848662543
0.857658231
0.866890945
0.875909717
0.876260273
0.758421171
0.314002067
0.999999992
0.99999996
1.00000171
0.999995376
0.999977717
1.00007134
1.00018738
0.999607662
0.998473969
0.99978141
1.00619076
1.01270873
1.00648886
0.978200548
0.93264191
0.885464826
0.850047639
0.829702399
0.820565194
0.817320205
0.816548286
0.817221196
0.819449643
0.823842745
0.830760711
0.839966642
0.850689548
0.861835386
0.872594446
0.872630524
0.74925842
0.304654783
0.999999992
0.999999994
1.00000164
0.999993917
0.999980266
1.00009738
1.00016031
0.999331844
0.998337478
1.00129433
1.00969543
1.01328396
0.994739515
0.948566288
0.890844435
0.845317183
0.822303404
0.815884404
0.816683476
0.81830873
0.818529796
0.817431282
0.816974734
0.819180172
0.825035975
0.834296713
0.845853755
0.858223431
0.870114528
0.868301269
0.736082529
0.291575624
0.999999992
1.00000002
1.00000155
0.999992672
0.999983786
1.0001199
1.00011451
0.999071827
0.998399015
1.00304931
1.01249995
1.01116033
0.979619791
0.919623418
0.858674089
0.823657796
0.815884244
0.819492983
0.824747423
0.827762933
0.826254799
0.821859436
0.818184082
0.818078953
0.822701917
0.831641662
0.843485289
0.856400754
0.868463101
0.86260592
0.717118927
0.273580085
0.999999992
1.00000005
1.00000145
0.999991692
0.99998747
1.00013701
1.00006492
0.998873531
0.998564708
1.00446476
1.01404019
1.00837385
0.968809759
0.903595487
0.845720641
0.819519192
0.818526109
0.823260613
0.827737937
0.830466778
0.826956539
0.822082758
0.818284178
0.818260031
0.823006259
0.832004965
0.843786956
0.856687231
0.868168665
0.853648277
0.688926667
0.251121916
0.999999993
1.00000006
1.00000136
0.999991017
0.99999031
1.00014748
1.00003224
0.998774345
0.998660029
1.00490682
1.01424822
1.00821255
0.970302914
0.909078829
0.85367341
0.824839153
0.819012087
0.820993742
0.822349238
0.822789908
0.821865675
0.819877664
0.819214481
0.821487279
0.827296822
0.836253059
0.84764662
0.860688419
0.869315344
0.835355619
0.64424801
0.223134145
0.999999993
1.00000007
1.00000131
0.999990695
0.999991236
1.00014963
1.00003912
0.998815496
0.998538035
1.00383139
1.01291912
1.01212689
0.986580563
0.937304539
0.883117774
0.844252603
0.826774368
0.82299296
0.822614468
0.821033456
0.819472104
0.820098612
0.822115643
0.826599337
0.833815205
0.844053275
0.856948639
0.86899576
0.864017572
0.793740859
0.574242209
0.187602208
0.999999993
1.00000008
1.00000131
0.999990958
0.999988867
1.00013661
1.00011361
0.999092997
0.998185534
1.00121928
1.00934684
1.0155987
1.00836333
0.981390367
0.939637993
0.895654105
0.861255279
0.842002114
0.837022151
0.841758341
0.850701076
0.859387221
0.866653926
0.871972754
0.879101999
0.885371872
0.886709847
0.872795573
0.821843091
0.697346155
0.463574788
0.141462861
0.999999993
1.00000006
1.00000137
0.999992751
0.999980169
1.00009761
1.00021685
0.999590552
0.998265307
0.998532997
1.00308203
1.01127373
1.01811679
1.01720368
1.00455408
0.980220431
0.947287544
0.90986741
0.871588607
0.835021902
0.801747793
0.77262888
0.747887851
0.72621267
0.702765131
0.675921449
0.64147122
0.592577412
0.518742366
0.407443705
0.252189021
0.0730199053
0.999999993
1.00000001
1.00000142
0.999996561
0.99997387
1.00003293
1.00023056
1.00012647
0.999167875
0.997825119
0.997780888
1.00071227
1.00700371
1.01553511
1.02440412
1.03178591
1.0363874
1.03745121
1.03451691
1.02713303
1.0146051
0.995786858
0.968896668
0.931355193
0.879684594
0.809631312
0.716915196
0.598709203
0.456436916
0.299717885
0.149640888
0.0333468915
0.999999995
0.999999946
1.0000011
1.00000113
0.999979351
0.999972032
1.00010429
1.00032017
1.00023108
0.999460405
0.998062735
0.996545983
0.995572807
0.995669438
0.997119627
1.0000154
1.00436262
1.01016746
1.01747685
1.02636867
1.03688465
1.0488782
1.06171992
1.07376854
1.08148989
1.07814548
1.05218459
0.986093379
0.857752232
0.64843013
0.363975973
0.073488032
0.999999999
0.999999924
1.00000035
1.00000335
0.999995626
0.999962001
0.999959197
1.00008334
1.00033356
1.00057546
1.00063476
1.00039639
0.999834879
0.998992024
0.997943247
0.996777912
0.995599744
0.994545489
0.99382036
0.993751448
0.994859628
0.997939374
1.00410246
1.01466625
1.03062118
1.05118675
1.07073778
1.07346455
1.0266639
0.878117122
0.574094936
0.137661958
1
0.999999971
0.999999764
1.00000157
1.00000591
0.9999966
0.999959425
0.999914368
0.999903968
0.999959047
1.00008332
1.00025942
1.00046054
1.00065769
1.00082094
1.00091704
1.00090535
1.00073454
1.00034385
0.999676536
0.99872207
0.997617004
0.996846131
0.997569589
1.00199411
1.0133637
1.03443174
1.062065
1.07488422
1.01394969
0.770912578
0.251171507
1
1.00000001
0.999999873
0.999999405
1.00000141
1.0000082
1.00001404
1.00000938
0.999989696
0.999957354
0.999918554
0.999880263
0.999848973
0.99983076
0.999831772
0.999858501
0.999917195
1.00001131
1.00013511
1.0002606
1.00031581
1.0001606
0.99959488
0.99849879
0.997297176
0.997925034
1.00498052
1.02494507
1.05749127
1.06910109
0.942764035
0.446253094
1
0.999999998
1.00000005
1.00000003
0.999999151
0.999997783
0.999997796
1.00000062
1.00000616
1.0000133
1.00002068
1.00002702
1.0000312
1.00003213
1.00002869
1.00001974
1.00000448
0.999983352
0.999960319
0.999946694
0.99996546
1.00004798
1.00020173
1.0003224
1.0000898
0.999126593
0.998030147
1.00054295
1.01467069
1.04431074
1.04582447
0.770400674
)
;

boundaryField
{
    inner_wall
    {
        type            zeroGradient;
    }
    outer_wall
    {
        type            fixedValue;
        value           uniform 0;
    }
    top
    {
        type            fixedValue;
        value           uniform 1;
    }
    bottom
    {
        type            inletOutlet;
        inletValue      uniform 0;
        value           nonuniform List<scalar> 
32
(
0
0
0
0
0
0
0
0
0
0
-0.00798949269
-0.0182832352
-0.0374359649
-0.0524189525
-0.0157964089
0.143522607
0.433822057
0.746602948
0.959137618
1.03533267
1.02864516
1.00650199
0.997246646
0.997973893
1.00157588
1.00563891
1.00730682
1.0015513
0.97967805
0.902204595
0.680944537
0.262791721
)
;
    }
    front
    {
        type            wedge;
    }
    back
    {
        type            wedge;
    }
}


// ************************************************************************* //
