/*--------------------------------*- C++ -*----------------------------------*\
| =========                 |                                                 |
| \\      /  F ield         | OpenFOAM: The Open Source CFD Toolbox           |
|  \\    /   O peration     | Version:  2506                                  |
|   \\  /    A nd           | Website:  www.openfoam.com                      |
|    \\/     M anipulation  |                                                 |
\*---------------------------------------------------------------------------*/
FoamFile
{
    version     2.0;
    format      ascii;
    arch        "LSB;label=32;scalar=64";
    class       volScalarField;
    location    "147";
    object      p;
}
// * * * * * * * * * * * * * * * * * * * * * * * * * * * * * * * * * * * * * //

dimensions      [0 2 -2 0 0 0 0];

internalField   nonuniform List<scalar> 
3072
(
-0.000123967178
-9.41515503e-05
-9.04857239e-05
-8.44512255e-05
-7.46945623e-05
-6.29698156e-05
-5.10207697e-05
-3.9985621e-05
-2.77742645e-05
-1.4015383e-05
-7.56288204e-06
-7.76018451e-06
-7.6220405e-06
-6.31045755e-06
-4.47203677e-06
-2.49539922e-06
-5.35723131e-07
1.32379601e-06
3.0253753e-06
4.52419211e-06
5.80687228e-06
7.01604527e-06
8.04230411e-06
8.74650685e-06
9.27239127e-06
9.66435767e-06
9.94258082e-06
1.01314893e-05
1.02633968e-05
1.03857758e-05
1.05659083e-05
1.08151667e-05
-0.000264310493
-0.000186452208
-0.000160138786
-0.000141512862
-0.000123474874
-0.000104850716
-8.64210815e-05
-6.86358065e-05
-5.08430619e-05
-3.393368e-05
-2.18125777e-05
-1.44700217e-05
-8.57004206e-06
-3.2999299e-06
1.33039807e-06
5.32476841e-06
8.74335343e-06
1.16448814e-05
1.40880849e-05
1.61498296e-05
1.7777566e-05
1.92003311e-05
2.04184877e-05
2.12384811e-05
2.18514366e-05
2.23315927e-05
2.27116363e-05
2.30231903e-05
2.3304325e-05
2.36021673e-05
2.39473883e-05
2.4241086e-05
-0.00032642395
-0.00022178138
-0.000176574577
-0.000146113275
-0.000121669833
-0.000100772098
-8.23239221e-05
-6.56799062e-05
-5.03715536e-05
-3.65148281e-05
-2.47569837e-05
-1.50291595e-05
-6.70565297e-06
5.33198066e-07
6.82413847e-06
1.22633266e-05
1.6934489e-05
2.09092206e-05
2.42731547e-05
2.72005276e-05
2.95866238e-05
3.14880751e-05
3.30811545e-05
3.43169195e-05
3.52851967e-05
3.60472166e-05
3.66469367e-05
3.71230483e-05
3.75126618e-05
3.78541571e-05
3.8178076e-05
3.84492478e-05
-0.000386212889
-0.000266915152
-0.000210788323
-0.000168760886
-0.000135763074
-0.000109664253
-8.78523177e-05
-6.89316553e-05
-5.218304e-05
-3.7296772e-05
-2.41971723e-05
-1.27467405e-05
-2.72760966e-06
6.04066902e-06
1.36900504e-05
2.03248317e-05
2.60363756e-05
3.09110114e-05
3.50378944e-05
3.85009322e-05
4.1402291e-05
4.37573795e-05
4.56286101e-05
4.71510978e-05
4.83630398e-05
4.9317096e-05
5.0067465e-05
5.0662374e-05
5.11448875e-05
5.15570049e-05
5.19303384e-05
5.22254232e-05
-0.000442025182
-0.000315680538
-0.000246465417
-0.000194677846
-0.000154290326
-0.000122038674
-9.5436007e-05
-7.29128709e-05
-5.3456258e-05
-3.64580678e-05
-2.15549974e-05
-8.48011297e-06
2.98983635e-06
1.30328778e-05
2.17906773e-05
2.93833652e-05
3.59221459e-05
4.15136428e-05
4.62356702e-05
5.00710146e-05
5.32999188e-05
5.60637284e-05
5.82581824e-05
6.00109823e-05
6.14108716e-05
6.25244768e-05
6.34106524e-05
6.41222584e-05
6.47076305e-05
6.52152496e-05
6.56823272e-05
6.60575296e-05
-0.000490655448
-0.000359350084
-0.000280091093
-0.000220370135
-0.000173454757
-0.000135074299
-0.000103461067
-7.69812162e-05
-5.44123072e-05
-3.49369423e-05
-1.80132932e-05
-3.2567598e-06
9.62088589e-06
2.08411794e-05
3.05815769e-05
3.89920388e-05
4.62066976e-05
5.23490964e-05
5.75296342e-05
6.18426115e-05
6.54209021e-05
6.83739063e-05
7.07723297e-05
7.27058961e-05
7.4258949e-05
7.55060725e-05
7.65135211e-05
7.73400415e-05
7.80401732e-05
7.86711567e-05
7.92767405e-05
7.9777935e-05
-0.000531925767
-0.000396360137
-0.000311285065
-0.000245353559
-0.000191929444
-0.00014797938
-0.000111621514
-8.11857774e-05
-5.53783044e-05
-3.32741567e-05
-1.42175603e-05
2.27303706e-06
1.65601918e-05
2.89247918e-05
3.95929176e-05
4.87543296e-05
5.65748175e-05
6.32036506e-05
6.87779064e-05
7.34254056e-05
7.7269257e-05
8.04240692e-05
8.29932755e-05
8.50737356e-05
8.67551332e-05
8.81190999e-05
8.92386185e-05
9.01782542e-05
9.09988399e-05
9.17669828e-05
9.2533125e-05
9.31837475e-05
-0.000566132714
-0.000427474116
-0.000338406752
-0.00026779679
-0.000209055582
-0.000160191598
-0.000119500885
-8.53394921e-05
-5.63985332e-05
-3.17025733e-05
-1.05252256e-05
7.68782147e-06
2.33651628e-05
3.68458451e-05
4.84057902e-05
5.82769913e-05
6.66603534e-05
7.37344509e-05
7.96610095e-05
8.4588589e-05
8.86547062e-05
9.19863064e-05
9.46999259e-05
9.69026447e-05
9.86923638e-05
0.000100157778
0.000101377955
0.000102422762
0.000103358851
0.000104261683
0.000105187738
0.000105987936
-0.000594146622
-0.000453435036
-0.000361223691
-0.000286857094
-0.000223987594
-0.00017107894
-0.000126661656
-8.91939991e-05
-5.74005387e-05
-3.02969281e-05
-7.12015716e-06
1.27317811e-05
2.97381117e-05
4.42866403e-05
5.66978234e-05
6.72428743e-05
7.61565017e-05
8.36459294e-05
8.98969111e-05
9.50778353e-05
9.93423143e-05
0.000102830672
0.000105670936
0.000107979737
0.000109862894
0.000111415709
0.000112722781
0.000113858657
0.000114895013
0.00011591483
0.000116979594
0.000117909313
-0.000616489882
-0.000474436649
-0.00037993934
-0.000302668256
-0.000236573963
-0.000180404666
-0.000132888208
-9.25986311e-05
-5.83156449e-05
-2.90706444e-05
-4.08716981e-06
1.72644011e-05
3.54987289e-05
5.10410702e-05
6.42484603e-05
7.54256499e-05
8.48372705e-05
9.2716408e-05
9.92708981e-05
0.000104687581
0.000109135372
0.00011276726
0.000115721829
0.000118124385
0.000120087896
0.000121713555
0.000123090781
0.000124298105
0.000125411248
0.00012651891
0.000127686349
0.000128711185
-0.000633726262
-0.000490848212
-0.0003947991
-0.000315366336
-0.00024680385
-0.000188073096
-0.000138059927
-9.54445129e-05
-5.90686342e-05
-2.79906902e-05
-1.43642616e-06
2.12369901e-05
4.05666893e-05
5.70048669e-05
7.09365156e-05
8.26933474e-05
9.25647198e-05
0.000100805686
0.000107643086
0.000113279912
0.000117898584
0.000121663294
0.000124721849
0.000127207094
0.000129238133
0.000130921132
0.000132349517
0.000133605048
0.00013476646
0.000135926179
0.000137151977
0.000138229715
-0.00064648226
-0.000503163555
-0.000406149837
-0.000325165454
-0.00025477109
-0.000194090612
-0.000142131153
-9.76635278e-05
-5.95899353e-05
-2.69995301e-05
8.70713196e-07
2.4667097e-05
4.49393747e-05
6.2157733e-05
7.67272509e-05
8.9000048e-05
9.92847633e-05
0.000107854026
0.000114950108
0.000120789293
0.000125565181
0.000129451267
0.000132602971
0.000135159324
0.000137244396
0.00013896832
0.000140427659
0.000141706663
0.00014288608
0.000144060114
0.000145297893
0.000146384596
-0.000655394358
-0.000511912652
-0.000414397482
-0.000332348958
-0.000260646785
-0.000198536635
-0.000145114165
-9.92248939e-05
-5.98237617e-05
-2.60313126e-05
2.90053015e-06
2.76154584e-05
4.86689852e-05
6.65421732e-05
8.16536621e-05
9.4370052e-05
0.000105014202
0.000113871965
0.000121197435
0.000127217161
0.000132133442
0.000136126998
0.000139359149
0.000141973667
0.000144098374
0.000145846346
0.000147316446
0.000148594712
0.000149763025
0.000150915622
0.000152122006
0.0001531769
-0.000661078354
-0.000517622466
-0.000419968678
-0.000337235827
-0.000264647181
-0.00020153812
-0.000147063986
-0.00010012881
-5.973195e-05
-2.50230424e-05
4.73045618e-06
3.01663405e-05
5.18413565e-05
7.02422158e-05
8.5795982e-05
9.88788059e-05
0.000109823369
0.000118924822
0.000126445742
0.000132620068
0.000137656398
0.000141740659
0.000145038394
0.000147696717
0.000149846047
0.000151601439
0.000153063294
0.000154318826
0.000155450305
0.00015655059
0.000157688791
0.000158677645
-0.000664110849
-0.000520793935
-0.000423284558
-0.000340154896
-0.000267010545
-0.000203250262
-0.00014806453
-0.000100400691
-5.92949096e-05
-2.3921574e-05
6.43720233e-06
3.24121082e-05
5.45582536e-05
7.33645072e-05
8.92624411e-05
0.000102633958
0.00011381791
0.000123115488
0.000130794823
0.00013709474
0.000142227979
0.000146383862
0.000149730641
0.000152417519
0.000154576477
0.000156323712
0.000157760505
0.00015897474
0.0001600485
0.000161072225
0.000162114081
0.000163011074
-0.000665020623
-0.000521895377
-0.000424751732
-0.000341431779
-0.00026798241
-0.000203843951
-0.000148219493
-0.000100086873
-5.85115941e-05
-2.26882433e-05
8.08823729e-06
3.4441416e-05
5.69232666e-05
7.60225714e-05
9.2172662e-05
0.00010575836
0.00011712187
0.000126567819
0.000134367519
0.000140762607
0.000145968157
0.000150175368
0.000153553917
0.000156254044
0.000158408435
0.000160133741
0.000161531592
0.000162690144
0.000163690885
0.000164621157
0.000165547839
0.000166336117
-0.00066428298
-0.000521352303
-0.000424745251
-0.000341375098
-0.000267804781
-0.000203496366
-0.000147645544
-9.92502095e-05
-5.73985565e-05
-2.1301267e-05
9.73627546e-06
3.63310913e-05
5.90315392e-05
7.83249482e-05
9.46446571e-05
0.000108376371
0.000119863614
0.000129412465
0.000137295611
0.00014375587
0.000149009244
0.000153247597
0.000156641025
0.000159339977
0.000161477169
0.000163169184
0.000164517599
0.000165610546
0.00016652866
0.000167355837
0.00016815749
0.000168828714
-0.000662311314
-0.000519540531
-0.000423606925
-0.000340271317
-0.000266708009
-0.000202382552
-0.000146465041
-9.79646559e-05
-5.59869775e-05
-1.9755113e-05
1.14174655e-05
3.81421893e-05
6.09638783e-05
8.03677547e-05
9.67861334e-05
0.000110604254
0.000122165557
0.000131776159
0.00013970882
0.000146206344
0.000151484626
0.000155735302
0.000159128146
0.000161813205
0.000163922746
0.000165572903
0.000166864923
0.00016788671
0.000168717906
0.000169438888
0.000170113562
0.000170666787
-0.000659462162
-0.0005167825
-0.000421639474
-0.000338377623
-0.000264902843
-0.000200667611
-0.000144798668
-9.63090628e-05
-5.43178391e-05
-1.80573829e-05
1.31527734e-05
3.99196318e-05
6.27847865e-05
8.22312844e-05
9.86898891e-05
0.000112544582
0.000124137773
0.000133774695
0.000141727288
0.000148237545
0.000153520541
0.000157767081
0.000161146112
0.000163806872
0.000165880862
0.000167483527
0.0001687156
0.00016966463
0.000170409226
0.000171026374
0.000171578531
0.000172018716
-0.000656030618
-0.000513344909
-0.000419106562
-0.000335921228
-0.00026257753
-0.000198502312
-0.000142760455
-9.43623134e-05
-5.24375363e-05
-1.62252859e-05
1.49506061e-05
4.16937453e-05
6.45428018e-05
8.39792011e-05
0.000100432155
0.000114283761
0.000125874783
0.00013550904
0.00014345713
0.000149959754
0.000155230729
0.000159459666
0.000162814382
0.000165443073
0.000167476288
0.000169028653
0.000170200288
0.000171078316
0.000171740336
0.000172260215
0.00017269909
0.000173035504
-0.000652248902
-0.000509468213
-0.000416222374
-0.000333096917
-0.000259899367
-0.000196022644
-0.000140455222
-9.21999675e-05
-5.03943341e-05
-1.42820364e-05
1.68106907e-05
4.34841858e-05
6.6271972e-05
8.56578252e-05
0.00010207197
0.000115891476
0.000127454636
0.000137063917
0.000144988514
0.000151467632
0.000156713631
0.000160914754
0.000164237554
0.000166829077
0.000168818852
0.000170320635
0.000171433893
0.000172245294
0.000172831496
0.000173263605
0.000173601607
0.000173846302
-0.000648309496
-0.000505543364
-0.000413023226
-0.000330015628
-0.00025700448
-0.000193344806
-0.00013797374
-8.98894117e-05
-4.82335083e-05
-1.22513089e-05
1.87308595e-05
4.53088417e-05
6.79956646e-05
8.72935493e-05
0.000103649831
0.0001174197
0.00012893795
0.000138506831
0.000146394576
0.000152838974
0.000158050945
0.000162217368
0.000165503535
0.00016805535
0.000170001327
0.000171454371
0.000172513305
0.000173264342
0.000173783293
0.000174138894
0.000174390157
0.000174556658
-0.000644358332
-0.000501785208
-0.000409594277
-0.000326787582
-0.000254003116
-0.000190564314
-0.000135394397
-8.74928487e-05
-4.60030037e-05
-1.01706063e-05
2.06759191e-05
4.71296784e-05
6.97233139e-05
8.89482859e-05
0.000105226872
0.000118924374
0.000130380748
0.000139896272
0.000147736754
0.000154138139
0.000159309787
0.000163437153
0.000166684244
0.000169195823
0.000171099428
0.000172507127
0.000173517121
0.000174215189
0.000174676404
0.000174967503
0.000175146639
0.000175248928
-0.000640495504
-0.000498119528
-0.000406181689
-0.000323534516
-0.000250976348
-0.000187753194
-0.000132778883
-8.50581953e-05
-4.37364461e-05
-8.06390216e-06
2.26389631e-05
4.896687e-05
7.1475788e-05
9.06232247e-05
0.000106807039
0.0001204234
0.000131811626
0.000141268223
0.000149056642
0.000155411228
0.000160539914
0.000164626852
0.000167834891
0.000170307752
0.000172171941
0.000173538905
0.000174506298
0.000175159391
0.000175572671
0.000175811291
0.000175932449
0.000175983562
-0.00063679799
-0.000494583755
-0.000402825813
-0.00032037014
-0.000247993489
-0.000184958416
-0.000130165633
-8.26123101e-05
-4.14406699e-05
-5.94837602e-06
2.46309051e-05
5.08475215e-05
7.32425441e-05
9.22823936e-05
0.000108381385
0.000121925016
0.000133248309
0.000142646929
0.000150383629
0.000156691746
0.000161778127
0.000165825932
0.000168997249
0.000171434877
0.000173262135
0.000174592733
0.000175524789
0.00017614125
0.000176516222
0.000176713941
0.000176790658
0.000176801649
-0.000633314506
-0.000491225434
-0.00039959434
-0.000317331284
-0.000245109788
-0.000182229547
-0.00012759611
-8.02013619e-05
-3.91852981e-05
-3.79614972e-06
2.66463836e-05
5.27505018e-05
7.5034822e-05
9.39666636e-05
0.000109983265
0.000123455781
0.000134715297
0.000144057059
0.00015174326
0.000158006319
0.000163052119
0.000167062873
0.000170199656
0.00017260459
0.000174402781
0.000175704495
0.000176606453
0.000177193223
0.00017753842
0.000177705247
0.000177749665
0.000177732944
-0.0006300671
-0.000488068836
-0.000396541757
-0.000314418534
-0.000242329583
-0.000179585245
-0.000125090341
-7.78321351e-05
-3.69469929e-05
-1.67619294e-06
2.86575659e-05
5.46625463e-05
7.68383747e-05
9.56701604e-05
0.000111612748
0.000125020533
0.000136221258
0.000145510324
0.000153149691
0.000159371099
0.000164379688
0.000168356961
0.000171463313
0.000173840287
0.0001756126
0.000176889937
0.000177768625
0.000178333056
0.000178656496
0.000178801506
0.000178823769
0.00017878841
-0.000627058851
-0.000485121164
-0.00039367404
-0.000311653978
-0.000239673359
-0.000177042976
-0.000122664572
-7.55216332e-05
-3.47478503e-05
4.18443111e-07
3.06600338e-05
5.65759326e-05
7.86543005e-05
9.74001746e-05
0.000113277343
0.000126626766
0.000137774212
0.000147015456
0.000154612345
0.000160796123
0.000165771369
0.000169719043
0.000172799034
0.000175152416
0.00017690348
0.000178161555
0.000179022672
0.000179570967
0.000179879455
0.000180010304
0.000180018986
0.00017997265
-0.000624279796
-0.000482377864
-0.000390987407
-0.000309042548
-0.000237146913
-0.000174608274
-0.000120324977
-7.3277596e-05
-3.25978315e-05
2.47737957e-06
3.26342125e-05
5.84784515e-05
8.0489921e-05
9.91682408e-05
0.000114984341
0.000128279187
0.000139378133
0.000148576399
0.000156135341
0.000162285746
0.000167231735
0.000171153826
0.000174211493
0.000176545431
0.000178279593
0.000179523013
0.00018037147
0.000180908896
0.000181208116
0.000181331084
0.00018133313
0.000181281973
-0.000621710845
-0.000479825123
-0.000388471306
-0.000306578255
-0.000234746445
-0.000172278868
-0.000118070664
-7.11002296e-05
-3.04978984e-05
4.49948594e-06
3.45788178e-05
6.03561902e-05
8.23340139e-05
0.000100977925
0.00011673615
0.00012997806
0.000141032501
0.000150192519
0.000157718115
0.0001638395
0.000168760382
0.000172660891
0.000175700145
0.000178018526
0.000179739713
0.000180972503
0.000181812471
0.000182343371
0.000182637896
0.000182757923
0.000182758693
0.000182707421
-0.000619327297
-0.000477442965
-0.000386109565
-0.000304248604
-0.000232461881
-0.00017004633
-0.000115893925
-6.89811566e-05
-2.84362575e-05
6.50563758e-06
3.65278881e-05
6.22298178e-05
8.41651022e-05
0.000102791878
0.000118507966
0.000131708104
0.000142726661
0.000151855631
0.000159354042
0.000165451748
0.000170352241
0.000174235424
0.00017726019
0.000179566712
0.000181278483
0.00018250413
0.000183339073
0.000183866932
0.00018416031
0.000184281114
0.000184284537
0.00018423654
-0.000617102149
-0.000475208458
-0.000383883084
-0.000302038019
-0.000230280801
-0.000167901073
-0.00011378774
-6.69156841e-05
-2.64107869e-05
8.49422177e-06
3.84772061e-05
6.41166838e-05
8.59993638e-05
0.0001046012
0.000120289866
0.00013346183
0.000144454177
0.000153559557
0.000161037004
0.000167116354
0.000172001065
0.000175870972
0.000178884873
0.000181182839
0.000182888255
0.000184109644
0.000184942323
0.000185469808
0.000185764658
0.000185888876
0.000185897644
0.000185855187
-0.000615008158
-0.000473097789
-0.000381771688
-0.000299929611
-0.000228189817
-0.000165833352
-0.000111746252
-6.49026477e-05
-2.44273316e-05
1.04477763e-05
4.0399425e-05
6.60086601e-05
8.7859515e-05
0.000106429257
0.000122092137
0.000135242197
0.000146214469
0.000155301537
0.0001627627
0.000168827895
0.000173700581
0.000177560562
0.000180566597
0.000182858707
0.000184560218
0.000185779591
0.000186612072
0.000187141103
0.000187439221
0.000187568578
0.00018758436
0.000187548794
-0.000613018903
-0.000471087343
-0.000379754982
-0.000297905572
-0.000226174121
-0.000163831187
-0.000109760035
-6.29348164e-05
-2.24801607e-05
1.23719997e-05
4.23005302e-05
6.79010718e-05
8.97393701e-05
0.000108274185
0.00012390815
0.000137042533
0.000148001257
0.000157075226
0.000164524446
0.000170579263
0.000175443229
0.000179296174
0.000182296866
0.000184585324
0.000186284861
0.00018750391
0.000188337673
0.00018886954
0.000189172053
0.000189307534
0.000189331187
0.000189303139
-0.000611109662
-0.000469154685
-0.000377813397
-0.000295948336
-0.000224218835
-0.000161882251
-0.000107819037
-6.10041362e-05
-2.05624727e-05
1.42739182e-05
4.41867702e-05
6.9785619e-05
9.16208899e-05
0.000110130233
0.000125740411
0.000138863258
0.000149812101
0.000158876438
0.000166316907
0.000172364208
0.000177221989
0.000181070116
0.000184067391
0.000186353852
0.000188052816
0.000189272708
0.000190108705
0.000190644164
0.000190951642
0.000191093642
0.000191125387
0.000191104927
-0.00060925817
-0.000467279344
-0.000375928997
-0.000294041305
-0.000222309762
-0.000159974526
-0.000105913054
-5.91018402e-05
-1.86661008e-05
1.61626253e-05
4.60671668e-05
7.16592373e-05
9.34865748e-05
0.000111987119
0.000127589133
0.00014070294
0.000151643334
0.000160700238
0.00016813431
0.000174176265
0.000179029785
0.000182874775
0.00018587007
0.00018815573
0.000189855085
0.00019107656
0.00019191532
0.000192454697
0.000192767273
0.000192915728
0.000192955299
0.000192942067
-0.000607445191
-0.000465443422
-0.000374086182
-0.000292169584
-0.000220434347
-0.000158097581
-0.000104033565
-5.7221343e-05
-1.67866465e-05
1.80395823e-05
4.79407181e-05
7.35284355e-05
9.53490447e-05
0.000113845541
0.000129445227
0.000142553434
0.000153488147
0.000162540147
0.000169970075
0.000176008625
0.000180859531
0.000184702762
0.000187697198
0.000189982934
0.000191683321
0.000192906798
0.000193748525
0.000194291821
0.0001946093
0.000194763806
0.000194810573
0.000194803883
-0.000605654744
-0.000463631843
-0.000372271958
-0.000290320085
-0.000218581836
-0.000156242433
-0.000102173142
-5.53567929e-05
-1.4919914e-05
1.99071437e-05
4.98081963e-05
7.53944798e-05
9.72103691e-05
0.000115704887
0.000131305028
0.000144410473
0.000155342039
0.000164391281
0.000171818884
0.000177855569
0.000182705145
0.000186547655
0.000189542038
0.00019182843
0.000193530214
0.000194755843
0.000195600484
0.000196147451
0.000196469392
0.000196629295
0.000196682368
0.000196681299
-0.000603874088
-0.000461832453
-0.000370476058
-0.000288481487
-0.000216743562
-0.000154401682
-0.000100325597
-5.35033422e-05
-1.3062391e-05
2.17674752e-05
5.1670404e-05
7.72571598e-05
9.9070681e-05
0.0001175652
0.000133167194
0.000146271627
0.000157201796
0.000166249818
0.000173676419
0.000179712359
0.000184561528
0.000188404044
0.000191398901
0.000193686279
0.000195389593
0.000196617318
0.000197464626
0.000198014834
0.000198340624
0.000198505107
0.00019856343
0.000198566902
-0.000602093581
-0.000460036206
-0.000368690515
-0.000286644236
-0.000214913124
-0.000152569342
-9.84858625e-05
-5.16570226e-05
-1.12111276e-05
2.3622595e-05
5.35285121e-05
7.91169605e-05
0.000100929891
0.000119425711
0.000135030275
0.000148134858
0.000159064836
0.000168112709
0.000175539233
0.000181575208
0.000186424597
0.000190267584
0.000193263214
0.000195551709
0.000197256512
0.000198486118
0.000199335709
0.000199888607
0.000200217528
0.000200385673
0.0002004481
0.000200454949
-0.000600306311
-0.000458237215
-0.000366905261
-0.000284804638
-0.000213086416
-0.000150740457
-9.66499245e-05
-4.9814764e-05
-9.36381655e-06
2.54741252e-05
5.53835334e-05
8.0974378e-05
0.00010278794
0.000121285743
0.000136893132
0.000149998665
0.000160929265
0.000169977705
0.000177404764
0.000183441282
0.000188291281
0.000192134999
0.000195131527
0.000197421117
0.000199127239
0.000200358406
0.000201209809
0.000201764778
0.000202096054
0.000202266885
0.000202332201
0.000202341354
-0.000598507336
-0.000456430993
-0.000365097499
-0.000282978403
-0.000211261437
-0.000148911553
-9.4815134e-05
-4.79744601e-05
-7.51880016e-06
2.73232676e-05
5.72362459e-05
8.28298279e-05
0.000104644807
0.00012314484
0.00013875503
0.000151862075
0.000162793846
0.000171843314
0.000179271295
0.000185308665
0.000190159492
0.000194004054
0.000197001477
0.000199292038
0.000200999227
0.000202231569
0.000203084266
0.00020364066
0.000203973504
0.000204145981
0.000204212753
0.000204224025
-0.000596695725
-0.00045461623
-0.000363279636
-0.000281153068
-0.000209434022
-0.00014708036
-9.29794741e-05
-4.6134424e-05
-5.67476018e-06
2.9170977e-05
5.90872833e-05
8.46836712e-05
0.000106500539
0.000125002828
0.000140615699
0.000153724668
0.000164657983
0.000173708774
0.000181137913
0.000187176309
0.000192028063
0.000195873483
0.000198871717
0.000201163062
0.000202871018
0.000204104121
0.00020495758
0.000205514742
0.000205848368
0.0002060216
0.00020608892
0.000206101139
-0.000594871881
-0.000452792528
-0.00036145428
-0.000279327545
-0.000207603757
-0.000145246527
-9.11423808e-05
-4.42940757e-05
-3.83118652e-06
3.10176407e-05
6.09368516e-05
8.65358153e-05
0.000108354827
0.000126859775
0.000142475548
0.000155586683
0.000166521717
0.000175573999
0.000183004436
0.000189043952
0.000193896668
0.000197742909
0.000200741834
0.00020303375
0.000204742165
0.000205975618
0.00020682932
0.000207386621
0.000207720279
0.000207893453
0.000207960716
0.000207972604
-0.000593037612
-0.000450961697
-0.000359621
-0.000277502937
-0.00020577157
-0.000143410852
-8.93045691e-05
-4.24539668e-05
-1.9884993e-06
3.28629173e-05
6.27845431e-05
8.83853276e-05
0.000110205903
0.000128715594
0.00014433643
0.000157449516
0.00016838593
0.000177439631
0.000184871401
0.000190912073
0.000195765751
0.00019961276
0.000202612257
0.000204904545
0.00020661313
0.000207846553
0.000208700026
0.00020925689
0.000209589899
0.000209762269
0.000209828815
0.000209839297
-0.000591195793
-0.000449126525
-0.000357772484
-0.000275688513
-0.000203940852
-0.000141575413
-8.74677556e-05
-4.06153253e-05
-1.4739671e-07
3.47067329e-05
6.46311334e-05
9.02337728e-05
0.0001120536
0.000130568728
0.000146197874
0.00015931335
0.00017025107
0.000179306281
0.000186739557
0.000192781539
0.000197636279
0.000201484086
0.000204484106
0.000206776632
0.000208485167
0.000209718247
0.000210571086
0.000211127022
0.000211458796
0.000211629644
0.000211694556
0.000211703216
-0.000589351729
-0.00044729161
-0.00035592221
-0.000273877174
-0.000202114417
-0.000139743155
-8.56340899e-05
-3.87796717e-05
1.69124209e-06
3.65489902e-05
6.64776182e-05
9.20837446e-05
0.000113901341
0.000132419065
0.000148056983
0.000161176691
0.00017211692
0.000181174423
0.000188609797
0.000194653543
0.000199509669
0.000203358478
0.000206359113
0.000208651863
0.000210360228
0.000211592749
0.000212444642
0.000212999254
0.000213329308
0.000213497993
0.000213560395
0.000213567005
-0.000587511983
-0.000445462364
-0.000354081981
-0.000272068156
-0.000200295296
-0.00013791794
-8.38066704e-05
-3.69494758e-05
3.52536042e-06
3.8387798e-05
6.83217625e-05
9.39326302e-05
0.000115750178
0.000134270414
0.000149916114
0.000163041268
0.000173985237
0.000183045941
0.000190484121
0.0001965302
0.000201388154
0.000205238285
0.000208239735
0.000210532797
0.000212240974
0.000213472816
0.000214323552
0.000214876539
0.000215204489
0.000215370526
0.000215429814
0.000215433776
-0.00058568399
-0.000443645377
-0.000352258012
-0.000270267975
-0.000198487837
-0.00013610403
-8.19891018e-05
-3.51276322e-05
5.35262906e-06
4.02211961e-05
7.01616461e-05
9.57783191e-05
0.000117599022
0.000136124697
0.00015177874
0.000164909951
0.000175858538
0.000184923316
0.000192365082
0.000198414166
0.000203274505
0.000207126394
0.000210128979
0.000212422557
0.000214130643
0.0002153618
0.000216211276
0.000216762452
0.000217088031
0.000217251069
0.000217306788
0.000217307612
-0.000583876126
-0.000441848433
-0.000350456578
-0.000268484082
-0.000196697321
-0.00013430599
-8.01852004e-05
-3.33170938e-05
7.1709585e-06
4.20480043e-05
7.19971897e-05
9.76218603e-05
0.000119448215
0.000137981588
0.000153645476
0.000166784067
0.000177738628
0.000186808734
0.000194255183
0.000200308212
0.000205171721
0.000209026006
0.000212030221
0.000214324681
0.000216032919
0.000217263524
0.000218111775
0.000218661085
0.000218984162
0.000219143989
0.000219195837
0.000219193179
-0.000582097574
-0.000440080121
-0.00034868481
-0.00026672411
-0.000194929724
-0.000132528828
-7.83991224e-05
-3.15211239e-05
8.97797022e-06
4.38667017e-05
7.38277379e-05
9.94634359e-05
0.000121298488
0.00013984199
0.000155517411
0.000168665131
0.000179627491
0.000188704579
0.000196157151
0.000202215356
0.000207083077
0.000210940618
0.000213947159
0.000216243045
0.000217951846
0.000219182192
0.000220029407
0.00022057695
0.000220897544
0.000221054109
0.000221101956
0.000221095635
-0.000580358153
-0.000438349568
-0.000346950482
-0.000264995845
-0.000193191452
-0.000130777876
-7.66352695e-05
-2.97431854e-05
1.0771123e-05
4.56756309e-05
7.56524879e-05
0.000101303146
0.000123150853
0.000141707092
0.000157395559
0.00017055451
0.000181527076
0.000190613294
0.000198073817
0.000204138763
0.000209012021
0.000212873928
0.000215883711
0.000218181767
0.000219891728
0.000221122284
0.000221968824
0.000222514871
0.000222833178
0.000222986613
0.000223030528
0.000223020545
-0.000578668094
-0.0004366662
-0.00034526174
-0.000263307101
-0.000191489071
-0.000129058606
-7.48981375e-05
-2.79867998e-05
1.25478804e-05
4.74732617e-05
7.74710662e-05
0.000103142215
0.000125008251
0.00014357815
0.000159279046
0.000172452305
0.000183438756
0.000192537078
0.000200007931
0.000206081593
0.000210962049
0.000214829711
0.000217843889
0.000220145075
0.000221856991
0.000223088419
0.000223934837
0.000224479851
0.000224796267
0.00022494692
0.000224987209
0.000224973779
-0.000577037755
-0.000435039467
-0.000343626809
-0.000261665522
-0.000189829089
-0.000127376485
-7.31922712e-05
-2.62556348e-05
1.43054113e-05
4.9257547e-05
7.92821579e-05
0.000104980223
0.000126871761
0.000145456964
0.000161169443
0.00017436047
0.000185365005
0.000194478837
0.000201962717
0.000208047325
0.000212936857
0.000216811858
0.000219831773
0.000222137227
0.000223852075
0.000225085222
0.000225932265
0.000226476918
0.000226792063
0.000226940528
0.000226977771
0.000226961362
-0.000575477239
-0.000433478478
-0.000342053634
-0.000260078305
-0.000188217663
-0.000125736744
-7.15221314e-05
-2.45535318e-05
1.60402858e-05
5.10250556e-05
8.10814319e-05
0.000106811067
0.000128737238
0.000147349013
0.000163075956
0.000176284405
0.000187309978
0.000196442497
0.000203942023
0.000210039768
0.000214940267
0.000218824253
0.000221851338
0.000224162321
0.000225881224
0.000227117107
0.000227965714
0.000228510894
0.000228825626
0.000228972774
0.000229007867
0.000228989233
-0.000573995911
-0.00043199154
-0.000340549419
-0.000258551741
-0.000186660099
-0.000124143781
-6.98913016e-05
-2.28833494e-05
1.77502613e-05
5.27740456e-05
8.28674468e-05
0.00010863311
0.000130602404
0.000149253845
0.000165000903
0.000178227116
0.000189276895
0.000198431157
0.000205948916
0.000212062026
0.000216975448
0.000220870151
0.000223905951
0.000226223858
0.000227948095
0.000229187915
0.000230039235
0.000230586061
0.000230901504
0.000231048503
0.000231082685
0.000231062891
-0.000572601909
-0.000430585669
-0.000339120184
-0.000257090765
-0.000185160412
-0.000122600756
-6.83020983e-05
-2.12465725e-05
1.94347116e-05
5.45050346e-05
8.46425903e-05
0.000110449943
0.000132463107
0.000151159989
0.000166941353
0.000180194026
0.000191270527
0.000200448206
0.000207986192
0.000214116697
0.00021904493
0.000222952079
0.000225998191
0.000228324516
0.00023005551
0.000231300642
0.000232156031
0.000232705866
0.000233023415
0.000233171749
0.000233206614
0.000233187051
-0.000571301662
-0.000429266103
-0.000337770378
-0.000255698512
-0.000183721004
-0.000121109422
-6.67555978e-05
-1.96436161e-05
2.10938681e-05
5.62189927e-05
8.6408887e-05
0.000112264944
0.000134322604
0.000153066321
0.000168894293
0.000182184282
0.000193290529
0.000202493666
0.000210054186
0.000216204366
0.000221149501
0.000225071003
0.0002281292
0.000230465618
0.000232204983
0.000233457017
0.00023431807
0.000234872538
0.000235193882
0.000235345365
0.00023538288
0.000235365265
-0.000570099369
-0.000428035707
-0.000336502536
-0.000254375809
-0.000182342313
-0.000119669919
-6.5251539e-05
-1.80738525e-05
2.27286436e-05
5.79169258e-05
8.81672413e-05
0.000114079924
0.000136188818
0.000154980529
0.000170857352
0.000184191313
0.000195332207
0.000204564692
0.000212151018
0.000218323685
0.000223288173
0.000227226218
0.000230298505
0.000232646909
0.000234396478
0.000235657234
0.000236525799
0.000237086805
0.000237413942
0.000237570739
0.000237613259
0.00023759965
-0.000568996329
-0.000426894189
-0.000335317469
-0.000253120211
-0.000181022294
-0.000118280646
-6.37881929e-05
-1.65353885e-05
2.43408975e-05
5.96002827e-05
8.99182734e-05
0.00011589437
0.000138060859
0.000156903962
0.000172832927
0.000186215443
0.000197394554
0.000206659882
0.000214275086
0.000220472901
0.000225459098
0.000229415837
0.000232504237
0.000234866578
0.000236628293
0.000237899765
0.000238777897
0.000239347594
0.000239682824
0.000239847462
0.000239897758
0.000239890575
-0.000567990171
-0.000425837691
-0.000334216398
-0.000251921475
-0.000179753501
-0.00011693683
-6.23609267e-05
-1.50239133e-05
2.59323915e-05
6.12711646e-05
9.16636972e-05
0.000117708949
0.000139938196
0.000158836445
0.00017482167
0.000188256401
0.000199475816
0.000208776677
0.000216423346
0.000222648604
0.000227658596
0.000231635994
0.000234742439
0.000237120729
0.000238896715
0.000240180943
0.00024107095
0.000241651852
0.000241997823
0.000242173199
0.000242234428
0.00024223642
-0.000567073998
-0.000424859644
-0.000333197153
-0.000250756624
-0.000178519173
-0.000115625046
-6.09568451e-05
-1.35301646e-05
2.74940613e-05
6.29257566e-05
9.34016577e-05
0.000119522957
0.00014182098
0.000160776118
0.000176819518
0.000190310208
0.000201571971
0.00021091072
0.000218591015
0.000224845652
0.00022988126
0.000233881124
0.000237007532
0.000239404108
0.000241197129
0.000242493269
0.000243396968
0.000243992428
0.000244352386
0.000244541854
0.000244617488
0.000244631582
-0.000566233721
-0.000423947032
-0.000332188825
-0.000249682064
-0.00017734686
-0.000114347577
-5.95812347e-05
-1.2056376e-05
2.9081659e-05
6.45938179e-05
9.51500514e-05
0.000121348964
0.000143719485
0.000162726821
0.00017882187
0.000192370854
0.000203678066
0.000213056184
0.0002207711
0.000227056085
0.000232118319
0.000236141736
0.000239289187
0.000241704575
0.00024351475
0.000244831162
0.000245752119
0.000246363379
0.000246739768
0.000246946667
0.000247041295
0.000247072982
-0.000565448631
-0.000423078068
-0.000331186446
-0.000248646195
-0.000176187652
-0.000113071201
-5.82021972e-05
-1.05790689e-05
3.06558842e-05
6.62573071e-05
9.68973951e-05
0.00012317562
0.000145622333
0.000164684619
0.000180829706
0.000194435851
0.000205788577
0.000215205582
0.000222954723
0.000229269972
0.000234359091
0.000238406669
0.000241576195
0.000244012133
0.0002458419
0.000247177655
0.000248117813
0.00024874852
0.000249145043
0.000249373459
0.000249491771
0.000249545255
-0.000564692453
-0.00042222448
-0.000330204954
-0.000247588996
-0.000175013852
-0.000111783943
-5.68107004e-05
-9.08859976e-06
3.22403783e-05
6.79291539e-05
9.86475378e-05
0.000124996208
0.000147523132
0.000166664921
0.000182858756
0.000196502132
0.000207895707
0.000217349145
0.000225130299
0.000231474072
0.000236588972
0.000240660224
0.000243851939
0.000246309184
0.00024815993
0.000249516805
0.000250478642
0.000251131885
0.000251552189
0.000251806531
0.000251953462
0.000252032134
-0.000563926928
-0.000421347616
-0.000329200759
-0.000246487255
-0.000173798286
-0.0001104584
-5.538258e-05
-7.56377083e-06
3.38563227e-05
6.96303669e-05
0.000100427773
0.000126846241
0.000149432033
0.0001686311
0.000184866578
0.000198541555
0.000209975424
0.000219465127
0.000227277131
0.000233647926
0.000238787301
0.000242881359
0.000246094947
0.0002485738
0.000250446481
0.000251826121
0.000252811947
0.0002534907
0.000253938464
0.000254223237
0.000254404053
0.000254512605
-0.000563101481
-0.000420402407
-0.000328123693
-0.000245305325
-0.000172506201
-0.000109062242
-5.38907983e-05
-5.98372837e-06
3.5518014e-05
7.13680727e-05
0.000102237312
0.000128718136
0.000151331361
0.00017056361
0.000186849995
0.000200559179
0.000212024838
0.000221542752
0.000229379462
0.000235772456
0.00024093254
0.000245046655
0.000248280371
0.000250780059
0.000252674838
0.000254078307
0.000255090051
0.000255797067
0.000256275858
0.000256595531
0.000256815589
0.000256959198
-0.000562152123
-0.000419360824
-0.000326902993
-0.00024399269
-0.000171096758
-0.000107559073
-5.23049511e-05
-4.32580545e-06
3.7238881e-05
7.3143208e-05
0.000104058191
0.000130577799
0.000153222619
0.00017249808
0.000188825636
0.000202554076
0.000214033655
0.000223565616
0.000231416387
0.000237823372
0.000242997827
0.000247127273
0.000250377834
0.000252896387
0.000254812502
0.000256240156
0.000257279212
0.000258016853
0.00025852997
0.00025888885
0.000259153457
0.000259337221
-0.00056101517
-0.000418291316
-0.000325368346
-0.000242461406
-0.000169515355
-0.000105902373
-5.05846616e-05
-2.55618509e-06
3.9047369e-05
7.49817568e-05
0.000105918594
0.00013245551
0.000155126038
0.000174417555
0.000190746202
0.000204479491
0.000215962804
0.000225498256
0.000233353167
0.000239765588
0.000244947357
0.000249086552
0.000252349801
0.000254884424
0.000256820366
0.000258271908
0.000259339105
0.000260109245
0.000260659565
0.000261061594
0.000261375737
0.000261604458
-0.000559602678
-0.000416989481
-0.000323543369
-0.000240665619
-0.000167701396
-0.000104039699
-4.86869805e-05
-6.4050929e-07
4.09696565e-05
7.69027348e-05
0.000107832634
0.000134359859
0.000157019938
0.000176291266
0.000192597503
0.000206316365
0.000217786888
0.000227310792
0.000235156533
0.000241563039
0.000246742731
0.000250884147
0.000254154302
0.000256700835
0.000258653943
0.000260128083
0.000261223388
0.000262027136
0.000262616838
0.000263065297
0.000263433328
0.000263711256
-0.000557822737
-0.000415296511
-0.000321381816
-0.000238542555
-0.000165585617
-0.000101911541
-4.65643063e-05
1.45767065e-06
4.30312502e-05
7.89203199e-05
0.000109801899
0.000136279052
0.000158889025
0.000178110453
0.000194369514
0.00020804608
0.000219479062
0.000228970536
0.000236789526
0.000243175403
0.000248340898
0.00025247477
0.000255744196
0.000258296915
0.000260263178
0.000261757443
0.000262879751
0.000263717223
0.000264347534
0.000264844745
0.000265270039
0.000265600569
-0.000555571236
-0.000413107017
-0.000318786293
-0.000236006099
-0.000163091858
-9.94535462e-05
-4.41646351e-05
3.77834149e-06
4.52606277e-05
8.10520849e-05
0.000111833882
0.000138212321
0.00016072712
0.000179858709
0.000196034846
0.000209636584
0.000221003469
0.000230437962
0.00023820931
0.000244556984
0.000249693711
0.000253808172
0.000257067409
0.00025961899
0.000261592965
0.000263103557
0.000264250511
0.000265120601
0.000265791522
0.00026633853
0.000266823086
0.00026720841
-0.000552728441
-0.000410310163
-0.000315650644
-0.000232961243
-0.000160138566
-9.65974384e-05
-4.14330504e-05
6.36319695e-06
4.76867541e-05
8.33150291e-05
0.000113934626
0.000140156015
0.000162522061
0.000181515443
0.000197565487
0.000211054236
0.000222321722
0.000231670528
0.000239369781
0.000245658663
0.000250749498
0.000254830495
0.000258068186
0.000260609612
0.0002625843
0.000264105946
0.00026527374
0.000266173884
0.00026688391
0.000267480127
0.000268024141
0.000268464809
-0.000549162153
-0.00040678376
-0.000311860962
-0.000229306984
-0.000156639257
-9.32713942e-05
-3.83124517e-05
9.25490543e-06
5.03385368e-05
8.57252539e-05
0.000116108563
0.000142104138
0.000164258638
0.000183057318
0.000198931092
0.000212262793
0.000223392623
0.000232622887
0.000240222122
0.000246428715
0.000251454077
0.000255485445
0.000258688365
0.000261208914
0.000263175692
0.000264701517
0.000265884705
0.000266810629
0.000267556461
0.000268199367
0.00026880059
0.00026929386
-0.000544730049
-0.000402396701
-0.000307296295
-0.000224937192
-0.000152503684
-8.94012735e-05
-3.47447283e-05
1.24960584e-05
5.32439574e-05
8.82973056e-05
0.000118358138
0.000144048431
0.000165919268
0.000184458728
0.000200099245
0.000213224145
0.000224173351
0.000233248335
0.000240716428
0.000246814581
0.000251752654
0.000255716297
0.000258869493
0.000261356825
0.000263305493
0.000264827011
0.000266018458
0.000266964075
0.000267740475
0.000268425474
0.000269078916
0.000269615966
-0.000539281704
-0.000397011053
-0.000301830582
-0.000219742272
-0.000147639554
-8.49122193e-05
-3.0672177e-05
1.61279902e-05
5.64291603e-05
9.10435726e-05
0.000120683545
0.000145978479
0.000167484466
0.000185692551
0.000201036486
0.000213899642
0.000224621045
0.000233500609
0.000240803679
0.00024676498
0.000251592037
0.000255468173
0.000258555117
0.000260995327
0.000262914038
0.000264420967
0.00026561154
0.000266568416
0.000267366913
0.00026808506
0.000268785344
0.000269377058
-0.000532660939
-0.000390484257
-0.000295334991
-0.000213611311
-0.000141954553
-7.97305091e-05
-2.60390977e-05
2.0189486e-05
5.9917518e-05
9.39737428e-05
0.0001230826
0.00014788202
0.000168933577
0.000186731271
0.000201709787
0.000214251899
0.000224694916
0.000233336278
0.000240438388
0.000246232784
0.000250923739
0.000254691379
0.000257694386
0.000260072374
0.000261947975
0.000263428556
0.000264607427
0.000265565355
0.000266376148
0.000267117126
0.000267850141
0.000268479639
-0.000524708589
-0.000382671721
-0.000287680598
-0.00020643456
-0.000135358682
-7.37856574e-05
-2.07935938e-05
2.47153589e-05
6.37286437e-05
9.70942944e-05
0.000125550735
0.000149745431
0.000170245745
0.000187548396
0.000202088384
0.00021424699
0.000224358756
0.000232717514
0.000239581568
0.000245178142
0.000249707184
0.000253344627
0.000256245201
0.000258544866
0.000260362936
0.000261803804
0.000262958133
0.000263904409
0.000264714764
0.000265465505
0.000266215591
0.000266856946
-0.000515265615
-0.000373429733
-0.000278741392
-0.000198106279
-0.0001277669
-6.70127949e-05
-1.48895988e-05
2.97348572e-05
6.78773025e-05
0.000100407959
0.000128081035
0.000151554346
0.000171401085
0.000188120155
0.000202145935
0.000213857028
0.000223583885
0.000231615353
0.000238204278
0.000243572263
0.00024791371
0.000251399249
0.000254178649
0.000256383329
0.000258128508
0.000259514948
0.000260630116
0.000261549731
0.000262343622
0.000263086252
0.000263834759
0.00026447773
-0.000504176542
-0.000362618656
-0.000268397637
-0.000188527948
-0.000119102102
-5.93553316e-05
-8.28917799e-06
3.52698191e-05
7.23721186e-05
0.000103913051
0.000130664214
0.000153294281
0.000172381926
0.000188427301
0.000201862839
0.00021306293
0.000222352298
0.000230013172
0.000236291359
0.000241401369
0.000245530706
0.000248843475
0.000251483414
0.000253576464
0.000255232944
0.000256549267
0.000257609141
0.000258485073
0.000259244071
0.000259957909
0.000260681621
0.000261305715
-0.000491293111
-0.000350106272
-0.000256539495
-0.000177611818
-0.00010929838
-5.07678654e-05
-9.65130333e-07
4.13324823e-05
7.72139389e-05
0.000107602483
0.000133288348
0.000154951069
0.000173173927
0.000188456853
0.000201228538
0.0002118572
0.000220659859
0.000227910216
0.000233845255
0.000238670754
0.000242565857
0.000245686857
0.00024817035
0.000250135812
0.00025168779
0.000252917631
0.000253904737
0.000254718009
0.000255421146
0.000256082274
0.00025675383
0.000257334179
-0.000476477845
-0.000335770943
-0.000243070754
-0.000165284993
-9.83049864e-05
-4.12197539e-05
7.09566571e-06
4.79225517e-05
8.23935066e-05
0.000111462172
0.000135938053
0.000156510835
0.000173766784
0.000188203471
0.000200243453
0.000210246337
0.000218519088
0.000225324679
0.000230889278
0.00023540816
0.000239050559
0.000241963648
0.000244275744
0.000246098911
0.00024753114
0.000248657978
0.000249553841
0.000250283916
0.000250908106
0.000251489852
0.000252078458
0.000252586904
-0.00045960692
-0.000319504404
-0.000227914308
-0.000151497713
-8.60929598e-05
-3.06994058e-05
1.58870618e-05
5.50222217e-05
8.78874975e-05
0.000115468163
0.000138592647
0.000157959112
0.000174154233
0.000187670224
0.000198920425
0.000208252869
0.000215961724
0.000222296786
0.000227471263
0.000231668098
0.000235045079
0.000237738988
0.000239868923
0.000241538959
0.000242839507
0.000243847941
0.000244632844
0.000245257839
0.000245776971
0.000246249052
0.000246720219
0.000247125571
-0.000440569242
-0.000301212861
-0.000211024327
-0.00013624527
-7.26518573e-05
-1.91957366e-05
2.53847284e-05
6.25918434e-05
9.36542049e-05
0.000119583113
0.000141223446
0.000159279009
0.000174333039
0.000186868279
0.000197284942
0.000205915928
0.000213039457
0.000218889428
0.000223663767
0.000227531097
0.000230635958
0.00023310291
0.000235040374
0.000236544828
0.000237699449
0.000238557581
0.000239216065
0.00023973242
0.000240125338
0.000240458365
0.000240775913
0.000241044263
-0.000419248678
-0.00028079906
-0.000192374734
-0.000119563721
-5.79337182e-05
-6.63746965e-06
3.55470731e-05
7.056816e-05
9.96307405e-05
0.000123752883
0.000143790779
0.000160448952
0.000174301384
0.000185815834
0.000195374494
0.000203290891
0.000209823873
0.00021518852
0.000219565071
0.000223105912
0.00022594044
0.000228179076
0.000229916734
0.000231248353
0.000232299109
0.000233073662
0.000233547711
0.000233848837
0.000234077937
0.000234248834
0.000234380673
0.000234478118
-0.000395503862
-0.000258114251
-0.000171839428
-0.000101296599
-4.21233691e-05
6.54820141e-06
4.61255823e-05
7.87970837e-05
0.000105694116
0.000127878044
0.000146227761
0.000161433769
0.000174053646
0.000184535218
0.000193237641
0.000200450089
0.000206409666
0.000211309924
0.000215311213
0.000218548475
0.000221136824
0.000223176138
0.000224753693
0.000225930575
0.000226712627
0.00022724145
0.000227654245
0.000227894272
0.000227954917
0.000227910188
0.000227807826
0.000227700898
-0.000369313721
-0.000233137354
-0.000149570961
-8.15337837e-05
-2.55643142e-05
2.00943461e-05
5.70921133e-05
8.71120834e-05
0.000111700494
0.000131813916
0.00014844322
0.000162185384
0.000173578471
0.000183048026
0.000190925129
0.000197471221
0.000202895739
0.000207368215
0.000211027623
0.000213989526
0.000216351622
0.000218197502
0.000219599514
0.000220618772
0.000221309384
0.000221740678
0.000221939548
0.000221939758
0.000221796963
0.000221531733
0.00022117107
0.000220825384
-0.000340649017
-0.000205809288
-0.00012574168
-6.04224868e-05
-8.09016744e-06
3.3844232e-05
6.79727616e-05
9.53078429e-05
0.000117443108
0.000135513094
0.000150371374
0.000162657038
0.000172866678
0.000181382941
0.000188500215
0.00019444707
0.000199403195
0.000203511808
0.000206888806
0.000209629589
0.000211814183
0.000213510526
0.000214777705
0.000215667681
0.000216227676
0.000216502952
0.000216536244
0.000216360342
0.000216006624
0.000215490446
0.000214835254
0.000214218759
-0.000309512962
-0.000176409921
-0.000100545872
-3.87042182e-05
9.95124057e-06
4.81538703e-05
7.86922539e-05
0.00010307396
0.000122709992
0.000138698924
0.00015185072
0.000162765026
0.000171888625
0.000179555847
0.000186018454
0.000191467974
0.000196052107
0.000199886594
0.000203063778
0.00020565878
0.000207734032
0.000209342713
0.000210530686
0.000211338514
0.000211803527
0.000211960542
0.000211843304
0.000211484005
0.000210908154
0.000210121237
0.000209142775
0.000208226475
-0.000275798874
-0.000145528355
-7.36996887e-05
-1.64995001e-05
2.77462476e-05
6.19533518e-05
8.8784159e-05
0.000110067725
0.000127188322
0.000141165417
0.000152734374
0.000162423616
0.000170614566
0.000177584608
0.000183537578
0.000188625314
0.000192962786
0.00019663864
0.00019972254
0.000202270304
0.000204327578
0.000205932496
0.000207117667
0.000207911939
0.000208340952
0.000208429189
0.000208201624
0.000207684395
0.000206896573
0.000205831833
0.000204504043
0.000203257146
-0.000239285795
-0.000113208403
-4.554789e-05
5.78628108e-06
4.47201427e-05
7.4464867e-05
9.75079332e-05
0.000115737188
0.000130477442
0.000142639094
0.000152848846
0.000161540425
0.00016901649
0.000175490954
0.00018111761
0.000186009231
0.000190250249
0.000193905123
0.000197023854
0.000199645649
0.000201801491
0.000203516032
0.000204808973
0.000205695977
0.000206189491
0.00020630013
0.000206039319
0.000205421077
0.000204452317
0.000203109825
0.000201406844
0.000199787746
-0.000199685132
-7.91730138e-05
-1.72900072e-05
2.7175155e-05
6.01271062e-05
8.49734594e-05
0.000104202578
0.000119570207
0.000132223291
0.000142899156
0.000152078037
0.000160077945
0.000167113415
0.000173333123
0.000178843515
0.000183723305
0.000188032439
0.000191817532
0.000195114998
0.000197952763
0.000200351447
0.000202325618
0.000203884527
0.000205031254
0.000205762478
0.000206067723
0.000205930955
0.000205343128
0.000204286496
0.000202700503
0.000200574629
0.000198500795
-0.000156252942
-4.34454812e-05
1.0105326e-05
4.62735618e-05
7.25360112e-05
9.24174864e-05
0.000108134164
0.000121103581
0.000132173213
0.000141844898
0.000150424193
0.000158104132
0.000165011223
0.000171234715
0.000176842825
0.000181890114
0.000186421776
0.00019047595
0.000194084144
0.000197270156
0.000200049713
0.000202434467
0.000204434234
0.000206044803
0.000207254343
0.000208037631
0.000208321715
0.000208040575
0.000207128091
0.000205446133
0.00020287862
0.000200262118
-0.000107439376
-6.95947402e-06
3.4527188e-05
6.10018293e-05
8.03945545e-05
9.58114949e-05
0.000108789371
0.000120163182
0.000130370422
0.000139644392
0.000148116864
0.000155869852
0.000162954551
0.000169415718
0.000175301345
0.000180658111
0.000185531508
0.000189966959
0.000194008994
0.000197694448
0.000201044195
0.000204089794
0.000206880596
0.000209401199
0.000211625177
0.000213569118
0.000215047565
0.000215787935
0.000215620713
0.000214323756
0.000211483935
0.000208438765
-4.24565418e-05
2.91306688e-05
5.17422113e-05
6.76972983e-05
8.12782532e-05
9.37782278e-05
0.000105534556
0.000116610068
0.00012699468
0.000136679102
0.000145665156
0.000153946424
0.00016152496
0.000168437126
0.000174737421
0.000180479964
0.000185721779
0.000190529353
0.000194984216
0.000199158221
0.00020303821
0.000206574291
0.00020988021
0.000213282733
0.000217066274
0.000220850097
0.000223678722
0.000225484058
0.000227043094
0.000228190227
0.000227837574
0.0002257769
6.46120961e-05
6.48627575e-05
6.23758917e-05
6.80880497e-05
7.77933001e-05
8.91343705e-05
0.000100943563
0.000112572383
0.000123663181
0.000134102334
0.000143880099
0.000152905021
0.000161080233
0.000168464146
0.000175161472
0.000181237529
0.000186754796
0.000191794649
0.000196498984
0.000201024527
0.000205401845
0.000209573537
0.000213608704
0.000217814922
0.00022289643
0.000229750841
0.000238626588
0.00025012731
0.000265206271
0.000285366556
0.00031426192
0.000349257746
)
;

boundaryField
{
    inner_wall
    {
        type            zeroGradient;
    }
    outer_wall
    {
        type            zeroGradient;
    }
    top
    {
        type            zeroGradient;
    }
    bottom
    {
        type            fixedValue;
        value           uniform 0;
    }
    front
    {
        type            wedge;
    }
    back
    {
        type            wedge;
    }
}


// ************************************************************************* //
