/*--------------------------------*- C++ -*----------------------------------*\
| =========                 |                                                 |
| \\      /  F ield         | OpenFOAM: The Open Source CFD Toolbox           |
|  \\    /   O peration     | Version:  2506                                  |
|   \\  /    A nd           | Website:  www.openfoam.com                      |
|    \\/     M anipulation  |                                                 |
\*---------------------------------------------------------------------------*/
FoamFile
{
    version     2.0;
    format      ascii;
    arch        "LSB;label=32;scalar=64";
    class       volScalarField;
    location    "507";
    object      p;
}
// * * * * * * * * * * * * * * * * * * * * * * * * * * * * * * * * * * * * * //

dimensions      [0 2 -2 0 0 0 0];

internalField   nonuniform List<scalar> 
3072
(
-0.000123967167
-9.41515383e-05
-9.0485712e-05
-8.44512135e-05
-7.46945526e-05
-6.29698082e-05
-5.1020763e-05
-3.99856136e-05
-2.77742579e-05
-1.40153776e-05
-7.56287781e-06
-7.7601816e-06
-7.62203885e-06
-6.31045689e-06
-4.47203671e-06
-2.49539955e-06
-5.3572364e-07
1.32379541e-06
3.02537471e-06
4.52419147e-06
5.80687121e-06
7.01604384e-06
8.0423027e-06
8.74650552e-06
9.27239003e-06
9.66435644e-06
9.94257953e-06
1.0131488e-05
1.02633955e-05
1.03857746e-05
1.05659073e-05
1.08151657e-05
-0.000264310456
-0.000186452166
-0.000160138736
-0.000141512811
-0.000123474829
-0.000104850677
-8.64210449e-05
-6.86357725e-05
-5.084303e-05
-3.39336517e-05
-2.1812554e-05
-1.44700022e-05
-8.57002672e-06
-3.29991748e-06
1.33040783e-06
5.32477637e-06
8.74335972e-06
1.16448865e-05
1.4088089e-05
1.61498327e-05
1.77775676e-05
1.92003313e-05
2.04184873e-05
2.12384803e-05
2.18514354e-05
2.23315911e-05
2.27116343e-05
2.3023188e-05
2.33043225e-05
2.36021647e-05
2.39473857e-05
2.42410834e-05
-0.000326423911
-0.00022178133
-0.000176574513
-0.000146113198
-0.000121669759
-0.000100772025
-8.23238567e-05
-6.56798458e-05
-5.03715e-05
-3.65147792e-05
-2.47569391e-05
-1.50291194e-05
-6.7056175e-06
5.33228643e-07
6.82416452e-06
1.22633484e-05
1.69345071e-05
2.09092353e-05
2.42731669e-05
2.72005372e-05
2.95866304e-05
3.14880789e-05
3.30811568e-05
3.43169205e-05
3.52851966e-05
3.60472154e-05
3.66469348e-05
3.71230457e-05
3.75126585e-05
3.7854153e-05
3.81780711e-05
3.84492424e-05
-0.000386212899
-0.000266915166
-0.000210788339
-0.000168760897
-0.000135763069
-0.000109664245
-8.7852304e-05
-6.89316444e-05
-5.21830283e-05
-3.7296763e-05
-2.41971624e-05
-1.27467321e-05
-2.72760124e-06
6.04067562e-06
1.3690056e-05
2.03248352e-05
2.60363775e-05
3.09110113e-05
3.50378928e-05
3.85009296e-05
4.14022879e-05
4.3757375e-05
4.56286041e-05
4.71510907e-05
4.83630318e-05
4.93170873e-05
5.00674558e-05
5.06623642e-05
5.11448773e-05
5.1556994e-05
5.19303268e-05
5.22254112e-05
-0.000442025248
-0.000315680621
-0.000246465538
-0.00019467798
-0.000154290451
-0.000122038787
-9.54361089e-05
-7.29129629e-05
-5.34563415e-05
-3.64581434e-05
-2.15550651e-05
-8.48017357e-06
2.98978251e-06
1.30328295e-05
2.17906341e-05
2.9383326e-05
3.592211e-05
4.15136094e-05
4.6235639e-05
5.00709853e-05
5.32998918e-05
5.60637034e-05
5.82581583e-05
6.00109586e-05
6.14108483e-05
6.25244537e-05
6.34106296e-05
6.41222358e-05
6.47076082e-05
6.52152276e-05
6.56823056e-05
6.60575083e-05
-0.00049065548
-0.000359350134
-0.00028009117
-0.000220370231
-0.000173454853
-0.000135074391
-0.000103461159
-7.69813059e-05
-5.44123954e-05
-3.49370244e-05
-1.80133713e-05
-3.25683125e-06
9.62081896e-06
2.08411182e-05
3.05815198e-05
3.89919862e-05
4.62066483e-05
5.23490506e-05
5.75295911e-05
6.18425707e-05
6.54208631e-05
6.83738693e-05
7.07722941e-05
7.27058617e-05
7.42589155e-05
7.55060397e-05
7.65134888e-05
7.73400096e-05
7.80401418e-05
7.86711257e-05
7.927671e-05
7.97779049e-05
-0.00053192577
-0.000396360124
-0.000311285031
-0.000245353518
-0.000191929419
-0.00014797936
-0.000111621506
-8.11857761e-05
-5.5378312e-05
-3.32741694e-05
-1.42175791e-05
2.2730146e-06
1.65601654e-05
2.89247628e-05
3.95928862e-05
4.87542967e-05
5.65747833e-05
6.32036158e-05
6.87778709e-05
7.34253697e-05
7.72692208e-05
8.04240329e-05
8.2993239e-05
8.50736991e-05
8.67550967e-05
8.81190635e-05
8.92385821e-05
9.01782178e-05
9.09988034e-05
9.17669461e-05
9.25330882e-05
9.31837105e-05
-0.000566132748
-0.000427474138
-0.000338406753
-0.000267796782
-0.000209055565
-0.000160191586
-0.000119500873
-8.53394864e-05
-5.63985304e-05
-3.17025776e-05
-1.05252341e-05
7.68780694e-06
2.33651441e-05
3.68458216e-05
4.84057633e-05
5.82769609e-05
6.66603205e-05
7.37344156e-05
7.96609726e-05
8.45885505e-05
8.86546666e-05
9.19862659e-05
9.46998847e-05
9.69026029e-05
9.86923214e-05
0.000100157735
0.000101377912
0.000102422719
0.000103358808
0.000104261639
0.000105187694
0.000105987891
-0.000594146721
-0.00045343514
-0.000361223802
-0.000286857205
-0.000223987703
-0.000171079044
-0.000126661752
-8.91940892e-05
-5.74006214e-05
-3.02970055e-05
-7.12022922e-06
1.27317125e-05
2.97380466e-05
4.42865774e-05
5.66977627e-05
6.72428149e-05
7.61564436e-05
8.36458723e-05
8.98968548e-05
9.50777796e-05
9.93422591e-05
0.000102830617
0.000105670882
0.000107979683
0.00010986284
0.000111415655
0.000112722727
0.000113858604
0.00011489496
0.000115914777
0.000116979541
0.000117909261
-0.000616489975
-0.000474436753
-0.000379939455
-0.000302668381
-0.000236574095
-0.000180404798
-0.000132888339
-9.25987563e-05
-5.83157651e-05
-2.90707571e-05
-4.08727663e-06
1.72643011e-05
3.54986342e-05
5.10409809e-05
6.42483753e-05
7.54255689e-05
8.48371927e-05
9.27163332e-05
9.92708256e-05
0.000104687511
0.000109135303
0.000112767193
0.000115721763
0.00011812432
0.000120087832
0.000121713491
0.000123090718
0.000124298043
0.000125411186
0.000126518849
0.000127686288
0.000128711124
-0.000633726324
-0.000490848268
-0.000394799153
-0.000315366386
-0.000246803906
-0.000188073154
-0.000138059993
-9.54445813e-05
-5.90687078e-05
-2.79907656e-05
-1.43650414e-06
2.12369118e-05
4.05666102e-05
5.70047883e-05
7.09364373e-05
8.26932702e-05
9.25646433e-05
0.00010080561
0.000107643011
0.000113279839
0.000117898511
0.000121663223
0.000124721779
0.000127207024
0.000129238063
0.000130921063
0.000132349449
0.00013360498
0.000134766392
0.000135926112
0.00013715191
0.000138229648
-0.000646482333
-0.000503163621
-0.000406149892
-0.000325165505
-0.000254771133
-0.000194090657
-0.000142131196
-9.7663576e-05
-5.95899865e-05
-2.69995862e-05
8.70653464e-07
2.46670334e-05
4.49393083e-05
6.21576641e-05
7.67271801e-05
8.89999759e-05
9.92846903e-05
0.000107853953
0.000114950034
0.000120789219
0.000125565107
0.000129451193
0.000132602897
0.000135159251
0.000137244322
0.000138968247
0.000140427587
0.00014170659
0.000142886008
0.000144060042
0.000145297821
0.000146384524
-0.000655394466
-0.000511912764
-0.000414397597
-0.000332349072
-0.000260646897
-0.000198536742
-0.000145114267
-9.92249921e-05
-5.98238557e-05
-2.60314036e-05
2.90044189e-06
2.76153719e-05
4.86689003e-05
6.65420893e-05
8.16535792e-05
9.43699699e-05
0.000105014121
0.000113871884
0.000121197355
0.000127217082
0.000132133363
0.000136126919
0.000139359071
0.000141973589
0.000144098297
0.000145846269
0.00014731637
0.000148594636
0.000149762949
0.000150915546
0.000152121931
0.000153176825
-0.000661078465
-0.000517622581
-0.000419968799
-0.000337235954
-0.000264647311
-0.00020153825
-0.000147064114
-0.000100128935
-5.9732071e-05
-2.50231583e-05
4.73034475e-06
3.01662337e-05
5.18412534e-05
7.02421163e-05
8.57958856e-05
9.88787122e-05
0.000109823277
0.000118924732
0.000126445654
0.000132619982
0.000137656313
0.000141740575
0.000145038311
0.000147696634
0.000149845966
0.000151601358
0.000153063214
0.000154318746
0.000155450225
0.00015655051
0.000157688712
0.000158677566
-0.000664110945
-0.000520794028
-0.000423284649
-0.000340154985
-0.000267010636
-0.000203250354
-0.000148064626
-0.000100400788
-5.92950089e-05
-2.39216732e-05
6.43710276e-06
3.24120096e-05
5.45581558e-05
7.33644109e-05
8.9262346e-05
0.000102633865
0.000113817818
0.000123115397
0.000130794734
0.000137094652
0.000142227892
0.000146383776
0.000149730556
0.000152417434
0.000154576393
0.000156323629
0.000157760423
0.000158974658
0.000160048418
0.000161072143
0.000162114
0.000163010994
-0.000665020719
-0.00052189547
-0.00042475182
-0.000341431864
-0.000267982491
-0.000203844032
-0.000148219573
-0.000100086954
-5.85116769e-05
-2.26883279e-05
8.08815124e-06
3.44413288e-05
5.69231785e-05
7.60224829e-05
9.21725732e-05
0.000105758271
0.000117121782
0.000126567731
0.000134367432
0.00014076252
0.000145968071
0.000150175282
0.000153553831
0.00015625396
0.000158408351
0.000160133657
0.000161531509
0.000162690061
0.000163690802
0.000164621075
0.000165547757
0.000166336035
-0.00066428309
-0.000521352414
-0.000424745364
-0.00034137521
-0.000267804892
-0.000203496473
-0.000147645649
-9.9250311e-05
-5.73986553e-05
-2.13013635e-05
9.73618078e-06
3.63309982e-05
5.90314472e-05
7.83248575e-05
9.46445672e-05
0.000108376282
0.000119863525
0.000129412377
0.000137295525
0.000143755784
0.000149009158
0.000153247512
0.000156640941
0.000159339893
0.000161477086
0.000163169101
0.000164517517
0.000165610464
0.000166528578
0.000167355756
0.000168157408
0.000168828633
-0.000662311421
-0.00051954064
-0.000423607038
-0.000340271432
-0.000266708125
-0.000202382668
-0.000146465156
-9.79647683e-05
-5.5987087e-05
-1.97552194e-05
1.14173621e-05
3.81420888e-05
6.09637804e-05
8.03676591e-05
9.67860399e-05
0.000110604162
0.000122165467
0.00013177607
0.000139708732
0.000146206258
0.000151484541
0.000155735218
0.000159128063
0.000161813122
0.000163922663
0.000165572821
0.000166864841
0.000167886629
0.000168717825
0.000169438807
0.000170113481
0.000170666707
-0.000659462257
-0.000516782594
-0.000421639565
-0.000338377713
-0.000264902935
-0.000200667704
-0.000144798762
-9.6309158e-05
-5.43179351e-05
-1.80574785e-05
1.31526782e-05
3.99195376e-05
6.27846933e-05
8.22311924e-05
9.86897983e-05
0.000112544492
0.000124137685
0.000133774608
0.000141727202
0.00014823746
0.000153520457
0.000157766998
0.000161146029
0.00016380679
0.000165880781
0.000167483446
0.00016871552
0.000169664551
0.000170409147
0.000171026294
0.000171578451
0.000172018637
-0.000656030712
-0.000513345
-0.000419106648
-0.000335921311
-0.000262577611
-0.000198502392
-0.000142760537
-9.43623953e-05
-5.24376191e-05
-1.62253693e-05
1.4950522e-05
4.16936609e-05
6.45427172e-05
8.39791167e-05
0.000100432071
0.000114283677
0.000125874699
0.000135508957
0.000143457048
0.000149959672
0.000155230648
0.000159459586
0.000162814303
0.000165442994
0.000167476209
0.000169028575
0.000170200211
0.000171078238
0.000171740258
0.000172260138
0.000172699013
0.000173035427
-0.000652249
-0.000509468311
-0.000416222468
-0.00033309701
-0.000259899459
-0.000196022734
-0.000140455311
-9.22000545e-05
-5.03944199e-05
-1.42821208e-05
1.68106072e-05
4.34841034e-05
6.62718902e-05
8.56577443e-05
0.00010207189
0.000115891396
0.000127454557
0.000137063839
0.000144988436
0.000151467554
0.000156713554
0.000160914677
0.000164237478
0.000166829002
0.000168818777
0.00017032056
0.000171433818
0.000172245219
0.000172831422
0.000173263531
0.000173601533
0.000173846228
-0.000648309588
-0.000505543457
-0.000413023319
-0.000330015722
-0.000257004574
-0.000193344899
-0.000137973832
-8.98895024e-05
-4.82335972e-05
-1.22513959e-05
1.87307743e-05
4.53087582e-05
6.79955828e-05
8.72934689e-05
0.000103649752
0.000117419623
0.000128937874
0.000138506755
0.000146394501
0.000152838899
0.000158050871
0.000162217294
0.000165503462
0.000168055277
0.000170001255
0.000171454299
0.000172513234
0.00017326427
0.000173783222
0.000174138823
0.000174390086
0.000174556587
-0.000644358413
-0.000501785289
-0.000409594356
-0.000326787661
-0.000254003197
-0.000190564395
-0.000135394479
-8.74929298e-05
-4.60030847e-05
-1.01706866e-05
2.06758394e-05
4.71295996e-05
6.97232361e-05
8.89482091e-05
0.000105226796
0.0001189243
0.000130380675
0.000139896199
0.000147736682
0.000154138067
0.000159309716
0.000163437083
0.000166684174
0.000169195753
0.000171099359
0.000172507059
0.000173517053
0.000174215121
0.000174676336
0.000174967435
0.000175146571
0.00017524886
-0.000640495578
-0.000498119601
-0.000406181761
-0.000323534587
-0.000250976418
-0.000187753264
-0.000132778954
-8.5058266e-05
-4.37365172e-05
-8.06397319e-06
2.2638892e-05
4.89667992e-05
7.14757173e-05
9.06231544e-05
0.000106806969
0.000120423331
0.000131811557
0.000141268154
0.000149056574
0.000155411161
0.000160539848
0.000164626785
0.000167834825
0.000170307686
0.000172171876
0.00017353884
0.000174506234
0.000175159327
0.000175572606
0.000175811227
0.000175932385
0.000175983498
-0.000636798062
-0.000494583827
-0.000402825884
-0.000320370211
-0.00024799356
-0.000184958485
-0.000130165702
-8.26123782e-05
-4.14407374e-05
-5.94844295e-06
2.46308387e-05
5.08474556e-05
7.32424787e-05
9.22823287e-05
0.00010838132
0.000121924952
0.000133248245
0.000142646866
0.000150383566
0.000156691684
0.000161778065
0.00016582587
0.000168997187
0.000171434815
0.000173262074
0.000174592672
0.000175524728
0.000176141189
0.000176516162
0.000176713881
0.000176790597
0.000176801589
-0.000633314575
-0.000491225503
-0.00039959441
-0.000317331353
-0.000245109857
-0.000182229616
-0.000127596178
-8.02014292e-05
-3.91853643e-05
-3.79621499e-06
2.66463193e-05
5.27504383e-05
7.50347594e-05
9.39666018e-05
0.000109983204
0.000123455721
0.000134715237
0.000144057
0.000151743201
0.00015800626
0.000163052061
0.000167062815
0.000170199599
0.000172604533
0.000174402724
0.000175704438
0.000176606396
0.000177193166
0.000177538364
0.000177705191
0.000177749608
0.000177732888
-0.000630067163
-0.000488068898
-0.000396541819
-0.000314418597
-0.000242329646
-0.000179585307
-0.000125090404
-7.78321969e-05
-3.69470543e-05
-1.67625386e-06
2.86575055e-05
5.46624866e-05
7.68383156e-05
9.56701019e-05
0.00011161269
0.000125020476
0.000136221201
0.000145510268
0.000153149636
0.000159371044
0.000164379634
0.000168356907
0.00017146326
0.000173840233
0.000175612547
0.000176889884
0.000177768572
0.000178333003
0.000178656443
0.000178801453
0.000178823716
0.000178788358
-0.000627058908
-0.00048512122
-0.000393674096
-0.000311654033
-0.000239673415
-0.000177043031
-0.000122664628
-7.5521688e-05
-3.47479051e-05
4.18388507e-07
3.06599793e-05
5.65758785e-05
7.86542467e-05
9.74001212e-05
0.00011327729
0.000126626713
0.000137774159
0.000147015404
0.000154612293
0.000160796072
0.000165771318
0.000169718993
0.000172798984
0.000175152366
0.00017690343
0.000178161505
0.000179022622
0.000179570918
0.000179879406
0.000180010255
0.000180018937
0.000179972601
-0.000624279849
-0.000482377916
-0.000390987459
-0.0003090426
-0.000237146965
-0.000174608326
-0.000120325028
-7.32776464e-05
-3.25978816e-05
2.47732988e-06
3.2634163e-05
5.84784025e-05
8.04898722e-05
9.91681923e-05
0.000114984293
0.000128279139
0.000139378086
0.000148576352
0.000156135294
0.000162285699
0.000167231689
0.00017115378
0.000174211447
0.000176545386
0.000178279547
0.000179522967
0.000180371425
0.00018090885
0.000181208071
0.000181331039
0.000181333084
0.000181281928
-0.000621710894
-0.000479825172
-0.000388471355
-0.000306578304
-0.000234746494
-0.000172278917
-0.000118070713
-7.11002775e-05
-3.04979457e-05
4.49943915e-06
3.45787716e-05
6.03561443e-05
8.23339684e-05
0.000100977879
0.000116736105
0.000129978016
0.000141032457
0.000150192475
0.000157718072
0.000163839457
0.000168760339
0.000172660848
0.000175700102
0.000178018484
0.000179739671
0.000180972461
0.000181812429
0.000182343329
0.000182637854
0.000182757882
0.000182758651
0.000182707379
-0.000619327342
-0.00047744301
-0.00038610961
-0.000304248649
-0.000232461926
-0.000170046375
-0.000115893969
-6.8981201e-05
-2.84363016e-05
6.50559393e-06
3.65278449e-05
6.22297749e-05
8.41650597e-05
0.000102791836
0.000118507924
0.000131708063
0.00014272662
0.00015185559
0.000159354002
0.000165451708
0.000170352202
0.000174235385
0.000177260151
0.000179566673
0.000181278444
0.000182504091
0.000183339035
0.000183866893
0.000184160272
0.000184281076
0.000184284499
0.000184236502
-0.000617102189
-0.000475208499
-0.000383883124
-0.000302038059
-0.000230280841
-0.000167901113
-0.000113787779
-6.69157235e-05
-2.64108262e-05
8.49418269e-06
3.84771672e-05
6.41166453e-05
8.59993254e-05
0.000104601162
0.000120289828
0.000133461792
0.00014445414
0.00015355952
0.000161036968
0.000167116317
0.000172001029
0.000175870936
0.000178884837
0.000181182803
0.00018288822
0.000184109609
0.000184942288
0.000185469773
0.000185764622
0.000185888841
0.000185897609
0.000185855152
-0.000615008194
-0.000473097826
-0.000381771725
-0.000299929647
-0.000228189852
-0.000165833388
-0.000111746287
-6.49026827e-05
-2.44273664e-05
1.04477417e-05
4.03993905e-05
6.60086259e-05
8.78594809e-05
0.000106429223
0.000122092103
0.000135242163
0.000146214436
0.000155301504
0.000162762667
0.000168827862
0.000173700548
0.000177560529
0.000180566565
0.000182858674
0.000184560186
0.000185779559
0.00018661204
0.000187141071
0.000187439189
0.000187568546
0.000187584329
0.000187548762
-0.000613018937
-0.000471087377
-0.000379755016
-0.000297905606
-0.000226174154
-0.00016383122
-0.000109760068
-6.29348489e-05
-2.24801928e-05
1.23719677e-05
4.23004985e-05
6.79010403e-05
8.97393389e-05
0.000108274154
0.000123908119
0.000137042502
0.000148001227
0.000157075196
0.000164524416
0.000170579233
0.0001754432
0.000179296144
0.000182296836
0.000184585295
0.000186284832
0.000187503881
0.000188337643
0.000188869511
0.000189172024
0.000189307505
0.000189331158
0.00018930311
-0.000611109693
-0.000469154716
-0.000377813428
-0.000295948367
-0.000224218866
-0.000161882282
-0.000107819067
-6.10041666e-05
-2.05625028e-05
1.42738883e-05
4.41867406e-05
6.97855897e-05
9.1620861e-05
0.000110130204
0.000125740382
0.00013886323
0.000149812073
0.000158876411
0.000166316879
0.00017236418
0.000177221962
0.000181070089
0.000184067364
0.000186353825
0.000188052789
0.000189272681
0.000190108679
0.000190644138
0.000190951616
0.000191093616
0.000191125361
0.000191104901
-0.000609258197
-0.000467279372
-0.000375929024
-0.000294041332
-0.00022230979
-0.000159974553
-0.000105913081
-5.91018669e-05
-1.86661275e-05
1.61625989e-05
4.60671405e-05
7.16592112e-05
9.34865489e-05
0.000111987093
0.000127589108
0.000140702915
0.000151643309
0.000160700213
0.000168134286
0.000174176241
0.00017902976
0.000182874751
0.000185870046
0.000188155706
0.000189855062
0.000191076537
0.000191915296
0.000192454673
0.000192767249
0.000192915705
0.000192955275
0.000192942043
-0.000607445215
-0.000465443446
-0.000374086205
-0.000292169607
-0.000220434369
-0.000158097604
-0.000104033588
-5.72213656e-05
-1.67866691e-05
1.80395598e-05
4.79406956e-05
7.35284131e-05
9.53490225e-05
0.000113845519
0.000129445205
0.000142553413
0.000153488125
0.000162540125
0.000169970054
0.000176008604
0.00018085951
0.000184702741
0.000187697177
0.000189982912
0.0001916833
0.000192906777
0.000193748504
0.0001942918
0.000194609279
0.000194763785
0.000194810552
0.000194803862
-0.000605654766
-0.000463631864
-0.00037227198
-0.000290320106
-0.000218581857
-0.000156242454
-0.000102173162
-5.53568135e-05
-1.49199344e-05
1.99071234e-05
4.98081762e-05
7.53944598e-05
9.72103492e-05
0.000115704867
0.000131305008
0.000144410453
0.00015534202
0.000164391261
0.000171818865
0.00017785555
0.000182705126
0.000186547636
0.000189542019
0.000191828411
0.000193530195
0.000194755825
0.000195600466
0.000196147432
0.000196469373
0.000196629276
0.000196682349
0.00019668128
-0.000603874108
-0.000461832473
-0.000370476079
-0.000288481507
-0.000216743582
-0.000154401702
-0.000100325617
-5.35033619e-05
-1.30624104e-05
2.1767456e-05
5.16703851e-05
7.72571412e-05
9.90706626e-05
0.000117565181
0.000133167176
0.000146271609
0.000157201779
0.0001662498
0.000173676401
0.000179712342
0.000184561511
0.000188404027
0.000191398884
0.000193686262
0.000195389576
0.000196617301
0.000197464609
0.000198014817
0.000198340608
0.00019850509
0.000198563414
0.000198566886
-0.000602093598
-0.000460036224
-0.000368690532
-0.000286644253
-0.000214913142
-0.000152569359
-9.84858796e-05
-5.16570396e-05
-1.12111445e-05
2.36225784e-05
5.35284956e-05
7.91169442e-05
0.000100929875
0.000119425696
0.000135030259
0.000148134843
0.00015906482
0.000168112694
0.000175539217
0.000181575193
0.000186424582
0.000190267569
0.0001932632
0.000195551695
0.000197256497
0.000198486103
0.000199335695
0.000199888592
0.000200217513
0.000200385658
0.000200448085
0.000200454934
-0.000600306325
-0.000458237229
-0.000366905275
-0.000284804652
-0.00021308643
-0.000150740471
-9.66499378e-05
-4.98147774e-05
-9.36382984e-06
2.54741119e-05
5.53835201e-05
8.09743647e-05
0.000102787926
0.00012128573
0.000136893119
0.000149998652
0.000160929252
0.000169977692
0.000177404751
0.000183441269
0.000188291269
0.000192134987
0.000195131515
0.000197421105
0.000199127227
0.000200358393
0.000201209797
0.000201764765
0.000202096041
0.000202266873
0.000202332189
0.000202341342
-0.000598507348
-0.000456431005
-0.000365097511
-0.000282978415
-0.000211261449
-0.000148911565
-9.48151458e-05
-4.79744719e-05
-7.51881177e-06
2.7323256e-05
5.72362344e-05
8.28298165e-05
0.000104644796
0.000123144829
0.000138755019
0.000151862063
0.000162793834
0.000171843303
0.000179271284
0.000185308654
0.000190159481
0.000194004044
0.000197001466
0.000199292027
0.000200999216
0.000202231558
0.000203084256
0.000203640649
0.000203973493
0.000204145971
0.000204212743
0.000204224014
-0.000596695737
-0.000454616242
-0.000363279648
-0.00028115308
-0.000209434034
-0.000147080372
-9.29794858e-05
-4.61344356e-05
-5.67477152e-06
2.91709659e-05
5.90872724e-05
8.46836606e-05
0.000106500529
0.000125002818
0.000140615689
0.000153724658
0.000164657973
0.000173708764
0.000181137903
0.000187176299
0.000192028053
0.000195873474
0.000198871708
0.000201163052
0.000202871008
0.000204104112
0.000204957571
0.000205514733
0.000205848359
0.000206021591
0.000206088911
0.00020610113
-0.00059487189
-0.000452792538
-0.00036145429
-0.000279327555
-0.000207603767
-0.000145246537
-9.11423905e-05
-4.42940853e-05
-3.83119602e-06
3.10176314e-05
6.09368424e-05
8.65358063e-05
0.000108354818
0.000126859766
0.000142475539
0.000155586674
0.000166521708
0.000175573991
0.000183004428
0.000189043944
0.00019389666
0.000197742901
0.000200741827
0.000203033743
0.000204742157
0.00020597561
0.000206829313
0.000207386613
0.000207720271
0.000207893446
0.000207960708
0.000207972596
-0.000593037619
-0.000450961704
-0.000359621007
-0.000277502944
-0.000205771576
-0.000143410859
-8.93045755e-05
-4.24539733e-05
-1.98850575e-06
3.28629108e-05
6.27845366e-05
8.8385321e-05
0.000110205896
0.000128715587
0.000144336424
0.000157449509
0.000168385924
0.000177439625
0.000184871394
0.000190912067
0.000195765745
0.000199612754
0.000202612251
0.000204904538
0.000206613124
0.000207846547
0.000208700019
0.000209256884
0.000209589893
0.000209762263
0.000209828809
0.000209839291
-0.000591195799
-0.000449126531
-0.000357772489
-0.000275688518
-0.000203940857
-0.000141575418
-8.74677608e-05
-4.06153306e-05
-1.47401916e-07
3.47067277e-05
6.46311283e-05
9.02337676e-05
0.000112053595
0.000130568723
0.000146197869
0.000159313345
0.000170251065
0.000179306276
0.000186739552
0.000192781534
0.000197636274
0.000201484081
0.000204484101
0.000206776628
0.000208485162
0.000209718243
0.000210571081
0.000211127017
0.000211458791
0.000211629639
0.000211694551
0.000211703212
-0.000589351735
-0.000447291615
-0.000355922216
-0.00027387718
-0.000202114423
-0.000139743161
-8.56340956e-05
-3.87796773e-05
1.69123668e-06
3.6548985e-05
6.64776131e-05
9.20837397e-05
0.000113901337
0.00013241906
0.000148056979
0.000161176687
0.000172116916
0.000181174419
0.000188609793
0.000194653539
0.000199509665
0.000203358474
0.000206359109
0.000208651859
0.000210360224
0.000211592745
0.000212444639
0.00021299925
0.000213329305
0.000213497989
0.000213560391
0.000213567001
-0.000587511987
-0.000445462368
-0.000354081985
-0.000272068161
-0.0002002953
-0.000137917945
-8.38066747e-05
-3.694948e-05
3.52535631e-06
3.83877941e-05
6.83217586e-05
9.39326264e-05
0.000115750174
0.00013427041
0.00014991611
0.000163041265
0.000173985234
0.000183045938
0.000190484118
0.000196530197
0.000201388152
0.000205238282
0.000208239732
0.000210532794
0.000212240972
0.000213472814
0.000214323549
0.000214876536
0.000215204487
0.000215370523
0.000215429811
0.000215433773
-0.000585683992
-0.000443645379
-0.000352258014
-0.000270267977
-0.000198487839
-0.000136104031
-8.19891033e-05
-3.51276338e-05
5.35262746e-06
4.02211945e-05
7.01616444e-05
9.57783174e-05
0.000117599021
0.000136124696
0.000151778739
0.000164909949
0.000175858536
0.000184923315
0.00019236508
0.000198414164
0.000203274503
0.000207126393
0.000210128977
0.000212422556
0.000214130642
0.000215361798
0.000216211275
0.00021676245
0.00021708803
0.000217251067
0.000217306786
0.00021730761
-0.000583876128
-0.000441848434
-0.000350456579
-0.000268484083
-0.000196697322
-0.000134305991
-8.01852011e-05
-3.33170946e-05
7.17095777e-06
4.20480035e-05
7.1997189e-05
9.76218596e-05
0.000119448215
0.000137981587
0.000153645475
0.000166784066
0.000177738628
0.000186808733
0.000194255183
0.000200308211
0.000205171721
0.000209026006
0.000212030221
0.00021432468
0.000216032918
0.000217263523
0.000218111775
0.000218661085
0.000218984161
0.000219143988
0.000219195836
0.000219193178
-0.000582097575
-0.000440080123
-0.000348684811
-0.000266724112
-0.000194929726
-0.00013252883
-7.83991239e-05
-3.15211253e-05
8.97796893e-06
4.38667005e-05
7.38277368e-05
9.9463435e-05
0.000121298488
0.00013984199
0.00015551741
0.000168665131
0.00017962749
0.000188704579
0.000196157151
0.000202215356
0.000207083077
0.000210940618
0.000213947159
0.000216243045
0.000217951846
0.000219182192
0.000220029407
0.00022057695
0.000220897544
0.000221054109
0.000221101956
0.000221095635
-0.000580358153
-0.000438349568
-0.000346950482
-0.000264995846
-0.000193191452
-0.000130777876
-7.66352702e-05
-2.97431859e-05
1.07711226e-05
4.56756305e-05
7.56524876e-05
0.000101303146
0.000123150852
0.000141707092
0.000157395559
0.000170554511
0.000181527076
0.000190613294
0.000198073818
0.000204138763
0.000209012021
0.000212873929
0.000215883711
0.000218181768
0.000219891728
0.000221122284
0.000221968825
0.000222514871
0.000222833178
0.000222986614
0.000223030529
0.000223020546
-0.000578668093
-0.000436666199
-0.000345261739
-0.0002633071
-0.00019148907
-0.000129058605
-7.48981359e-05
-2.79867982e-05
1.25478819e-05
4.74732632e-05
7.74710676e-05
0.000103142217
0.000125008252
0.000143578151
0.000159279047
0.000172452306
0.000183438758
0.000192537079
0.000200007932
0.000206081595
0.00021096205
0.000214829712
0.000217843891
0.000220145077
0.000221856993
0.00022308842
0.000223934838
0.000224479852
0.000224796268
0.000224946922
0.00022498721
0.00022497378
-0.000577037754
-0.000435039465
-0.000343626808
-0.00026166552
-0.000189829086
-0.000127376482
-7.3192269e-05
-2.62556327e-05
1.43054134e-05
4.9257549e-05
7.928216e-05
0.000104980226
0.000126871763
0.000145456966
0.000161169445
0.000174360472
0.000185365007
0.000194478839
0.000201962718
0.000208047327
0.000212936859
0.00021681186
0.000219831775
0.000222137229
0.000223852077
0.000225085224
0.000225932267
0.00022647692
0.000226792064
0.00022694053
0.000226977773
0.000226961364
-0.000575477237
-0.000433478477
-0.000342053633
-0.000260078304
-0.000188217662
-0.000125736743
-7.15221302e-05
-2.45535306e-05
1.60402872e-05
5.10250571e-05
8.10814335e-05
0.000106811068
0.000128737239
0.000147349015
0.000163075958
0.000176284407
0.00018730998
0.000196442499
0.000203942025
0.00021003977
0.000214940269
0.000218824255
0.00022185134
0.000224162323
0.000225881226
0.000227117109
0.000227965717
0.000228510896
0.000228825629
0.000228972776
0.000229007869
0.000228989235
-0.00057399591
-0.000431991538
-0.000340549418
-0.00025855174
-0.000186660097
-0.000124143779
-6.98913e-05
-2.28833476e-05
1.7750263e-05
5.27740475e-05
8.28674487e-05
0.000108633112
0.000130602406
0.000149253847
0.000165000905
0.000178227118
0.000189276897
0.000198431159
0.000205948918
0.000212062028
0.000216975451
0.000220870154
0.000223905954
0.00022622386
0.000227948098
0.000229187918
0.000230039237
0.000230586064
0.000230901507
0.000231048506
0.000231082687
0.000231062893
-0.000572601906
-0.000430585665
-0.000339120181
-0.000257090762
-0.000185160408
-0.000122600752
-6.83020949e-05
-2.12465691e-05
1.94347149e-05
5.45050378e-05
8.46425934e-05
0.000110449946
0.00013246311
0.000151159992
0.000166941356
0.000180194029
0.00019127053
0.000200448209
0.000207986195
0.0002141167
0.000219044933
0.000222952082
0.000225998194
0.000228324519
0.000230055513
0.000231300645
0.000232156034
0.000232705869
0.000233023417
0.000233171752
0.000233206617
0.000233187053
-0.000571301659
-0.0004292661
-0.000337770375
-0.000255698508
-0.000183721
-0.000121109418
-6.6755594e-05
-1.96436125e-05
2.10938718e-05
5.62189963e-05
8.64088906e-05
0.000112264948
0.000134322607
0.000153066325
0.000168894297
0.000182184285
0.000193290533
0.000202493669
0.00021005419
0.00021620437
0.000221149504
0.000225071006
0.000228129203
0.000230465621
0.000232204986
0.00023345702
0.000234318073
0.000234872541
0.000235193885
0.000235345368
0.000235382884
0.000235365268
-0.000570099366
-0.000428035704
-0.000336502533
-0.000254375806
-0.00018234231
-0.000119669917
-6.52515362e-05
-1.80738497e-05
2.27286466e-05
5.79169288e-05
8.81672444e-05
0.000114079927
0.000136188821
0.000154980533
0.000170857355
0.000184191316
0.00019533221
0.000204564695
0.000212151021
0.000218323689
0.000223288176
0.000227226221
0.000230298509
0.000232646912
0.000234396481
0.000235657237
0.000236525802
0.000237086809
0.000237413945
0.000237570742
0.000237613262
0.000237599654
-0.000568996325
-0.000426894186
-0.000335317466
-0.000253120208
-0.000181022291
-0.000118280643
-6.37881902e-05
-1.65353857e-05
2.43409004e-05
5.96002857e-05
8.99182764e-05
0.000115894373
0.000138060862
0.000156903965
0.00017283293
0.000186215447
0.000197394557
0.000206659885
0.000214275089
0.000220472904
0.000225459102
0.00022941584
0.00023250424
0.000234866582
0.000236628297
0.000237899768
0.0002387779
0.000239347598
0.000239682828
0.000239847466
0.000239897761
0.000239890578
-0.000567990167
-0.000425837687
-0.000334216393
-0.00025192147
-0.000179753497
-0.000116936826
-6.23609226e-05
-1.50239093e-05
2.59323954e-05
6.12711684e-05
9.1663701e-05
0.000117708953
0.0001399382
0.000158836449
0.000174821673
0.000188256404
0.00019947582
0.000208776681
0.000216423349
0.000222648607
0.000227658599
0.000231635998
0.000234742443
0.000237120733
0.000238896718
0.000240180947
0.000241070954
0.000241651856
0.000241997827
0.000242173202
0.000242234432
0.000242236424
-0.000567073994
-0.00042485964
-0.000333197149
-0.00025075662
-0.000178519168
-0.000115625042
-6.09568407e-05
-1.35301603e-05
2.74940654e-05
6.29257605e-05
9.34016616e-05
0.000119522961
0.000141820984
0.000160776122
0.000176819522
0.000190310212
0.000201571975
0.000210910724
0.000218591019
0.000224845656
0.000229881264
0.000233881128
0.000237007535
0.000239404112
0.000241197133
0.000242493273
0.000243396972
0.000243992431
0.00024435239
0.000244541857
0.000244617492
0.000244631585
-0.000566233717
-0.000423947029
-0.000332188822
-0.000249682061
-0.000177346856
-0.000114347573
-5.95812312e-05
-1.20563725e-05
2.90816625e-05
6.45938214e-05
9.51500549e-05
0.000121348968
0.000143719489
0.000162726824
0.000178821873
0.000192370858
0.00020367807
0.000213056188
0.000220771104
0.000227056089
0.000232118322
0.00023614174
0.000239289191
0.000241704579
0.000243514753
0.000244831165
0.000245752123
0.000246363383
0.000246739771
0.000246946671
0.000247041298
0.000247072985
-0.000565448627
-0.000423078065
-0.000331186442
-0.000248646192
-0.000176187649
-0.000113071197
-5.8202194e-05
-1.05790656e-05
3.06558875e-05
6.62573104e-05
9.68973984e-05
0.000123175623
0.000145622336
0.000164684622
0.000180829709
0.000194435854
0.000205788581
0.000215205586
0.000222954727
0.000229269976
0.000234359094
0.000238406673
0.000241576199
0.000244012136
0.000245841904
0.000247177659
0.000248117817
0.000248748524
0.000249145046
0.000249373463
0.000249491775
0.000249545259
-0.000564692449
-0.000422224476
-0.00033020495
-0.000247588992
-0.000175013848
-0.000111783939
-5.68106965e-05
-9.08859588e-06
3.22403821e-05
6.79291577e-05
9.86475416e-05
0.000124996212
0.000147523136
0.000166664924
0.00018285876
0.000196502136
0.000207895711
0.000217349149
0.000225130302
0.000231474076
0.000236588976
0.000240660227
0.000243851942
0.000246309188
0.000248159934
0.000249516809
0.000250478645
0.000251131889
0.000251552193
0.000251806534
0.000251953466
0.000252032138
-0.000563926924
-0.000421347612
-0.000329200755
-0.000246487252
-0.000173798282
-0.000110458397
-5.53825761e-05
-7.56376697e-06
3.38563265e-05
6.96303707e-05
0.000100427777
0.000126846244
0.000149432036
0.000168631103
0.000184866581
0.000198541558
0.000209975427
0.00021946513
0.000227277134
0.000233647929
0.000238787305
0.000242881363
0.00024609495
0.000248573804
0.000250446485
0.000251826124
0.00025281195
0.000253490704
0.000253938467
0.00025422324
0.000254404056
0.000254512608
-0.000563101478
-0.000420402404
-0.000328123689
-0.000245305322
-0.000172506198
-0.000109062239
-5.38907952e-05
-5.98372527e-06
3.55180171e-05
7.13680759e-05
0.000102237316
0.000128718139
0.000151331364
0.000170563613
0.000186849998
0.000200559183
0.000212024842
0.000221542755
0.000229379466
0.000235772459
0.000240932543
0.000245046658
0.000248280374
0.000250780062
0.000252674841
0.00025407831
0.000255090054
0.00025579707
0.000256275861
0.000256595534
0.000256815592
0.000256959201
-0.00056215212
-0.000419360822
-0.00032690299
-0.000243992687
-0.000171096755
-0.00010755907
-5.23049482e-05
-4.32580255e-06
3.72388838e-05
7.31432109e-05
0.000104058194
0.000130577802
0.000153222622
0.000172498083
0.000188825639
0.000202554079
0.000214033658
0.000223565619
0.00023141639
0.000237823375
0.00024299783
0.000247127276
0.000250377837
0.00025289639
0.000254812505
0.000256240159
0.000257279215
0.000258016856
0.000258529973
0.000258888853
0.00025915346
0.000259337224
-0.000561015168
-0.000418291313
-0.000325368343
-0.000242461402
-0.000169515351
-0.000105902369
-5.05846582e-05
-2.55618178e-06
3.90473722e-05
7.498176e-05
0.000105918597
0.000132455513
0.000155126041
0.000174417558
0.000190746204
0.000204479494
0.000215962807
0.000225498259
0.00023335317
0.000239765591
0.00024494736
0.000249086554
0.000252349803
0.000254884427
0.000256820369
0.000258271911
0.000259339108
0.000260109247
0.000260659568
0.000261061597
0.000261375739
0.000261604461
-0.000559602675
-0.000416989479
-0.000323543366
-0.000240665616
-0.000167701393
-0.000104039696
-4.86869772e-05
-6.40506049e-07
4.09696597e-05
7.6902738e-05
0.000107832637
0.000134359862
0.000157019941
0.000176291269
0.000192597505
0.000206316368
0.000217786891
0.000227310794
0.000235156536
0.000241563042
0.000246742734
0.00025088415
0.000254154305
0.000256700838
0.000258653945
0.000260128085
0.00026122339
0.000262027138
0.000262616841
0.000263065299
0.000263433331
0.000263711259
-0.000557822735
-0.000415296509
-0.000321381814
-0.000238542552
-0.000165585615
-0.000101911538
-4.65643037e-05
1.45767321e-06
4.30312528e-05
7.89203225e-05
0.000109801901
0.000136279055
0.000158889027
0.000178110455
0.000194369516
0.000208046082
0.000219479064
0.000228970538
0.000236789528
0.000243175405
0.0002483409
0.000252474773
0.000255744198
0.000258296917
0.000260263181
0.000261757445
0.000262879754
0.000263717225
0.000264347536
0.000264844747
0.000265270041
0.000265600571
-0.000555571234
-0.000413107015
-0.00031878629
-0.000236006097
-0.000163091856
-9.94535441e-05
-4.4164633e-05
3.77834361e-06
4.52606298e-05
8.1052087e-05
0.000111833885
0.000138212323
0.000160727123
0.000179858712
0.000196034848
0.000209636586
0.000221003471
0.000230437964
0.000238209312
0.000244556987
0.000249693714
0.000253808174
0.000257067411
0.000259618992
0.000261592967
0.000263103559
0.000264250513
0.000265120603
0.000265791524
0.000266338532
0.000266823088
0.000267208412
-0.000552728439
-0.000410310161
-0.000315650642
-0.000232961241
-0.000160138564
-9.65974362e-05
-4.14330483e-05
6.36319906e-06
4.76867561e-05
8.33150312e-05
0.000113934628
0.000140156017
0.000162522063
0.000181515445
0.000197565489
0.000211054238
0.000222321724
0.00023167053
0.000239369783
0.000245658665
0.0002507495
0.000254830497
0.000258068188
0.000260609614
0.000262584302
0.000264105948
0.000265273742
0.000266173886
0.000266883911
0.000267480129
0.000268024142
0.00026846481
-0.000549162151
-0.000406783758
-0.00031186096
-0.000229306982
-0.000156639255
-9.32713922e-05
-3.83124497e-05
9.25490743e-06
5.03385388e-05
8.57252558e-05
0.000116108565
0.00014210414
0.00016425864
0.00018305732
0.000198931094
0.000212262795
0.000223392625
0.000232622889
0.000240222124
0.000246428717
0.000251454079
0.000255485447
0.000258688367
0.000261208915
0.000263175694
0.000264701519
0.000265884706
0.00026681063
0.000267556463
0.000268199368
0.000268800591
0.000269293861
-0.000544730048
-0.0004023967
-0.000307296294
-0.00022493719
-0.000152503682
-8.94012719e-05
-3.47447267e-05
1.24960599e-05
5.3243959e-05
8.82973072e-05
0.00011835814
0.000144048432
0.000165919269
0.00018445873
0.000200099246
0.000213224146
0.000224173353
0.000233248336
0.000240716429
0.000246814582
0.000251752655
0.000255716298
0.000258869494
0.000261356826
0.000263305495
0.000264827013
0.000266018459
0.000266964076
0.000267740476
0.000268425475
0.000269078917
0.000269615967
-0.000539281702
-0.000397011052
-0.000301830581
-0.000219742271
-0.000147639553
-8.49122182e-05
-3.06721759e-05
1.61279914e-05
5.64291615e-05
9.10435737e-05
0.000120683546
0.000145978481
0.000167484467
0.000185692552
0.000201036487
0.000213899643
0.000224621046
0.00023350061
0.000240803681
0.000246764981
0.000251592038
0.000255468174
0.000258555118
0.000260995328
0.000262914039
0.000264420968
0.000265611541
0.000266568417
0.000267366914
0.000268085061
0.000268785345
0.000269377059
-0.000532660938
-0.000390484256
-0.00029533499
-0.00021361131
-0.000141954552
-7.97305081e-05
-2.60390967e-05
2.01894869e-05
5.99175189e-05
9.39737437e-05
0.000123082601
0.000147882021
0.000168933578
0.000186731271
0.000201709788
0.0002142519
0.000224694917
0.000233336279
0.000240438389
0.000246232785
0.00025092374
0.00025469138
0.000257694387
0.000260072375
0.000261947975
0.000263428557
0.000264607428
0.000265565356
0.000266376149
0.000267117127
0.000267850141
0.00026847964
-0.000524708588
-0.00038267172
-0.000287680597
-0.000206434559
-0.000135358681
-7.37856566e-05
-2.07935931e-05
2.47153597e-05
6.37286444e-05
9.7094295e-05
0.000125550736
0.000149745431
0.000170245745
0.000187548397
0.000202088385
0.000214246991
0.000224358757
0.000232717515
0.000239581569
0.000245178143
0.000249707184
0.000253344627
0.000256245201
0.000258544866
0.000260362936
0.000261803805
0.000262958133
0.000263904409
0.000264714764
0.000265465505
0.000266215592
0.000266856947
-0.000515265615
-0.000373429732
-0.000278741392
-0.000198106279
-0.000127766899
-6.70127944e-05
-1.48895983e-05
2.97348576e-05
6.78773029e-05
0.00010040796
0.000128081035
0.000151554346
0.000171401085
0.000188120156
0.000202145935
0.000213857028
0.000223583885
0.000231615354
0.000238204278
0.000243572263
0.00024791371
0.000251399249
0.000254178649
0.000256383329
0.000258128508
0.000259514948
0.000260630116
0.000261549731
0.000262343622
0.000263086252
0.000263834759
0.00026447773
-0.000504176542
-0.000362618656
-0.000268397637
-0.000188527948
-0.000119102102
-5.93553315e-05
-8.28917786e-06
3.52698192e-05
7.23721187e-05
0.000103913051
0.000130664214
0.000153294281
0.000172381926
0.000188427301
0.000201862839
0.00021306293
0.000222352298
0.000230013172
0.000236291359
0.000241401368
0.000245530705
0.000248843475
0.000251483414
0.000253576464
0.000255232944
0.000256549267
0.000257609141
0.000258485073
0.000259244071
0.000259957909
0.000260681621
0.000261305715
-0.000491293111
-0.000350106272
-0.000256539495
-0.000177611819
-0.00010929838
-5.07678655e-05
-9.65130475e-07
4.13324821e-05
7.72139387e-05
0.000107602483
0.000133288347
0.000154951069
0.000173173926
0.000188456853
0.000201228538
0.000211857199
0.000220659859
0.000227910216
0.000233845255
0.000238670754
0.000242565857
0.000245686856
0.00024817035
0.000250135812
0.00025168779
0.000252917631
0.000253904736
0.000254718009
0.000255421146
0.000256082274
0.000256753829
0.000257334178
-0.000476477845
-0.000335770943
-0.000243070754
-0.000165284993
-9.83049868e-05
-4.12197543e-05
7.09566533e-06
4.79225513e-05
8.23935062e-05
0.000111462171
0.000135938053
0.000156510835
0.000173766783
0.000188203471
0.000200243452
0.000210246337
0.000218519087
0.000225324679
0.000230889277
0.000235408159
0.000239050558
0.000241963648
0.000244275744
0.000246098911
0.000247531139
0.000248657977
0.00024955384
0.000250283915
0.000250908106
0.000251489851
0.000252078458
0.000252586903
-0.00045960692
-0.000319504404
-0.000227914309
-0.000151497714
-8.60929604e-05
-3.06994064e-05
1.58870612e-05
5.50222211e-05
8.78874969e-05
0.000115468162
0.000138592646
0.000157959111
0.000174154232
0.000187670223
0.000198920424
0.000208252868
0.000215961723
0.000222296785
0.000227471262
0.000231668097
0.000235045078
0.000237738987
0.000239868922
0.000241538958
0.000242839506
0.00024384794
0.000244632843
0.000245257839
0.00024577697
0.000246249051
0.000246720218
0.00024712557
-0.000440569243
-0.000301212862
-0.000211024327
-0.00013624527
-7.26518581e-05
-1.91957375e-05
2.53847276e-05
6.25918426e-05
9.3654204e-05
0.000119583112
0.000141223445
0.000159279008
0.000174333038
0.000186868278
0.000197284941
0.000205915927
0.000213039456
0.000218889427
0.000223663766
0.000227531096
0.000230635957
0.000233102909
0.000235040373
0.000236544827
0.000237699448
0.00023855758
0.000239216063
0.000239732419
0.000240125337
0.000240458363
0.000240775912
0.000241044262
-0.000419248679
-0.000280799061
-0.000192374735
-0.000119563722
-5.79337192e-05
-6.6374707e-06
3.55470721e-05
7.05681589e-05
9.96307394e-05
0.000123752882
0.000143790778
0.000160448951
0.000174301383
0.000185815833
0.000195374492
0.00020329089
0.000209823872
0.000215188519
0.00021956507
0.00022310591
0.000225940438
0.000228179075
0.000229916733
0.000231248351
0.000232299107
0.000233073661
0.00023354771
0.000233848836
0.000234077936
0.000234248833
0.000234380671
0.000234478117
-0.000395503864
-0.000258114253
-0.00017183943
-0.0001012966
-4.21233703e-05
6.54820018e-06
4.6125581e-05
7.87970825e-05
0.000105694115
0.000127878043
0.00014622776
0.000161433768
0.000174053645
0.000184535217
0.00019323764
0.000200450087
0.000206409664
0.000211309922
0.000215311211
0.000218548473
0.000221136823
0.000223176137
0.000224753692
0.000225930573
0.000226712625
0.000227241448
0.000227654243
0.000227894271
0.000227954915
0.000227910187
0.000227807824
0.000227700897
-0.000369313723
-0.000233137355
-0.000149570963
-8.1533785e-05
-2.55643156e-05
2.00943447e-05
5.70921118e-05
8.7112082e-05
0.000111700493
0.000131813914
0.000148443219
0.000162185382
0.00017357847
0.000183048024
0.000190925127
0.000197471219
0.000202895737
0.000207368214
0.000211027621
0.000213989525
0.00021635162
0.0002181975
0.000219599512
0.00022061877
0.000221309382
0.000221740676
0.000221939546
0.000221939756
0.000221796961
0.000221531732
0.000221171068
0.000220825382
-0.000340649019
-0.00020580929
-0.000125741681
-6.04224884e-05
-8.09016899e-06
3.38442305e-05
6.797276e-05
9.53078413e-05
0.000117443106
0.000135513093
0.000150371373
0.000162657036
0.000172866676
0.000181382939
0.000188500214
0.000194447068
0.000199403193
0.000203511806
0.000206888804
0.000209629587
0.000211814181
0.000213510524
0.000214777703
0.000215667679
0.000216227674
0.00021650295
0.000216536242
0.000216360341
0.000216006622
0.000215490444
0.000214835253
0.000214218757
-0.000309512964
-0.000176409923
-0.000100545873
-3.87042198e-05
9.95123888e-06
4.81538686e-05
7.86922522e-05
0.000103073959
0.00012270999
0.000138698922
0.000151850718
0.000162765025
0.000171888623
0.000179555845
0.000186018452
0.000191467973
0.000196052105
0.000199886592
0.000203063776
0.000205658779
0.00020773403
0.000209342711
0.000210530684
0.000211338512
0.000211803525
0.00021196054
0.000211843302
0.000211484002
0.000210908152
0.000210121235
0.000209142773
0.000208226473
-0.000275798876
-0.000145528357
-7.36996905e-05
-1.64995019e-05
2.77462458e-05
6.195335e-05
8.87841571e-05
0.000110067723
0.000127188321
0.000141165415
0.000152734372
0.000162423614
0.000170614564
0.000177584606
0.000183537576
0.000188625312
0.000192962784
0.000196638638
0.000199722537
0.000202270302
0.000204327576
0.000205932494
0.000207117665
0.000207911937
0.00020834095
0.000208429187
0.000208201622
0.000207684393
0.000206896571
0.000205831831
0.000204504041
0.000203257144
-0.000239285797
-0.000113208405
-4.55478919e-05
5.78627918e-06
4.47201408e-05
7.44648651e-05
9.75079312e-05
0.000115737186
0.00013047744
0.000142639092
0.000152848844
0.000161540423
0.000169016488
0.000175490952
0.000181117608
0.000186009229
0.000190250247
0.000193905121
0.000197023852
0.000199645647
0.000201801488
0.000203516029
0.00020480897
0.000205695974
0.000206189489
0.000206300128
0.000206039317
0.000205421075
0.000204452315
0.000203109823
0.000201406842
0.000199787744
-0.000199685134
-7.91730157e-05
-1.72900092e-05
2.7175153e-05
6.01271043e-05
8.49734574e-05
0.000104202576
0.000119570205
0.000132223289
0.000142899154
0.000152078035
0.000160077943
0.000167113413
0.000173333121
0.000178843512
0.000183723303
0.000188032436
0.000191817529
0.000195114996
0.00019795276
0.000200351444
0.000202325615
0.000203884525
0.000205031252
0.000205762475
0.000206067721
0.000205930952
0.000205343126
0.000204286494
0.000202700501
0.000200574626
0.000198500793
-0.000156252944
-4.34454833e-05
1.0105324e-05
4.62735597e-05
7.25360091e-05
9.24174843e-05
0.000108134161
0.000121103579
0.000132173211
0.000141844896
0.000150424191
0.00015810413
0.000165011221
0.000171234713
0.000176842823
0.000181890111
0.000186421774
0.000190475948
0.000194084142
0.000197270154
0.00020004971
0.000202434465
0.000204434232
0.000206044801
0.00020725434
0.000208037629
0.000208321713
0.000208040573
0.000207128088
0.00020544613
0.000202878618
0.000200262116
-0.000107439378
-6.9594761e-06
3.45271859e-05
6.10018272e-05
8.03945524e-05
9.58114928e-05
0.000108789368
0.00012016318
0.00013037042
0.00013964439
0.000148116862
0.00015586985
0.000162954549
0.000169415716
0.000175301342
0.000180658109
0.000185531506
0.000189966957
0.000194008992
0.000197694446
0.000201044192
0.000204089792
0.000206880594
0.000209401197
0.000211625175
0.000213569115
0.000215047562
0.000215787933
0.000215620711
0.000214323753
0.000211483933
0.000208438762
-4.24565439e-05
2.91306667e-05
5.17422092e-05
6.76972962e-05
8.12782511e-05
9.37782257e-05
0.000105534554
0.000116610066
0.000126994678
0.0001366791
0.000145665154
0.000153946422
0.000161524958
0.000168437123
0.000174737418
0.000180479961
0.000185721777
0.000190529351
0.000194984214
0.000199158219
0.000203038208
0.000206574289
0.000209880207
0.000213282731
0.000217066272
0.000220850095
0.000223678719
0.000225484055
0.000227043092
0.000228190224
0.000227837572
0.000225776898
6.4612094e-05
6.48627553e-05
6.23758896e-05
6.80880476e-05
7.77932979e-05
8.91343683e-05
0.00010094356
0.000112572381
0.000123663179
0.000134102332
0.000143880097
0.000152905019
0.000161080231
0.000168464144
0.000175161469
0.000181237527
0.000186754794
0.000191794647
0.000196498982
0.000201024524
0.000205401843
0.000209573534
0.000213608702
0.000217814919
0.000222896428
0.000229750839
0.000238626586
0.000250127307
0.000265206269
0.000285366554
0.000314261917
0.000349257744
)
;

boundaryField
{
    inner_wall
    {
        type            zeroGradient;
    }
    outer_wall
    {
        type            zeroGradient;
    }
    top
    {
        type            zeroGradient;
    }
    bottom
    {
        type            fixedValue;
        value           uniform 0;
    }
    front
    {
        type            wedge;
    }
    back
    {
        type            wedge;
    }
}


// ************************************************************************* //
