/*--------------------------------*- C++ -*----------------------------------*\
| =========                 |                                                 |
| \\      /  F ield         | OpenFOAM: The Open Source CFD Toolbox           |
|  \\    /   O peration     | Version:  2506                                  |
|   \\  /    A nd           | Website:  www.openfoam.com                      |
|    \\/     M anipulation  |                                                 |
\*---------------------------------------------------------------------------*/
FoamFile
{
    version     2.0;
    format      ascii;
    arch        "LSB;label=32;scalar=64";
    class       volScalarField;
    location    "59";
    object      c;
}
// * * * * * * * * * * * * * * * * * * * * * * * * * * * * * * * * * * * * * //

dimensions      [0 -3 0 0 1 0 0];

internalField   nonuniform List<scalar> 
3330
(
34.094579
34.091155
34.086525
34.085152
34.091364
34.099903
34.099109
34.09063
34.089897
34.094301
34.095316
34.094626
34.091269
34.090534
34.093839
34.092841
34.083937
34.08131
34.078625
34.07761
34.08477
34.096769
34.096615
34.087502
34.083205
34.079975
34.067135
34.049927
34.044018
34.039711
33.999239
33.977106
33.961868
33.915371
33.871645
33.90555
33.175458
34.098493
34.117942
34.143884
34.18139
34.217588
34.243861
34.260565
34.271418
34.275821
34.276209
34.269559
34.261441
34.248839
34.234003
34.220503
34.210377
34.204293
34.193797
34.180812
34.166649
34.145764
34.120424
34.091581
34.072482
34.076996
34.096095
34.087903
34.092144
34.133361
34.13296
34.086283
34.0739
34.122848
34.093521
33.800847
33.65294
28.930968
34.111172
34.173993
34.243114
34.306692
34.350638
34.375879
34.388298
34.391834
34.391974
34.387393
34.38236
34.376425
34.370237
34.360497
34.341936
34.313327
34.279227
34.221993
34.132121
33.988088
33.79478
33.631164
33.447769
33.399213
33.414964
33.502835
33.747721
34.009932
34.016215
33.952738
33.931996
33.626634
33.352544
33.613692
34.038453
33.318386
23.753701
34.130344
34.232445
34.324401
34.384419
34.412799
34.424495
34.428964
34.430099
34.424977
34.416887
34.407214
34.399365
34.393463
34.384736
34.366973
34.333764
34.278822
34.185302
34.03066
33.835912
33.637696
33.455324
33.240949
32.957219
32.750183
32.710079
32.719103
32.526641
32.007562
31.664405
31.169196
30.458472
29.62145
28.263681
25.408366
19.729803
8.2921205
34.149732
34.279166
34.377286
34.430059
34.459515
34.483561
34.499928
34.504643
34.492834
34.474977
34.452294
34.430193
34.412531
34.401924
34.39817
34.397373
34.40882
34.43016
34.478278
34.57283
34.718814
34.909503
35.116383
35.292313
35.410211
35.457652
35.463513
35.443293
35.187683
34.599346
33.574288
32.068798
30.111209
27.678863
23.97959
16.920441
6.3193799
34.165807
34.31189
34.410604
34.467145
34.516854
34.564943
34.595217
34.603905
34.589
34.562315
34.526269
34.4873
34.450948
34.42127
34.400926
34.393072
34.39103
34.390997
34.391017
34.405599
34.45637
34.567603
34.767521
35.025317
35.263131
35.42722
35.464833
35.444931
34.904808
33.276381
30.324192
25.854485
20.567665
15.250998
10.259461
5.7722898
1.8297402
34.175755
34.330924
34.432621
34.501814
34.577404
34.647778
34.690778
34.704015
34.691653
34.659336
34.616736
34.565979
34.514498
34.468687
34.433053
34.408767
34.395366
34.390983
34.390586
34.39147
34.419066
34.490193
34.641145
34.870482
35.117721
35.332375
35.463628
35.495348
35.435281
34.656992
33.0231
29.713231
24.886084
19.282679
13.414115
7.7673718
2.5057789
34.182004
34.345396
34.445589
34.527009
34.622727
34.711225
34.766505
34.786559
34.789214
34.748328
34.704622
34.64896
34.588131
34.527899
34.476369
34.437195
34.411177
34.396409
34.390532
34.389672
34.389628
34.390706
34.417055
34.525374
34.737119
34.99567
35.261639
35.49413
35.607265
35.642238
35.590042
34.529749
31.098878
25.158453
17.762435
10.172421
3.2160298
34.182205
34.345255
34.453799
34.545967
34.661987
34.762477
34.814283
34.845229
34.852135
34.819581
34.774883
34.718765
34.657837
34.590102
34.526276
34.472772
34.433636
34.408831
34.395333
34.390403
34.389565
34.389512
34.390969
34.430049
34.58268
34.809916
35.063061
35.305058
35.514994
35.645765
35.669912
35.43418
33.212559
28.205428
20.783583
12.261002
3.9616306
34.182144
34.341082
34.451803
34.543344
34.658464
34.760443
34.83335
34.874574
34.879987
34.86287
34.823351
34.764425
34.709594
34.642467
34.573696
34.510844
34.460193
34.425148
34.403885
34.392548
34.389707
34.389408
34.389504
34.391776
34.458809
34.645538
34.902389
35.16604
35.400171
35.588481
35.681231
35.683602
34.626286
30.513964
23.153218
13.736351
4.3923287
34.181985
34.329592
34.443787
34.532774
34.640306
34.741297
34.817097
34.861215
34.878592
34.873796
34.842468
34.781012
34.733494
34.671982
34.605141
34.540196
34.483179
34.440667
34.414142
34.396569
34.390099
34.389269
34.389332
34.389635
34.399799
34.510598
34.742993
35.019277
35.27803
35.50381
35.684096
35.743526
35.538526
33.030367
26.419312
16.157659
5.20822
34.1817
34.312234
34.427696
34.513121
34.605391
34.695565
34.768005
34.81429
34.841543
34.834546
34.8087
34.781516
34.737849
34.679487
34.614688
34.550819
34.493274
34.448498
34.420698
34.400669
34.390673
34.389083
34.389142
34.389302
34.390684
34.443621
34.638965
34.91533
35.188798
35.427637
35.628033
35.757856
35.754698
34.458897
29.03825
18.427152
5.9845974
34.181365
34.291464
34.403735
34.485636
34.560763
34.632276
34.692583
34.733045
34.76212
34.75854
34.743487
34.71436
34.67476
34.628249
34.577939
34.527505
34.481153
34.449207
34.42189
34.40177
34.390889
34.388875
34.388934
34.389142
34.389812
34.422933
34.591051
34.860041
35.138698
35.386443
35.594981
35.763901
35.842727
35.241369
31.317019
20.889182
6.8843022
34.181346
34.269229
34.371736
34.448995
34.509791
34.561184
34.603476
34.631723
34.654002
34.652473
34.644159
34.625113
34.596332
34.5602
34.520584
34.482054
34.448865
34.422561
34.404364
34.393357
34.388926
34.388685
34.38876
34.389003
34.389607
34.420861
34.583966
34.849642
35.127587
35.376482
35.586944
35.759482
35.897042
35.608824
32.980566
23.324829
7.8724113
34.181685
34.245411
34.329625
34.399025
34.450303
34.487639
34.514615
34.531132
34.542879
34.539911
34.528714
34.509319
34.485508
34.460889
34.438358
34.41978
34.40586
34.396485
34.390662
34.38835
34.388419
34.388546
34.388689
34.388987
34.432201
34.599263
34.837667
35.085077
35.31303
35.513848
35.687446
35.833363
35.95229
35.814028
34.014478
25.477815
8.900904
34.182655
34.217187
34.267679
34.306439
34.335973
34.356907
34.370818
34.378933
34.383053
34.383627
34.383893
34.384072
34.384219
34.384354
34.384485
34.384618
34.384749
34.384886
34.384986
34.387844
34.403024
34.44485
34.521087
34.655776
34.836601
35.031125
35.222037
35.400554
35.562684
35.707121
35.833229
35.939441
36.030028
35.947247
34.616598
27.039743
9.7800886
34.188
34.194014
34.239783
34.311819
34.383322
34.451419
34.515831
34.576864
34.635392
34.692544
34.749284
34.804526
34.858741
34.912551
34.966731
35.02225
35.081007
35.147149
35.223331
35.309753
35.398916
35.488401
35.576886
35.662581
35.743652
35.819021
35.888131
35.950482
36.005629
36.053799
36.09513
36.129287
36.152553
36.06581
34.872316
27.751729
10.250832
37.408571
37.522196
37.68005
37.859186
38.037317
38.196276
38.329789
38.436493
38.518309
38.571668
38.622552
38.620036
38.602354
38.560327
38.496247
38.412683
38.311881
38.193501
38.060609
37.917076
37.765767
37.609828
37.452516
37.29698
37.146205
37.002925
36.86928
36.746645
36.636152
36.539116
36.455974
36.384859
36.331589
36.17419
34.851455
27.528392
10.103836
37.636621
37.875827
38.344284
38.870275
39.342388
39.720143
40.001719
40.200809
40.320487
40.405306
40.397823
40.365188
40.300267
40.207949
40.09246
39.957205
39.804567
39.635328
39.449264
39.246068
39.025825
38.790395
38.543306
38.288835
38.031709
37.777011
37.529809
37.295141
37.078464
36.884176
36.714374
36.568752
36.453649
36.19913
34.564082
26.52667
9.4705529
37.637064
38.083652
38.934262
39.793488
40.491046
41.004884
41.364404
41.604293
41.743094
41.824747
41.803588
41.729864
41.597155
41.417259
41.202987
40.967667
40.722342
40.473273
40.221562
39.964259
39.699679
39.415353
39.11237
38.801104
38.48905
38.179942
37.877436
37.587414
37.316788
37.071028
36.854462
36.668408
36.529021
36.132962
33.842073
24.714962
8.5067156
37.636598
38.288301
39.42353
40.468781
41.249709
41.79393
42.162197
42.39621
42.534145
42.597421
42.573232
42.497413
42.360389
42.160918
41.907238
41.601279
41.268637
40.938017
40.622637
40.319928
40.015753
39.773728
39.494394
39.157761
38.796925
38.436271
38.086533
37.753791
37.444258
37.164331
36.918799
36.707711
36.511634
35.904361
32.604556
22.423561
7.4813067
37.635917
38.479801
39.82057
40.952083
41.747865
42.290829
42.646966
42.848456
42.974
42.972644
42.945826
42.867987
42.729213
42.526868
42.25246
42.007722
41.663439
41.259639
40.861951
40.496905
40.147437
39.794859
39.487281
39.142479
38.775694
38.411342
38.059757
37.726757
37.418464
37.140757
36.898841
36.692136
36.435976
35.383553
30.65954
19.952837
6.5275957
37.636059
38.658601
40.133913
41.285511
42.0714
42.607087
42.927462
43.047376
43.085158
43.085146
43.082233
43.049248
42.932793
42.707454
42.38189
41.997449
41.636173
41.21999
40.81651
40.446315
40.088299
39.737464
39.414827
39.054091
38.679999
38.314123
37.964831
37.637518
37.337944
37.073101
36.850755
36.64447
36.252543
34.279332
28.166137
17.542658
5.6759396
37.63769
38.807502
40.352659
41.4901
42.2617
42.783201
43.038776
43.083008
43.082542
43.084253
43.082032
43.039274
42.900335
42.647652
42.29674
41.896519
41.499823
41.068483
40.664791
40.29161
39.933118
39.58837
39.24781
38.876621
38.504885
38.147542
37.810563
37.499151
37.220951
36.986729
36.791334
36.526538
35.746524
32.434267
25.324743
15.274398
4.9108281
37.638886
38.907243
40.466772
41.581346
42.335485
42.839567
43.061068
43.077577
43.082913
43.083248
43.066412
42.972978
42.765899
42.450113
42.06409
41.652042
41.23349
40.811041
40.422678
40.058439
39.707765
39.363013
39.007075
38.636209
38.276625
37.936323
37.620277
37.335869
37.094411
36.900173
36.701025
36.276848
34.511575
29.959565
22.394196
13.223017
4.2406721
37.639224
38.941415
40.494967
41.600207
42.343133
42.770987
43.000634
43.065016
43.070892
43.037769
42.952902
42.76018
42.473217
42.110086
41.707434
41.292842
40.879835
40.484913
40.11892
39.767899
39.422352
39.0721
38.711486
38.353325
38.014214
37.698647
37.414115
37.172541
36.982839
36.816523
36.52559
35.442878
32.480608
26.996167
19.498868
11.355854
3.6378945
37.638426
38.902153
40.377863
41.425353
42.11469
42.587478
42.830167
42.917251
42.932761
42.811659
42.634922
42.369247
42.034371
41.654885
41.257767
40.860988
40.47724
40.115071
39.768814
39.426442
39.081069
38.729637
38.379119
38.043979
37.733592
37.455428
37.222775
37.045602
36.899648
36.656364
35.887455
33.785568
29.746282
23.805977
16.786624
9.7001396
3.1097276
37.61069
38.795397
40.191725
41.188551
41.820147
42.243344
42.474171
42.546525
42.550512
42.34921
42.130359
41.831635
41.489551
41.124505
40.755224
40.393413
40.044976
39.707701
39.37275
39.03424
38.691977
38.351836
38.025681
37.725643
37.462219
37.248221
37.089697
36.954174
36.711787
36.05681
34.382436
31.214338
26.448709
20.538928
14.251459
8.1951895
2.6288564
37.567417
38.604745
39.874472
40.805343
41.373001
41.737038
41.931378
41.986985
41.902916
41.73012
41.494613
41.204615
40.887432
40.558095
40.228078
39.902221
39.579783
39.256104
38.927795
38.596833
38.270251
37.959551
37.678361
37.439518
37.252682
37.113474
36.975713
36.711794
36.061127
34.572799
31.890327
27.912345
22.907861
17.420514
11.975979
6.8736147
2.208505
37.498043
38.326268
39.419187
40.275915
40.789396
41.085444
41.231676
41.270411
41.170103
41.014258
40.795407
40.539535
40.261604
39.971563
39.674746
39.372245
39.063395
38.748971
38.434053
38.128286
37.844475
37.596385
37.394579
37.239586
37.109874
36.94306
36.614238
35.87338
34.379098
31.90874
28.400738
24.057459
19.27207
14.456135
9.8828627
5.6657286
1.8221334
37.422873
37.988578
38.816973
39.556588
40.043578
40.311638
40.427103
40.455427
40.362651
40.229148
40.041374
39.820836
39.575717
39.313171
39.037813
38.754052
38.467986
38.188561
37.926933
37.694058
37.497446
37.337298
37.197599
37.038447
36.795293
36.326491
35.388131
33.737056
31.280353
28.02459
24.149995
19.955496
15.744228
11.727534
8.0024495
4.5904523
1.4786726
37.353698
37.64285
38.117519
38.621625
39.035924
39.315043
39.455225
39.4929
39.431969
39.328687
39.179603
38.999866
38.797673
38.581491
38.35892
38.137568
37.924355
37.72353
37.534419
37.351473
37.177396
36.980978
36.706316
36.25828
35.474505
34.156045
32.145286
29.502696
26.332497
22.805104
19.142947
15.546891
12.149585
9.0096942
6.1369644
3.5187326
1.1338062
37.306473
37.378635
37.50066
37.650578
37.804708
37.943448
38.056763
38.131025
38.156383
38.117223
38.033565
37.918733
37.775102
37.605884
37.414739
37.205199
36.971614
36.702606
36.377453
35.959593
35.37172
34.52725
33.321249
31.651424
29.489762
26.951319
24.194891
21.30293
18.359366
15.489921
12.782468
10.282393
7.9993614
5.922728
4.0343778
2.3150039
0.74671193
37.279952
37.278543
37.278908
37.277807
37.269051
37.181827
37.032756
36.829805
36.58303
36.293901
35.956669
35.547115
35.056638
34.469231
33.762323
32.904863
31.867739
30.629445
29.174065
27.47462
25.538617
23.416327
21.214826
19.048708
16.923855
14.873801
12.939194
11.130495
9.4633207
7.9403589
6.5533423
5.2891693
4.1340887
3.0758567
2.1043209
1.2114873
0.39148314
37.415846
38.10503
38.930523
39.225882
39.283768
39.284502
39.29707
39.317893
39.349848
39.392829
39.444915
39.503915
39.562295
39.608829
39.637511
39.643592
39.637988
39.46417
39.200298
38.730125
37.97359
36.789887
35.026225
32.677062
29.897754
26.944827
23.958554
20.957505
18.035721
15.253362
12.644952
10.223883
7.9900762
5.9365723
4.0532457
2.328739
0.75155456
37.66815
38.717959
39.168938
39.16908
39.143506
39.137786
39.137668
39.137527
39.137434
39.14318
39.157417
39.187344
39.244051
39.341381
39.478243
39.64987
39.807976
39.947584
40.052253
40.104187
40.113551
40.09931
39.79119
39.134647
37.700514
35.395696
32.387784
28.974316
25.329777
21.635822
18.033645
14.615947
11.429114
8.488192
5.790509
3.3241351
1.0722351
37.91247
38.974187
39.162427
39.156046
39.155961
39.162304
39.16284
39.146344
39.135687
39.127149
39.123796
39.123551
39.123484
39.132301
39.154779
39.213834
39.336036
39.526075
39.741505
39.951145
40.115779
40.183458
40.201944
40.202188
39.821197
38.813518
36.690964
33.727692
30.130753
26.149669
22.02684
17.965333
14.097726
10.490094
7.1637858
4.1150143
1.3277212
38.091118
39.066905
39.167063
39.187064
39.238778
39.269823
39.275226
39.244711
39.212752
39.17649
39.146586
39.127732
39.122516
39.122196
39.122143
39.128835
39.163086
39.251749
39.415461
39.624993
39.846918
40.045629
40.183263
40.22708
40.230409
40.030229
39.065111
36.909956
33.749782
29.838742
25.468774
20.941175
16.501332
12.298506
8.4002903
4.8229675
1.5550848
38.207046
39.102295
39.183266
39.251011
39.343548
39.387942
39.398324
39.365253
39.321338
39.266592
39.212457
39.167826
39.137754
39.124258
39.121859
39.121813
39.123064
39.144561
39.221505
39.380614
39.591856
39.818896
40.024195
40.174197
40.23875
40.244004
40.066931
38.981568
36.567023
33.042201
28.696151
23.876689
18.946597
14.171391
9.6945201
5.5687578
1.7953716
38.272593
39.118613
39.2064
39.321838
39.445868
39.50737
39.524662
39.496948
39.443985
39.379269
39.30556
39.236569
39.180652
39.143546
39.125857
39.121731
39.121688
39.12222
39.13623
39.211305
39.374458
39.594439
39.829129
40.038881
40.18968
40.250915
40.253705
40.013097
38.587516
35.704258
31.644889
26.729384
21.4076
16.08446
11.019253
6.3286813
2.0386275
38.303844
39.126572
39.229961
39.385483
39.532519
39.606744
39.629366
39.629837
39.563973
39.498862
39.415212
39.328274
39.248201
39.185381
39.145178
39.12642
39.12164
39.121572
39.121825
39.134989
39.216612
39.391841
39.62275
39.862734
40.072927
40.216389
40.26297
40.263785
39.835816
37.826768
34.31764
29.542962
23.971508
18.140203
12.466114
7.1656214
2.3075764
38.319873
39.132901
39.249798
39.436365
39.600453
39.687832
39.722163
39.727612
39.673245
39.610131
39.526257
39.431432
39.33467
39.247943
39.18255
39.143021
39.125898
39.121541
39.1214
39.121702
39.138358
39.237073
39.432288
39.67383
39.917283
40.123841
40.252174
40.281446
40.239588
39.304199
36.568175
32.177109
26.541839
20.276883
13.989822
8.0474578
2.5894595
38.319443
39.129764
39.263254
39.470409
39.651023
39.751994
39.800014
39.811228
39.766865
39.706567
39.627172
39.532907
39.429913
39.326932
39.237788
39.174073
39.138451
39.12464
39.121376
39.121231
39.121792
39.147178
39.276538
39.493259
39.744561
39.985736
40.180213
40.28302
40.29552
40.099437
38.364338
34.601099
29.134582
22.554351
15.657572
9.0234754
2.9027573
38.319535
39.11832
39.271017
39.498592
39.682998
39.800828
39.863672
39.881022
39.849795
39.788184
39.713563
39.623118
39.522095
39.41329
39.307519
39.220257
39.162414
39.133207
39.123338
39.121207
39.121102
39.122358
39.170668
39.336659
39.576349
39.833488
40.067196
40.24014
40.302966
40.301746
39.59944
36.679401
31.629977
24.906445
17.433631
10.069518
3.2369958
38.320676
39.095369
39.270174
39.498459
39.70744
39.830563
39.901854
39.922063
39.922253
39.857334
39.78624
39.698754
39.602661
39.496447
39.384082
39.279078
39.198317
39.150011
39.128505
39.122243
39.121069
39.121045
39.127648
39.21546
39.421293
39.679241
39.936404
40.158769
40.303847
40.332702
40.182633
38.361639
33.980702
27.346125
19.370173
11.231111
3.6098238
38.321198
39.060253
39.267113
39.492013
39.70418
39.846209
39.929823
39.953757
39.959094
39.912637
39.84618
39.760493
39.668205
39.568217
39.458027
39.344535
39.244705
39.175536
39.138974
39.124894
39.121442
39.120926
39.121226
39.143069
39.289514
39.531614
39.799171
40.046313
40.245283
40.338202
40.341711
39.556316
36.066751
29.792141
21.444214
12.499724
4.0164294
38.321116
39.015534
39.259053
39.475103
39.689185
39.839388
39.927661
39.970623
39.977099
39.946415
39.89099
39.808692
39.718647
39.624579
39.521115
39.408265
39.296943
39.20861
39.155347
39.130379
39.122542
39.12091
39.120784
39.122705
39.190864
39.396654
39.665969
39.930821
40.164948
40.33656
40.37784
40.168789
37.825446
32.20424
23.690715
13.920401
4.4746885
38.320862
38.964318
39.243362
39.450432
39.658519
39.816456
39.914259
39.963442
39.981763
39.957322
39.915608
39.840728
39.753659
39.6645
39.568263
39.461841
39.347849
39.245414
39.176086
39.13936
39.124888
39.121264
39.120738
39.121071
39.136902
39.281797
39.539687
39.816531
40.066463
40.279527
40.387609
40.371499
39.156764
34.464258
26.075898
15.498841
4.985924
38.320515
38.908229
39.218443
39.41966
39.614565
39.77423
39.88058
39.938753
39.962643
39.954763
39.922016
39.852093
39.770596
39.687127
39.597256
39.498639
39.388931
39.279683
39.197986
39.150301
39.128572
39.121895
39.120712
39.120756
39.122721
39.195878
39.42578
39.711373
39.97339
40.212037
40.390541
40.435415
39.955155
36.474448
28.579689
17.279059
5.570835
38.320072
38.848072
39.182145
39.382607
39.560069
39.712962
39.823523
39.889001
39.924357
39.915724
39.885268
39.832116
39.773617
39.693588
39.606915
39.514314
39.411982
39.303294
39.215532
39.16018
39.132937
39.122861
39.120685
39.120705
39.121259
39.146663
39.331948
39.62032
39.890733
40.141397
40.349349
40.459568
40.325633
38.105318
31.100294
19.267346
6.2370525
38.319462
38.784385
39.132292
39.337403
39.497518
39.635253
39.741913
39.809604
39.855526
39.850891
39.829428
39.786461
39.72622
39.658707
39.586316
39.516099
39.417409
39.310531
39.22226
39.164781
39.135577
39.123765
39.120655
39.120677
39.120867
39.130748
39.267942
39.553355
39.828221
40.087768
40.310875
40.467846
40.480218
39.244072
33.507723
21.474558
7.0040687
38.318694
38.716699
39.065939
39.279551
39.427218
39.545494
39.639418
39.701016
39.751348
39.749958
39.736187
39.703708
39.658327
39.603402
39.538464
39.45659
39.36384
39.275512
39.205465
39.159149
39.135895
39.123997
39.12063
39.120657
39.120763
39.126812
39.243602
39.524834
39.798096
40.059932
40.285187
40.469435
40.559262
39.903205
35.608811
23.84411
7.8754299
38.317836
38.645719
38.979967
39.200972
39.343935
39.445793
39.522159
39.574193
39.606353
39.617193
39.609196
39.587143
39.552378
39.505019
39.443561
39.368563
39.290858
39.223403
39.174089
39.143771
39.128191
39.121648
39.120625
39.120648
39.120737
39.1266
39.299764
39.524083
39.794908
40.055808
40.28083
40.466289
40.609464
40.268929
37.23313
26.265353
8.8591309
38.317003
38.571861
38.869354
39.087496
39.230426
39.324255
39.387182
39.428053
39.450484
39.457979
39.451498
39.431899
39.397538
39.35142
39.294321
39.234711
39.187258
39.154898
39.135703
39.126032
39.122134
39.120745
39.120867
39.121189
39.125778
39.24268
39.461473
39.717001
39.964339
40.183683
40.371669
40.529014
40.658698
40.48348
38.327925
28.487528
9.9009105
38.315502
38.485915
38.715661
38.907872
39.044103
39.134004
39.191452
39.223665
39.245566
39.241496
39.225299
39.198708
39.16892
39.142287
39.123193
39.120013
39.120091
39.120197
39.120305
39.12041
39.120513
39.120615
39.141968
39.20899
39.373437
39.578052
39.791923
39.997092
40.184878
40.35192
40.496757
40.618109
40.724858
40.62167
39.016194
30.231003
10.856695
38.317621
38.377495
38.475978
38.573279
38.650362
38.705604
38.738653
38.76899
38.800939
38.837625
38.880724
38.9289
38.980304
39.033582
39.087518
39.142513
39.202676
39.270294
39.347537
39.437751
39.543218
39.676371
39.817949
39.961604
40.101414
40.233357
40.354793
40.464056
40.560495
40.644314
40.71572
40.774738
40.824756
40.734234
39.372323
31.213052
11.476647
40.858327
40.843113
40.865642
40.940239
41.022471
41.104743
41.189291
41.266626
41.334541
41.392574
41.440965
41.47992
41.508433
41.525751
41.534666
41.531229
41.520251
41.501163
41.4749
41.442379
41.404528
41.362667
41.318113
41.272197
41.226241
41.181469
41.138836
41.098951
41.062355
41.029699
41.001268
40.97737
40.956496
40.831542
39.474481
31.42435
11.610922
42.909564
42.69107
42.543159
42.545096
42.572098
42.63835
42.717865
42.791382
42.849764
42.887042
42.915508
42.91096
42.891979
42.854825
42.802487
42.737331
42.661622
42.577246
42.485699
42.388078
42.285229
42.177419
42.065204
41.949513
41.831794
41.71391
41.597896
41.485803
41.379831
41.282193
41.194496
41.11825
41.057773
40.866035
39.275832
30.698907
11.126107
42.910789
42.495175
42.495167
42.563245
42.761661
42.983598
43.177449
43.327843
43.431127
43.492256
43.516341
43.506281
43.477728
43.4325
43.372557
43.299323
43.213501
43.115447
43.005595
42.884803
42.754529
42.616178
42.471906
42.323318
42.171513
42.01787
41.864423
41.713936
41.569794
41.435195
41.31306
41.202887
41.114912
40.824445
38.720398
29.11173
10.213866
42.909258
42.446817
42.499361
42.790845
43.168572
43.50244
43.760571
43.947699
44.062608
44.153494
44.150279
44.119274
44.045159
43.939715
43.815922
43.684982
43.553349
43.422927
43.291043
43.153301
43.006707
42.851757
42.684069
42.511764
42.339568
42.167533
41.995817
41.826764
41.663923
41.510922
41.371483
41.260765
41.13564
40.679433
37.742944
26.953589
9.1565125
42.909018
42.405681
42.576071
43.035162
43.498553
43.870989
44.148249
44.343909
44.462687
44.543567
44.534618
44.496362
44.415401
44.292163
44.134479
43.957467
43.778581
43.603074
43.439463
43.283797
43.126035
42.959513
42.813852
42.634889
42.442983
42.251826
42.06388
41.880453
41.70473
41.540804
41.392376
41.259918
41.110594
40.363669
36.256137
24.532486
8.1380915
42.909205
42.370531
42.673978
43.24562
43.752926
44.144386
44.435288
44.636019
44.756216
44.821721
44.803221
44.743497
44.643056
44.504357
44.321203
44.112092
43.898958
43.72492
43.53724
43.355302
43.179015
42.996962
42.810789
42.628267
42.433707
42.240745
42.051657
41.867561
41.691838
41.52887
41.383031
41.249299
41.028672
39.767461
34.237807
22.121186
7.2335795
42.909433
42.338081
42.783385
43.426236
43.947758
44.351956
44.653338
44.851763
44.972527
45.015387
44.985965
44.8986
44.768388
44.609475
44.437998
44.200019
43.945884
43.720336
43.527913
43.342535
43.162312
42.975822
42.784905
42.595983
42.397768
42.203079
42.013483
41.830572
41.657972
41.500874
41.364029
41.216021
40.854052
38.727137
31.883052
19.877101
6.4466721
42.909369
42.308667
42.895744
43.569643
44.09384
44.511445
44.81607
45.004094
45.126287
45.119224
45.076138
45.000701
44.8442
44.644091
44.427448
44.179644
43.919385
43.689002
43.490748
43.300764
43.114773
42.923773
42.730283
42.536804
42.337852
42.144342
41.957141
41.778372
41.612564
41.466642
41.337605
41.148076
40.489978
37.206951
29.401347
17.863968
5.7677375
42.908937
42.282353
43.003444
43.677089
44.202585
44.630834
44.928022
45.100771
45.182638
45.176638
45.123705
44.995932
44.828208
44.617385
44.379689
44.114733
43.852527
43.625881
43.426892
43.23495
43.044887
42.851065
42.65617
42.460366
42.263246
42.07316
41.890563
41.718562
41.563651
41.431966
41.298963
41.022361
39.774027
35.333957
26.957301
16.091255
5.1838574
42.908587
42.259306
43.099001
43.751815
44.280637
44.712475
44.993913
45.145752
45.198913
45.174596
45.108004
44.963845
44.774318
44.545211
44.288405
44.015451
43.760838
43.542669
43.345345
43.152583
42.960009
42.764985
42.569635
42.373986
42.180766
41.995672
41.819544
41.657567
41.518152
41.399167
41.23341
40.77716
38.622511
33.237536
24.649653
14.538285
4.6790535
42.908383
42.239705
43.176889
43.799011
44.331444
44.757788
45.019831
45.158153
45.191105
45.153598
45.05748
44.892271
44.682385
44.435667
44.166305
43.896685
43.656146
43.44743
43.252249
43.059166
42.865456
42.670483
42.475896
42.282723
42.094814
41.915952
41.748603
41.600498
41.478194
41.35951
41.127056
40.250621
37.135446
31.047959
22.531463
13.18257
4.2419775
42.908175
42.223555
43.234283
43.82412
44.356107
44.771656
45.024157
45.129253
45.159868
45.095307
44.972052
44.786725
44.558348
44.298291
44.026786
43.7701
43.545666
43.344987
43.151594
42.958615
42.764963
42.57113
42.378729
42.189819
42.008192
41.837144
41.681812
41.551153
41.442753
41.299986
40.931254
39.349729
35.397078
28.862775
20.610161
11.992414
3.8594828
42.907818
42.210475
43.26987
43.832053
44.361954
44.750747
44.976522
45.075788
45.097711
45.001681
44.855992
44.652313
44.409469
44.144344
43.881518
43.642955
43.43304
43.238145
43.046152
42.853828
42.661286
42.469658
42.280826
42.097454
41.923179
41.762358
41.622681
41.510429
41.405252
41.207549
40.498652
38.14171
33.503583
26.759026
18.884948
10.947931
3.5246597
42.907396
42.200203
43.287092
43.825036
44.32707
44.706545
44.917047
44.992686
45.005366
44.877686
44.713861
44.495295
44.245142
43.984991
43.738573
43.518586
43.319772
43.128659
42.937981
42.746965
42.556486
42.368103
42.184032
42.00731
41.84211
41.694799
41.573719
41.47594
41.350455
41.031978
39.757423
36.685345
31.539195
24.776518
17.337601
10.025327
3.2289557
42.907225
42.192433
43.290345
43.804861
44.283124
44.636173
44.832457
44.887401
44.890119
44.72769
44.551667
44.323988
44.075664
43.829012
43.602035
43.397775
43.206464
43.017868
42.828747
42.639753
42.452231
42.268077
42.089855
41.921184
41.767577
41.637068
41.534875
41.441592
41.268484
40.647301
38.747297
35.053603
29.581748
22.942542
15.956654
9.2114904
2.9683348
42.907439
42.182635
43.269216
43.769291
44.218883
44.542068
44.727099
44.780477
44.714645
44.563613
44.376588
44.147967
43.909949
43.681528
43.472852
43.280152
43.093562
42.906975
42.719874
42.533633
42.349919
42.17096
41.999834
41.841223
41.702287
41.590797
41.502806
41.390285
41.102885
40.013079
37.509821
33.317722
27.683933
21.26132
14.72208
8.4891313
2.7367751
42.912825
42.165992
43.245996
43.721982
44.14162
44.430193
44.584623
44.626532
44.536694
44.3903
44.197297
43.975977
43.753798
43.544187
43.350221
43.165176
42.981649
42.797121
42.61262
42.429866
42.250821
42.078131
41.915683
41.769545
41.647818
41.554764
41.47154
41.317376
40.749685
39.152528
36.103298
31.550609
25.888928
19.737092
13.623493
7.850058
2.5319207
42.921342
42.141612
43.213383
43.665534
44.053893
44.310093
44.436498
44.466538
44.360151
44.213643
44.022169
43.814045
43.609511
43.416256
43.232778
43.052551
42.871408
42.68932
42.50806
42.329558
42.156107
41.990956
41.839125
41.708057
41.605152
41.525961
41.424474
41.159319
40.200166
38.096535
34.587822
29.806883
24.216332
18.360353
12.643997
7.2821005
2.3496406
42.933184
42.112269
43.175683
43.60225
43.958987
44.183643
44.285177
44.305385
44.185414
44.040709
43.85719
43.664814
43.476629
43.295906
43.119317
42.942296
42.763539
42.58446
42.407133
42.233685
42.066836
41.910675
41.77154
41.657528
41.572409
41.497471
41.356151
40.842422
39.465462
36.889623
33.024223
28.130404
22.678342
17.123775
11.772981
6.7785296
2.1879742
42.949326
42.077371
43.132631
43.533724
43.85965
44.055234
44.133238
44.145043
44.016083
43.877029
43.70507
43.528031
43.353143
43.181167
43.009031
42.834627
42.658666
42.483248
42.310558
42.142968
41.983812
41.838332
41.714161
41.618594
41.547045
41.455159
41.209803
40.368028
38.566922
35.578766
31.460095
26.544875
21.272299
16.012421
10.995463
6.3296142
2.0436828
42.970035
42.036686
43.084528
43.461122
43.757187
43.928526
43.985651
43.990355
43.855244
43.72531
43.565549
43.401609
43.236547
43.070399
42.901464
42.729777
42.557215
42.386104
42.21871
42.0578
41.90762
41.774763
41.667434
41.589197
41.521519
41.391493
40.933427
39.741391
37.534827
34.209098
29.931392
25.062681
19.991593
15.013164
10.300069
5.9286387
1.9147275
42.99615
41.98969
43.031069
43.385169
43.651719
43.803101
43.849782
43.820735
43.707959
43.584876
43.436432
43.282646
43.124447
42.962339
42.796272
42.627775
42.459237
42.293011
42.131558
41.978328
41.838817
41.720885
41.631776
41.566878
41.483902
41.259333
40.525596
38.972938
36.399267
32.814158
28.456546
23.681824
18.821892
14.109389
9.6735241
5.5675987
1.7985098
43.029362
41.935218
42.971156
43.305847
43.544185
43.670932
43.708737
43.664635
43.571571
43.453318
43.314531
43.168095
43.014725
42.855889
42.692936
42.528227
42.364279
42.203496
42.048789
41.904641
41.777927
41.676911
41.604932
41.543825
41.424761
41.016896
39.98247
38.074509
35.183919
31.413338
27.03902
22.390666
17.744824
13.283347
9.1024556
5.2386341
1.6925284
43.072566
41.87097
42.902461
43.221326
43.436426
43.543227
43.573004
43.525276
43.440957
43.327395
43.196217
43.05501
42.9054
42.749794
42.590481
42.430159
42.271353
42.116721
41.969985
41.836979
41.725763
41.643356
41.584695
41.508835
41.300785
40.652988
39.298733
37.054243
33.901954
30.012003
25.670872
21.171694
16.740291
12.517423
8.5740725
4.9343138
1.5944101
43.131262
41.792736
42.82107
43.128654
43.323438
43.417253
43.441657
43.391696
43.311761
43.203001
43.077538
42.940335
42.794219
42.642253
42.487225
42.331913
42.17897
42.031657
41.894894
41.775882
41.682652
41.61747
41.561519
41.450129
41.070249
40.147403
38.462637
35.909593
32.551288
28.600092
24.332669
20.000523
15.784361
11.791706
8.074073
4.6462723
1.5014533
43.214122
41.694644
42.721479
43.024855
43.199544
43.285336
43.306321
43.255496
43.179187
43.074946
42.953959
42.820436
42.678154
42.530516
42.380529
42.231065
42.085224
41.947282
41.823543
41.722025
41.648797
41.597592
41.529334
41.309258
40.700675
39.465431
37.446565
34.61869
31.109168
27.149337
22.991448
18.843775
14.847438
11.082838
7.5861743
4.3651478
1.4106554
43.333611
41.571632
42.592217
42.906006
43.058611
43.139919
43.158972
43.109251
43.036627
42.936586
42.819712
42.690295
42.552666
42.410384
42.266621
42.124558
41.988111
41.86293
41.756748
41.677273
41.624346
41.572804
41.446854
41.033296
40.130614
38.544642
36.194198
33.130843
29.526272
25.609483
21.597752
17.65646
13.89196
10.362074
7.0905782
4.0795633
1.3183499
43.509121
41.418884
42.411469
42.76442
42.893844
42.971255
42.989398
42.942977
42.874398
42.779025
42.667148
42.543276
42.411905
42.276594
42.140747
42.008377
41.885199
41.779186
41.698733
41.645689
41.601412
41.508783
41.218202
40.518855
39.241003
37.265115
34.594168
31.344419
27.707989
23.891945
20.071021
16.36888
12.860957
9.5858167
6.5569135
3.7718457
1.2187961
43.789999
41.232844
42.144944
42.579269
42.698706
42.76703
42.786145
42.745784
42.682152
42.592699
42.486991
42.369606
42.245211
42.118171
41.993765
41.878906
41.781917
41.709692
41.66082
41.615733
41.526826
41.281286
40.677033
39.552286
37.803864
35.409024
32.45141
29.087719
25.502241
21.862394
18.295241
14.884367
11.677464
8.696367
5.9457303
3.4193964
1.1047308
44.251667
41.029581
41.74147
42.291627
42.459011
42.504995
42.520573
42.489379
42.431642
42.349842
42.253056
42.147431
42.039568
41.936138
41.843796
41.767835
41.70915
41.658857
41.597924
41.476728
41.182403
40.539885
39.372545
37.6477
35.351663
32.560824
29.410881
26.059244
22.651569
19.30147
16.086293
13.052318
10.222755
7.6050392
5.1963323
2.9873387
0.96491751
44.971034
40.865388
41.208924
41.728236
42.083877
42.182593
42.198722
42.181435
42.140057
42.080234
42.010452
41.936403
41.86222
41.78946
41.719026
41.650896
41.567153
41.430831
41.166848
40.654149
39.741708
38.304847
36.344394
33.942677
31.176597
28.170925
25.052726
21.933136
18.896262
15.998323
13.272308
10.734174
8.3881628
6.23071
4.2531726
2.4437792
0.7891226
46.098804
40.814479
40.804782
40.803739
41.139831
41.491969
41.737731
41.806438
41.771623
41.722982
41.653178
41.564529
41.451599
41.301978
41.088502
40.760192
40.247467
39.455983
38.275417
36.613655
34.459001
31.99682
29.360155
26.571061
23.73731
20.94447
18.259252
15.727244
13.374709
11.209648
9.2296496
7.4252753
5.7830669
4.2879363
2.9250037
1.6806561
0.54283965
47.926173
42.911324
42.015787
40.526556
39.670288
38.897169
38.406177
38.076563
37.807108
37.439691
36.971747
36.364412
35.563177
34.549522
33.293663
31.774752
29.992199
27.977968
25.810609
23.614641
21.518475
19.497182
17.574956
15.787087
14.167757
12.732945
11.485619
10.400578
9.3334349
8.246639
7.1127705
5.9288508
4.7187679
3.5324638
2.4309289
1.4122633
0.4596912
49.91562
49.736407
49.820161
49.562994
49.197917
48.620938
47.898064
47.191975
46.544532
45.944673
45.385049
44.871394
44.43482
44.057747
43.740307
43.490022
43.321672
43.253302
43.249154
43.499312
43.798329
44.21838
44.70865
45.207566
45.614808
45.794268
45.558966
44.684355
43.284109
41.236714
38.408707
34.688312
30.018662
24.424082
18.019943
11.05454
3.8064119
)
;

boundaryField
{
    inner_wall
    {
        type            zeroGradient;
    }
    outer_wall
    {
        type            fixedValue;
        value           uniform 0;
    }
    side_outlet
    {
        type            zeroGradient;
    }
    inlet
    {
        type            fixedValue;
        value           uniform 50;
    }
    bottom
    {
        type            zeroGradient;
    }
    front
    {
        type            wedge;
    }
    back
    {
        type            wedge;
    }
}


// ************************************************************************* //
