/*--------------------------------*- C++ -*----------------------------------*\
| =========                 |                                                 |
| \\      /  F ield         | OpenFOAM: The Open Source CFD Toolbox           |
|  \\    /   O peration     | Version:  2506                                  |
|   \\  /    A nd           | Website:  www.openfoam.com                      |
|    \\/     M anipulation  |                                                 |
\*---------------------------------------------------------------------------*/
FoamFile
{
    version     2.0;
    format      ascii;
    arch        "LSB;label=32;scalar=64";
    class       volScalarField;
    location    "87";
    object      p;
}
// * * * * * * * * * * * * * * * * * * * * * * * * * * * * * * * * * * * * * //

dimensions      [0 2 -2 0 0 0 0];

internalField   nonuniform List<scalar> 
3072
(
-0.000123967156
-9.41515294e-05
-9.04857039e-05
-8.44512072e-05
-7.46945495e-05
-6.2969809e-05
-5.10207635e-05
-3.99856131e-05
-2.77742574e-05
-1.40153786e-05
-7.56287938e-06
-7.7601844e-06
-7.62204231e-06
-6.31046117e-06
-4.47204101e-06
-2.49540403e-06
-5.35727899e-07
1.3237912e-06
3.02537082e-06
4.52418769e-06
5.80686714e-06
7.01603946e-06
8.04229849e-06
8.74650153e-06
9.27238622e-06
9.66435273e-06
9.94257582e-06
1.01314842e-05
1.02633918e-05
1.03857711e-05
1.0565904e-05
1.08151626e-05
-0.00026431042
-0.000186452126
-0.00016013869
-0.000141512764
-0.000123474797
-0.00010485065
-8.64210232e-05
-6.86357505e-05
-5.08430105e-05
-3.39336341e-05
-2.18125421e-05
-1.44699935e-05
-8.57002258e-06
-3.29991482e-06
1.33040772e-06
5.32477572e-06
8.74335743e-06
1.16448838e-05
1.40880854e-05
1.61498289e-05
1.77775624e-05
1.92003253e-05
2.04184808e-05
2.12384737e-05
2.18514286e-05
2.23315841e-05
2.27116269e-05
2.30231804e-05
2.33043146e-05
2.36021569e-05
2.39473781e-05
2.42410759e-05
-0.000326423855
-0.000221781268
-0.000176574436
-0.000146113113
-0.000121669672
-0.000100771946
-8.23237843e-05
-6.56797814e-05
-5.03714438e-05
-3.6514729e-05
-2.47568935e-05
-1.50290791e-05
-6.70558246e-06
5.33257689e-07
6.82418847e-06
1.22633671e-05
1.69345217e-05
2.09092458e-05
2.42731744e-05
2.72005417e-05
2.95866314e-05
3.14880766e-05
3.30811529e-05
3.4316915e-05
3.52851899e-05
3.60472075e-05
3.6646926e-05
3.71230361e-05
3.75126483e-05
3.78541421e-05
3.81780594e-05
3.844923e-05
-0.000386212928
-0.000266915193
-0.000210788365
-0.000168760908
-0.000135763064
-0.000109664234
-8.78522888e-05
-6.8931634e-05
-5.21830172e-05
-3.72967573e-05
-2.41971549e-05
-1.27467286e-05
-2.72759667e-06
6.04067611e-06
1.36900562e-05
2.03248315e-05
2.60363726e-05
3.09110028e-05
3.50378828e-05
3.85009178e-05
4.14022761e-05
4.3757361e-05
4.56285885e-05
4.71510735e-05
4.83630137e-05
4.93170681e-05
5.0067436e-05
5.06623438e-05
5.11448564e-05
5.15569724e-05
5.19303043e-05
5.2225388e-05
-0.000442025343
-0.000315680739
-0.0002464657
-0.000194678166
-0.000154290615
-0.000122038944
-9.54362485e-05
-7.29130943e-05
-5.34564589e-05
-3.64582533e-05
-2.1555163e-05
-8.48026395e-06
2.98970144e-06
1.30327548e-05
2.17905661e-05
2.9383263e-05
3.59220516e-05
4.15135542e-05
4.62355867e-05
5.00709355e-05
5.32998449e-05
5.6063659e-05
5.8258115e-05
6.00109162e-05
6.14108064e-05
6.25244124e-05
6.34105886e-05
6.41221954e-05
6.47075681e-05
6.52151881e-05
6.56822667e-05
6.60574698e-05
-0.000490655534
-0.000359350206
-0.000280091279
-0.000220370352
-0.000173454988
-0.00013507451
-0.000103461293
-7.69814281e-05
-5.44125226e-05
-3.4937139e-05
-1.80134849e-05
-3.2569333e-06
9.62071984e-06
2.08410282e-05
3.05814331e-05
3.89919065e-05
4.62065718e-05
5.23489794e-05
5.75295224e-05
6.18425055e-05
6.54207998e-05
6.83738087e-05
7.0772235e-05
7.27058043e-05
7.42588593e-05
7.55059844e-05
7.65134341e-05
7.73399554e-05
7.80400879e-05
7.86710725e-05
7.92766574e-05
7.97778529e-05
-0.000531925765
-0.000396360102
-0.000311284974
-0.000245353461
-0.000191929378
-0.000147979332
-0.000111621491
-8.11857728e-05
-5.53783212e-05
-3.32741864e-05
-1.42176057e-05
2.27298235e-06
1.65601262e-05
2.89247197e-05
3.95928385e-05
4.87542462e-05
5.657473e-05
6.32035608e-05
6.87778144e-05
7.34253121e-05
7.72691621e-05
8.04239735e-05
8.2993179e-05
8.50736387e-05
8.67550358e-05
8.81190024e-05
8.92385209e-05
9.01781565e-05
9.09987419e-05
9.17668844e-05
9.25330261e-05
9.31836482e-05
-0.000566132814
-0.000427474184
-0.000338406779
-0.000267796786
-0.000209055562
-0.000160191582
-0.000119500869
-8.5339491e-05
-5.63985372e-05
-3.17025951e-05
-1.05252553e-05
7.68777557e-06
2.33651087e-05
3.68457781e-05
4.8405716e-05
5.82769076e-05
6.66602643e-05
7.37343553e-05
7.96609102e-05
8.45884853e-05
8.86546e-05
9.19861974e-05
9.46998152e-05
9.69025321e-05
9.869225e-05
0.000100157663
0.000101377839
0.000102422646
0.000103358734
0.000104261565
0.00010518762
0.000105987816
-0.000594146879
-0.00045343531
-0.00036122398
-0.000286857393
-0.000223987879
-0.00017107922
-0.00012666191
-8.91942421e-05
-5.7400759e-05
-3.02971383e-05
-7.12035143e-06
1.27315941e-05
2.9737935e-05
4.42864686e-05
5.66976581e-05
6.72427123e-05
7.61563436e-05
8.36457736e-05
8.98967578e-05
9.50776835e-05
9.9342164e-05
0.000102830523
0.000105670788
0.000107979589
0.000109862747
0.000111415562
0.000112722635
0.000113858512
0.000114894868
0.000115914685
0.00011697945
0.00011790917
-0.000616490119
-0.000474436908
-0.000379939629
-0.00030266856
-0.000236574295
-0.000180404991
-0.00013288854
-9.25989432e-05
-5.83159513e-05
-2.90709291e-05
-4.08744453e-06
1.7264145e-05
3.54984828e-05
5.10408385e-05
6.42482372e-05
7.54254375e-05
8.48370647e-05
9.27162099e-05
9.92707049e-05
0.000104687393
0.000109135188
0.00011276708
0.000115721652
0.00011812421
0.000120087723
0.000121713383
0.000123090611
0.000124297936
0.00012541108
0.000126518743
0.000127686182
0.000128711019
-0.000633726406
-0.000490848343
-0.000394799216
-0.00031536645
-0.000246803972
-0.000188073228
-0.000138060078
-9.54446727e-05
-5.90688096e-05
-2.79908714e-05
-1.43661691e-06
2.12367972e-05
4.05664916e-05
5.70046692e-05
7.09363163e-05
8.26931494e-05
9.25645219e-05
0.000100805489
0.00010764289
0.000113279718
0.000117898391
0.000121663103
0.000124721659
0.000127206905
0.000129237945
0.000130920945
0.000132349331
0.000133604863
0.000134766276
0.000135925995
0.000137151793
0.000138229532
-0.000646482453
-0.00050316373
-0.000406149989
-0.000325165591
-0.000254771208
-0.000194090732
-0.000142131268
-9.7663656e-05
-5.95900686e-05
-2.69996779e-05
8.70557822e-07
2.46669297e-05
4.4939201e-05
6.21575511e-05
7.67270645e-05
8.89998566e-05
9.92845692e-05
0.00010785383
0.00011494991
0.000120789094
0.000125564981
0.000129451066
0.00013260277
0.000135159124
0.000137244195
0.00013896812
0.00014042746
0.000141706463
0.000142885881
0.000144059915
0.000145297693
0.000146384397
-0.000655394656
-0.000511912961
-0.000414397801
-0.000332349279
-0.000260647097
-0.000198536939
-0.000145114452
-9.92251722e-05
-5.9824025e-05
-2.60315697e-05
2.9002829e-06
2.7615215e-05
4.86687477e-05
6.65419381e-05
8.16534306e-05
9.43698223e-05
0.000105013975
0.000113871739
0.000121197211
0.000127216938
0.00013213322
0.000136126777
0.000139358929
0.000141973448
0.000144098157
0.000145846129
0.00014731623
0.000148594497
0.00014976281
0.000150915407
0.000152121792
0.000153176686
-0.00066107865
-0.000517622774
-0.000419969002
-0.000337236163
-0.000264647532
-0.000201538468
-0.000147064336
-0.000100129147
-5.97322817e-05
-2.50233586e-05
4.73014845e-06
3.01660462e-05
5.184107e-05
7.02419396e-05
8.57957123e-05
9.88785438e-05
0.000109823112
0.00011892457
0.000126445494
0.000132619824
0.000137656157
0.00014174042
0.000145038158
0.000147696482
0.000149845815
0.000151601208
0.000153063064
0.000154318597
0.000155450077
0.000156550362
0.000157688564
0.000158677418
-0.000664111098
-0.000520794176
-0.00042328479
-0.000340155124
-0.000267010777
-0.000203250497
-0.000148064777
-0.000100400942
-5.92951694e-05
-2.39218348e-05
6.43693718e-06
3.24118444e-05
5.45579888e-05
7.3364245e-05
8.92621798e-05
0.0001026337
0.000113817654
0.000123115234
0.000130794571
0.000137094491
0.000142227731
0.000146383617
0.000149730397
0.000152417276
0.000154576236
0.000156323472
0.000157760267
0.000158974502
0.000160048263
0.000161071988
0.000162113845
0.000163010838
-0.000665020891
-0.000521895636
-0.000424751977
-0.000341432016
-0.000267982632
-0.000203844174
-0.000148219711
-0.000100087097
-5.85118201e-05
-2.26884768e-05
8.0880004e-06
3.44411736e-05
5.69230215e-05
7.60223231e-05
9.21724123e-05
0.000105758109
0.000117121619
0.000126567568
0.000134367268
0.000140762357
0.000145967907
0.000150175119
0.000153553669
0.000156253797
0.000158408188
0.000160133495
0.000161531347
0.0001626899
0.000163690641
0.000164620914
0.000165547596
0.000166335874
-0.000664283301
-0.00052135263
-0.000424745584
-0.000341375432
-0.000267805111
-0.000203496688
-0.000147645855
-9.9250513e-05
-5.73988498e-05
-2.13015548e-05
9.73599465e-06
3.63308142e-05
5.90312665e-05
7.83246782e-05
9.46443901e-05
0.000108376106
0.000119863351
0.000129412204
0.000137295352
0.000143755613
0.000149008988
0.000153247342
0.000156640771
0.000159339724
0.000161476918
0.000163168934
0.000164517349
0.000165610297
0.000166528411
0.000167355589
0.000168157242
0.000168828467
-0.000662311624
-0.000519540849
-0.000423607253
-0.000340271651
-0.000266708352
-0.000202382893
-0.000146465382
-9.79649882e-05
-5.59873051e-05
-1.975543e-05
1.14171547e-05
3.81418878e-05
6.09635825e-05
8.03674662e-05
9.67858497e-05
0.000110603976
0.000122165282
0.000131775888
0.000139708552
0.00014620608
0.000151484364
0.000155735042
0.000159127888
0.000161812948
0.000163922491
0.00016557265
0.00016686467
0.000167886458
0.000168717654
0.000169438637
0.000170113311
0.000170666537
-0.000659462439
-0.000516782771
-0.000421639735
-0.00033837788
-0.000264903105
-0.000200667875
-0.00014479894
-9.63093372e-05
-5.43181192e-05
-1.80576624e-05
1.31524917e-05
3.99193523e-05
6.27845071e-05
8.22310078e-05
9.86896139e-05
0.000112544309
0.000124137503
0.000133774427
0.000141727022
0.000148237281
0.000153520279
0.000157766821
0.000161145853
0.000163806615
0.000165880606
0.000167483273
0.000168715346
0.000169664378
0.000170408974
0.000171026122
0.000171578279
0.000172018465
-0.000656030902
-0.000513345185
-0.000419106824
-0.000335921484
-0.000262577776
-0.000198502558
-0.0001427607
-9.43625622e-05
-5.24377863e-05
-1.62255402e-05
1.495035e-05
4.16934864e-05
6.45425417e-05
8.39789399e-05
0.000100431893
0.000114283499
0.000125874522
0.00013550878
0.00014345687
0.000149959495
0.000155230472
0.000159459409
0.000162814127
0.000165442818
0.000167476035
0.000169028401
0.000170200037
0.000171078065
0.000171740085
0.000172259965
0.00017269884
0.000173035253
-0.00065224921
-0.000509468522
-0.000416222682
-0.000333097223
-0.000259899669
-0.000196022941
-0.000140455512
-9.22002528e-05
-5.03946136e-05
-1.42823122e-05
1.68104189e-05
4.34839166e-05
6.62717056e-05
8.56575608e-05
0.000102071708
0.000115891215
0.000127454377
0.000137063659
0.000144988257
0.000151467376
0.000156713377
0.000160914501
0.000164237301
0.000166828826
0.000168818602
0.000170320385
0.000171433644
0.000172245045
0.000172831248
0.000173263357
0.000173601359
0.000173846054
-0.000648309791
-0.000505543661
-0.000413023527
-0.000330015932
-0.000257004788
-0.000193345111
-0.000137974045
-8.98897106e-05
-4.82338035e-05
-1.22515973e-05
1.87305752e-05
4.53085632e-05
6.79953904e-05
8.72932801e-05
0.000103649565
0.000117419438
0.00012893769
0.000138506573
0.000146394321
0.00015283872
0.000158050693
0.000162217117
0.000165503286
0.000168055102
0.00017000108
0.000171454124
0.00017251306
0.000173264097
0.000173783049
0.000174138649
0.000174389913
0.000174556414
-0.000644358594
-0.000501785468
-0.000409594534
-0.000326787839
-0.000254003376
-0.000190564575
-0.000135394662
-8.74931132e-05
-4.60032704e-05
-1.01708715e-05
2.06756535e-05
4.71294152e-05
6.97230518e-05
8.89480264e-05
0.000105226614
0.000118924119
0.000130380494
0.00013989602
0.000147736504
0.00015413789
0.000159309539
0.000163436908
0.000166683999
0.000169195579
0.000171099186
0.000172506886
0.00017351688
0.000174214949
0.000174676164
0.000174967263
0.000175146399
0.000175248689
-0.000640495758
-0.000498119778
-0.000406181936
-0.00032353476
-0.000250976588
-0.000187753434
-0.000132779123
-8.50584371e-05
-4.37366887e-05
-8.06414642e-06
2.26387184e-05
4.89666249e-05
7.14755424e-05
9.06229789e-05
0.000106806794
0.000120423156
0.000131811382
0.00014126798
0.000149056401
0.000155410987
0.000160539675
0.000164626613
0.000167834653
0.000170307515
0.000172171705
0.000173538669
0.000174506063
0.000175159157
0.000175572436
0.000175811057
0.000175932215
0.000175983328
-0.000636798251
-0.000494584016
-0.000402826074
-0.0003203704
-0.000247993748
-0.000184958671
-0.000130165886
-8.26125601e-05
-4.14409177e-05
-5.94862179e-06
2.46306613e-05
5.08472794e-05
7.32423035e-05
9.22821543e-05
0.000108381147
0.000121924779
0.000133248073
0.000142646695
0.000150383395
0.000156691514
0.000161777895
0.000165825701
0.000168997018
0.000171434647
0.000173261906
0.000174592504
0.000175524561
0.000176141022
0.000176515995
0.000176713714
0.00017679043
0.000176801422
-0.000633314759
-0.000491225688
-0.000399594596
-0.00031733154
-0.000245110045
-0.000182229803
-0.000127596365
-8.02016136e-05
-3.91855474e-05
-3.79639569e-06
2.66461398e-05
5.27502609e-05
7.50345835e-05
9.39664278e-05
0.000109983031
0.000123455549
0.000134715066
0.00014405683
0.000151743033
0.000158006092
0.000163051894
0.000167062649
0.000170199432
0.000172604367
0.000174402559
0.000175704273
0.000176606232
0.000177193002
0.000177538199
0.000177705027
0.000177749444
0.000177732724
-0.000630067334
-0.000488069068
-0.000396541989
-0.000314418765
-0.000242329816
-0.000179585477
-0.000125090574
-7.78323671e-05
-3.69472254e-05
-1.67642424e-06
2.86573347e-05
5.46623167e-05
7.68381461e-05
9.56699336e-05
0.000111612522
0.000125020309
0.000136221035
0.000145510103
0.000153149471
0.000159370879
0.00016437947
0.000168356744
0.000171463097
0.000173840071
0.000175612385
0.000176889722
0.000177768411
0.000178332842
0.000178656282
0.000178801292
0.000178823555
0.000178788197
-0.000627059075
-0.000485121386
-0.00039367426
-0.000311654196
-0.000239673576
-0.000177043193
-0.000122664788
-7.55218495e-05
-3.47480665e-05
4.18226475e-07
3.06598172e-05
5.65757162e-05
7.86540846e-05
9.73999592e-05
0.000113277128
0.000126626552
0.000137773998
0.000147015243
0.000154612133
0.000160795912
0.000165771159
0.000169718833
0.000172798825
0.000175152207
0.000176903272
0.000178161347
0.000179022464
0.00017957076
0.000179879249
0.000180010097
0.000180018779
0.000179972444
-0.000624280017
-0.000482378084
-0.000390987627
-0.000309042767
-0.000237147132
-0.000174608491
-0.000120325193
-7.32778101e-05
-3.25980442e-05
2.47716842e-06
3.26340028e-05
5.84782428e-05
8.04897127e-05
9.91680334e-05
0.000114984135
0.000128278981
0.000139377928
0.000148576195
0.000156135137
0.000162285543
0.000167231533
0.000171153625
0.000174211292
0.000176545231
0.000178279393
0.000179522813
0.000180371271
0.000180908696
0.000181207917
0.000181330885
0.00018133293
0.000181281774
-0.000621711056
-0.000479825335
-0.000388471519
-0.000306578468
-0.000234746658
-0.00017227908
-0.000118070876
-7.11004397e-05
-3.04981071e-05
4.49927935e-06
3.45786129e-05
6.03559866e-05
8.23338113e-05
0.000100977723
0.00011673595
0.000129977861
0.000141032303
0.000150192322
0.000157717919
0.000163839304
0.000168760187
0.000172660697
0.000175699951
0.000178018333
0.00017973952
0.000180972311
0.000181812279
0.000182343179
0.000182637704
0.000182757732
0.000182758501
0.000182707229
-0.000619327496
-0.000477443163
-0.000386109762
-0.000304248801
-0.000232462079
-0.000170046527
-0.000115894122
-6.89813533e-05
-2.84364544e-05
6.50544161e-06
3.65276924e-05
6.22296232e-05
8.41649082e-05
0.000102791685
0.000118507773
0.000131707913
0.00014272647
0.000151855441
0.000159353853
0.00016545156
0.000170352054
0.000174235237
0.000177260003
0.000179566526
0.000181278297
0.000182503945
0.000183338888
0.000183866747
0.000184160125
0.000184280929
0.000184284353
0.000184236355
-0.000617102338
-0.000475208647
-0.000383883271
-0.000302038206
-0.000230280987
-0.000167901259
-0.000113787925
-6.69158692e-05
-2.64109719e-05
8.49403671e-06
3.84770212e-05
6.41164994e-05
8.59991796e-05
0.000104601016
0.000120289682
0.000133461647
0.000144453995
0.000153559375
0.000161036823
0.000167116173
0.000172000885
0.000175870792
0.000178884694
0.00018118266
0.000182888077
0.000184109466
0.000184942145
0.00018546963
0.00018576448
0.000185888698
0.000185897467
0.000185855009
-0.000615008342
-0.000473097973
-0.000381771872
-0.000299929794
-0.000228189999
-0.000165833534
-0.000111746433
-6.49028278e-05
-2.44275109e-05
1.04475978e-05
4.03992471e-05
6.60084828e-05
8.78593383e-05
0.000106429081
0.000122091961
0.000135242022
0.000146214295
0.000155301363
0.000162762527
0.000168827722
0.000173700408
0.00017756039
0.000180566425
0.000182858535
0.000184560046
0.00018577942
0.000186611901
0.000187140932
0.00018743905
0.000187568407
0.00018758419
0.000187548623
-0.00061301908
-0.00047108752
-0.000379755159
-0.000297905749
-0.000226174298
-0.000163831364
-0.000109760211
-6.29349915e-05
-2.24803349e-05
1.23718264e-05
4.23003578e-05
6.79009003e-05
8.97391994e-05
0.000108274015
0.00012390798
0.000137042364
0.000148001089
0.000157075058
0.000164524279
0.000170579096
0.000175443063
0.000179296008
0.0001822967
0.000184585159
0.000186284697
0.000187503745
0.000188337508
0.000188869375
0.000189171889
0.00018930737
0.000189331023
0.000189302975
-0.00061110983
-0.000469154852
-0.000377813564
-0.000295948502
-0.000224219002
-0.000161882418
-0.000107819203
-6.10043022e-05
-2.05626387e-05
1.42737528e-05
4.41866052e-05
6.97854547e-05
9.16207261e-05
0.00011013007
0.000125740248
0.000138863096
0.000149811939
0.000158876277
0.000166316746
0.000172364048
0.000177221829
0.000181069956
0.000184067232
0.000186353693
0.000188052657
0.00018927255
0.000190108547
0.000190644006
0.000190951484
0.000191093484
0.000191125229
0.000191104769
-0.000609258329
-0.000467279504
-0.000375929156
-0.000294041464
-0.00022230992
-0.000159974683
-0.000105913211
-5.91019976e-05
-1.86662581e-05
1.61624682e-05
4.60670099e-05
7.16590806e-05
9.34864184e-05
0.000111986963
0.000127588978
0.000140702785
0.00015164318
0.000160700084
0.000168134156
0.000174176111
0.000179029631
0.000182874622
0.000185869917
0.000188155578
0.000189854933
0.000191076408
0.000191915168
0.000192454545
0.000192767121
0.000192915576
0.000192955147
0.000192941915
-0.000607445345
-0.000465443576
-0.000374086336
-0.000292169737
-0.0002204345
-0.000158097734
-0.000104033717
-5.72214945e-05
-1.67867977e-05
1.80394316e-05
4.79405677e-05
7.35282855e-05
9.53488949e-05
0.000113845391
0.000129445078
0.000142553286
0.000153487998
0.000162539999
0.000169969928
0.000176008478
0.000180859384
0.000184702615
0.000187697051
0.000189982787
0.000191683175
0.000192906652
0.000193748379
0.000194291675
0.000194609154
0.00019476366
0.000194810427
0.000194803737
-0.000605654893
-0.000463631991
-0.000372272107
-0.000290320233
-0.000218581985
-0.000156242581
-0.000102173289
-5.53569399e-05
-1.49200605e-05
1.99069978e-05
4.98080509e-05
7.53943349e-05
9.72102246e-05
0.000115704743
0.000131304884
0.00014441033
0.000155341896
0.000164391138
0.000171818742
0.000177855427
0.000182705003
0.000186547514
0.000189541897
0.000191828289
0.000193530073
0.000194755703
0.000195600344
0.00019614731
0.000196469251
0.000196629154
0.000196682227
0.000196681158
-0.000603874231
-0.000461832595
-0.000370476201
-0.000288481629
-0.000216743704
-0.000154401824
-0.000100325738
-5.35034836e-05
-1.3062532e-05
2.17673346e-05
5.16702638e-05
7.725702e-05
9.90705416e-05
0.00011756506
0.000133167055
0.000146271488
0.000157201659
0.00016624968
0.000173676281
0.000179712222
0.000184561392
0.000188403907
0.000191398764
0.000193686143
0.000195389457
0.000196617182
0.00019746449
0.000198014698
0.000198340489
0.000198504971
0.000198563294
0.000198566766
-0.000602093717
-0.000460036342
-0.00036869065
-0.000286644372
-0.00021491326
-0.000152569477
-9.84859976e-05
-5.16571576e-05
-1.12112624e-05
2.36224605e-05
5.35283778e-05
7.91168264e-05
0.000100929758
0.000119425578
0.000135030141
0.000148134725
0.000159064703
0.000168112577
0.0001755391
0.000181575076
0.000186424466
0.000190267452
0.000193263083
0.000195551578
0.000197256381
0.000198485987
0.000199335578
0.000199888476
0.000200217397
0.000200385542
0.000200447969
0.000200454818
-0.000600306442
-0.000458237346
-0.000366905392
-0.000284804768
-0.000213086546
-0.000150740587
-9.66500542e-05
-4.98148935e-05
-9.36394577e-06
2.54739962e-05
5.53834046e-05
8.09742493e-05
0.000102787811
0.000121285615
0.000136893004
0.000149998537
0.000160929138
0.000169977578
0.000177404636
0.000183441155
0.000188291155
0.000192134873
0.000195131401
0.000197420991
0.000199127113
0.00020035828
0.000201209683
0.000201764651
0.000202095928
0.000202266759
0.000202332075
0.000202341228
-0.000598507463
-0.00045643112
-0.000365097625
-0.000282978529
-0.000211261564
-0.00014891168
-9.481526e-05
-4.79745858e-05
-7.51892555e-06
2.73231425e-05
5.72361211e-05
8.28297035e-05
0.000104644683
0.000123144716
0.000138754906
0.000151861951
0.000162793722
0.000171843191
0.000179271172
0.000185308542
0.000190159369
0.000194003932
0.000197001354
0.000199291916
0.000200999104
0.000202231447
0.000203084144
0.000203640538
0.000203973382
0.000204145859
0.000204212631
0.000204223903
-0.000596695848
-0.000454616353
-0.000363279759
-0.000281153191
-0.000209434145
-0.000147080483
-9.29795965e-05
-4.61345462e-05
-5.67488206e-06
2.91708555e-05
5.90871621e-05
8.46835504e-05
0.000106500418
0.000125002708
0.000140615579
0.000153724549
0.000164657863
0.000173708655
0.000181137794
0.00018717619
0.000192027944
0.000195873365
0.000198871599
0.000201162943
0.000202870899
0.000204104003
0.000204957462
0.000205514624
0.00020584825
0.000206021482
0.000206088802
0.000206101021
-0.000594871999
-0.000452792647
-0.000361454399
-0.000279327663
-0.000207603875
-0.000145246645
-9.11424984e-05
-4.42941932e-05
-3.83130384e-06
3.10175236e-05
6.09367347e-05
8.65356986e-05
0.00010835471
0.000126859659
0.000142475432
0.000155586567
0.000166521601
0.000175573883
0.00018300432
0.000189043837
0.000193896553
0.000197742794
0.00020074172
0.000203033636
0.00020474205
0.000205975503
0.000206829206
0.000207386507
0.000207720164
0.000207893339
0.000207960601
0.000207972489
-0.000593037726
-0.00045096181
-0.000359621114
-0.000277503051
-0.000205771683
-0.000143410965
-8.93046819e-05
-4.24540795e-05
-1.9886119e-06
3.28628048e-05
6.27844307e-05
8.83852153e-05
0.000110205791
0.000128715482
0.000144336319
0.000157449404
0.000168385819
0.00017743952
0.000184871289
0.000190911962
0.00019576564
0.000199612649
0.000202612146
0.000204904434
0.000206613019
0.000207846442
0.000208699915
0.000209256779
0.000209589788
0.000209762158
0.000209828704
0.000209839186
-0.000591195904
-0.000449126636
-0.000357772594
-0.000275688623
-0.000203940962
-0.000141575523
-8.74678655e-05
-4.06154351e-05
-1.47506311e-07
3.47066235e-05
6.46310242e-05
9.02336637e-05
0.000112053491
0.000130568619
0.000146197765
0.000159313242
0.000170250962
0.000179306173
0.000186739449
0.000192781431
0.000197636171
0.000201483978
0.000204483998
0.000206776525
0.000208485059
0.00020971814
0.000210570978
0.000211126914
0.000211458688
0.000211629536
0.000211694448
0.000211703109
-0.000589351837
-0.000447291718
-0.000355922318
-0.000273877282
-0.000202114525
-0.000139743263
-8.56341978e-05
-3.87797794e-05
1.69113456e-06
3.6548883e-05
6.64775111e-05
9.20836378e-05
0.000113901235
0.000132418958
0.000148056877
0.000161176585
0.000172116814
0.000181174318
0.000188609692
0.000194653437
0.000199509563
0.000203358373
0.000206359008
0.000208651758
0.000210360123
0.000211592644
0.000212444537
0.000212999149
0.000213329203
0.000213497888
0.00021356029
0.0002135669
-0.000587512088
-0.000445462469
-0.000354082086
-0.000272068261
-0.0002002954
-0.000137918045
-8.38067748e-05
-3.69495801e-05
3.52525625e-06
3.8387694e-05
6.83216586e-05
9.39325264e-05
0.000115750074
0.00013427031
0.00014991601
0.000163041165
0.000173985134
0.000183045839
0.000190484019
0.000196530098
0.000201388052
0.000205238182
0.000208239633
0.000210532694
0.000212240872
0.000213472714
0.00021432345
0.000214876437
0.000215204387
0.000215370424
0.000215429712
0.000215433674
-0.000585684092
-0.000443645478
-0.000352258113
-0.000270268076
-0.000198487938
-0.00013610413
-8.19892021e-05
-3.51277325e-05
5.35252883e-06
4.0221096e-05
7.01615459e-05
9.57782191e-05
0.000117598922
0.000136124597
0.00015177864
0.000164909851
0.000175858438
0.000184923217
0.000192364982
0.000198414066
0.000203274405
0.000207126295
0.000210128879
0.000212422458
0.000214130544
0.000215361701
0.000216211177
0.000216762352
0.000217087932
0.000217250969
0.000217306688
0.000217307512
-0.000583876225
-0.000441848532
-0.000350456677
-0.000268484181
-0.000196697419
-0.000134306088
-8.01852986e-05
-3.3317192e-05
7.17086046e-06
4.20479063e-05
7.19970919e-05
9.76217626e-05
0.000119448118
0.00013798149
0.000153645378
0.00016678397
0.000177738531
0.000186808637
0.000194255086
0.000200308115
0.000205171624
0.000209025909
0.000212030124
0.000214324583
0.000216032822
0.000217263426
0.000218111678
0.000218660988
0.000218984065
0.000219143891
0.00021919574
0.000219193082
-0.000582097671
-0.000440080219
-0.000348684907
-0.000266724208
-0.000194929821
-0.000132528926
-7.83992198e-05
-3.15212211e-05
8.97787312e-06
4.38666048e-05
7.38276411e-05
9.94633394e-05
0.000121298392
0.000139841894
0.000155517315
0.000168665035
0.000179627395
0.000188704484
0.000196157055
0.000202215261
0.000207082982
0.000210940523
0.000213947064
0.00021624295
0.000217951751
0.000219182097
0.000220029312
0.000220576855
0.000220897449
0.000221054014
0.000221101861
0.00022109554
-0.000580358248
-0.000438349663
-0.000346950577
-0.00026499594
-0.000193191547
-0.000130777971
-7.66353644e-05
-2.97432802e-05
1.07710284e-05
4.56755363e-05
7.56523934e-05
0.000101303052
0.000123150758
0.000141706998
0.000157395465
0.000170554416
0.000181526982
0.0001906132
0.000198073724
0.000204138669
0.000209011927
0.000212873835
0.000215883617
0.000218181674
0.000219891635
0.00022112219
0.000221968731
0.000222514778
0.000222833085
0.00022298652
0.000223030435
0.000223020452
-0.000578668186
-0.000436666292
-0.000345261832
-0.000263307193
-0.000191489163
-0.000129058698
-7.4898229e-05
-2.79868912e-05
1.2547789e-05
4.74731703e-05
7.74709747e-05
0.000103142124
0.000125008159
0.000143578058
0.000159278954
0.000172452214
0.000183438665
0.000192536986
0.000200007839
0.000206081502
0.000210961958
0.00021482962
0.000217843798
0.000220144984
0.0002218569
0.000223088328
0.000223934745
0.00022447976
0.000224796176
0.000224946829
0.000224987117
0.000224973688
-0.000577037846
-0.000435039557
-0.0003436269
-0.000261665612
-0.000189829179
-0.000127376575
-7.3192361e-05
-2.62557246e-05
1.43053215e-05
4.92574572e-05
7.92820682e-05
0.000104980134
0.000126871672
0.000145456875
0.000161169353
0.000174360381
0.000185364915
0.000194478748
0.000201962627
0.000208047236
0.000212936767
0.000216811769
0.000219831683
0.000222137138
0.000223851986
0.000225085133
0.000225932175
0.000226476829
0.000226791973
0.000226940439
0.000226977682
0.000226961272
-0.000575477328
-0.000433478568
-0.000342053725
-0.000260078395
-0.000188217753
-0.000125736834
-7.15222213e-05
-2.45536216e-05
1.60401962e-05
5.10249661e-05
8.10813426e-05
0.000106810978
0.000128737149
0.000147348924
0.000163075867
0.000176284317
0.000187309889
0.000196442408
0.000203941934
0.00021003968
0.000214940178
0.000218824165
0.00022185125
0.000224162233
0.000225881136
0.000227117019
0.000227965626
0.000228510806
0.000228825538
0.000228972686
0.000229007779
0.000228989144
-0.000573995999
-0.000431991628
-0.000340549508
-0.000258551829
-0.000186660187
-0.000124143869
-6.98913898e-05
-2.28834375e-05
1.77501732e-05
5.27739577e-05
8.28673589e-05
0.000108633022
0.000130602317
0.000149253758
0.000165000815
0.000178227028
0.000189276807
0.00019843107
0.000205948829
0.000212061938
0.000216975361
0.000220870064
0.000223905864
0.000226223771
0.000227948009
0.000229187828
0.000230039148
0.000230585975
0.000230901417
0.000231048417
0.000231082598
0.000231062804
-0.000572601994
-0.000430585754
-0.00033912027
-0.000257090851
-0.000185160497
-0.000122600841
-6.83021836e-05
-2.12466578e-05
1.94346263e-05
5.45049493e-05
8.46425048e-05
0.000110449858
0.000132463022
0.000151159904
0.000166941267
0.00018019394
0.000191270441
0.00020044812
0.000207986107
0.000214116611
0.000219044845
0.000222951993
0.000225998106
0.000228324431
0.000230055424
0.000231300556
0.000232155945
0.00023270578
0.000233023329
0.000233171663
0.000233206529
0.000233186965
-0.000571301747
-0.000429266188
-0.000337770463
-0.000255698596
-0.000183721088
-0.000121109506
-6.67556819e-05
-1.96437003e-05
2.1093784e-05
5.62189085e-05
8.64088028e-05
0.00011226486
0.000134322519
0.000153066237
0.000168894209
0.000182184198
0.000193290445
0.000202493582
0.000210054102
0.000216204282
0.000221149416
0.000225070919
0.000228129115
0.000230465534
0.000232204899
0.000233456932
0.000234317985
0.000234872454
0.000235193797
0.000235345281
0.000235382796
0.00023536518
-0.000570099453
-0.000428035791
-0.00033650262
-0.000254375894
-0.000182342398
-0.000119670004
-6.52516236e-05
-1.8073937e-05
2.27285592e-05
5.79168415e-05
8.81671571e-05
0.00011407984
0.000136188734
0.000154980445
0.000170857268
0.000184191229
0.000195332123
0.000204564608
0.000212150934
0.000218323602
0.000223288089
0.000227226134
0.000230298422
0.000232646825
0.000234396394
0.000235657151
0.000236525715
0.000237086722
0.000237413858
0.000237570655
0.000237613175
0.000237599567
-0.000568996412
-0.000426894272
-0.000335317553
-0.000253120295
-0.000181022377
-0.000118280729
-6.37882766e-05
-1.65354721e-05
2.4340814e-05
5.96001992e-05
8.99181901e-05
0.000115894287
0.000138060776
0.000156903878
0.000172832844
0.00018621536
0.000197394471
0.000206659799
0.000214275003
0.000220472818
0.000225459016
0.000229415754
0.000232504154
0.000234866496
0.00023662821
0.000237899682
0.000238777814
0.000239347512
0.000239682742
0.00023984738
0.000239897675
0.000239890492
-0.000567990253
-0.000425837773
-0.000334216479
-0.000251921556
-0.000179753582
-0.000116936912
-6.2361008e-05
-1.50239946e-05
2.593231e-05
6.1271083e-05
9.16636156e-05
0.000117708867
0.000139938114
0.000158836363
0.000174821588
0.000188256319
0.000199475734
0.000208776595
0.000216423264
0.000222648522
0.000227658514
0.000231635912
0.000234742357
0.000237120648
0.000238896633
0.000240180861
0.000241070869
0.000241651771
0.000241997741
0.000242173117
0.000242234346
0.000242236338
-0.000567074079
-0.000424859725
-0.000333197234
-0.000250756704
-0.000178519253
-0.000115625126
-6.09569254e-05
-1.3530245e-05
2.74939807e-05
6.29256758e-05
9.34015768e-05
0.000119522876
0.000141820899
0.000160776037
0.000176819437
0.000190310127
0.00020157189
0.000210910639
0.000218590934
0.000224845571
0.000229881179
0.000233881043
0.000237007451
0.000239404027
0.000241197048
0.000242493188
0.000243396887
0.000243992346
0.000244352305
0.000244541772
0.000244617407
0.000244631501
-0.000566233802
-0.000423947114
-0.000332188906
-0.000249682145
-0.000177346941
-0.000114347658
-5.95813158e-05
-1.2056457e-05
2.9081578e-05
6.4593737e-05
9.51499704e-05
0.000121348883
0.000143719405
0.00016272674
0.000178821789
0.000192370773
0.000203677986
0.000213056104
0.00022077102
0.000227056004
0.000232118238
0.000236141656
0.000239289107
0.000241704494
0.000243514669
0.000244831081
0.000245752039
0.000246363299
0.000246739687
0.000246946587
0.000247041214
0.000247072901
-0.000565448711
-0.000423078149
-0.000331186526
-0.000248646276
-0.000176187733
-0.000113071281
-5.82022778e-05
-1.05791495e-05
3.06558037e-05
6.62572266e-05
9.68973146e-05
0.000123175539
0.000145622253
0.000164684539
0.000180829626
0.000194435771
0.000205788497
0.000215205502
0.000222954643
0.000229269892
0.00023435901
0.000238406589
0.000241576115
0.000244012053
0.00024584182
0.000247177575
0.000248117733
0.00024874844
0.000249144963
0.000249373379
0.000249491691
0.000249545175
-0.000564692532
-0.000422224559
-0.000330205033
-0.000247589075
-0.000175013931
-0.000111784021
-5.68107795e-05
-9.08867878e-06
3.22402991e-05
6.79290748e-05
9.86474586e-05
0.000124996129
0.000147523053
0.000166664841
0.000182858677
0.000196502053
0.000207895628
0.000217349066
0.000225130219
0.000231473993
0.000236588893
0.000240660144
0.000243851859
0.000246309105
0.000248159851
0.000249516726
0.000250478562
0.000251131806
0.00025155211
0.000251806451
0.000251953383
0.000252032055
-0.000563927007
-0.000421347695
-0.000329200838
-0.000246487334
-0.000173798365
-0.000110458479
-5.53826586e-05
-7.56384953e-06
3.3856244e-05
6.96302881e-05
0.000100427695
0.000126846162
0.000149431954
0.000168631021
0.000184866499
0.000198541476
0.000209975345
0.000219465048
0.000227277052
0.000233647847
0.000238787222
0.00024288128
0.000246094868
0.000248573721
0.000250446402
0.000251826041
0.000252811867
0.000253490621
0.000253938384
0.000254223157
0.000254403974
0.000254512526
-0.000563101561
-0.000420402486
-0.000328123772
-0.000245305404
-0.000172506281
-0.000109062321
-5.38908779e-05
-5.9838079e-06
3.55179345e-05
7.13679934e-05
0.000102237233
0.000128718056
0.000151331282
0.000170563531
0.000186849916
0.0002005591
0.000212024759
0.000221542673
0.000229379383
0.000235772377
0.000240932461
0.000245046576
0.000248280292
0.00025077998
0.000252674759
0.000254078228
0.000255089972
0.000255796988
0.000256275779
0.000256595452
0.00025681551
0.000256959119
-0.000562152202
-0.000419360904
-0.000326903072
-0.000243992769
-0.000171096837
-0.000107559152
-5.23050303e-05
-4.32588472e-06
3.72388017e-05
7.31431288e-05
0.000104058112
0.00013057772
0.00015322254
0.000172498001
0.000188825557
0.000202553998
0.000214033576
0.000223565537
0.000231416308
0.000237823293
0.000242997748
0.000247127194
0.000250377755
0.000252896309
0.000254812423
0.000256240078
0.000257279134
0.000258016774
0.000258529891
0.000258888771
0.000259153379
0.000259337142
-0.000561015251
-0.000418291395
-0.000325368424
-0.000242461483
-0.000169515432
-0.00010590245
-5.05847394e-05
-2.55626296e-06
3.90472909e-05
7.49816787e-05
0.000105918516
0.000132455432
0.00015512596
0.000174417476
0.000190746123
0.000204479413
0.000215962725
0.000225498178
0.000233353089
0.000239765509
0.000244947278
0.000249086473
0.000252349722
0.000254884345
0.000256820288
0.000258271829
0.000259339026
0.000260109166
0.000260659486
0.000261061515
0.000261375658
0.000261604379
-0.000559602758
-0.00041698956
-0.000323543447
-0.000240665697
-0.000167701474
-0.000104039777
-4.86870579e-05
-6.40586892e-07
4.09695788e-05
7.69026571e-05
0.000107832556
0.000134359781
0.00015701986
0.000176291188
0.000192597424
0.000206316287
0.00021778681
0.000227310713
0.000235156455
0.000241562961
0.000246742653
0.000250884069
0.000254154224
0.000256700757
0.000258653864
0.000260128004
0.000261223309
0.000262027057
0.00026261676
0.000263065218
0.00026343325
0.000263711178
-0.000557822816
-0.00041529659
-0.000321381895
-0.000238542633
-0.000165585696
-0.000101911619
-4.65643848e-05
1.4575922e-06
4.30311718e-05
7.89202416e-05
0.00010980182
0.000136278974
0.000158888946
0.000178110374
0.000194369435
0.000208046002
0.000219478983
0.000228970458
0.000236789447
0.000243175325
0.000248340819
0.000252474692
0.000255744117
0.000258296836
0.0002602631
0.000261757364
0.000262879673
0.000263717145
0.000264347455
0.000264844667
0.000265269961
0.00026560049
-0.000555571315
-0.000413107096
-0.000318786371
-0.000236006178
-0.000163091937
-9.9453625e-05
-4.41647139e-05
3.77826271e-06
4.52605489e-05
8.10520062e-05
0.000111833804
0.000138212242
0.000160727042
0.000179858631
0.000196034768
0.000209636505
0.000221003391
0.000230437883
0.000238209232
0.000244556906
0.000249693633
0.000253808094
0.00025706733
0.000259618912
0.000261592886
0.000263103478
0.000264250432
0.000265120522
0.000265791444
0.000266338451
0.000266823008
0.000267208331
-0.000552728519
-0.000410310241
-0.000315650722
-0.000232961321
-0.000160138644
-9.65975164e-05
-4.14331287e-05
6.3631187e-06
4.76866757e-05
8.33149508e-05
0.000113934548
0.000140155937
0.000162521983
0.000181515364
0.000197565408
0.000211054158
0.000222321644
0.000231670449
0.000239369703
0.000245658584
0.000250749419
0.000254830417
0.000258068107
0.000260609534
0.000262584221
0.000264105868
0.000265273661
0.000266173806
0.000266883831
0.000267480049
0.000268024062
0.00026846473
-0.000549162231
-0.000406783838
-0.00031186104
-0.000229307062
-0.000156639335
-9.32714722e-05
-3.83125296e-05
9.25482738e-06
5.03384587e-05
8.57251758e-05
0.000116108485
0.00014210406
0.00016425856
0.00018305724
0.000198931013
0.000212262715
0.000223392545
0.000232622809
0.000240222044
0.000246428637
0.000251453999
0.000255485367
0.000258688286
0.000261208835
0.000263175614
0.000264701438
0.000265884626
0.00026681055
0.000267556383
0.000268199288
0.000268800511
0.000269293781
-0.000544730128
-0.00040239678
-0.000307296374
-0.00022493727
-0.000152503762
-8.9401352e-05
-3.47448068e-05
1.24959799e-05
5.3243879e-05
8.82972272e-05
0.00011835806
0.000144048352
0.000165919189
0.00018445865
0.000200099166
0.000213224066
0.000224173273
0.000233248256
0.000240716349
0.000246814502
0.000251752575
0.000255716218
0.000258869414
0.000261356746
0.000263305415
0.000264826933
0.000266018379
0.000266963996
0.000267740396
0.000268425395
0.000269078837
0.000269615887
-0.000539281782
-0.000397011132
-0.000301830661
-0.000219742351
-0.000147639633
-8.49122982e-05
-3.06722559e-05
1.61279114e-05
5.64290815e-05
9.10434938e-05
0.000120683466
0.000145978401
0.000167484387
0.000185692472
0.000201036407
0.000213899563
0.000224620966
0.00023350053
0.000240803601
0.000246764901
0.000251591959
0.000255468094
0.000258555038
0.000260995249
0.000262913959
0.000264420888
0.000265611461
0.000266568337
0.000267366834
0.000268084981
0.000268785265
0.000269376979
-0.000532661017
-0.000390484336
-0.00029533507
-0.00021361139
-0.000141954632
-7.97305879e-05
-2.60391765e-05
2.01894071e-05
5.99174391e-05
9.39736639e-05
0.000123082522
0.000147881941
0.000168933498
0.000186731192
0.000201709708
0.00021425182
0.000224694837
0.000233336199
0.000240438309
0.000246232705
0.00025092366
0.0002546913
0.000257694307
0.000260072295
0.000261947896
0.000263428477
0.000264607348
0.000265565276
0.000266376069
0.000267117047
0.000267850062
0.00026847956
-0.000524708668
-0.0003826718
-0.000287680676
-0.000206434639
-0.00013535876
-7.37857362e-05
-2.07936727e-05
2.471528e-05
6.37285648e-05
9.70942154e-05
0.000125550656
0.000149745352
0.000170245666
0.000187548317
0.000202088305
0.000214246911
0.000224358677
0.000232717435
0.000239581489
0.000245178063
0.000249707104
0.000253344548
0.000256245122
0.000258544786
0.000260362856
0.000261803725
0.000262958054
0.00026390433
0.000264714685
0.000265465425
0.000266215512
0.000266856867
-0.000515265694
-0.000373429812
-0.000278741471
-0.000198106359
-0.000127766979
-6.7012874e-05
-1.48896779e-05
2.97347781e-05
6.78772233e-05
0.00010040788
0.000128080955
0.000151554267
0.000171401005
0.000188120076
0.000202145855
0.000213856948
0.000223583805
0.000231615274
0.000238204199
0.000243572183
0.000247913631
0.000251399169
0.00025417857
0.000256383249
0.000258128429
0.000259514868
0.000260630037
0.000261549651
0.000262343542
0.000263086173
0.000263834679
0.000264477651
-0.000504176621
-0.000362618735
-0.000268397716
-0.000188528027
-0.000119102182
-5.9355411e-05
-8.28925739e-06
3.52697397e-05
7.23720392e-05
0.000103912972
0.000130664135
0.000153294201
0.000172381847
0.000188427221
0.00020186276
0.000213062851
0.000222352218
0.000230013092
0.000236291279
0.000241401289
0.000245530626
0.000248843396
0.000251483335
0.000253576385
0.000255232865
0.000256549187
0.000257609062
0.000258484993
0.000259243992
0.000259957829
0.000260681541
0.000261305635
-0.00049129319
-0.000350106352
-0.000256539575
-0.000177611898
-0.00010929846
-5.0767945e-05
-9.65209942e-07
4.13324027e-05
7.72138592e-05
0.000107602403
0.000133288268
0.000154950989
0.000173173847
0.000188456773
0.000201228459
0.00021185712
0.00022065978
0.000227910137
0.000233845175
0.000238670674
0.000242565777
0.000245686777
0.000248170271
0.000250135733
0.00025168771
0.000252917551
0.000253904657
0.000254717929
0.000255421067
0.000256082194
0.00025675375
0.000257334099
-0.000476477924
-0.000335771023
-0.000243070834
-0.000165285073
-9.83050661e-05
-4.12198337e-05
7.09558594e-06
4.79224719e-05
8.23934268e-05
0.000111462092
0.000135937973
0.000156510756
0.000173766704
0.000188203391
0.000200243373
0.000210246257
0.000218519008
0.000225324599
0.000230889198
0.00023540808
0.000239050479
0.000241963568
0.000244275664
0.000246098831
0.00024753106
0.000248657898
0.000249553761
0.000250283836
0.000250908026
0.000251489771
0.000252078378
0.000252586824
-0.000459607
-0.000319504484
-0.000227914388
-0.000151497793
-8.60930398e-05
-3.06994858e-05
1.58869819e-05
5.50221418e-05
8.78874175e-05
0.000115468083
0.000138592567
0.000157959032
0.000174154153
0.000187670143
0.000198920345
0.000208252789
0.000215961643
0.000222296705
0.000227471183
0.000231668017
0.000235044999
0.000237738908
0.000239868843
0.000241538879
0.000242839427
0.000243847861
0.000244632764
0.000245257759
0.000245776891
0.000246248972
0.000246720139
0.00024712549
-0.000440569322
-0.000301212941
-0.000211024407
-0.00013624535
-7.26519374e-05
-1.91958168e-05
2.53846482e-05
6.25917632e-05
9.36541247e-05
0.000119583033
0.000141223366
0.000159278928
0.000174332958
0.000186868199
0.000197284862
0.000205915847
0.000213039377
0.000218889347
0.000223663686
0.000227531017
0.000230635878
0.000233102829
0.000235040294
0.000236544747
0.000237699369
0.000238557501
0.000239215984
0.000239732339
0.000240125258
0.000240458284
0.000240775832
0.000241044183
-0.000419248758
-0.00028079914
-0.000192374814
-0.000119563801
-5.79337985e-05
-6.63754999e-06
3.55469928e-05
7.05680796e-05
9.96306601e-05
0.000123752802
0.000143790699
0.000160448872
0.000174301304
0.000185815754
0.000195374413
0.00020329081
0.000209823792
0.00021518844
0.00021956499
0.000223105831
0.000225940359
0.000228178995
0.000229916654
0.000231248272
0.000232299028
0.000233073581
0.000233547631
0.000233848757
0.000234077857
0.000234248754
0.000234380592
0.000234478037
-0.000395503943
-0.000258114332
-0.000171839509
-0.000101296679
-4.21234495e-05
6.54812091e-06
4.61255018e-05
7.87970032e-05
0.000105694036
0.000127877964
0.00014622768
0.000161433688
0.000174053566
0.000184535137
0.000193237561
0.000200450008
0.000206409585
0.000211309843
0.000215311132
0.000218548394
0.000221136744
0.000223176058
0.000224753613
0.000225930494
0.000226712546
0.000227241369
0.000227654164
0.000227894192
0.000227954836
0.000227910107
0.000227807745
0.000227700817
-0.000369313802
-0.000233137434
-0.000149571042
-8.15338643e-05
-2.55643948e-05
2.00942654e-05
5.70920326e-05
8.71120027e-05
0.000111700414
0.000131813835
0.00014844314
0.000162185303
0.000173578391
0.000183047945
0.000190925048
0.00019747114
0.000202895658
0.000207368135
0.000211027542
0.000213989446
0.000216351541
0.000218197421
0.000219599433
0.000220618691
0.000221309303
0.000221740597
0.000221939467
0.000221939677
0.000221796882
0.000221531652
0.000221170989
0.000220825303
-0.000340649098
-0.000205809369
-0.00012574176
-6.04225676e-05
-8.09024823e-06
3.38441512e-05
6.79726808e-05
9.53077621e-05
0.000117443027
0.000135513013
0.000150371293
0.000162656957
0.000172866597
0.00018138286
0.000188500134
0.000194446989
0.000199403114
0.000203511727
0.000206888725
0.000209629508
0.000211814102
0.000213510444
0.000214777624
0.0002156676
0.000216227595
0.000216502871
0.000216536163
0.000216360261
0.000216006543
0.000215490365
0.000214835173
0.000214218678
-0.000309513043
-0.000176410002
-0.000100545953
-3.87042991e-05
9.95115965e-06
4.81537894e-05
7.8692173e-05
0.000103073879
0.000122709911
0.000138698843
0.000151850639
0.000162764945
0.000171888544
0.000179555766
0.000186018373
0.000191467893
0.000196052026
0.000199886512
0.000203063697
0.000205658699
0.000207733951
0.000209342632
0.000210530605
0.000211338433
0.000211803446
0.000211960461
0.000211843223
0.000211483923
0.000210908072
0.000210121155
0.000209142694
0.000208226394
-0.000275798955
-0.000145528436
-7.36997697e-05
-1.64995811e-05
2.77461666e-05
6.19532708e-05
8.87840779e-05
0.000110067644
0.000127188241
0.000141165336
0.000152734293
0.000162423534
0.000170614485
0.000177584527
0.000183537497
0.000188625233
0.000192962705
0.000196638559
0.000199722458
0.000202270223
0.000204327497
0.000205932415
0.000207117586
0.000207911858
0.000208340871
0.000208429108
0.000208201542
0.000207684313
0.000206896492
0.000205831752
0.000204503961
0.000203257064
-0.000239285876
-0.000113208484
-4.55479711e-05
5.78619997e-06
4.47200616e-05
7.44647859e-05
9.7507852e-05
0.000115737107
0.000130477361
0.000142639012
0.000152848765
0.000161540344
0.000169016409
0.000175490873
0.000181117528
0.000186009149
0.000190250167
0.000193905042
0.000197023772
0.000199645568
0.000201801409
0.00020351595
0.000204808891
0.000205695895
0.00020618941
0.000206300049
0.000206039237
0.000205420995
0.000204452236
0.000203109744
0.000201406763
0.000199787665
-0.000199685213
-7.91730949e-05
-1.72900884e-05
2.71750738e-05
6.01270251e-05
8.49733782e-05
0.000104202497
0.000119570126
0.000132223209
0.000142899074
0.000152077956
0.000160077864
0.000167113334
0.000173333042
0.000178843433
0.000183723223
0.000188032357
0.00019181745
0.000195114917
0.000197952681
0.000200351365
0.000202325536
0.000203884446
0.000205031173
0.000205762396
0.000206067642
0.000205930873
0.000205343047
0.000204286415
0.000202700422
0.000200574547
0.000198500713
-0.000156253023
-4.34455625e-05
1.01052448e-05
4.62734805e-05
7.25359299e-05
9.24174051e-05
0.000108134082
0.0001211035
0.000132173132
0.000141844816
0.000150424112
0.000158104051
0.000165011142
0.000171234634
0.000176842744
0.000181890032
0.000186421695
0.000190475869
0.000194084063
0.000197270075
0.000200049631
0.000202434386
0.000204434153
0.000206044722
0.000207254261
0.000208037549
0.000208321633
0.000208040493
0.000207128009
0.000205446051
0.000202878538
0.000200262037
-0.000107439458
-6.9595553e-06
3.45271067e-05
6.1001748e-05
8.03944732e-05
9.58114136e-05
0.000108789289
0.000120163101
0.00013037034
0.00013964431
0.000148116782
0.000155869771
0.00016295447
0.000169415637
0.000175301263
0.00018065803
0.000185531427
0.000189966878
0.000194008913
0.000197694367
0.000201044113
0.000204089713
0.000206880514
0.000209401118
0.000211625096
0.000213569036
0.000215047483
0.000215787854
0.000215620631
0.000214323674
0.000211483854
0.000208438683
-4.24566231e-05
2.91305875e-05
5.174213e-05
6.7697217e-05
8.12781719e-05
9.37781465e-05
0.000105534475
0.000116609987
0.000126994599
0.000136679021
0.000145665075
0.000153946342
0.000161524879
0.000168437044
0.000174737339
0.000180479882
0.000185721698
0.000190529272
0.000194984135
0.00019915814
0.000203038129
0.000206574209
0.000209880128
0.000213282652
0.000217066193
0.000220850016
0.00022367864
0.000225483976
0.000227043013
0.000228190145
0.000227837493
0.000225776818
6.46120148e-05
6.48626762e-05
6.23758104e-05
6.80879684e-05
7.77932187e-05
8.91342891e-05
0.000100943481
0.000112572302
0.0001236631
0.000134102253
0.000143880018
0.00015290494
0.000161080152
0.000168464065
0.00017516139
0.000181237448
0.000186754714
0.000191794567
0.000196498903
0.000201024445
0.000205401764
0.000209573455
0.000213608623
0.00021781484
0.000222896349
0.00022975076
0.000238626506
0.000250127228
0.00026520619
0.000285366474
0.000314261838
0.000349257664
)
;

boundaryField
{
    inner_wall
    {
        type            zeroGradient;
    }
    outer_wall
    {
        type            zeroGradient;
    }
    top
    {
        type            zeroGradient;
    }
    bottom
    {
        type            fixedValue;
        value           uniform 0;
    }
    front
    {
        type            wedge;
    }
    back
    {
        type            wedge;
    }
}


// ************************************************************************* //
