/*--------------------------------*- C++ -*----------------------------------*\
| =========                 |                                                 |
| \\      /  F ield         | OpenFOAM: The Open Source CFD Toolbox           |
|  \\    /   O peration     | Version:  2506                                  |
|   \\  /    A nd           | Website:  www.openfoam.com                      |
|    \\/     M anipulation  |                                                 |
\*---------------------------------------------------------------------------*/
FoamFile
{
    version     2.0;
    format      ascii;
    arch        "LSB;label=32;scalar=64";
    class       volScalarField;
    location    "333";
    object      p;
}
// * * * * * * * * * * * * * * * * * * * * * * * * * * * * * * * * * * * * * //

dimensions      [0 2 -2 0 0 0 0];

internalField   nonuniform List<scalar> 
3072
(
-0.00012396713
-9.41515027e-05
-9.04856799e-05
-8.44511885e-05
-7.46945454e-05
-6.29698209e-05
-5.10207734e-05
-3.99856205e-05
-2.77742637e-05
-1.40153887e-05
-7.56288945e-06
-7.76019924e-06
-7.62205775e-06
-6.31048016e-06
-4.47205847e-06
-2.49542276e-06
-5.35744862e-07
1.32377365e-06
3.02535487e-06
4.52417245e-06
5.80685199e-06
7.01602387e-06
8.04228415e-06
8.74648783e-06
9.27237318e-06
9.66434013e-06
9.94256309e-06
1.01314714e-05
1.02633786e-05
1.03857583e-05
1.05658926e-05
1.08151526e-05
-0.000264310272
-0.000186451971
-0.000160138531
-0.000141512599
-0.000123474713
-0.000104850581
-8.64209772e-05
-6.8635697e-05
-5.08429628e-05
-3.39335891e-05
-2.18125242e-05
-1.44699827e-05
-8.5700343e-06
-3.29992455e-06
1.33038475e-06
5.32475782e-06
8.74333154e-06
1.16448615e-05
1.4088058e-05
1.61498053e-05
1.77775346e-05
1.92002977e-05
2.04184522e-05
2.12384465e-05
2.18514011e-05
2.23315565e-05
2.27115976e-05
2.30231505e-05
2.33042834e-05
2.36021269e-05
2.39473496e-05
2.4241049e-05
-0.000326423552
-0.000221780947
-0.000176574065
-0.000146112714
-0.000121669277
-0.000100771584
-8.23234666e-05
-6.56794981e-05
-5.03712038e-05
-3.65145124e-05
-2.47566942e-05
-1.50289023e-05
-6.7054269e-06
5.33385911e-07
6.82429594e-06
1.2263451e-05
1.69345893e-05
2.09092938e-05
2.42732114e-05
2.72005654e-05
2.95866429e-05
3.14880746e-05
3.30811464e-05
3.4316901e-05
3.52851709e-05
3.60471828e-05
3.66468977e-05
3.71230052e-05
3.75126166e-05
3.78541079e-05
3.8178021e-05
3.84491881e-05
-0.000386213043
-0.000266915276
-0.000210788426
-0.000168760899
-0.000135762965
-0.000109664131
-8.78521546e-05
-6.8931544e-05
-5.21829134e-05
-3.72966964e-05
-2.4197075e-05
-1.27466829e-05
-2.72753738e-06
6.04070385e-06
1.36900902e-05
2.03248387e-05
2.60363801e-05
3.09109875e-05
3.50378654e-05
3.85008859e-05
4.14022473e-05
4.37573188e-05
4.56285432e-05
4.7151019e-05
4.83629571e-05
4.93170044e-05
5.00673712e-05
5.06622753e-05
5.11447884e-05
5.15569005e-05
5.19302277e-05
5.22253072e-05
-0.000442025795
-0.000315681285
-0.000246466405
-0.000194678976
-0.00015429131
-0.00012203962
-9.54368306e-05
-7.2913648e-05
-5.34569375e-05
-3.64587061e-05
-2.15555551e-05
-8.48062908e-06
2.98938136e-06
1.30324584e-05
2.1790302e-05
2.93830178e-05
3.59218284e-05
4.15133441e-05
4.62353892e-05
5.00707466e-05
5.32996676e-05
5.60634915e-05
5.82579519e-05
6.00107571e-05
6.14106497e-05
6.25242591e-05
6.34104366e-05
6.41220458e-05
6.47074193e-05
6.52150421e-05
6.56821239e-05
6.60573299e-05
-0.000490655748
-0.000359350495
-0.000280091731
-0.000220370836
-0.000173455568
-0.000135074991
-0.00010346187
-7.69819252e-05
-5.44130648e-05
-3.49375994e-05
-1.80139599e-05
-3.25733774e-06
9.6203139e-06
2.08406771e-05
3.05810855e-05
3.89916e-05
4.62062718e-05
5.23487096e-05
5.75292591e-05
6.18422621e-05
6.54205609e-05
6.83735843e-05
7.07720152e-05
7.27055939e-05
7.42586529e-05
7.55057836e-05
7.6513235e-05
7.73397584e-05
7.80398905e-05
7.86708777e-05
7.9276466e-05
7.97776646e-05
-0.000531925645
-0.00039635991
-0.000311284606
-0.0002453531
-0.000191929114
-0.000147979125
-0.000111621361
-8.11856845e-05
-5.53783006e-05
-3.32741937e-05
-1.42176661e-05
2.27290221e-06
1.65600081e-05
2.89245877e-05
3.9592681e-05
4.87540792e-05
5.65745473e-05
6.32033724e-05
6.8777617e-05
7.34251108e-05
7.72689549e-05
8.04237635e-05
8.29929649e-05
8.50734231e-05
8.67548178e-05
8.8118784e-05
8.92383015e-05
9.01779371e-05
9.09985223e-05
9.17666639e-05
9.25328037e-05
9.31834242e-05
-0.000566133033
-0.000427474315
-0.000338406817
-0.000267796733
-0.000209055456
-0.000160191495
-0.000119500759
-8.53394414e-05
-5.63984808e-05
-3.17026053e-05
-1.0525269e-05
7.68770245e-06
2.3365027e-05
3.68456498e-05
4.84055784e-05
5.8276736e-05
6.66600846e-05
7.37341521e-05
7.96607009e-05
8.45882604e-05
8.86543709e-05
9.19859579e-05
9.46995733e-05
9.69022829e-05
9.8691999e-05
0.000100157407
0.000101377582
0.000102422386
0.000103358475
0.000104261302
0.000105187354
0.000105987547
-0.000594147535
-0.000453436016
-0.000361224725
-0.000286858191
-0.000223988603
-0.000171079951
-0.000126662535
-8.91948586e-05
-5.74012893e-05
-3.02976584e-05
-7.1208122e-06
1.27311416e-05
2.97375209e-05
4.42860607e-05
5.66972742e-05
6.72423329e-05
7.61559787e-05
8.36454119e-05
8.98964047e-05
9.50773329e-05
9.93418184e-05
0.000102830179
0.000105670447
0.00010797925
0.000109862409
0.000111415226
0.000112722299
0.000113858178
0.000114894536
0.000115914354
0.000116979121
0.000117908843
-0.000616490658
-0.000474437496
-0.000379940314
-0.000302669251
-0.000236575111
-0.000180405747
-0.000132889357
-9.25996739e-05
-5.83166973e-05
-2.90715941e-05
-4.08810472e-06
1.72635501e-05
3.54978989e-05
5.10403038e-05
6.42477141e-05
7.54249498e-05
8.48365871e-05
9.27157572e-05
9.92702601e-05
0.000104686966
0.000109134766
0.00011276667
0.000115721246
0.000118123812
0.00012008733
0.000121712994
0.000123090224
0.000124297551
0.000125410695
0.000126518359
0.000127685801
0.00012871064
-0.000633726623
-0.000490848532
-0.00039479935
-0.000315366588
-0.000246804133
-0.000188073417
-0.000138060333
-9.5444951e-05
-5.90691495e-05
-2.79912213e-05
-1.43700979e-06
2.12364023e-05
4.05660706e-05
5.70042503e-05
7.09358829e-05
8.26927198e-05
9.25640851e-05
0.000100805057
0.000107642455
0.000113279286
0.000117897958
0.000121662673
0.000124721229
0.000127206478
0.000129237518
0.000130920521
0.000132348907
0.000133604441
0.000134765854
0.000135925574
0.000137151373
0.000138229111
-0.000646482862
-0.000503164094
-0.000406150291
-0.000325165855
-0.000254771402
-0.000194090946
-0.000142131452
-9.76638921e-05
-5.95903039e-05
-2.69999686e-05
8.70256458e-07
2.46665842e-05
4.49388436e-05
6.21571629e-05
7.67266666e-05
8.89994389e-05
9.92841447e-05
0.000107853393
0.00011494947
0.000120788647
0.000125564532
0.000129450614
0.000132602317
0.000135158668
0.00013724374
0.000138967664
0.000140427004
0.000141706007
0.000142885425
0.000144059458
0.000145297235
0.000146383938
-0.000655395397
-0.000511913728
-0.000414398605
-0.000332350096
-0.000260647876
-0.000198537708
-0.00014511515
-9.9225859e-05
-5.9824652e-05
-2.60321903e-05
2.89970227e-06
2.76146372e-05
4.86681944e-05
6.65413865e-05
8.16528936e-05
9.43692868e-05
0.000105013448
0.000113871214
0.00012119669
0.00012721642
0.000132132705
0.000136126264
0.000139358418
0.000141972938
0.000144097648
0.000145845622
0.000147315725
0.000148593993
0.000149762307
0.000150914905
0.000152121292
0.000153176187
-0.000661079331
-0.000517623488
-0.000419969763
-0.000337236947
-0.000264648387
-0.000201539295
-0.000147065198
-0.000100129953
-5.97330907e-05
-2.50241107e-05
4.72940575e-06
3.01653497e-05
5.18403853e-05
7.02412892e-05
8.57950724e-05
9.88779286e-05
0.000109822505
0.000118923981
0.000126444911
0.000132619253
0.000137655591
0.000141739863
0.000145037603
0.000147695934
0.000149845269
0.000151600666
0.000153062525
0.00015431806
0.000155449539
0.000156549825
0.000157688029
0.000158676884
-0.000664111615
-0.00052079467
-0.000423285253
-0.000340155568
-0.000267011244
-0.000203250967
-0.000148065296
-0.000100401466
-5.92957371e-05
-2.39224013e-05
6.43634332e-06
3.24112567e-05
5.45573863e-05
7.33636504e-05
8.92615783e-05
0.000102633106
0.000113817058
0.000123114645
0.000130793982
0.000137093908
0.000142227149
0.000146383039
0.000149729821
0.000152416703
0.000154575664
0.000156322904
0.0001577597
0.000158973938
0.000160047699
0.000161071425
0.000162113283
0.000163010277
-0.000665021496
-0.000521896217
-0.000424752516
-0.000341432537
-0.000267983096
-0.000203844652
-0.000148220162
-0.000100087581
-5.85123006e-05
-2.26889905e-05
8.0874806e-06
3.44406292e-05
5.692247e-05
7.60217564e-05
9.21718402e-05
0.000105757529
0.000117121035
0.00012656698
0.00013436668
0.000140761767
0.000145967318
0.00015017453
0.00015355308
0.00015625321
0.000158407602
0.00016013291
0.000161530763
0.000162689316
0.000163690058
0.000164620331
0.000165547012
0.000166335291
-0.000664284103
-0.000521353445
-0.000424746425
-0.000341376273
-0.000267805938
-0.000203497499
-0.000147646624
-9.92512658e-05
-5.73995638e-05
-2.13022588e-05
9.73531692e-06
3.63301422e-05
5.90306107e-05
7.83240265e-05
9.46437482e-05
0.000108375468
0.000119862719
0.000129411575
0.000137294727
0.000143754991
0.000149008368
0.000153246725
0.000156640156
0.000159339112
0.000161476307
0.000163168325
0.000164516742
0.000165609692
0.000166527806
0.000167354985
0.000168156639
0.000168827864
-0.000662312366
-0.000519541616
-0.000423608052
-0.000340272469
-0.000266709209
-0.000202383734
-0.000146466241
-9.79658094e-05
-5.59881253e-05
-1.97562113e-05
1.14163817e-05
3.81411471e-05
6.09628511e-05
8.03667593e-05
9.6785151e-05
0.000110603295
0.000122164608
0.000131775227
0.000139707896
0.000146205432
0.000151483721
0.000155734405
0.000159127254
0.000161812319
0.000163921864
0.000165572026
0.000166864048
0.000167885838
0.000168717035
0.000169438018
0.000170112693
0.000170665919
-0.000659463079
-0.000516783389
-0.000421640322
-0.000338378448
-0.000264903699
-0.000200668468
-0.000144799574
-9.63099697e-05
-5.43187824e-05
-1.80583206e-05
1.31518155e-05
3.99186839e-05
6.27838298e-05
8.22303393e-05
9.86889419e-05
0.000112543646
0.000124136839
0.000133773771
0.000141726366
0.000148236632
0.000153519632
0.000157766178
0.000161145211
0.000163805977
0.00016587997
0.000167482639
0.000168714715
0.000169663748
0.000170408344
0.000171025493
0.000171577651
0.000172017838
-0.000656031586
-0.000513345847
-0.000419107441
-0.000335922094
-0.000262578342
-0.00019850314
-0.000142761263
-9.43631494e-05
-5.24383721e-05
-1.6226147e-05
1.49497388e-05
4.16928615e-05
6.45419121e-05
8.39783028e-05
0.000100431253
0.000114282856
0.000125873877
0.000135508135
0.000143456225
0.000149958851
0.000155229828
0.000159458768
0.000162813486
0.00016544218
0.000167475397
0.000169027765
0.000170199402
0.000171077431
0.000171739451
0.000172259332
0.000172698207
0.000173034621
-0.000652249994
-0.000509469312
-0.000416223486
-0.00033309802
-0.000259900457
-0.000196023713
-0.000140456259
-9.2200987e-05
-5.03953251e-05
-1.42830156e-05
1.68097313e-05
4.34832334e-05
6.62710321e-05
8.56568908e-05
0.000102071043
0.000115890554
0.000127453719
0.000137063004
0.000144987605
0.000151466727
0.000156712729
0.000160913856
0.000164236658
0.000166828185
0.000168817961
0.000170319746
0.000171433007
0.000172244409
0.000172830612
0.000173262722
0.000173600725
0.00017384542
-0.000648310535
-0.000505544417
-0.000413024297
-0.000330016711
-0.000257005589
-0.000193345902
-0.000137974843
-8.98904854e-05
-4.82345738e-05
-1.2252343e-05
1.87298361e-05
4.53078436e-05
6.79946791e-05
8.72925857e-05
0.000103648876
0.00011741876
0.000128937017
0.000138505909
0.000146393659
0.000152838065
0.00015805004
0.000162216469
0.00016550264
0.000168054459
0.000170000439
0.000171453486
0.000172512422
0.000173263461
0.000173782414
0.000174138015
0.000174389279
0.00017455578
-0.000644359244
-0.000501786111
-0.000409595169
-0.000326788469
-0.000254004022
-0.00019056522
-0.000135395329
-8.74937761e-05
-4.60039493e-05
-1.01715438e-05
2.06749713e-05
4.71287413e-05
6.97223747e-05
8.89473575e-05
0.000105225944
0.000118923456
0.000130379833
0.000139895365
0.00014773585
0.000154137241
0.000159308892
0.000163436264
0.000166683358
0.00016919494
0.000171098548
0.000172506251
0.000173516247
0.000174214316
0.000174675532
0.000174966632
0.000175145768
0.000175248058
-0.000640496408
-0.000498120421
-0.000406182567
-0.000323535384
-0.000250977197
-0.000187754047
-0.00013277973
-8.50590545e-05
-4.37373067e-05
-8.06477466e-06
2.26380883e-05
4.89659903e-05
7.14749046e-05
9.06223381e-05
0.000106806152
0.000120422515
0.000131810741
0.000141267341
0.000149055762
0.000155410351
0.000160539039
0.000164625979
0.00016783402
0.000170306884
0.000172171075
0.000173538041
0.000174505436
0.000175158531
0.000175571811
0.000175810432
0.000175931591
0.000175982704
-0.000636798957
-0.000494584723
-0.000402826783
-0.000320371104
-0.000247994447
-0.000184959361
-0.000130166566
-8.26132326e-05
-4.14415832e-05
-5.94928137e-06
2.46300078e-05
5.08466308e-05
7.32416594e-05
9.22815131e-05
0.000108380508
0.000121924143
0.00013324744
0.000142646064
0.000150382766
0.000156690887
0.00016177727
0.000165825077
0.000168996396
0.000171434026
0.000173261287
0.000174591886
0.000175523944
0.000176140405
0.000176515379
0.000176713098
0.000176789814
0.000176800806
-0.00063331544
-0.000491226375
-0.000399595289
-0.000317332238
-0.000245110748
-0.000182230502
-0.000127597063
-8.02023007e-05
-3.91862302e-05
-3.79706669e-06
2.66454724e-05
5.27496033e-05
7.50339311e-05
9.39657841e-05
0.000109982391
0.000123454916
0.000134714436
0.000144056205
0.000151742409
0.000158005472
0.000163051275
0.000167062033
0.000170198818
0.000172603755
0.000174401947
0.000175703663
0.000176605623
0.000177192394
0.000177537592
0.00017770442
0.000177748838
0.000177732118
-0.00063006796
-0.000488069691
-0.000396542607
-0.00031441938
-0.000242330439
-0.000179586097
-0.000125091204
-7.78329926e-05
-3.69478578e-05
-1.67705222e-06
2.86567016e-05
5.46616892e-05
7.68375178e-05
9.56693109e-05
0.0001116119
0.000125019692
0.000136220418
0.000145509491
0.00015314886
0.000159370272
0.000164378864
0.00016835614
0.000171462494
0.00017383947
0.000175611786
0.000176889124
0.000177767814
0.000178332245
0.000178655686
0.000178800696
0.000178822959
0.000178787601
-0.000627059685
-0.000485121993
-0.000393674862
-0.000311654796
-0.000239674166
-0.000177043785
-0.000122665376
-7.5522442e-05
-3.47486589e-05
4.17629997e-07
3.06592194e-05
5.65751173e-05
7.86534855e-05
9.73993603e-05
0.000113276529
0.000126625954
0.000137773401
0.000147014647
0.000154611537
0.000160795319
0.000165770566
0.000169718242
0.000172798235
0.000175151619
0.000176902684
0.00017816076
0.000179021878
0.000179570175
0.000179878664
0.000180009513
0.000180018195
0.00017997186
-0.000624280644
-0.000482378711
-0.000390988255
-0.000309043392
-0.000237147755
-0.000174609109
-0.000120325806
-7.32784186e-05
-3.25986482e-05
2.47656924e-06
3.26334088e-05
5.84776512e-05
8.04891215e-05
9.91674446e-05
0.000114983547
0.000128278396
0.000139377344
0.000148575613
0.000156134556
0.000162284964
0.000167230955
0.000171153049
0.000174210717
0.000176544657
0.000178278819
0.00017952224
0.000180370699
0.000180908125
0.000181207345
0.000181330314
0.000181332359
0.000181281203
-0.000621711661
-0.000479825942
-0.000388472128
-0.00030657908
-0.000234747272
-0.000172279692
-0.000118071488
-7.11010461e-05
-3.04987109e-05
4.49868279e-06
3.45780209e-05
6.03553994e-05
8.23332256e-05
0.000100977143
0.000116735371
0.000129977286
0.000141031729
0.000150191751
0.000157717349
0.000163838737
0.000168759621
0.000172660132
0.000175699387
0.00017801777
0.000179738958
0.00018097175
0.000181811718
0.000182342619
0.000182637145
0.000182757173
0.000182757942
0.00018270667
-0.000619328064
-0.000477443729
-0.000386110326
-0.000304249362
-0.000232462645
-0.000170047091
-0.000115894691
-6.89819195e-05
-2.84370253e-05
6.50487394e-06
3.65271221e-05
6.22290573e-05
8.4164342e-05
0.000102791123
0.000118507211
0.000131707354
0.000142725912
0.000151854885
0.000159353298
0.000165451007
0.000170351502
0.000174234687
0.000177259454
0.000179565978
0.00018127775
0.000182503398
0.000183338342
0.000183866201
0.00018415958
0.000184280384
0.000184283807
0.00018423581
-0.00061710289
-0.000475209198
-0.000383883819
-0.000302038752
-0.000230281528
-0.000167901801
-0.000113788464
-6.69164108e-05
-2.64115134e-05
8.49349312e-06
3.84764769e-05
6.41159553e-05
8.59986354e-05
0.000104600472
0.000120289138
0.000133461105
0.000144453453
0.000153558835
0.000161036283
0.000167115635
0.000172000347
0.000175870255
0.000178884157
0.000181182124
0.000182887541
0.000184108932
0.000184941611
0.000185469097
0.000185763947
0.000185888165
0.000185896934
0.000185854477
-0.000615008895
-0.000473098527
-0.000381772425
-0.000299930346
-0.00022819055
-0.000165834082
-0.000111746978
-6.49033694e-05
-2.44280499e-05
1.04470611e-05
4.03987116e-05
6.60079493e-05
8.78588058e-05
0.000106428551
0.000122091432
0.000135241494
0.000146213767
0.000155300838
0.000162762001
0.000168827198
0.000173699885
0.000177559867
0.000180565904
0.000182858014
0.000184559526
0.0001857789
0.000186611382
0.000187140412
0.000187438531
0.000187567888
0.00018758367
0.000187548103
-0.000613019616
-0.000471088056
-0.000379755697
-0.000297906288
-0.000226174838
-0.000163831902
-0.000109760749
-6.29355262e-05
-2.24808679e-05
1.23712971e-05
4.22998302e-05
6.79003758e-05
8.97386766e-05
0.000108273495
0.000123907462
0.000137041847
0.000148000573
0.000157074544
0.000164523765
0.000170578584
0.000175442552
0.000179295498
0.00018229619
0.00018458465
0.000186284188
0.000187503237
0.000188337
0.000188868868
0.000189171382
0.000189306863
0.000189330516
0.000189302468
-0.00061111034
-0.000469155361
-0.000377814072
-0.000295949009
-0.000224219511
-0.000161882926
-0.000107819714
-6.10048113e-05
-2.05631497e-05
1.42732443e-05
4.41860958e-05
6.97849476e-05
9.16202189e-05
0.000110129565
0.000125739743
0.000138862594
0.000149811437
0.000158875777
0.000166316246
0.000172363549
0.000177221331
0.000181069459
0.000184066735
0.000186353197
0.000188052162
0.000189272055
0.000190108053
0.000190643512
0.00019095099
0.00019109299
0.000191124735
0.000191104275
-0.000609258826
-0.000467279999
-0.000375929649
-0.000294041956
-0.00022231041
-0.000159975173
-0.0001059137
-5.91024877e-05
-1.86667479e-05
1.61619779e-05
4.60665194e-05
7.165859e-05
9.3485928e-05
0.000111986474
0.000127588488
0.000140702296
0.000151642691
0.000160699596
0.000168133669
0.000174175625
0.000179029145
0.000182874136
0.000185869432
0.000188155093
0.000189854449
0.000191075924
0.000191914684
0.000192454062
0.000192766638
0.000192915094
0.000192954664
0.000192941432
-0.000607445836
-0.000465444067
-0.000374086826
-0.000292170226
-0.000220434988
-0.00015809822
-0.000104034202
-5.72219778e-05
-1.67872798e-05
1.80389508e-05
4.79400877e-05
7.35278067e-05
9.53484163e-05
0.000113844914
0.000129444601
0.00014255281
0.000153487523
0.000162539524
0.000169969453
0.000176008004
0.000180858911
0.000184702143
0.000187696579
0.000189982316
0.000191682704
0.000192906181
0.000193747908
0.000194291204
0.000194608684
0.00019476319
0.000194809956
0.000194803266
-0.00060565537
-0.000463632469
-0.000372272585
-0.000290320712
-0.000218582464
-0.000156243059
-0.000102173766
-5.53574153e-05
-1.49205349e-05
1.99065253e-05
4.98075797e-05
7.53938655e-05
9.72097559e-05
0.000115704275
0.000131304418
0.000144409864
0.000155341431
0.000164390674
0.000171818278
0.000177854964
0.000182704541
0.000186547052
0.000189541435
0.000191827828
0.000193529612
0.000194755242
0.000195599883
0.00019614685
0.000196468791
0.000196628694
0.000196681767
0.000196680698
-0.000603874691
-0.000461833055
-0.00037047666
-0.000288482088
-0.000216744164
-0.000154402284
-0.000100326198
-5.35039426e-05
-1.30629914e-05
2.17668764e-05
5.16698055e-05
7.72565632e-05
9.90700849e-05
0.000117564605
0.0001331666
0.000146271034
0.000157201205
0.000166249228
0.000173675829
0.000179711771
0.000184560941
0.000188403457
0.000191398314
0.000193685694
0.000195389008
0.000196616733
0.000197464041
0.000198014249
0.00019834004
0.000198504522
0.000198562846
0.000198566317
-0.000602094166
-0.00046003679
-0.000368691097
-0.000286644817
-0.000214913705
-0.000152569922
-9.84864424e-05
-5.16576024e-05
-1.12117071e-05
2.36220158e-05
5.35279331e-05
7.91163819e-05
0.000100929313
0.000119425134
0.000135029698
0.000148134282
0.000159064261
0.000168112135
0.000175538659
0.000181574635
0.000186424025
0.000190267011
0.000193262642
0.000195551138
0.00019725594
0.000198485547
0.000199335139
0.000199888037
0.000200216958
0.000200385103
0.00020044753
0.000200454379
-0.000600306883
-0.000458237786
-0.000366905832
-0.000284805208
-0.000213086985
-0.000150741025
-9.66504915e-05
-4.981533e-05
-9.36438167e-06
2.54735611e-05
5.53829699e-05
8.09738153e-05
0.000102787377
0.000121285182
0.000136892571
0.000149998105
0.000160928706
0.000169977147
0.000177404205
0.000183440724
0.000188290724
0.000192134443
0.000195130971
0.000197420562
0.000199126684
0.000200357851
0.000201209254
0.000201764222
0.000202095499
0.00020226633
0.000202331646
0.000202340799
-0.000598507894
-0.000456431551
-0.000365098057
-0.000282978961
-0.000211261995
-0.00014891211
-9.481569e-05
-4.7975015e-05
-7.51935398e-06
2.7322715e-05
5.72356944e-05
8.28292776e-05
0.000104644258
0.000123144292
0.000138754482
0.000151861527
0.000162793299
0.000171842768
0.000179270749
0.00018530812
0.000190158947
0.00019400351
0.000197000933
0.000199291495
0.000200998683
0.000202231026
0.000203083724
0.000203640117
0.000203972961
0.000204145439
0.000204212211
0.000204223482
-0.000596696268
-0.000454616773
-0.000363280178
-0.000281153611
-0.000209434564
-0.000147080902
-9.29800155e-05
-4.61349647e-05
-5.6753004e-06
2.91704378e-05
5.90867447e-05
8.46831338e-05
0.000106500002
0.000125002292
0.000140615164
0.000153724134
0.000164657449
0.000173708241
0.00018113738
0.000187175777
0.000192027531
0.000195872952
0.000198871187
0.000201162531
0.000202870488
0.000204103591
0.00020495705
0.000205514212
0.000205847838
0.00020602107
0.00020608839
0.000206100609
-0.000594872409
-0.000452793056
-0.000361454808
-0.000279328072
-0.000207604284
-0.000145247053
-9.11429068e-05
-4.42946014e-05
-3.83171183e-06
3.10171158e-05
6.09363271e-05
8.65352912e-05
0.000108354303
0.000126859252
0.000142475025
0.000155586161
0.000166521195
0.000175573478
0.000183003915
0.000189043432
0.000193896148
0.000197742389
0.000200741315
0.000203033231
0.000204741646
0.000205975099
0.000206828802
0.000207386103
0.00020771976
0.000207892935
0.000207960198
0.000207972086
-0.000593038129
-0.000450962213
-0.000359621516
-0.000277503452
-0.000205772084
-0.000143411366
-8.93050824e-05
-4.24544796e-05
-1.98901165e-06
3.28624055e-05
6.27840316e-05
8.83848166e-05
0.000110205392
0.000128715084
0.000144335921
0.000157449006
0.000168385421
0.000177439123
0.000184870892
0.000190911565
0.000195765244
0.000199612253
0.00020261175
0.000204904038
0.000206612623
0.000207846046
0.000208699519
0.000209256384
0.000209589393
0.000209761763
0.000209828308
0.00020983879
-0.000591196299
-0.000449127032
-0.00035777299
-0.000275689018
-0.000203941357
-0.000141575918
-8.74682597e-05
-4.0615829e-05
-1.47899735e-07
3.47062306e-05
6.46306317e-05
9.02332716e-05
0.000112053099
0.000130568228
0.000146197374
0.000159312851
0.000170250571
0.000179305782
0.000186739058
0.000192781041
0.000197635781
0.000201483588
0.000204483608
0.000206776135
0.00020848467
0.00020971775
0.000210570589
0.000211126525
0.000211458299
0.000211629147
0.00021169406
0.00021170272
-0.000589352225
-0.000447292106
-0.000355922706
-0.00027387767
-0.000202114913
-0.00013974365
-8.56345852e-05
-3.87801663e-05
1.69074771e-06
3.65484968e-05
6.6477125e-05
9.20832523e-05
0.000113900849
0.000132418573
0.000148056492
0.000161176201
0.00017211643
0.000181173934
0.000188609308
0.000194653054
0.00019950918
0.00020335799
0.000206358625
0.000208651376
0.000210359741
0.000211592262
0.000212444155
0.000212998767
0.000213328821
0.000213497506
0.000213559908
0.000213566518
-0.000587512468
-0.000445462849
-0.000354082466
-0.000272068641
-0.00020029578
-0.000137918425
-8.38071541e-05
-3.69499594e-05
3.52487726e-06
3.83873151e-05
6.83212799e-05
9.39321479e-05
0.000115749696
0.000134269932
0.000149915632
0.000163040787
0.000173984757
0.000183045461
0.000190483642
0.000196529721
0.000201387675
0.000205237806
0.000208239256
0.000210532318
0.000212240496
0.000213472338
0.000214323073
0.00021487606
0.000215204011
0.000215370048
0.000215429336
0.000215433298
-0.000585684465
-0.000443645851
-0.000352258486
-0.000270268449
-0.00019848831
-0.000136104503
-8.19895744e-05
-3.51281043e-05
5.35215697e-06
4.02207245e-05
7.01611744e-05
9.57778479e-05
0.000117598551
0.000136124226
0.00015177827
0.00016490948
0.000175858067
0.000184922846
0.000192364612
0.000198413696
0.000203274035
0.000207125925
0.000210128509
0.000212422088
0.000214130174
0.000215361331
0.000216210807
0.000216761982
0.000217087562
0.000217250599
0.000217306318
0.000217307142
-0.000583876593
-0.0004418489
-0.000350457045
-0.000268484549
-0.000196697787
-0.000134306456
-8.01856659e-05
-3.33175592e-05
7.17049357e-06
4.20475395e-05
7.19967255e-05
9.76213964e-05
0.000119447752
0.000137981124
0.000153645012
0.000166783604
0.000177738165
0.000186808271
0.000194254721
0.000200307749
0.000205171259
0.000209025544
0.000212029759
0.000214324219
0.000216032457
0.000217263062
0.000218111313
0.000218660624
0.0002189837
0.000219143527
0.000219195375
0.000219192717
-0.000582098035
-0.000440080582
-0.000348685271
-0.000266724571
-0.000194930185
-0.000132529289
-7.83995834e-05
-3.15215841e-05
8.97751003e-06
4.38662423e-05
7.38272786e-05
9.94629774e-05
0.00012129803
0.000139841533
0.000155516954
0.000168664674
0.000179627034
0.000188704123
0.000196156695
0.000202214901
0.000207082622
0.000210940163
0.000213946705
0.00021624259
0.000217951392
0.000219181737
0.000220028953
0.000220576496
0.00022089709
0.000221053655
0.000221101502
0.000221095181
-0.000580358605
-0.00043835002
-0.000346950934
-0.000264996298
-0.000193191904
-0.000130778328
-7.66357216e-05
-2.97436374e-05
1.07706713e-05
4.56751794e-05
7.56520366e-05
0.000101302695
0.000123150402
0.000141706642
0.000157395109
0.000170554061
0.000181526626
0.000190612845
0.000198073368
0.000204138314
0.000209011572
0.00021287348
0.000215883262
0.000218181319
0.00021989128
0.000221121835
0.000221968376
0.000222514423
0.00022283273
0.000222986165
0.00022303008
0.000223020097
-0.000578668538
-0.000436666644
-0.000345262183
-0.000263307544
-0.000191489514
-0.000129059049
-7.48985799e-05
-2.79872417e-05
1.25474382e-05
4.74728199e-05
7.74706241e-05
0.000103141773
0.000125007809
0.000143577708
0.000159278604
0.000172451864
0.000183438315
0.000192536636
0.000200007489
0.000206081152
0.000210961608
0.00021482927
0.000217843448
0.000220144634
0.00022185655
0.000223087978
0.000223934396
0.00022447941
0.000224795826
0.000224946479
0.000224986768
0.000224973338
-0.000577038194
-0.000435039905
-0.000343627248
-0.00026166596
-0.000189829526
-0.000127376922
-7.3192708e-05
-2.62560717e-05
1.43049747e-05
4.92571103e-05
7.92817216e-05
0.000104979787
0.000126871326
0.000145456528
0.000161169007
0.000174360034
0.000185364569
0.000194478402
0.000201962281
0.00020804689
0.000212936421
0.000216811423
0.000219831337
0.000222136792
0.00022385164
0.000225084787
0.000225931829
0.000226476483
0.000226791627
0.000226940093
0.000226977336
0.000226960927
-0.000575477674
-0.000433478913
-0.00034205407
-0.00026007874
-0.000188218098
-0.000125737179
-7.15225667e-05
-2.45539665e-05
1.60398513e-05
5.10246217e-05
8.10809982e-05
0.000106810634
0.000128736805
0.000147348581
0.000163075523
0.000176283974
0.000187309546
0.000196442066
0.000203941592
0.000210039337
0.000214939836
0.000218823822
0.000221850908
0.000224161891
0.000225880794
0.000227116677
0.000227965284
0.000228510464
0.000228825196
0.000228972344
0.000229007437
0.000228988802
-0.00057399634
-0.000431991969
-0.000340549848
-0.00025855217
-0.000186660527
-0.00012414421
-6.98917305e-05
-2.28837781e-05
1.77498327e-05
5.27736173e-05
8.28670186e-05
0.000108632682
0.000130601977
0.000149253418
0.000165000476
0.000178226689
0.000189276468
0.000198430731
0.00020594849
0.0002120616
0.000216975023
0.000220869726
0.000223905526
0.000226223432
0.00022794767
0.00022918749
0.000230038809
0.000230585636
0.000230901079
0.000231048078
0.000231082259
0.000231062466
-0.00057260233
-0.000430586089
-0.000339120604
-0.000257091185
-0.000185160832
-0.000122601175
-6.83025184e-05
-2.12469923e-05
1.94342914e-05
5.45046146e-05
8.464217e-05
0.000110449523
0.000132462687
0.000151159569
0.000166940932
0.000180193606
0.000191270107
0.000200447785
0.000207985772
0.000214116276
0.00021904451
0.000222951659
0.000225997771
0.000228324096
0.00023005509
0.000231300222
0.000232155611
0.000232705446
0.000233022994
0.000233171329
0.000233206194
0.00023318663
-0.000571302079
-0.00042926652
-0.000337770795
-0.000255698928
-0.00018372142
-0.000121109838
-6.67560136e-05
-1.96440321e-05
2.10934523e-05
5.62185768e-05
8.64084711e-05
0.000112264528
0.000134322188
0.000153065905
0.000168893877
0.000182183866
0.000193290113
0.00020249325
0.00021005377
0.00021620395
0.000221149085
0.000225070587
0.000228128784
0.000230465202
0.000232204567
0.000233456601
0.000234317654
0.000234872122
0.000235193465
0.000235344949
0.000235382464
0.000235364849
-0.000570099785
-0.000428036123
-0.000336502952
-0.000254376225
-0.000182342729
-0.000119670336
-6.52519549e-05
-1.8074268e-05
2.27282283e-05
5.79165109e-05
8.81668266e-05
0.000114079509
0.000136188404
0.000154980116
0.000170856939
0.000184190899
0.000195331793
0.000204564279
0.000212150605
0.000218323273
0.00022328776
0.000227225805
0.000230298093
0.000232646497
0.000234396065
0.000235656822
0.000236525386
0.000237086393
0.00023741353
0.000237570327
0.000237612847
0.000237599238
-0.000568996739
-0.0004268946
-0.000335317881
-0.000253120623
-0.000181022705
-0.000118281058
-6.37886048e-05
-1.65358001e-05
2.4340486e-05
5.95998715e-05
8.99178624e-05
0.00011589396
0.000138060449
0.000156903551
0.000172832517
0.000186215033
0.000197394144
0.000206659472
0.000214274677
0.000220472492
0.000225458689
0.000229415428
0.000232503827
0.000234866169
0.000236627884
0.000237899356
0.000238777488
0.000239347185
0.000239682415
0.000239847054
0.000239897349
0.000239890166
-0.000567990576
-0.000425838096
-0.000334216802
-0.000251921878
-0.000179753904
-0.000116937234
-6.23613307e-05
-1.50243174e-05
2.5931987e-05
6.127076e-05
9.16632924e-05
0.000117708544
0.000139937791
0.00015883604
0.000174821265
0.000188255996
0.000199475411
0.000208776272
0.000216422941
0.000222648199
0.000227658191
0.000231635589
0.000234742034
0.000237120324
0.00023889631
0.000240180538
0.000241070545
0.000241651447
0.000241997418
0.000242172794
0.000242234023
0.000242236015
-0.0005670744
-0.000424860045
-0.000333197555
-0.000250757025
-0.000178519573
-0.000115625446
-6.09572456e-05
-1.35305653e-05
2.74936601e-05
6.29253549e-05
9.34012559e-05
0.000119522555
0.000141820579
0.000160775716
0.000176819116
0.000190309806
0.000201571569
0.000210910318
0.000218590613
0.00022484525
0.000229880858
0.000233880722
0.00023700713
0.000239403706
0.000241196727
0.000242492867
0.000243396566
0.000243992025
0.000244351984
0.000244541451
0.000244617086
0.000244631179
-0.000566234123
-0.000423947434
-0.000332189227
-0.000249682466
-0.000177347262
-0.000114347979
-5.95816365e-05
-1.20567774e-05
2.90812575e-05
6.45934167e-05
9.51496502e-05
0.000121348564
0.000143719085
0.00016272642
0.000178821469
0.000192370454
0.000203677666
0.000213055784
0.000220770701
0.000227055685
0.000232117919
0.000236141337
0.000239288788
0.000241704175
0.00024351435
0.000244830762
0.00024575172
0.00024636298
0.000246739368
0.000246946268
0.000247040895
0.000247072582
-0.000565449029
-0.000423078467
-0.000331186845
-0.000248646595
-0.000176188051
-0.0001130716
-5.8202596e-05
-1.05794678e-05
3.06554855e-05
6.62569085e-05
9.68969966e-05
0.000123175222
0.000145621935
0.000164684221
0.000180829308
0.000194435453
0.00020578818
0.000215205185
0.000222954326
0.000229269575
0.000234358693
0.000238406272
0.000241575798
0.000244011735
0.000245841503
0.000247177258
0.000248117416
0.000248748123
0.000249144646
0.000249373062
0.000249491374
0.000249544858
-0.000564692847
-0.000422224874
-0.000330205348
-0.000247589388
-0.000175014246
-0.000111784335
-5.68110938e-05
-9.08899269e-06
3.22399848e-05
6.79287606e-05
9.86471442e-05
0.000124995815
0.000147522738
0.000166664527
0.000182858362
0.000196501738
0.000207895313
0.000217348751
0.000225129904
0.000231473678
0.000236588578
0.000240659829
0.000243851544
0.00024630879
0.000248159536
0.000249516411
0.000250478247
0.000251131491
0.000251551795
0.000251806136
0.000251953068
0.00025203174
-0.000563927319
-0.000421348007
-0.000329201151
-0.000246487648
-0.000173798677
-0.000110458792
-5.53829708e-05
-7.56416229e-06
3.38559317e-05
6.96299754e-05
0.000100427382
0.000126845849
0.000149431641
0.000168630708
0.000184866186
0.000198541163
0.000209975032
0.000219464735
0.000227276738
0.000233647533
0.000238786909
0.000242880967
0.000246094555
0.000248573408
0.000250446089
0.000251825728
0.000252811554
0.000253490308
0.000253938071
0.000254222844
0.00025440366
0.000254512212
-0.000563101873
-0.000420402799
-0.000328124085
-0.000245305717
-0.000172506595
-0.000109062635
-5.38911921e-05
-5.98412157e-06
3.55176209e-05
7.13676802e-05
0.00010223692
0.000128717744
0.000151330969
0.000170563219
0.000186849604
0.000200558788
0.000212024447
0.000221542361
0.000229379071
0.000235772065
0.000240932149
0.000245046264
0.00024827998
0.000250779668
0.000252674447
0.000254077916
0.00025508966
0.000255796676
0.000256275467
0.00025659514
0.000256815198
0.000256958807
-0.000562152513
-0.000419361215
-0.000326903383
-0.000243993081
-0.000171097149
-0.000107559465
-5.23053424e-05
-4.32619681e-06
3.72384897e-05
7.3142817e-05
0.0001040578
0.000130577408
0.000153222228
0.00017249769
0.000188825246
0.000202553686
0.000214033265
0.000223565226
0.000231415997
0.000237822982
0.000242997437
0.000247126883
0.000250377444
0.000252895998
0.000254812112
0.000256239767
0.000257278823
0.000258016463
0.000258529581
0.000258888461
0.000259153068
0.000259336831
-0.000561015566
-0.000418291707
-0.000325368731
-0.000242461789
-0.000169515739
-0.000105902757
-5.05850473e-05
-2.55657078e-06
3.90469825e-05
7.49813703e-05
0.000105918207
0.000132455123
0.000155125651
0.000174417167
0.000190745814
0.000204479104
0.000215962416
0.000225497869
0.00023335278
0.0002397652
0.000244946969
0.000249086164
0.000252349413
0.000254884036
0.000256819979
0.00025827152
0.000259338717
0.000260108857
0.000260659177
0.000261061206
0.000261375349
0.00026160407
-0.000559603069
-0.000416989871
-0.000323543755
-0.000240666005
-0.00016770178
-0.000104040084
-4.8687364e-05
-6.40893625e-07
4.09692724e-05
7.69023501e-05
0.000107832249
0.000134359474
0.000157019553
0.00017629088
0.000192597117
0.000206315979
0.000217786502
0.000227310406
0.000235156147
0.000241562653
0.000246742345
0.000250883761
0.000254153916
0.000256700449
0.000258653556
0.000260127696
0.000261223001
0.000262026749
0.000262616452
0.00026306491
0.000263432942
0.00026371087
-0.000557823127
-0.0004152969
-0.000321382204
-0.000238542941
-0.000165586005
-0.000101911927
-4.6564693e-05
1.45728443e-06
4.30308642e-05
7.89199341e-05
0.000109801513
0.000136278667
0.000158888639
0.000178110067
0.000194369128
0.000208045695
0.000219478676
0.000228970151
0.00023678914
0.000243175018
0.000248340512
0.000252474385
0.00025574381
0.000258296529
0.000260262793
0.000261757057
0.000262879366
0.000263716837
0.000264347148
0.00026484436
0.000265269653
0.000265600183
-0.00055557162
-0.000413107402
-0.000318786678
-0.000236006485
-0.000163092244
-9.94539326e-05
-4.41650212e-05
3.77795531e-06
4.52602417e-05
8.10516991e-05
0.000111833497
0.000138211935
0.000160726735
0.000179858324
0.000196034461
0.000209636199
0.000221003084
0.000230437577
0.000238208925
0.0002445566
0.000249693327
0.000253807788
0.000257067024
0.000259618605
0.00026159258
0.000263103172
0.000264250126
0.000265120216
0.000265791137
0.000266338145
0.000266822702
0.000267208025
-0.000552728824
-0.000410310545
-0.000315651027
-0.000232961625
-0.000160138949
-9.65978211e-05
-4.14334339e-05
6.36281359e-06
4.76863702e-05
8.33146454e-05
0.000113934242
0.000140155631
0.000162521677
0.000181515059
0.000197565103
0.000211053852
0.000222321338
0.000231670144
0.000239369397
0.000245658279
0.000250749114
0.000254830111
0.000258067802
0.000260609229
0.000262583916
0.000264105562
0.000265273356
0.0002661735
0.000266883525
0.000267479743
0.000268023757
0.000268464425
-0.000549162535
-0.000406784142
-0.000311861344
-0.000229307367
-0.000156639639
-9.32717763e-05
-3.83128333e-05
9.25452335e-06
5.03381548e-05
8.57248716e-05
0.00011610818
0.000142103756
0.000164258256
0.000183056936
0.000198930709
0.00021226241
0.00022339224
0.000232622504
0.000240221739
0.000246428332
0.000251453694
0.000255485062
0.000258687982
0.000261208531
0.000263175309
0.000264701134
0.000265884321
0.000266810245
0.000267556078
0.000268198983
0.000268800206
0.000269293477
-0.000544730433
-0.000402397084
-0.000307296678
-0.000224937575
-0.000152504067
-8.94016562e-05
-3.47451111e-05
1.24956758e-05
5.32435749e-05
8.82969232e-05
0.000118357756
0.000144048048
0.000165918885
0.000184458346
0.000200098862
0.000213223762
0.000224172969
0.000233247952
0.000240716045
0.000246814198
0.000251752271
0.000255715914
0.00025886911
0.000261356442
0.000263305111
0.000264826628
0.000266018075
0.000266963692
0.000267740092
0.000268425091
0.000269078533
0.000269615583
-0.000539282086
-0.000397011435
-0.000301830965
-0.000219742656
-0.000147639937
-8.49126024e-05
-3.06725599e-05
1.61276074e-05
5.64287776e-05
9.10431899e-05
0.000120683162
0.000145978097
0.000167484084
0.000185692169
0.000201036103
0.000213899259
0.000224620662
0.000233500226
0.000240803297
0.000246764597
0.000251591655
0.00025546779
0.000258554735
0.000260994945
0.000262913655
0.000264420585
0.000265611158
0.000266568033
0.000267366531
0.000268084678
0.000268784961
0.000269376675
-0.000532661321
-0.000390484639
-0.000295335373
-0.000213611693
-0.000141954935
-7.9730891e-05
-2.60394799e-05
2.01891038e-05
5.99171357e-05
9.39733606e-05
0.000123082218
0.000147881638
0.000168933195
0.000186730888
0.000201709405
0.000214251517
0.000224694534
0.000233335896
0.000240438006
0.000246232402
0.000250923357
0.000254690997
0.000257694004
0.000260071992
0.000261947592
0.000263428174
0.000264607045
0.000265564973
0.000266375766
0.000267116744
0.000267849758
0.000268479257
-0.00052470897
-0.000382672103
-0.000287680979
-0.000206434942
-0.000135359063
-7.37860389e-05
-2.07939752e-05
2.47149774e-05
6.37282621e-05
9.70939126e-05
0.000125550353
0.000149745049
0.000170245363
0.000187548014
0.000202088002
0.000214246608
0.000224358374
0.000232717132
0.000239581186
0.00024517776
0.000249706802
0.000253344245
0.000256244819
0.000258544483
0.000260362553
0.000261803422
0.000262957751
0.000263904027
0.000264714382
0.000265465122
0.000266215209
0.000266856564
-0.000515265997
-0.000373430114
-0.000278741774
-0.000198106661
-0.000127767282
-6.70131764e-05
-1.48899804e-05
2.97344757e-05
6.78769209e-05
0.000100407578
0.000128080653
0.000151553964
0.000171400703
0.000188119774
0.000202145553
0.000213856646
0.000223583503
0.000231614971
0.000238203896
0.000243571881
0.000247913328
0.000251398867
0.000254178267
0.000256382947
0.000258128126
0.000259514566
0.000260629734
0.000261549349
0.00026234324
0.00026308587
0.000263834377
0.000264477348
-0.000504176923
-0.000362619037
-0.000268398019
-0.000188528329
-0.000119102484
-5.93557134e-05
-8.28955968e-06
3.52694374e-05
7.23717369e-05
0.000103912669
0.000130663833
0.000153293899
0.000172381544
0.000188426919
0.000201862458
0.000213062548
0.000222351916
0.00023001279
0.000236290977
0.000241400987
0.000245530324
0.000248843093
0.000251483032
0.000253576082
0.000255232562
0.000256548885
0.00025760876
0.000258484691
0.000259243689
0.000259957527
0.000260681239
0.000261305333
-0.000491293492
-0.000350106654
-0.000256539877
-0.0001776122
-0.000109298762
-5.0768247e-05
-9.65512062e-07
4.13321006e-05
7.72135571e-05
0.000107602101
0.000133287966
0.000154950687
0.000173173545
0.000188456471
0.000201228157
0.000211856818
0.000220659478
0.000227909835
0.000233844873
0.000238670372
0.000242565475
0.000245686475
0.000248169968
0.00025013543
0.000251687408
0.000252917249
0.000253904355
0.000254717627
0.000255420764
0.000256081892
0.000256753448
0.000257333797
-0.000476478226
-0.000335771324
-0.000243071135
-0.000165285374
-9.83053679e-05
-4.12201355e-05
7.09528412e-06
4.79221701e-05
8.23931249e-05
0.00011146179
0.000135937671
0.000156510454
0.000173766402
0.000188203089
0.000200243071
0.000210245955
0.000218518706
0.000225324297
0.000230888896
0.000235407778
0.000239050177
0.000241963266
0.000244275362
0.000246098529
0.000247530758
0.000248657596
0.000249553459
0.000250283534
0.000250907724
0.00025148947
0.000252078076
0.000252586522
-0.000459607302
-0.000319504786
-0.00022791469
-0.000151498095
-8.60933415e-05
-3.06997875e-05
1.58866802e-05
5.50218401e-05
8.78871158e-05
0.000115467781
0.000138592265
0.00015795873
0.000174153851
0.000187669842
0.000198920043
0.000208252487
0.000215961342
0.000222296404
0.000227470881
0.000231667716
0.000235044697
0.000237738606
0.000239868541
0.000241538577
0.000242839125
0.000243847559
0.000244632462
0.000245257457
0.000245776589
0.00024624867
0.000246719837
0.000247125189
-0.000440569624
-0.000301213243
-0.000211024708
-0.000136245651
-7.2652239e-05
-1.91961184e-05
2.53843466e-05
6.25914616e-05
9.36538231e-05
0.000119582731
0.000141223064
0.000159278627
0.000174332657
0.000186867897
0.00019728456
0.000205915546
0.000213039075
0.000218889046
0.000223663385
0.000227530715
0.000230635576
0.000233102528
0.000235039992
0.000236544446
0.000237699067
0.000238557199
0.000239215682
0.000239732038
0.000240124956
0.000240457983
0.000240775531
0.000241043881
-0.000419249059
-0.000280799442
-0.000192375115
-0.000119564103
-5.79341e-05
-6.63785145e-06
3.55466913e-05
7.05677781e-05
9.96303587e-05
0.000123752501
0.000143790397
0.00016044857
0.000174301002
0.000185815452
0.000195374112
0.000203290509
0.000209823491
0.000215188138
0.000219564689
0.00022310553
0.000225940058
0.000228178694
0.000229916352
0.000231247971
0.000232298727
0.00023307328
0.000233547329
0.000233848455
0.000234077555
0.000234248452
0.00023438029
0.000234477736
-0.000395504244
-0.000258114633
-0.00017183981
-0.00010129698
-4.21237509e-05
6.54781952e-06
4.61252004e-05
7.87967018e-05
0.000105693734
0.000127877662
0.000146227379
0.000161433387
0.000174053264
0.000184534836
0.000193237259
0.000200449707
0.000206409283
0.000211309542
0.00021531083
0.000218548093
0.000221136442
0.000223175756
0.000224753311
0.000225930192
0.000226712245
0.000227241068
0.000227653862
0.00022789389
0.000227954534
0.000227909806
0.000227807443
0.000227700516
-0.000369314103
-0.000233137736
-0.000149571343
-8.15341656e-05
-2.55646961e-05
2.00939641e-05
5.70917312e-05
8.71117014e-05
0.000111700112
0.000131813534
0.000148442838
0.000162185002
0.000173578089
0.000183047644
0.000190924747
0.000197470839
0.000202895357
0.000207367833
0.000211027241
0.000213989144
0.00021635124
0.00021819712
0.000219599132
0.00022061839
0.000221309002
0.000221740296
0.000221939166
0.000221939376
0.00022179658
0.000221531351
0.000221170687
0.000220825002
-0.000340649399
-0.00020580967
-0.000125742062
-6.04228689e-05
-8.0905495e-06
3.384385e-05
6.79723795e-05
9.53074608e-05
0.000117442725
0.000135512712
0.000150370992
0.000162656656
0.000172866296
0.000181382559
0.000188499833
0.000194446688
0.000199402813
0.000203511425
0.000206888424
0.000209629207
0.0002118138
0.000213510143
0.000214777323
0.000215667298
0.000216227294
0.000216502569
0.000216535862
0.00021635996
0.000216006241
0.000215490064
0.000214834872
0.000214218377
-0.000309513344
-0.000176410303
-0.000100546254
-3.87046003e-05
9.95085845e-06
4.81534882e-05
7.86918718e-05
0.000103073578
0.000122709609
0.000138698541
0.000151850338
0.000162764644
0.000171888243
0.000179555465
0.000186018072
0.000191467592
0.000196051724
0.000199886211
0.000203063395
0.000205658398
0.000207733649
0.00020934233
0.000210530304
0.000211338132
0.000211803144
0.00021196016
0.000211842921
0.000211483622
0.000210907771
0.000210120854
0.000209142393
0.000208226093
-0.000275799257
-0.000145528737
-7.37000709e-05
-1.64998823e-05
2.77458654e-05
6.19529696e-05
8.87837768e-05
0.000110067343
0.00012718794
0.000141165035
0.000152733992
0.000162423233
0.000170614183
0.000177584226
0.000183537196
0.000188624932
0.000192962404
0.000196638258
0.000199722157
0.000202269922
0.000204327195
0.000205932113
0.000207117284
0.000207911557
0.000208340569
0.000208428806
0.000208201241
0.000207684012
0.000206896191
0.00020583145
0.00020450366
0.000203256763
-0.000239286178
-0.000113208785
-4.55482723e-05
5.78589883e-06
4.47197605e-05
7.44644847e-05
9.75075509e-05
0.000115736806
0.000130477059
0.000142638711
0.000152848464
0.000161540043
0.000169016107
0.000175490572
0.000181117227
0.000186008848
0.000190249866
0.000193904741
0.000197023471
0.000199645267
0.000201801108
0.000203515649
0.00020480859
0.000205695594
0.000206189108
0.000206299747
0.000206038936
0.000205420694
0.000204451935
0.000203109442
0.000201406462
0.000199787364
-0.000199685514
-7.91733961e-05
-1.72903895e-05
2.71747727e-05
6.01267239e-05
8.49730771e-05
0.000104202196
0.000119569825
0.000132222908
0.000142898773
0.000152077655
0.000160077562
0.000167113033
0.000173332741
0.000178843132
0.000183722922
0.000188032056
0.000191817149
0.000195114615
0.00019795238
0.000200351064
0.000202325235
0.000203884144
0.000205030872
0.000205762095
0.000206067341
0.000205930572
0.000205342746
0.000204286114
0.000202700121
0.000200574246
0.000198500412
-0.000156253324
-4.34458636e-05
1.01049437e-05
4.62731794e-05
7.25356288e-05
9.2417104e-05
0.000108133781
0.000121103199
0.000132172831
0.000141844515
0.00015042381
0.00015810375
0.000165010841
0.000171234333
0.000176842443
0.000181889731
0.000186421394
0.000190475568
0.000194083762
0.000197269774
0.00020004933
0.000202434085
0.000204433851
0.000206044421
0.00020725396
0.000208037248
0.000208321332
0.000208040192
0.000207127708
0.00020544575
0.000202878237
0.000200261736
-0.000107439759
-6.95985638e-06
3.45268056e-05
6.10014469e-05
8.03941722e-05
9.58111125e-05
0.000108788988
0.0001201628
0.000130370039
0.000139644009
0.000148116481
0.00015586947
0.000162954168
0.000169415336
0.000175300962
0.000180657728
0.000185531126
0.000189966577
0.000194008612
0.000197694066
0.000201043812
0.000204089412
0.000206880213
0.000209400817
0.000211624795
0.000213568735
0.000215047182
0.000215787553
0.00021562033
0.000214323373
0.000211483553
0.000208438382
-4.24569242e-05
2.91302864e-05
5.1741829e-05
6.76969159e-05
8.12778708e-05
9.37778454e-05
0.000105534174
0.000116609686
0.000126994298
0.00013667872
0.000145664774
0.000153946041
0.000161524578
0.000168436743
0.000174737038
0.000180479581
0.000185721397
0.000190528971
0.000194983834
0.000199157839
0.000203037827
0.000206573908
0.000209879827
0.000213282351
0.000217065891
0.000220849715
0.000223678339
0.000225483675
0.000227042712
0.000228189844
0.000227837191
0.000225776517
6.46117138e-05
6.48623751e-05
6.23755093e-05
6.80876673e-05
7.77929177e-05
8.9133988e-05
0.00010094318
0.000112572001
0.000123662799
0.000134101952
0.000143879717
0.000152904639
0.000161079851
0.000168463764
0.000175161089
0.000181237147
0.000186754413
0.000191794266
0.000196498602
0.000201024144
0.000205401463
0.000209573154
0.000213608322
0.000217814539
0.000222896047
0.000229750459
0.000238626205
0.000250126927
0.000265205889
0.000285366173
0.000314261537
0.000349257363
)
;

boundaryField
{
    inner_wall
    {
        type            zeroGradient;
    }
    outer_wall
    {
        type            zeroGradient;
    }
    top
    {
        type            zeroGradient;
    }
    bottom
    {
        type            fixedValue;
        value           uniform 0;
    }
    front
    {
        type            wedge;
    }
    back
    {
        type            wedge;
    }
}


// ************************************************************************* //
