/*--------------------------------*- C++ -*----------------------------------*\
| =========                 |                                                 |
| \\      /  F ield         | OpenFOAM: The Open Source CFD Toolbox           |
|  \\    /   O peration     | Version:  2506                                  |
|   \\  /    A nd           | Website:  www.openfoam.com                      |
|    \\/     M anipulation  |                                                 |
\*---------------------------------------------------------------------------*/
FoamFile
{
    version     2.0;
    format      ascii;
    arch        "LSB;label=32;scalar=64";
    class       volScalarField;
    location    "215";
    object      C;
}
// * * * * * * * * * * * * * * * * * * * * * * * * * * * * * * * * * * * * * //

dimensions      [0 0 0 0 0 0 0];

internalField   nonuniform List<scalar> 
3072
(
2.30129867e-09
-3.29703078e-07
-1.34695716e-06
2.10426477e-05
6.09835906e-05
-9.27894345e-05
-0.000717109227
-0.0017845859
-0.00311946137
-0.00487693388
-0.00801670094
-0.0183029828
-0.0374463499
-0.0524216945
-0.0157954469
0.143524073
0.433822769
0.746603037
0.959137522
1.03533268
1.02864529
1.00650192
0.997245792
0.997972523
1.0015773
1.00564973
1.00732939
1.00156582
0.979630416
0.902046152
0.680730355
0.262691039
-1.82492253e-09
2.49552058e-07
1.14707365e-05
-1.87934771e-05
-0.000256615817
-0.000362056794
0.000836007857
0.00397619941
0.00782272361
0.00976958357
0.00685037448
-0.00333724203
-0.0256128873
-0.0514469528
-0.0240907031
0.140485373
0.444255481
0.764514219
0.971444358
1.03740066
1.02571472
1.00429226
0.996907158
0.998339451
1.00196998
1.00596878
1.00733477
1.00093904
0.978079063
0.898679861
0.675555739
0.258636157
9.49415168e-09
2.61627095e-06
-3.14058341e-06
-0.0001664489
-0.000184655833
0.00175727075
0.00691505209
0.0129299514
0.0161298809
0.0159964774
0.0140970491
0.00732474074
-0.0141480746
-0.0486096104
-0.0309026431
0.135386344
0.447573903
0.772889366
0.977108307
1.03781912
1.02399886
1.00328977
0.996858081
0.998546974
1.0021602
1.00612036
1.00732144
1.00064774
0.977534168
0.898014408
0.675829055
0.261483528
1.38696545e-08
3.56572264e-06
-2.33862276e-05
-0.000267877454
0.000211337872
0.00422520197
0.0114972144
0.0167224792
0.0172834505
0.0164689837
0.0147102375
0.0123654882
-0.00617447163
-0.046272024
-0.0327446627
0.140635823
0.462877921
0.790058833
0.986094313
1.03814498
1.02154094
1.00198954
0.996816684
0.998813231
1.00240322
1.00631154
1.00729997
1.00028056
0.976836993
0.897010913
0.675386257
0.263977977
6.4345976e-10
3.95500713e-06
-2.53282789e-05
-0.000287079357
0.000284743142
0.00482260453
0.0128030827
0.0179654523
0.0184734255
0.0174609071
0.0136743111
0.0122424336
-0.00733488967
-0.0476382073
-0.0229787058
0.169870371
0.503825768
0.822435005
0.999021458
1.03746371
1.01801207
1.00051642
0.996889132
0.999152849
1.00269734
1.00653471
1.00724338
0.999803662
0.975940151
0.895649486
0.674571327
0.266931719
-1.04219311e-07
4.28853263e-06
-1.69377281e-05
-0.000276001909
5.31706015e-05
0.00365513912
0.0104019498
0.0154364887
0.0173931426
0.0151868386
0.0122753841
0.00909295915
-0.0161448149
-0.0505552021
0.00560356444
0.2372111
0.581159168
0.87384556
1.0154108
1.03465462
1.01298315
0.99887014
0.997138438
0.999616948
1.00310121
1.00682924
1.00711447
0.999067511
0.974493186
0.893087019
0.67187423
0.268699873
-1.94245952e-08
4.62062609e-06
-3.08179494e-06
-0.00023240523
-0.000224841033
0.00183099217
0.00612012716
0.00983903986
0.0112037014
0.00942789644
0.00871780538
0.000614216953
-0.0318676627
-0.0435553293
0.0734144863
0.356442885
0.69535263
0.93745162
1.02977345
1.0281823
1.00688641
0.997504684
0.997660905
1.0002091
1.00364389
1.0072
1.00684891
0.997940651
0.972244987
0.888807939
0.666580778
0.268622461
-1.06543621e-06
3.12880569e-06
9.2326029e-06
-0.00016218118
-0.000349939806
0.000413490986
0.00233788959
0.00424157048
0.00450419332
0.00449584038
0.00300557466
-0.0168226592
-0.0443870752
0.00372462672
0.208998658
0.53214385
0.830595442
0.996079712
1.03455395
1.01788689
1.00115564
0.996988804
0.99844934
1.00090319
1.00434846
1.00761976
1.00634854
0.996282687
0.968956053
0.882356302
0.65810524
0.266155943
3.22164499e-06
6.82463815e-06
2.3369497e-05
-7.80778129e-05
-0.000293440528
-0.000223135162
0.00027842815
0.000751062585
0.00100046172
0.00121767337
-0.0114321272
-0.0369516122
-0.0145134572
0.140914705
0.430344961
0.742120388
0.952728319
1.02972078
1.02630205
1.00651673
0.997637084
0.997528714
0.999340766
1.00168819
1.00523087
1.00800902
1.00547517
0.993949255
0.964404981
0.873379856
0.646149287
0.261105343
-1.9131967e-05
-1.93730416e-05
-1.15096029e-06
-4.0095694e-05
-0.000180932334
-0.000304901976
-0.000314846541
-0.000384339411
-0.000119748243
-0.0109247167
-0.0312672282
-0.0077438041
0.134620619
0.403333681
0.706386682
0.9280635
1.0233481
1.03025661
1.01066311
0.998735499
0.997144873
0.99863212
1.00013979
1.00262873
1.00627755
1.00821912
1.00405797
0.990796437
0.958371495
0.861592064
0.630619549
0.253515045
9.71188354e-05
0.000106160199
0.000130894659
0.000113410205
4.97408949e-05
-7.77803133e-05
-0.000146733365
-0.000192071538
-0.0122930469
-0.023808855
0.0229430601
0.18582211
0.453605031
0.737391891
0.939476167
1.02565902
1.03116732
1.01155098
0.99897234
0.996972806
0.998444521
0.999506874
1.00088592
1.00384724
1.00738796
1.00802932
1.00191872
0.986692568
0.950633018
0.846776628
0.611622236
0.243634197
-0.000544778829
-0.000596469114
-0.000617943908
-0.000484594411
-0.000440677328
2.67610169e-06
-0.00108934849
-0.0132295466
0.00215930177
0.103935699
0.31415604
0.586071024
0.831613113
0.983704783
1.03572509
1.02850437
1.00825851
0.99772018
0.996900324
0.998659891
0.999430546
0.999963254
1.00190487
1.00537612
1.00832981
1.00718054
0.99891249
0.981530427
0.940971927
0.828815001
0.589461865
0.231866803
0.00332044103
0.00362473991
0.00374946154
0.00251563636
0.00163758314
-0.00363273232
0.0122389143
0.108003277
0.300739371
0.55247048
0.792219304
0.958672084
1.03288525
1.03909722
1.01856949
1.00130521
0.995888554
0.997345639
0.999289314
0.999624468
0.999522041
1.00061496
1.00344568
1.00701589
1.00877515
1.00544562
0.994968787
0.975234863
0.929200792
0.807742339
0.564654292
0.218730235
-0.0243178835
-0.0268849375
-0.0268571192
-0.00571887845
0.0709976051
0.226332601
0.445373884
0.678656924
0.87384167
0.997661166
1.04697106
1.04430441
1.02144817
1.00221824
0.994862174
0.995902471
0.998854571
1.00014969
0.999788825
0.999254914
0.999807914
1.00196584
1.00534827
1.00839219
1.00841182
1.00270386
0.990116073
0.967767365
0.91521334
0.783822331
0.537934285
0.204812837
0.328394599
0.42299144
0.559343457
0.719878311
0.865025344
0.975935064
1.0427549
1.06612452
1.05714174
1.03288696
1.00935265
0.995634858
0.99248223
0.995322134
0.998971304
1.00072544
1.00056275
0.999647042
0.99902762
0.999330642
1.00092663
1.00382415
1.00720638
1.00914361
1.00704696
0.998988876
0.98448145
0.959137833
0.89906498
0.757621782
0.510241507
0.190729442
1.02866543
1.04565121
1.05253228
1.04866235
1.0367682
1.0207549
1.00511532
0.993766907
0.988721613
0.989462562
0.993516709
0.997927919
1.00072157
1.00149676
1.00097252
1.00007411
0.999338525
0.998951837
0.99911339
1.00020706
1.00253395
1.00578551
1.00866673
1.00902987
1.00466611
0.994498949
0.978268815
0.949437227
0.881071425
0.730053046
0.482670223
0.177074815
0.996109432
0.993354585
0.991442636
0.990971522
0.991964794
0.994151893
0.996971786
0.99967392
1.00156877
1.00231067
1.00203226
1.00122382
1.00042136
0.999909653
0.999640192
0.999405923
0.999129489
0.999049645
0.999663966
1.00142756
1.00433181
1.00756472
1.00947334
1.00798202
1.00146045
0.989560539
0.971729737
0.938895647
0.861889561
0.702347484
0.456378101
0.164378671
1.00067368
1.00117645
1.00159272
1.00178963
1.00172856
1.00141563
1.00091158
1.00033694
0.999846107
0.999570758
0.99955721
0.999733944
0.999934352
0.999972711
0.999746379
0.999326973
0.999002613
0.999231675
1.00047387
1.00290478
1.00610492
1.00889815
1.00951588
1.00615298
0.997786747
0.984550951
0.965149453
0.92794374
0.842525485
0.675936288
0.432464455
0.153067782
0.999869633
0.999769806
0.999680549
0.999629747
0.999625826
0.999668588
0.999751058
0.999861265
0.999984822
1.00010531
1.00019905
1.00022629
1.00013056
0.999863575
0.999444757
0.999035617
0.99897396
0.999699601
1.00154045
1.0044134
1.00758438
1.00965924
1.00890543
1.00386859
0.994058607
0.979823709
0.958852183
0.917225909
0.824224949
0.652249389
0.41184289
0.143440474
1.00002666
1.00004773
1.00006814
1.00008188
1.00008429
1.00007136
1.00004518
1.00001888
1.00001352
1.0000428
1.00009052
1.0000969
0.999975104
0.999669445
0.999240808
0.998932278
0.999150688
1.00031963
1.00262148
1.00572645
1.00865749
1.00991664
1.00789952
1.00150312
0.990642484
0.9756668
0.953195968
0.907518739
0.808252018
0.632484321
0.395139366
0.135656572
0.999994126
0.999989604
0.999985917
0.999984125
0.999981865
0.999976332
0.999970685
0.999977663
1.00001298
1.00007694
1.00013347
1.00010643
0.999912244
0.999531298
0.999090614
0.998902271
0.999399035
1.0009453
1.0035715
1.00674923
1.00934563
1.00984109
1.00678713
0.99937614
0.987797243
0.972284463
0.948526619
0.899561442
0.795627162
0.617418496
0.382639971
0.129743011
1.00000113
1.00000227
1.00000405
1.00000591
1.00000444
0.999996575
0.999986991
0.999991305
1.00002655
1.00008905
1.00013311
1.0000738
0.99983177
0.99941448
0.998995468
0.998930186
0.999656651
1.00147912
1.00430591
1.00746794
1.00974119
1.00962259
1.00580345
0.997695103
0.985656794
0.969786792
0.945098171
0.893869241
0.786927412
0.607322827
0.374296884
0.12561282
0.999999578
0.999999441
1.00000002
1.00000102
0.999998925
0.999990817
0.999982379
0.999990582
1.00003197
1.00009831
1.00013588
1.00005405
0.999778797
0.999339504
0.99894314
0.998972063
0.999860679
1.00186426
1.00480504
1.00792443
1.00995058
1.00940702
1.00508774
0.996547091
0.984243472
0.968184196
0.943004087
0.890619324
0.782221141
0.60199147
0.36978432
0.123093654
0.999999924
1.00000008
1.00000097
1.00000217
1.00000002
0.999991598
0.999983102
0.999992345
1.00003582
1.00010293
1.00013567
1.00004044
0.999746728
0.999296893
0.99891696
0.99900341
0.999986223
1.00209043
1.00508886
1.00817493
1.0100553
1.0092743
1.00468612
0.995922398
0.983495897
0.967395564
0.942161304
0.889654197
0.781141458
0.600858479
0.368583454
0.121959315
0.999999843
0.999999927
1.00000074
1.00000192
0.999999759
0.999991276
0.999982782
0.999992389
1.00003671
1.00010443
1.00013593
1.00003619
0.999735636
0.999281395
0.998906852
0.999014096
1.00003165
1.0021733
1.00519387
1.00827026
1.01010341
1.00924718
1.0045772
0.99574951
0.983301297
0.967273554
0.942351234
0.890582404
0.783049716
0.603153624
0.37007246
0.121959661
0.999999861
0.999999951
1.00000076
1.00000199
0.99999996
0.999991556
0.999982837
0.999991852
1.0000356
1.0001035
1.00013654
1.00003946
0.999741191
0.999286646
0.998907276
0.999004822
1.00000993
1.00214118
1.00516006
1.00825027
1.01011699
1.0093127
1.00470323
0.995927585
0.983522475
0.967631822
0.943282798
0.892922444
0.787233377
0.608048144
0.373581728
0.122829317
0.999999857
0.999999929
1.0000007
1.00000197
1.00000017
0.999991995
0.99998294
0.999990652
1.00003274
1.00010056
1.00013744
1.00004867
0.999759744
0.999307984
0.99891595
0.998980739
0.999938139
1.00202371
1.00502385
1.00814574
1.01010538
1.00944526
1.00499745
0.99634881
0.984008564
0.968268605
0.94466907
0.896221833
0.793005633
0.614738037
0.378480869
0.1243146
0.99999986
0.999999916
1.00000065
1.00000196
1.00000045
0.99999259
0.999983174
0.999989199
1.00002889
1.00009622
1.00013803
1.00006094
0.999786183
0.999340157
0.998931802
0.998950171
0.999837342
1.00185315
1.00482068
1.007982
1.01006922
1.00961044
1.00539009
0.996922295
0.984667918
0.969071141
0.946271666
0.899995895
0.799681078
0.622552951
0.384295852
0.126230867
0.999999862
0.999999903
1.00000058
1.00000193
1.00000072
0.99999325
0.999983516
0.999987718
1.00002462
1.00009103
1.00013794
1.00007405
0.99981625
0.999378573
0.998953642
0.998919857
0.999725083
1.00165651
1.00458025
1.00778045
1.01000981
1.00978113
1.00582489
0.99757158
0.985416881
0.96994112
0.94791325
0.903893473
0.806734634
0.630942226
0.390617868
0.128412756
0.999999865
0.999999891
1.00000052
1.00000189
1.00000098
0.999993922
0.999983946
0.99998637
1.00002035
1.00008545
1.00013706
1.00008643
0.999846654
0.999419353
0.998979796
0.99889396
0.999613979
1.00145437
1.00432638
1.00755975
1.00993115
1.00993955
1.00626069
0.998238609
0.986193127
0.970812545
0.949479277
0.907670752
0.813780508
0.639491616
0.397135482
0.130730673
0.999999867
0.999999881
1.00000046
1.00000185
1.00000121
0.999994565
0.999984431
0.99998523
1.00001635
1.00007989
1.00013549
1.00009725
0.999875238
0.999459531
0.999008297
0.998874181
0.999511723
1.00126078
1.00407667
1.00733537
1.00983946
1.01007673
1.00667099
0.998882532
0.986950947
0.971641963
0.950906076
0.911181999
0.820562621
0.647909323
0.403622219
0.133086167
0.99999987
0.999999873
1.00000041
1.00000181
1.0000014
0.999995152
0.999984934
0.999984314
1.00001277
1.00007461
1.00013343
1.0001063
0.999900971
0.999497258
0.999037323
0.99886046
0.999421946
1.001084
1.00384293
1.00711916
1.0097418
1.01019025
1.00704122
0.999477527
0.987659611
0.972403396
0.95216612
0.914355129
0.826929463
0.656007962
0.409926872
0.135409635
0.999999873
0.999999866
1.00000036
1.00000176
1.00000156
0.999995668
0.999985422
0.999983605
1.00000968
1.00006979
1.00013111
1.00011361
0.999923375
0.999531365
0.99906532
0.998851849
0.999345708
1.00092819
1.00363231
1.00691959
1.00964483
1.01028167
1.00736534
1.00000939
0.988300223
0.973082795
0.953254598
0.917168659
0.832807333
0.6636814
0.41595821
0.137655131
0.999999875
0.999999861
1.00000032
1.00000172
1.00000169
0.999996108
0.99998587
0.999983071
1.00000709
1.00006558
1.00012878
1.00011933
0.999942254
0.9995611
0.999091028
0.998847066
0.999282623
1.00079483
1.00344862
1.00674216
1.00955416
1.01035448
1.0076428
1.00047227
0.988862969
0.973674235
0.954179522
0.919632581
0.838176508
0.670883528
0.421670746
0.139795156
0.999999877
0.999999856
1.00000029
1.00000169
1.00000179
0.999996473
0.999986261
0.999982674
1.00000498
1.00006203
1.0001266
1.00012372
0.999957758
0.999586223
0.999113622
0.998844812
0.99923144
1.00068352
1.00329301
1.00658979
1.00947388
1.01041281
1.00787629
1.00086613
0.989344881
0.974177436
0.954955443
0.921774884
0.843053203
0.677611602
0.427053435
0.141816548
0.999999879
0.999999851
1.00000026
1.00000166
1.00000187
0.999996766
0.999986586
0.999982378
1.0000033
1.00005913
1.00012471
1.00012707
0.999970188
0.999606806
0.999132652
0.998843975
0.999190577
1.00059278
1.00316484
1.00646331
1.00940651
1.01046054
1.00807029
1.00119469
0.989747977
0.974596114
0.955599689
0.923632436
0.847476187
0.683893233
0.432120547
0.143716941
0.999999881
0.999999847
1.00000024
1.00000163
1.00000193
0.999996997
0.999986844
0.999982154
1.00000198
1.00005683
1.00012316
1.00012962
0.999979954
0.999623175
0.999148021
0.998843711
0.999158351
1.00052039
1.00306211
1.00636185
1.00935309
1.01050096
1.00823005
1.00146418
0.990077921
0.974936954
0.956130399
0.925245447
0.851497854
0.689777439
0.436905432
0.145502506
0.999999883
0.999999843
1.00000022
1.00000162
1.00000198
0.999997175
0.999987038
0.99998198
1.00000097
1.00005506
1.00012196
1.00013157
0.999987493
0.999635855
0.999159947
0.998843461
0.99913311
1.00046371
1.00298185
1.0062832
1.00931336
1.01053661
1.00836112
1.00168232
0.990342941
0.975208819
0.956565483
0.926654066
0.855177891
0.695327841
0.441455634
0.147186196
0.999999884
0.999999839
1.0000002
1.00000161
1.00000203
0.999997309
0.999987176
0.999981837
1.00000021
1.00005374
1.00012109
1.0001331
0.999993237
0.999645441
0.999168841
0.998842913
0.999113352
1.00041999
1.00292055
1.00622426
1.00928607
1.01056933
1.00846893
1.00185762
0.990552887
0.975422012
0.956921998
0.927896196
0.858578414
0.700616889
0.445828511
0.148785999
0.999999886
0.999999835
1.00000019
1.0000016
1.00000206
0.999997408
0.999987269
0.999981715
0.999999635
1.00005279
1.0001205
1.00013432
0.999997586
0.999652555
0.999175228
0.998841946
0.99909775
1.00038645
1.00287446
1.00618141
1.00926929
1.01060036
1.00855869
1.00199885
0.990718464
0.975587641
0.9572158
0.929006235
0.861760452
0.705721288
0.450087694
0.150323481
0.999999887
0.999999831
1.00000018
1.0000016
1.0000021
0.999997482
0.999987327
0.999981606
0.999999198
1.00005209
1.00012014
1.00013534
1.00000091
0.999657824
0.999179697
0.998840571
0.999085142
1.00036047
1.00283979
1.00615079
1.00926068
1.01063046
1.00863519
1.0021147
0.990850661
0.975717092
0.957461356
0.930014423
0.86478148
0.710718468
0.454300331
0.151822712
0.999999889
0.999999827
1.00000017
1.0000016
1.00000212
0.99999754
0.999987363
0.999981504
0.999998852
1.00005158
1.00011992
1.00013623
1.00000357
0.999661854
0.999182861
0.998838884
0.999074502
1.00033954
1.00281283
1.00612847
1.0092577
1.01066008
1.00870289
1.00221352
0.990960327
0.975821616
0.957671661
0.930946587
0.867693741
0.71568393
0.458534993
0.153309484
0.999999891
0.999999823
1.00000016
1.0000016
1.00000215
0.999997589
0.999987386
0.999981406
0.999998551
1.00005116
1.00011979
1.00013705
1.00000586
0.999665222
0.999185326
0.998837031
0.999064926
1.00032135
1.00279003
1.00611065
1.00925776
1.01068942
1.00876582
1.00230316
0.991057856
0.975912024
0.957858212
0.931824094
0.870543083
0.720689137
0.46285893
0.154807562
0.999999893
0.999999819
1.00000015
1.0000016
1.00000218
0.999997637
0.999987408
0.99998131
0.999998259
1.00005076
1.00011966
1.00013785
1.00000808
0.999668461
0.999187667
0.998835182
0.999055622
1.00030378
1.00276813
1.00609374
1.00925834
1.01071854
1.00882762
1.00239088
0.991152972
0.975998465
0.958031033
0.932663935
0.873368068
0.7257998
0.467339076
0.156343163
0.999999895
0.999999815
1.00000014
1.0000016
1.00000221
0.99999769
0.99998744
0.999981213
0.99999794
1.0000503
1.00011948
1.00013867
1.00001047
0.999672051
0.999190418
0.998833519
0.999045911
1.00028493
1.00274413
1.00607439
1.00925707
1.01074739
1.0088915
1.00248323
0.991254598
0.976090318
0.958198777
0.933478997
0.876199782
0.731075091
0.472039596
0.15794083
0.999999897
0.999999811
1.00000013
1.0000016
1.00000224
0.999997756
0.999987489
0.999981115
0.999997565
1.00004972
1.00011918
1.00013953
1.00001325
0.999676415
0.999194063
0.998832229
0.99903522
1.00026315
1.00271537
1.00604961
1.00925171
1.0107758
1.00896024
1.00258604
0.991370803
0.976196165
0.958368891
0.934278435
0.879062023
0.736568029
0.477023791
0.1596256
0.9999999
0.999999807
1.00000012
1.0000016
1.00000227
0.999997839
0.999987565
0.999981017
0.999997106
1.00004896
1.00011871
1.00014046
1.00001662
0.99968194
0.999199053
0.998831516
0.999023085
1.00023698
1.00267947
1.00601666
1.0092402
1.01080349
1.00903615
1.00270438
0.99150872
0.976323749
0.958547744
0.935067954
0.881971111
0.742324713
0.482353184
0.161421768
0.999999903
0.999999803
1.00000011
1.00000159
1.0000023
0.999997943
0.999987675
0.999980919
0.999996544
1.00004796
1.000118
1.00014147
1.00002071
0.999688967
0.999205804
0.998831597
0.999009167
1.00020527
1.00263444
1.0059732
1.00922067
1.01083004
1.00912101
1.00284238
0.991674398
0.976479842
0.958740687
0.935850007
0.8849354
0.74838287
0.48808704
0.163353456
0.999999907
0.9999998
1.00000009
1.00000158
1.00000234
0.999998073
0.999987827
0.999980826
0.999995866
1.00004671
1.00011702
1.00014254
1.00002564
0.999697729
0.99921464
0.998832699
0.998993304
1.00016719
1.0025788
1.00591734
1.00919151
1.01085491
1.00921598
1.00300316
0.991872587
0.976670065
0.958952082
0.93662406
0.887954915
0.754770503
0.49428189
0.16544541
0.999999911
0.999999797
1.00000007
1.00000156
1.00000238
0.99999823
0.999988026
0.999980742
0.999995067
1.00004516
1.00011571
1.00014364
1.00003143
0.999708357
0.999225792
0.998835051
0.998975523
1.00012235
1.00251159
1.00584773
1.00915137
1.01087738
1.00932153
1.00318859
0.992106559
0.976898708
0.959185344
0.937387002
0.891021313
0.761504661
0.500990023
0.167721447
0.999999915
0.999999795
1.00000005
1.00000153
1.00000242
0.999998415
0.999988274
0.999980672
0.99999415
1.00004331
1.00011406
1.00014472
1.00003804
0.99972089
0.999239402
0.998838881
0.99895603
1.00007076
1.00243246
1.00576362
1.0090993
1.01089662
1.00943738
1.0033993
0.992377936
0.977168527
0.959442955
0.938133681
0.894118104
0.768590275
0.50825899
0.170205149
0.99999992
0.999999793
1.00000003
1.0000015
1.00000246
0.999998627
0.999988573
0.999980626
0.999993128
1.00004117
1.00011204
1.00014575
1.0000454
0.999735266
0.99925551
0.9988444
0.998935202
1.00001284
1.00234168
1.00566492
1.00903474
1.01091173
1.00956253
1.00363446
0.992686483
0.977480463
0.959726377
0.938857474
0.897221055
0.776018722
0.516130135
0.172919712
0.999999925
0.999999792
1
1.00000146
1.0000025
0.999998862
0.999988923
0.999980609
0.999992022
1.00003876
1.00010966
1.00014664
1.00005336
0.999751308
0.99927403
0.998851774
0.998913569
0.999949446
1.00224021
1.00555232
1.0089577
1.01092182
1.00969522
1.00389176
0.993029848
0.977833255
0.960035815
0.939550903
0.900298886
0.783766202
0.524636609
0.175887634
0.999999931
0.999999791
0.999999973
1.00000141
1.00000254
0.999999116
0.999989319
0.999980629
0.99999086
1.00003612
1.00010693
1.00014733
1.00006173
0.999768724
0.999294728
0.998861079
0.99889178
0.999881904
1.00212982
1.00542745
1.00886897
1.01092617
1.00983298
1.00416721
0.993403264
0.978222966
0.960369821
0.940206235
0.903314393
0.791792117
0.533800735
0.179130047
0.999999937
0.999999792
0.999999943
1.00000136
1.00000257
0.999999382
0.999989753
0.999980692
0.99998968
1.00003333
1.00010391
1.00014777
1.00007024
0.999787067
0.99931715
0.998872234
0.99887057
0.999812015
1.00201318
1.00529311
1.00877033
1.01092442
1.00997271
1.00445506
0.993799263
0.978642478
0.960724725
0.940816027
0.906226229
0.800037948
0.543631088
0.182665771
0.999999944
0.999999793
0.999999913
1.00000131
1.0000026
0.999999652
0.999990212
0.999980797
0.999988522
1.00003048
1.00010069
1.00014793
1.0000786
0.999805707
0.99934057
0.998884929
0.998850688
0.999742039
1.00189392
1.0051534
1.00866476
1.01091684
1.0101108
1.00474785
0.994207543
0.97908111
0.961094023
0.941373588
0.908991548
0.808427461
0.554120093
0.186510607
0.99999995
0.999999796
0.999999883
1.00000125
1.00000262
0.999999917
0.99999068
0.99998094
0.999987428
1.00002768
1.0000974
1.0001478
1.00008647
0.999823901
0.999364026
0.99889858
0.998832787
0.999674558
1.00177656
1.00501372
1.00855665
1.01090449
1.01024346
1.00503656
0.99461504
0.979524489
0.961467811
0.941873204
0.911569392
0.816868725
0.56524276
0.190677517
0.999999957
0.999999798
0.999999855
1.00000119
1.00000264
1.00000017
0.999991136
0.999981109
0.999986437
1.00002503
1.00009421
1.00014746
1.00009357
0.999840826
0.999386323
0.9989123
0.998817336
0.999612344
1.00166636
1.00488074
1.00845178
1.01088951
1.01036689
1.00531085
0.995006098
0.979954572
0.961832265
0.942309938
0.913924216
0.82525739
0.576956003
0.195177706
0.999999964
0.999999802
0.999999828
1.00000114
1.00000265
1.00000039
0.999991555
0.999981284
0.999985585
1.00002269
1.00009133
1.000147
1.00009963
0.999855613
0.999406099
0.998924921
0.998804562
0.999558217
1.00156915
1.00476229
1.00835736
1.01087512
1.0104775
1.00555927
0.995362625
0.980349739
0.9621692
0.942678909
0.916028993
0.833480775
0.589198158
0.200022973
0.99999997
0.999999805
0.999999804
1.00000109
1.00000266
1.00000058
0.999991906
0.999981438
0.999984903
1.0000208
1.00008898
1.00014657
1.00010439
0.999867329
0.999421819
0.998935012
0.998794477
0.999515092
1.00149139
1.00466736
1.00828207
1.0108657
1.01057189
1.00576915
0.995663928
0.980684663
0.962455561
0.942973966
0.917867226
0.841421736
0.601887183
0.205228807
0.999999977
0.999999807
0.999999783
1.00000105
1.00000267
1.00000072
0.999992155
0.999981536
0.999984422
1.00001953
1.00008746
1.00014638
1.00010759
0.999874901
0.999431683
0.998940865
0.998787004
0.999486215
1.00144047
1.00460638
1.00823614
1.01086671
1.01064655
1.00592616
0.995886193
0.980929861
0.962662859
0.943185799
0.919433534
0.848963105
0.614917918
0.210818518
0.999999984
0.999999808
0.999999767
1.00000103
1.00000268
1.0000008
0.999992265
0.999981542
0.999984178
1.00001905
1.00008706
1.00014662
1.0001089
0.999877116
0.99943368
0.998940602
0.998782144
0.999475375
1.00142487
1.00459132
1.0082313
1.01088441
1.01069749
1.00601376
0.996001836
0.981051171
0.962756695
0.943299086
0.920731809
0.855996622
0.628161708
0.216827592
0.999999991
0.999999808
0.999999756
1.00000103
1.0000027
1.00000081
0.999992202
0.999981424
0.999984211
1.00001955
1.00008807
1.00014743
1.00010794
0.999872732
0.999425824
0.998932462
0.998780183
0.999486936
1.00145405
1.00463544
1.00828061
1.01092572
1.01071991
1.00601277
0.995978937
0.981009197
0.962695844
0.943285442
0.921765714
0.862448287
0.641480555
0.223304417
0.999999996
0.999999805
0.99999975
1.00000105
1.00000273
1.00000074
0.999991953
0.99998117
0.999984558
1.00002117
1.00009072
1.00014889
1.00010418
0.999860279
0.999406006
0.998914943
0.998782307
0.999526801
1.00153926
1.00475346
1.00839761
1.01099682
1.01070692
1.00590029
0.995779812
0.980756204
0.962425843
0.943075841
0.922499124
0.868349601
0.654738261
0.230197421
1
0.999999802
0.999999748
1.00000109
1.00000276
1.00000058
0.999991465
0.999980762
0.999985363
1.00002429
1.00009541
1.00015089
1.00009632
0.999837076
0.999371052
0.998886678
0.998791959
0.999605384
1.00169741
1.00496471
1.00859701
1.01110004
1.01064309
1.00564244
0.995356663
0.980238838
0.961897233
0.942633396
0.922906372
0.873672223
0.667831141
0.23746234
1.00000001
0.999999798
0.999999751
1.00000116
1.00000281
1.00000029
0.999990684
0.999980218
0.999986856
1.00002936
1.0001025
1.00015294
1.00008232
0.999799576
0.999317585
0.998847631
0.998815923
0.999737991
1.00195033
1.00529129
1.00889228
1.01123182
1.01050317
1.00519327
0.994649115
0.979391725
0.961049677
0.941914971
0.922975451
0.87837643
0.680614074
0.24506678
1.00000001
0.999999791
0.999999763
1.00000126
1.00000285
0.999999819
0.999989552
0.99997961
0.999989414
1.00003699
1.00011221
1.00015389
1.00005891
0.99974313
0.999242392
0.998800483
0.998866783
0.999947753
1.00232692
1.00575815
1.00929286
1.01137718
1.01024518
1.00448837
0.993580274
0.978137181
0.959815004
0.940871989
0.922690258
0.88243885
0.692951128
0.252952777
1.00000002
0.999999783
0.999999784
1.0000014
1.00000288
0.9999991
0.999988015
0.999979117
0.999993627
1.00004793
1.00012444
1.00015137
1.0000209
0.999661485
0.999143018
0.99875297
0.998966726
1.00026948
1.00286512
1.0063915
1.00979862
1.01150143
1.00980122
1.00343682
0.992050878
0.976381707
0.958115534
0.939450559
0.922033927
0.885845797
0.704711217
0.261042844
1.00000002
0.999999772
0.999999819
1.00000159
1.00000285
0.999998043
0.999986053
0.999979088
1.00000037
1.00006299
1.00013834
1.00014101
0.999960412
0.999547218
0.999020332
0.998722608
0.999153066
1.00075355
1.00361158
1.0072129
1.01038901
1.01153655
1.0090643
1.00191093
0.989933161
0.974013684
0.9558644
0.937592728
0.920988481
0.888594273
0.715774467
0.269240341
1.00000002
0.999999761
0.999999873
1.00000182
1.00000272
0.999996541
0.999983721
0.999980149
1.00001086
1.00008273
1.00015136
1.0001153
0.999866702
0.999393907
0.998883862
0.998744305
0.999485336
1.0014686
1.00461676
1.00822617
1.01100398
1.01136051
1.00787037
0.999733782
0.987064397
0.970901643
0.952966583
0.9352385
0.919536061
0.890691076
0.726035553
0.277432285
1.00000002
0.999999748
0.99999995
1.00000209
1.00000242
0.999994479
0.999981227
0.99998331
1.00002653
1.00010686
1.00015807
1.00006234
0.999726662
0.999200371
0.998760427
0.998881184
1.00005313
1.0025004
1.00592146
1.00939243
1.0115129
1.01076716
1.0059748
0.996664671
0.983240572
0.966893518
0.949320849
0.93232837
0.917660188
0.892151031
0.735402958
0.285489202
1.00000002
0.999999736
1.00000006
1.00000239
1.00000183
0.999991772
0.999979041
0.999990064
1.00004881
1.00013303
1.00014826
0.999965144
0.999528194
0.998980468
0.998709109
0.999238566
1.00097992
1.003938
1.00752354
1.01058346
1.01166524
1.00942455
1.00302457
0.992385665
0.978213561
0.961819494
0.944824267
0.928807349
0.915348042
0.892995803
0.743798016
0.293266028
1.00000002
0.999999728
1.00000019
1.00000268
1.00000083
0.999988422
0.999978031
1.00000236
1.00007824
1.00015492
1.000105
0.999803159
0.999269554
0.998781244
0.998842296
0.999975298
1.00241099
1.00583122
1.00930994
1.0115031
1.01101919
1.00682397
0.998531444
0.986494679
0.971695965
0.955500908
0.939380403
0.924630757
0.912593598
0.89325313
0.751153111
0.300602963
1.00000002
0.999999723
1.00000036
1.00000292
0.999999295
0.999984604
0.999979586
1.00002232
1.00011306
1.00015964
1.00000412
0.999559466
0.998978588
0.998710549
0.999346617
1.0012965
1.00446178
1.00809488
1.0109354
1.01156913
1.00885186
1.00222975
0.991857987
0.97851477
0.963379639
0.94776811
0.932912171
0.919771923
0.909401514
0.892956328
0.757408584
0.30732352
1.00000001
0.999999724
1.00000056
1.00000306
0.999997104
0.999980771
0.99998563
1.00005142
1.00014681
1.00012559
0.999817999
0.999238426
0.998744941
0.998968577
1.00048375
1.00339354
1.00708705
1.01032772
1.01163447
1.00976306
1.00407272
0.9946563
0.982238731
0.967934515
0.952975639
0.93849021
0.925379948
0.914231619
0.905791507
0.89214425
0.762511808
0.313241564
1.00000001
0.999999732
1.00000078
1.00000302
0.999994214
0.999977749
0.999998416
1.00008907
1.0001657
1.00002275
0.999528704
0.9988982
0.998760665
0.999859834
1.00252555
1.00627392
1.00982276
1.01152762
1.00998553
1.00449496
0.995197768
0.982922678
0.968871117
0.954297805
0.940282634
0.927618045
0.916804324
0.908048435
0.901802698
0.890861982
0.766434961
0.318289487
1.00000001
0.999999748
1.00000101
1.00000273
0.999990699
0.999976759
1.00001995
1.00013056
1.00014673
0.999819635
0.999155255
0.998695529
0.999345204
1.00173135
1.00554886
1.00941631
1.0113818
1.00974914
1.00372711
0.993605467
0.98049356
0.965860541
0.951116563
0.937357948
0.925285265
0.915237267
0.907290112
0.901307703
0.897495909
0.889143805
0.768992519
0.321994226
1
0.999999772
1.00000123
1.00000214
0.999986794
0.999979304
1.00005101
1.00016504
1.00005943
0.99950105
0.99879458
0.998921819
1.00089838
1.00475137
1.00901466
1.01124448
1.00920647
1.00190558
0.989872384
0.974726299
0.958444252
0.942754295
0.928836161
0.917292814
0.908271
0.90162191
0.89704645
0.894147992
0.892956657
0.887045909
0.770168646
0.324222709
0.999999999
0.999999804
1.00000143
1.00000123
0.999982907
0.999986869
1.00008995
1.00017479
0.999874021
0.9990975
0.998660811
0.999980558
1.00369718
1.00845651
1.0111577
1.00861816
0.999345718
0.984164375
0.965525119
0.946268729
0.928662024
0.914026052
0.902822525
0.894933427
0.889926786
0.887262043
0.886386333
0.886753443
0.888284871
0.884613714
0.769926873
0.324907128
0.999999996
0.999999841
1.00000159
1.00000001
0.999979571
1.00000046
1.00013176
1.00013758
0.999577333
0.998716985
0.999085321
1.00223606
1.00748227
1.01114079
1.00850396
0.996919467
0.977365923
0.953556042
0.929762105
0.909122025
0.893130297
0.881985775
0.875164543
0.871890951
0.871345217
0.872823996
0.875710561
0.879374564
0.883646065
0.881897611
0.76800112
0.323612813
0.999999994
0.999999881
1.00000169
0.999998547
0.999977348
1.00002011
1.00016817
1.00003311
0.999192323
0.998555283
1.00042677
1.00570127
1.01094864
1.00950343
0.996275291
0.971652299
0.941017799
0.91103296
0.886297009
0.868463628
0.857141117
0.851144047
0.849221904
0.850397789
0.853978321
0.859282451
0.865648777
0.872386873
0.879235005
0.878921247
0.764134856
0.320035257
0.999999993
0.999999921
1.00000173
0.999996962
0.99997667
1.00004455
1.00018941
0.999852666
0.998789316
0.998852364
1.00287045
1.00968213
1.01157923
0.999369312
0.970603725
0.932042461
0.894232613
0.864595064
0.845046141
0.833906795
0.828634732
0.827322618
0.829015105
0.833240514
0.839626429
0.847701577
0.856815921
0.866152602
0.875253848
0.875662625
0.757918842
0.313789685
0.999999992
0.999999959
1.00000171
0.999995379
0.999977702
1.00007133
1.00018754
0.999607752
0.998472838
0.999779487
1.00619479
1.01272763
1.00651169
0.978169016
0.932446987
0.884981799
0.849190367
0.828459352
0.818999774
0.815547351
0.814698473
0.815410005
0.81776443
0.822335471
0.829450892
0.838849322
0.849744084
0.861032612
0.871900808
0.872013177
0.748750663
0.304444713
0.999999992
0.999999994
1.00000164
0.99999392
0.999980249
1.00009739
1.0001605
0.999331782
0.998335892
1.00129311
1.00970444
1.01330926
0.994747334
0.948449717
0.890437034
0.844460202
0.820922216
0.814015871
0.814452177
0.815892265
0.816104181
0.815143088
0.814918851
0.817399858
0.82353413
0.833049896
0.844824515
0.857368838
0.869390322
0.86766805
0.735572749
0.291370518
0.999999992
1.00000002
1.00000155
0.999992674
0.999983768
1.00011992
1.00011472
0.999071586
0.998397099
1.00304931
1.01251398
1.01118798
0.979599485
0.919399856
0.858035723
0.82243461
0.814033845
0.817102864
0.821985164
0.82484953
0.823407243
0.819242725
0.815886743
0.816127544
0.821082587
0.830316868
0.842405901
0.855514614
0.8677193
0.861962523
0.716612037
0.273383538
0.999999992
1.00000005
1.00000145
0.999991693
0.99998745
1.00013704
1.00006514
0.998873134
0.998562619
1.00446595
1.01405762
1.00840049
0.968764841
0.90329944
0.844951327
0.818121815
0.816490646
0.820700458
0.824828055
0.827438865
0.8240558
0.819437636
0.815972653
0.816301384
0.82138224
0.830675707
0.842702575
0.855795386
0.867418371
0.85300223
0.688430231
0.250937557
0.999999993
1.00000006
1.00000136
0.999991018
0.99999029
1.00014752
1.00003246
0.998773866
0.998657891
1.0049084
1.014266
1.00823847
0.970260836
0.908808242
0.852983898
0.823604209
0.817226873
0.818763653
0.819839422
0.820182604
0.819331695
0.817540041
0.817142579
0.8197047
0.825795023
0.835003453
0.846609898
0.859820649
0.868573653
0.834718848
0.643775143
0.222966799
0.999999993
1.00000007
1.00000131
0.999990696
0.999991215
1.00014967
1.00003934
0.998815069
0.998535962
1.00383193
1.01293275
1.01215245
0.986573509
0.937162339
0.882708086
0.843471901
0.825595265
0.821470518
0.8208575
0.81916641
0.817607253
0.818325721
0.820492329
0.825154597
0.832554693
0.842965658
0.85601157
0.868181717
0.863304103
0.793134495
0.573812722
0.187458385
0.999999993
1.00000008
1.00000131
0.99999096
0.999988846
1.00013664
1.00011383
0.999092853
0.998183827
1.00121764
1.00935266
1.01561885
1.00838837
0.981381829
0.939532441
0.89538427
0.860775201
0.841302018
0.836128141
0.840721465
0.849583148
0.858248344
0.865542556
0.870920962
0.878124498
0.884474416
0.885891661
0.8720555
0.821189388
0.696810483
0.463219632
0.141351489
0.999999993
1.00000006
1.00000137
0.999992754
0.999980151
1.00009761
1.00021703
0.999590742
0.998264467
0.998530598
1.00308075
1.01127987
1.01813614
1.01723546
1.00458752
0.980236583
0.947264757
0.909787232
0.871439479
0.834800055
0.801456109
0.772274916
0.747482052
0.725767791
0.702296774
0.675443759
0.640999205
0.592129144
0.518342181
0.407124419
0.25198835
0.0729602817
0.999999993
1.00000001
1.00000142
0.999996565
0.999973859
1.0000329
1.00023063
1.00012678
0.999168013
0.997824114
0.997778137
1.00070868
1.0070019
1.01553838
1.02441511
1.0318056
1.03641506
1.03748485
1.03455402
1.02717109
1.01464195
0.995820793
0.968926415
0.931379836
0.879703508
0.809644132
0.716921746
0.598709576
0.456431658
0.299708351
0.149629961
0.0333421144
0.999999995
0.999999946
1.0000011
1.00000113
0.999979351
0.999972
1.00010425
1.00032028
1.00023147
0.999460872
0.998062755
0.996544937
0.995570294
0.995665428
0.997114413
1.00000944
1.0043564
1.01016139
1.0174712
1.02636363
1.03688034
1.04887464
1.06171714
1.07376652
1.08148861
1.07814489
1.05218462
0.986093927
0.857753149
0.648431183
0.363976817
0.0734882522
0.999999999
0.999999924
1.00000035
1.00000335
0.999995633
0.999961997
0.99995915
1.00008326
1.00033356
1.00057566
1.00063526
1.00039719
0.999835908
0.998993185
0.997944441
0.996779062
0.9956008
0.994546423
0.993821161
0.993752113
0.994860161
0.99793978
1.00410275
1.01466643
1.03062126
1.05118674
1.0707377
1.07346443
1.02666375
0.878116979
0.574094841
0.137661939
1
0.999999971
0.999999764
1.00000157
1.00000591
0.999996612
0.999959433
0.999914342
0.999903882
0.999958895
1.00008311
1.00025918
1.0004603
1.00065744
1.00082072
1.00091685
1.00090518
1.0007344
1.00034373
0.999676443
0.998722
0.997616955
0.996846101
0.997569575
1.00199411
1.01336371
1.03443176
1.06206502
1.07488424
1.01394971
0.77091259
0.251171509
1
1.00000001
0.999999873
0.999999405
1.00000141
1.00000821
1.00001405
1.00000941
0.999989735
0.999957403
0.999918608
0.999880317
0.999849024
0.999830806
0.999831812
0.999858536
0.999917224
1.00001133
1.00013512
1.00026061
1.00031582
1.00016061
0.999594882
0.99849879
0.997297174
0.99792503
1.00498051
1.02494506
1.05749126
1.06910109
0.942764034
0.446253093
1
0.999999998
1.00000005
1.00000003
0.999999151
0.999997782
0.999997792
1.00000061
1.00000615
1.00001329
1.00002067
1.00002701
1.00003119
1.00003212
1.00002868
1.00001974
1.00000447
0.999983348
0.999960316
0.999946692
0.999965458
1.00004798
1.00020173
1.0003224
1.0000898
0.999126594
0.998030148
1.00054295
1.01467069
1.04431074
1.04582447
0.770400674
)
;

boundaryField
{
    inner_wall
    {
        type            zeroGradient;
    }
    outer_wall
    {
        type            fixedValue;
        value           uniform 0;
    }
    top
    {
        type            fixedValue;
        value           uniform 1;
    }
    bottom
    {
        type            inletOutlet;
        inletValue      uniform 0;
        value           nonuniform List<scalar> 
32
(
0
0
0
0
0
0
0
0
0
0
-0.00801670094
-0.0183029828
-0.0374463499
-0.0524216945
-0.0157954469
0.143524073
0.433822769
0.746603037
0.959137522
1.03533268
1.02864529
1.00650192
0.997245792
0.997972523
1.0015773
1.00564973
1.00732939
1.00156582
0.979630416
0.902046152
0.680730355
0.262691039
)
;
    }
    front
    {
        type            wedge;
    }
    back
    {
        type            wedge;
    }
}


// ************************************************************************* //
