/*--------------------------------*- C++ -*----------------------------------*\
| =========                 |                                                 |
| \\      /  F ield         | OpenFOAM: The Open Source CFD Toolbox           |
|  \\    /   O peration     | Version:  2506                                  |
|   \\  /    A nd           | Website:  www.openfoam.com                      |
|    \\/     M anipulation  |                                                 |
\*---------------------------------------------------------------------------*/
FoamFile
{
    version     2.0;
    format      ascii;
    arch        "LSB;label=32;scalar=64";
    class       volScalarField;
    location    "463";
    object      C;
}
// * * * * * * * * * * * * * * * * * * * * * * * * * * * * * * * * * * * * * //

dimensions      [0 0 0 0 0 0 0];

internalField   nonuniform List<scalar> 
3072
(
2.18688766e-09
-3.19043265e-07
-1.42375326e-06
2.03541254e-05
6.17391701e-05
-8.37235193e-05
-0.000701987124
-0.00179367438
-0.00319862415
-0.00503802456
-0.00819180489
-0.0184300756
-0.0375131885
-0.0524393261
-0.0157891905
0.143533632
0.433827411
0.746603393
0.959136787
1.03533409
1.02864928
1.00649983
0.997220657
0.997931956
1.00161837
1.0059675
1.00799646
1.0020067
0.978275618
0.897524124
0.674687313
0.259886978
-1.5620465e-09
2.15913882e-07
1.13081616e-05
-1.647435e-05
-0.000250051447
-0.000374732072
0.000748905052
0.00377622643
0.0075352899
0.00946408853
0.00658381689
-0.00352255869
-0.0257051156
-0.051471836
-0.0240854047
0.140494909
0.4442599
0.764514366
0.971443659
1.03740234
1.02571878
1.00428899
0.996879531
0.998299468
1.00202385
1.00631484
1.00802384
1.00134405
0.976592032
0.893976157
0.669382808
0.255802936
9.4195262e-09
2.54100584e-06
-2.2132411e-06
-0.000160612165
-0.000193459087
0.00165875985
0.00665140316
0.0125102074
0.0156324045
0.015507927
0.0137037291
0.00707317149
-0.0142669179
-0.0486417436
-0.0308983457
0.135395863
0.447578248
0.772889422
0.977107644
1.03782096
1.02400291
1.00328576
0.996829107
0.998507688
1.00222151
1.00648112
1.00802036
1.0010354
0.975992984
0.89324221
0.669588888
0.258578492
1.36322334e-08
3.49038921e-06
-2.14856558e-05
-0.000260542241
0.000181814842
0.00404378041
0.0110832037
0.0161103133
0.0165731813
0.0157924966
0.0142004582
0.0120567516
-0.00631381349
-0.0463087306
-0.0327407646
0.140645168
0.462881957
0.790058713
0.986093721
1.03814704
1.02154495
1.00198446
0.996785922
0.998775043
1.00247439
1.00669105
1.00801097
1.00064608
0.975227433
0.892150505
0.669063558
0.260992941
8.61266518e-10
3.86435254e-06
-2.32976178e-05
-0.00027930444
0.000251327722
0.00461998658
0.0123424271
0.0172863903
0.0176503729
0.0167220678
0.0131385361
0.0119315412
-0.00746827743
-0.0476702209
-0.0229734622
0.169879058
0.503828992
0.822434597
0.999021028
1.03746612
1.01801593
1.00050972
0.99685606
0.999116772
1.00278211
1.00693778
1.00796705
1.00013847
0.974247465
0.890692073
0.668168381
0.263859631
-1.02286824e-07
4.15950388e-06
-1.51975487e-05
-0.000267624473
3.10440558e-05
0.00349315568
0.0100171457
0.0148575115
0.0167223984
0.0145820836
0.0118425272
0.00885238204
-0.016239337
-0.0505722269
0.00561095893
0.237218096
0.581161036
0.873844822
1.01541072
1.03465756
1.01298658
0.99886074
0.997102207
0.999585171
1.00320716
1.00726593
1.0078525
0.999351891
0.972677402
0.887998679
0.665389053
0.265549773
-1.36853457e-08
4.44786785e-06
-1.89266775e-06
-0.000224100143
-0.00023101669
0.0017369932
0.00587702339
0.00946148777
0.0107759731
0.00905294393
0.00846216211
0.000484553415
-0.0319088752
-0.0435557664
0.0734224635
0.356447197
0.695352983
0.937450726
1.029774
1.02818589
1.00688873
0.997490982
0.997620866
1.00018593
1.0037826
1.00768361
1.00760058
0.998143291
0.970248842
0.883543593
0.660013846
0.265412437
-1.05344521e-06
2.92785132e-06
9.7675524e-06
-0.000155221107
-0.000344875275
0.000378395349
0.00222794738
0.00406339818
0.00430720755
0.00433367169
0.00290751979
-0.0168609914
-0.0443903496
0.00373204951
0.209004148
0.532145277
0.83059475
0.996079078
1.03455546
1.01789101
1.00115553
0.996968709
0.998405908
1.00089645
1.00453604
1.00816502
1.00710709
0.996358386
0.966707287
0.876864309
0.651460692
0.262911934
3.24224711e-06
6.62592217e-06
2.33175939e-05
-7.3431326e-05
-0.000284789505
-0.000225027949
0.000251524103
0.000702195405
0.000949261829
0.00118296951
-0.0114442144
-0.0369480262
-0.01450538
0.140920188
0.43034666
0.742119958
0.952727427
1.02972091
1.0263048
1.00652067
0.997632258
0.9975001
0.999296973
1.00171095
1.0054879
1.00862872
1.00622259
0.993836706
0.961820981
0.867610209
0.639438074
0.257858189
-1.91012171e-05
-1.95347601e-05
-1.58002079e-06
-3.7883688e-05
-0.000174207186
-0.000296772452
-0.000309436506
-0.000381040988
-0.000115438016
-0.0109172222
-0.0312580322
-0.00773619903
0.134624703
0.403334721
0.706386223
0.928062676
1.02334771
1.03025797
1.01066697
0.998737453
0.997132064
0.998594072
1.00010361
1.00270095
1.00662755
1.00891906
1.00475929
0.990416915
0.95536488
0.855504079
0.623861857
0.250298225
9.71598587e-05
0.000106062176
0.00013035485
0.00011383265
5.27905932e-05
-7.18381603e-05
-0.000138592951
-0.00018334611
-0.0122849258
-0.0238024174
0.0229470074
0.185823622
0.453605004
0.737391326
0.939475539
1.02565856
1.03116788
1.01155386
0.99897625
0.996969427
0.998420231
0.999462117
1.00087304
1.00399607
1.00785345
1.00880136
1.00251687
0.985951207
0.94711929
0.840346332
0.604848809
0.240481521
-0.00054472859
-0.000596493675
-0.000618368755
-0.000484997972
-0.000440320614
4.20202565e-06
-0.00108702961
-0.0132273983
0.00216068663
0.10393615
0.31415581
0.586070572
0.831612736
0.983704439
1.03572472
1.02850455
1.00826054
0.99772421
0.996901455
0.998646464
0.999393259
0.999921656
1.00194068
1.00563347
1.00892526
1.00799504
0.999325745
0.980321671
0.936879179
0.822041065
0.582713436
0.228810095
0.00332049765
0.00362477728
0.00374926604
0.00251521786
0.00163709068
-0.00363317868
0.0122385134
0.108002873
0.300738978
0.552470179
0.792219164
0.958672041
1.0328851
1.03909688
1.01856945
1.0013067
0.99589225
0.997348711
0.999282736
0.999596716
0.999476027
1.00059685
1.00356448
1.00741191
1.0094977
1.00624552
0.995093392
0.973452878
0.924480478
0.800649339
0.557978786
0.215797012
-0.0243178166
-0.0268848624
-0.0268571069
-0.00571896239
0.0709974684
0.226332488
0.445373819
0.678656918
0.873841733
0.997661273
1.04697111
1.04430424
1.02144776
1.00221807
0.994863342
0.995905849
0.998858472
1.0001472
0.999768862
0.999212754
0.999767346
1.00200267
1.00558781
1.00894518
1.00923259
1.00340412
0.989835776
0.965320586
0.909849851
0.776459991
0.53138191
0.202024187
0.328394669
0.422991502
0.559343506
0.719878347
0.865025361
0.975935077
1.04275492
1.06612457
1.0571418
1.03288693
1.0093524
0.995634398
0.992481993
0.995323122
0.99897445
1.00072974
1.00056285
0.999632968
0.998991366
0.999282544
1.00091716
1.00395403
1.00759761
1.00984943
1.00790757
0.999484172
0.98368377
0.955964761
0.893081063
0.750059466
0.50385846
0.188098414
1.02866543
1.0456512
1.05253227
1.04866233
1.03676819
1.02075492
1.00511537
0.993766965
0.988721579
0.989462307
0.993516231
0.997927618
1.00072238
1.00149968
1.00097705
1.00007609
0.999329198
0.99892186
0.999064798
1.00017187
1.00258898
1.00604344
1.00922248
1.00985639
1.00548435
0.994680001
0.976864766
0.945519025
0.874526909
0.722369937
0.476492244
0.174605602
0.996109428
0.993354581
0.991442629
0.990971518
0.991964813
0.99415195
0.996971857
0.999673908
1.00156853
1.00231017
1.00203185
1.00122436
1.00042391
0.999914221
0.99964371
0.999400915
0.999106197
0.999004619
0.999615394
1.0014312
1.00448349
1.00797139
1.01018161
1.00887295
1.00214562
0.989335272
0.969671352
0.934261166
0.854872595
0.694620373
0.450425329
0.162066749
1.00067368
1.00117644
1.00159271
1.00178963
1.0017286
1.00141571
1.00091162
1.00033678
0.999845651
0.999570218
0.999557338
0.999735869
0.999938606
0.999977413
0.999745537
0.999311107
0.998964518
0.999178615
1.00044303
1.00297233
1.00637405
1.0094533
1.01034233
1.00704137
0.998260022
0.983863696
0.962439301
0.922664792
0.835138164
0.668227994
0.426738818
0.150900965
0.999869627
0.999769799
0.999680542
0.999629761
0.999625885
0.999668663
0.999751018
0.999860942
0.999984241
1.00010499
1.00020007
1.00022968
1.00013572
0.999866377
0.999436836
0.999007574
0.998924398
0.999649068
1.0015441
1.00456098
1.00797478
1.01034322
1.00980438
1.00469452
0.994270884
0.978665793
0.955541818
0.911404201
0.816567439
0.644600842
0.406328581
0.141400668
1.00002665
1.00004772
1.00006813
1.0000819
1.00008436
1.00007142
1.00004506
1.00001843
1.00001293
1.00004288
1.00009252
1.00010142
0.999980154
0.999668796
0.999224777
0.998893431
0.999095229
1.00028129
1.0026697
1.00595719
1.0091572
1.01069881
1.00882782
1.00222804
0.990583146
0.974075519
0.949374552
0.901269
0.800409854
0.62491212
0.389806049
0.133721895
0.999994122
0.999989597
0.999985913
0.999984151
0.999981941
0.999976374
0.999970493
0.999977128
1.00001245
1.00007746
1.00013631
1.00011162
0.999916429
0.999526651
0.999067112
0.998855479
0.999342826
1.00092456
1.00366543
1.0070545
1.00993299
1.01068973
1.00771433
0.999988589
0.987491904
0.970332211
0.944304391
0.892996137
0.787664811
0.609917794
0.377447728
0.127889926
1.00000112
1.00000227
1.00000405
1.00000594
1.00000452
0.9999966
0.999986746
0.999990722
1.00002611
1.00008996
1.00013657
1.00007928
0.999834825
0.999406219
0.998966126
0.998878393
0.999602736
1.00147625
1.00443918
1.00783183
1.01039171
1.01051172
1.006715
0.998207481
0.985156823
0.967565295
0.940590195
0.88708848
0.778888318
0.599873732
0.369201626
0.123818004
0.999999575
0.999999435
1.00000002
1.00000105
0.999999005
0.999990829
0.999982101
0.999989974
1.00003162
1.00009949
1.00013973
1.00005961
0.999780866
0.999328565
0.99890986
0.998917509
0.999809796
1.00187562
1.0049669
1.00832847
1.01064168
1.01031852
1.00598228
0.996986958
0.983612372
0.96578909
0.938317935
0.88370659
0.774132118
0.594566492
0.364742594
0.121335425
0.999999921
1.00000008
1.00000096
1.0000022
1.00000011
0.999991606
0.999982808
0.999991727
1.0000355
1.00010426
1.00013973
1.00004601
0.999748174
0.999284376
0.998881475
0.998947521
0.999937553
1.00211051
1.0052674
1.00860156
1.01076829
1.01019677
1.00556991
0.996322769
0.982797087
0.964914687
0.937389739
0.882676233
0.77301845
0.593428979
0.363556018
0.120218553
0.99999984
0.999999921
1.00000074
1.00000195
0.999999841
0.999991283
0.999982484
0.999991768
1.0000364
1.00010581
1.00014005
1.00004177
0.999736869
0.999268323
0.998870579
0.998957725
0.999983757
1.00219644
1.00537818
1.00870456
1.01082371
1.01017354
1.0054589
0.996141293
0.982589801
0.96478012
0.93756919
0.883590986
0.774902545
0.59569411
0.36502649
0.120220343
0.999999858
0.999999944
1.00000076
1.00000202
1.00000004
0.999991568
0.999982548
0.999991233
1.00003528
1.00010483
1.00014062
1.00004505
0.999742568
0.999273858
0.998871323
0.998948536
0.999961469
1.00216265
1.00534137
1.00868057
1.01083358
1.01023811
1.00559034
0.996335348
0.982841006
0.965182099
0.938547437
0.88595622
0.779067855
0.600538034
0.368492201
0.121079311
0.999999855
0.999999922
1.0000007
1.000002
1.00000026
0.999992016
0.999982669
0.99999004
1.00003237
1.00010177
1.00014139
1.00005428
0.999761539
0.999296139
0.998881198
0.998925028
0.999888172
1.00204004
1.00519567
1.0085634
1.01081005
1.01036595
1.00589502
0.996789743
0.983387375
0.965902612
0.940020785
0.889307169
0.784824525
0.60716241
0.373330387
0.122545376
0.999999858
0.99999991
1.00000064
1.00000198
1.00000053
0.999992621
0.999982927
0.9999886
1.00002848
1.00009728
1.00014178
1.00006655
0.999788535
0.999329647
0.998898832
0.998895451
0.999785469
1.00186239
1.0049791
1.00838154
1.01075646
1.01052331
1.00630019
0.997405773
0.984124397
0.966812855
0.941736211
0.89315151
0.791488076
0.614902456
0.37907244
0.12443622
0.99999986
0.999999896
1.00000058
1.00000195
1.0000008
0.999993291
0.999983296
0.999987136
1.00002415
1.00009191
1.00014145
1.00007962
0.999819189
0.999369566
0.998922774
0.99886647
0.999671341
1.00165795
1.00472348
1.00815903
1.01067632
1.01068368
1.0067473
0.998100895
0.984958429
0.967801842
0.943504223
0.89713081
0.798533172
0.623211915
0.385314362
0.12658865
0.999999863
0.999999885
1.00000051
1.00000192
1.00000106
0.999993973
0.999983753
0.999985809
1.00001983
1.00008616
1.00014032
1.00009193
0.999850138
0.99941185
0.998951138
0.998842143
0.999558667
1.00144819
1.00445419
1.00791656
1.01057553
1.01083003
1.00719381
0.99881282
0.985819851
0.968793995
0.94520073
0.900995245
0.805573504
0.631679779
0.391748382
0.128874774
0.999999866
0.999999876
1.00000045
1.00000187
1.00000128
0.999994624
0.999984263
0.999984691
1.00001579
1.00008043
1.0001385
1.00010266
0.999879189
0.999453427
0.998981795
0.998824053
0.999455239
1.00124766
1.00418989
1.00767104
1.01046176
1.01095422
1.00761266
0.999498158
0.986658215
0.969739271
0.946755032
0.904594174
0.812352101
0.640016406
0.398150707
0.131197451
0.999999868
0.999999868
1.0000004
1.00000182
1.00000147
0.999995218
0.999984789
0.999983798
1.00001218
1.00007501
1.00013621
1.00011158
0.999905302
0.999492398
0.999012826
0.998812035
0.999364674
1.00106484
1.00394295
1.00743526
1.01034311
1.0110546
1.00798927
1.00012985
0.987440082
0.970607592
0.948134826
0.907851781
0.818716425
0.648035682
0.404371923
0.133488014
0.999999871
0.999999861
1.00000035
1.00000177
1.00000163
0.99999574
0.999985298
0.999983111
1.00000907
1.00007008
1.00013369
1.00011876
0.999928004
0.999527576
0.99904262
0.998805053
0.99928797
1.00090396
1.00372081
1.00721821
1.01022698
1.01113339
1.00831792
1.00069332
0.988145316
0.97138272
0.949332386
0.910743944
0.824591767
0.655632086
0.410321895
0.13570115
0.999999874
0.999999856
1.00000031
1.00000173
1.00000175
0.999996184
0.999985763
0.999982597
1.00000647
1.00006577
1.00013117
1.00012436
0.99994711
0.999558204
0.999069882
0.998801757
0.999224655
1.00076645
1.00352731
1.00702562
1.01011937
1.0111946
1.00859844
1.00118288
0.988763834
0.972057893
0.950354242
0.913278983
0.829957535
0.662759674
0.415955701
0.137809753
0.999999876
0.999999851
1.00000028
1.00000169
1.00000185
0.999996552
0.999986168
0.999982218
1.00000435
1.00006213
1.00012884
1.00012864
0.999962783
0.999584056
0.999093786
0.998800806
0.999173396
1.0006518
1.00336357
1.00686044
1.01002454
1.01124266
1.008834
1.00159891
0.989293013
0.972632931
0.951214546
0.915484031
0.83482928
0.669415574
0.421262462
0.139800868
0.999999878
0.999999847
1.00000025
1.00000166
1.00000193
0.999996848
0.999986504
0.999981937
1.00000266
1.00005917
1.00012683
1.00013188
0.999975339
0.99960522
0.999113887
0.99880107
0.999132544
1.0005584
1.00322877
1.0067234
1.00994503
1.01128165
1.00902941
1.00194572
0.989735577
0.973112258
0.951931006
0.917395764
0.83924534
0.675627088
0.42625632
0.141672193
0.99999988
0.999999843
1.00000023
1.00000164
1.00000199
0.999997081
0.99998677
0.999981725
1.00000134
1.00005682
1.00012518
1.00013435
0.999985196
0.999622043
0.999130107
0.998801702
0.999100365
1.00048393
1.00312075
1.00661342
1.00988174
1.01131488
1.00919023
1.00223011
0.990098096
0.973503659
0.952522699
0.919054741
0.843257907
0.681442815
0.430970273
0.143429852
0.999999881
0.999999839
1.00000021
1.00000162
1.00000204
0.99999726
0.999986971
0.99998156
1.00000033
1.00005502
1.0001239
1.00013624
0.999992804
0.999635073
0.999142698
0.998802158
0.999075172
1.00042564
1.00303632
1.00652802
1.00983416
1.01134482
1.00932221
1.0024604
0.990389813
0.973817342
0.953008861
0.920501877
0.846926683
0.686925894
0.435451342
0.145086654
0.999999883
0.999999835
1.00000019
1.00000161
1.00000209
0.999997394
0.999987115
0.999981424
0.99999956
1.00005367
1.00012297
1.00013771
0.9999986
0.999644926
0.9991521
0.998802149
0.999055445
1.00038065
1.00297179
1.00646383
1.00980076
1.01137313
1.00943092
1.00264565
0.990621622
0.974065077
0.953408107
0.921776138
0.850313979
0.692148271
0.43975624
0.146660375
0.999999885
0.999999831
1.00000018
1.00000161
1.00000212
0.999997493
0.999987212
0.999981307
0.999998983
1.00005269
1.00012234
1.0001389
1.00000299
0.999652243
0.99915887
0.998801584
0.999039851
1.00034613
1.00292318
1.00641692
1.00977928
1.01140083
1.0095216
1.00279515
0.990805257
0.974259474
0.953737972
0.922913181
0.853481168
0.697186143
0.443947863
0.148172313
0.999999887
0.999999828
1.00000017
1.0000016
1.00000215
0.999997568
0.999987273
0.999981201
0.999998544
1.00005198
1.00012195
1.0001399
1.00000635
0.999657668
0.999163629
0.998800507
0.999027227
1.00031935
1.00288653
1.00638312
1.00976702
1.01142843
1.00959909
1.00291804
0.990952695
0.974413393
0.954014626
0.923944609
0.856486175
0.70211645
0.448092572
0.149646227
0.999999888
0.999999824
1.00000016
1.0000016
1.00000218
0.999997625
0.99998731
0.999981102
0.999998194
1.00005146
1.0001217
1.00014077
1.00000904
0.999661823
0.999167022
0.998799047
0.999016553
1.00029775
1.00285794
1.00635822
1.0097611
1.01145611
1.00966783
1.00302308
0.991075705
0.974539495
0.954252732
0.92489765
0.859381774
0.70701423
0.452258111
0.151107573
0.99999989
0.99999982
1.00000015
1.00000161
1.00000221
0.999997675
0.999987335
0.999981006
0.999997892
1.00005103
1.00012155
1.00014157
1.00001136
0.9996653
0.999169681
0.998797384
0.999006935
1.00027896
1.00283371
1.00633814
1.00975862
1.01148383
1.00973183
1.00311848
0.991185532
0.974649903
0.954465365
0.925795048
0.862214395
0.711950523
0.456510899
0.15257979
0.999999892
0.999999816
1.00000014
1.00000161
1.00000224
0.999997724
0.99998736
0.999980911
0.999997598
1.00005061
1.0001214
1.00014236
1.0000136
0.999668645
0.999172211
0.998795718
0.99899759
1.00026081
1.00281042
1.00631904
1.00975674
1.01151138
1.00979466
1.00321181
0.991292662
0.97475596
0.954664006
0.926655113
0.865023215
0.716990661
0.46091702
0.154088733
0.999999895
0.999999812
1.00000013
1.00000161
1.00000226
0.999997779
0.999987393
0.999980816
0.999997277
1.00005014
1.0001212
1.00014316
1.00001602
0.999672346
0.999175167
0.998794258
0.998987849
1.00024136
1.00278496
1.00629737
1.00975281
1.01153848
1.00985951
1.0033099
0.991406697
0.974868111
0.954858622
0.927491966
0.867839952
0.722193493
0.465539799
0.155658595
0.999999897
0.999999808
1.00000012
1.00000161
1.00000229
0.999997845
0.999987444
0.999980721
0.9999969
1.00004955
1.00012088
1.000144
1.00001883
0.999676839
0.999179052
0.998793219
0.998977151
1.00021892
1.00275453
1.0062699
1.00974435
1.01156474
1.00992907
1.00341881
0.991536292
0.974995876
0.955057834
0.928315911
0.870689059
0.727611766
0.470441684
0.157314041
0.9999999
0.999999804
1.00000011
1.0000016
1.00000232
0.999997929
0.999987523
0.999980627
0.999996441
1.00004877
1.00012037
1.00014491
1.00002222
0.999682517
0.999184339
0.998792827
0.998965044
1.00019201
1.00271669
1.00623376
1.00972907
1.01158968
1.01000562
1.00354379
0.991689079
0.975147797
0.955269029
0.929133692
0.873587527
0.733291372
0.475683341
0.159079
0.999999903
0.9999998
1.0000001
1.00000159
1.00000236
0.999998035
0.999987638
0.999980535
0.999995878
1.00004776
1.00011962
1.00014587
1.00002635
0.999689727
0.999191457
0.998793322
0.998951201
1.00015945
1.00266936
1.00618643
1.00970492
1.01161273
1.01009087
1.00368911
0.9918715
0.9753313
0.955498401
0.929948676
0.876544385
0.739269906
0.481323184
0.160977217
0.999999907
0.999999797
1.00000008
1.00000158
1.00000239
0.999998167
0.999987795
0.999980449
0.999995199
1.00004647
1.00011858
1.00014688
1.0000313
0.999698708
0.999200742
0.998794945
0.998935474
1.00012042
1.00261099
1.00612594
1.00967012
1.01163317
1.01018589
1.00385796
0.992088582
0.975552485
0.955750952
0.930761082
0.879560319
0.745575328
0.487416898
0.163033041
0.999999911
0.999999794
1.00000006
1.00000156
1.00000243
0.999998325
0.999987999
0.999980373
0.9999944
1.0000449
1.00011721
1.00014792
1.00003711
0.999709589
0.999212429
0.998797936
0.998917901
1.00007451
1.00254063
1.00605088
1.00962326
1.01165019
1.01029107
1.00405222
0.992343749
0.975815936
0.956030519
0.93156837
0.882627623
0.752224741
0.494015959
0.165269892
0.999999915
0.999999792
1.00000004
1.00000153
1.00000247
0.999998511
0.999988253
0.999980314
0.999993484
1.00004302
1.00011549
1.00014893
1.00004375
0.999722409
0.999226662
0.998802531
0.998898701
1.00002176
1.00245791
1.00596048
1.00956331
1.01166288
1.01040607
1.00427247
0.992638642
0.976124508
0.956339758
0.932365733
0.885730387
0.759223246
0.501167135
0.167710944
0.99999992
0.99999979
1.00000001
1.0000015
1.00000251
0.999998723
0.99998856
0.99998028
0.999992465
1.00004084
1.00011338
1.00014985
1.00005113
0.999737099
0.999243475
0.998808941
0.998878263
0.999962607
1.00236315
1.00585467
1.00948973
1.01167031
1.01052979
1.00451778
0.992972904
0.976479025
0.956680041
0.933146639
0.88884487
0.766562503
0.508911049
0.170378977
0.999999925
0.999999789
0.999999989
1.00000146
1.00000255
0.999998959
0.999988918
0.999980278
0.999991363
1.00003839
1.00011091
1.00015063
1.00005911
0.999753478
0.999262775
0.998817325
0.998857124
0.999897951
1.00225737
1.00573424
1.00940261
1.01167162
1.01066043
1.00478567
0.993343912
0.976877877
0.957051182
0.933903391
0.891940138
0.774219115
0.517280207
0.173296068
0.999999931
0.999999789
0.999999961
1.00000141
1.00000259
0.999999213
0.999989322
0.999980314
0.999990207
1.00003572
1.00010807
1.0001512
1.00006747
0.999771244
0.999284311
0.998827744
0.998835934
0.999829148
1.00214243
1.00560095
1.00930289
1.01166618
1.01079547
1.00507192
0.993746475
0.977316524
0.957451006
0.934627662
0.894979124
0.782153001
0.526296407
0.176482928
0.999999937
0.99999979
0.999999932
1.00000136
1.00000262
0.999999479
0.999989765
0.999980394
0.999989034
1.0000329
1.00010495
1.0001515
1.00007598
0.999789938
0.999307605
0.998840094
0.998815425
0.999758044
1.00202112
1.0054578
1.00919258
1.01165382
1.01093184
1.00537053
0.994172543
0.977786969
0.957874751
0.935310989
0.897920315
0.790306252
0.53596785
0.179957969
0.999999944
0.999999792
0.999999902
1.0000013
1.00000264
0.999999749
0.999990233
0.999980517
0.999987885
1.00003001
1.00010162
1.00015151
1.00008431
0.999808918
0.999331904
0.998854025
0.998796324
0.999686944
1.00189722
1.00530915
1.00907501
1.0116351
1.01106601
1.00567375
0.994611081
0.97827738
0.958314436
0.935945188
0.900720312
0.798603299
0.546286771
0.183736601
0.99999995
0.999999794
0.999999872
1.00000124
1.00000266
1.00000001
0.99999071
0.999980677
0.999986801
1.00002717
1.00009822
1.00015125
1.00009215
0.999827428
0.999356211
0.998868904
0.99877925
0.999618465
1.00177542
1.00516074
1.00895497
1.01161149
1.01119434
1.00597227
0.995048171
0.978771972
0.958758316
0.936522571
0.903337142
0.806952879
0.557228193
0.187831408
0.999999957
0.999999797
0.999999843
1.00000118
1.00000268
1.00000026
0.999991174
0.999980863
0.999985821
1.0000245
1.00009494
1.00015076
1.0000992
0.999844633
0.999379294
0.998883785
0.998764625
0.999555404
1.00166115
1.0050196
1.00883879
1.01158562
1.0113133
1.00625551
0.995467202
0.979251054
0.959190382
0.937035769
0.905733717
0.815251232
0.568749256
0.192253196
0.999999964
0.999999801
0.999999817
1.00000113
1.00000269
1.00000049
0.999991599
0.999981054
0.999984979
1.00002213
1.00009196
1.00015018
1.00010522
0.999859654
0.999399752
0.998897433
0.998752611
0.999500592
1.0015604
1.00489394
1.00873426
1.01156135
1.01141968
1.00651181
0.995849053
0.979691145
0.959589946
0.937477026
0.907880889
0.82338611
0.580788748
0.197013299
0.999999971
0.999999804
0.999999793
1.00000108
1.00000269
1.00000068
0.999991956
0.99998122
0.999984306
1.00002022
1.00008955
1.00014965
1.00010994
0.999871552
0.999416009
0.998908343
0.998743144
0.999456939
1.00147983
1.00479318
1.00865072
1.01154379
1.01151054
1.00672829
0.996171915
0.980064825
0.959931116
0.937836884
0.909759407
0.83124055
0.593265326
0.202126596
0.999999978
0.999999807
0.999999772
1.00000104
1.0000027
1.00000082
0.999992209
0.999981328
0.999983831
1.00001894
1.00008798
1.00014939
1.00011311
0.999879245
0.999426223
0.998914723
0.998736057
0.999427684
1.001427
1.00472826
1.00859917
1.01153925
1.01158296
1.0068905
0.996410738
0.980340237
0.960182172
0.938102262
0.911360442
0.838697173
0.606074814
0.207615543
0.999999985
0.999999808
0.999999756
1.00000102
1.00000271
1.0000009
0.999992322
0.999981337
0.999983589
1.00001845
1.00008757
1.00014961
1.00011442
0.999881508
0.99942833
0.9989146
0.998731255
0.999416614
1.00141062
1.00471169
1.00859225
1.01155499
1.01163358
1.00698171
0.996536533
0.980480498
0.960305031
0.938253597
0.912683756
0.845646919
0.619089801
0.213514424
0.999999991
0.999999808
0.999999746
1.00000102
1.00000273
1.00000091
0.999992259
0.999981217
0.999983619
1.00001895
1.0000886
1.00015047
1.00011349
0.999877086
0.999420294
0.998906124
0.998728939
0.999428117
1.00144043
1.00475738
1.00864394
1.01159897
1.01165833
1.00698252
0.996515767
0.980443115
0.960254288
0.938257851
0.913728346
0.852013864
0.632173466
0.219870135
0.999999996
0.999999806
0.999999739
1.00000104
1.00000276
1.00000084
0.999992007
0.999980954
0.999983955
1.00002058
1.0000913
1.00015203
1.00010979
0.999864487
0.999399942
0.998887702
0.998730237
0.999468184
1.00152805
1.00488078
1.00876885
1.01167846
1.01165091
1.00686959
0.996308806
0.980176729
0.959970564
0.938040958
0.914453192
0.857824528
0.645189866
0.226631489
1
0.999999802
0.999999737
1.00000108
1.0000028
1.00000068
0.999991514
0.999980529
0.999984743
1.00002372
1.0000961
1.0001542
1.00010203
0.999840978
0.99936398
0.998857808
0.998738515
0.999547419
1.00169104
1.00510239
1.00898318
1.01179712
1.01159641
1.00660803
0.995864915
0.979623252
0.959398519
0.937559932
0.914827382
0.863047028
0.658035131
0.233754599
1.00000001
0.999999798
0.99999974
1.00000115
1.00000285
1.00000039
0.999990723
0.999979957
0.999986213
1.00002884
1.00010337
1.00015654
1.00008814
0.999802925
0.999308865
0.998816237
0.998760545
0.999681517
1.00195219
1.00544585
1.0093022
1.01195276
1.0114697
1.00615006
0.99511963
0.978711217
0.958470557
0.936764317
0.914832413
0.867637725
0.670564582
0.241206989
1.00000001
0.999999791
0.999999751
1.00000125
1.0000029
0.999999922
0.999989574
0.999979308
0.999988742
1.00003655
1.00011336
1.00015788
1.00006482
0.999745536
0.999231161
0.99876549
0.99880904
0.999894339
1.00234193
1.00593824
1.00973749
1.01213169
1.01122817
1.00542806
0.993990178
0.977355003
0.957109667
0.935597095
0.914445065
0.871568663
0.68264232
0.248931056
1.00000001
0.999999782
0.999999772
1.0000014
1.00000293
0.999999205
0.999988013
0.999978758
0.999992929
1.00004763
1.000126
1.00015586
1.00002676
0.999662322
0.999128097
0.998713149
0.99890658
1.00022201
1.0029005
1.00660867
1.01029146
1.01230002
1.01080191
1.00434568
0.992368727
0.975450538
0.95522719
0.933994511
0.913640555
0.87482105
0.694137057
0.256850003
1.00000002
0.999999772
0.999999807
1.00000158
1.00000291
0.999998148
0.999986014
0.999978656
0.999999664
1.00006292
1.00014046
1.00014609
0.999965919
0.99954549
0.99900015
0.998676728
0.999091424
1.00071721
1.00367808
1.00748259
1.01094621
1.01238945
1.01007938
1.00276619
0.990114992
0.972872035
0.952722573
0.931887112
0.912392253
0.877386362
0.704928432
0.264868225
1.00000002
0.99999976
0.99999986
1.00000182
1.00000279
0.999996642
0.999983628
0.999979628
1.00001017
1.00008304
1.00015426
1.00012095
0.999871211
0.999388089
0.998856467
0.998691565
0.999425076
1.0014524
1.00473028
1.00856858
1.01164375
1.01227508
1.00888758
1.00049808
0.987048003
0.969468997
0.94948371
0.929201549
0.910672971
0.879265642
0.714910407
0.272874105
1.00000002
0.999999748
0.999999936
1.0000021
1.0000025
0.999994568
0.999981056
0.999982693
1.00002595
1.00010775
1.00016193
1.00006832
0.999728971
0.999188251
0.998723714
0.998822171
1.00000092
1.00251952
1.00610494
1.00983289
1.0122533
1.01174274
1.00696537
0.997277422
0.982937304
0.965063805
0.945388029
0.925862855
0.908456299
0.880467908
0.723990638
0.280739891
1.00000002
0.999999736
1.00000004
1.0000024
1.00000192
0.999991837
0.999978767
0.999989365
1.00004848
1.00013479
1.00015317
0.999970737
0.999526263
0.998959141
0.998661593
0.999177209
1.00094921
1.00401687
1.0078086
1.01115088
1.01251838
1.0104426
1.00393069
0.992749951
0.977496844
0.959452626
0.940306188
0.921798348
0.905719067
0.881009231
0.73208967
0.288322628
1.00000002
0.999999727
1.00000018
1.0000027
1.00000094
0.999988443
0.999977628
1.00000163
1.0000784
1.00015783
1.00011078
0.999806849
0.999260268
0.998747606
0.998785029
0.999922424
1.0024264
1.00600678
1.00973636
1.0122235
1.01197828
1.00782996
0.999245902
0.986457953
0.970385721
0.952412232
0.934109639
0.916943573
0.902444864
0.880912312
0.739139327
0.29546503
1.00000002
0.999999721
1.00000034
1.00000295
0.999999407
0.999984554
0.999979039
1.00002168
1.00011402
1.00016393
1.00000996
0.99955851
0.99895789
0.998662957
0.999287088
1.00127548
1.0045642
1.00841741
1.01154398
1.01244862
1.00986511
1.00310166
0.992192288
0.977841367
0.961222052
0.943716025
0.926683363
0.911250585
0.89862855
0.880206417
0.74507986
0.301993614
1.00000001
0.999999721
1.00000054
1.0000031
0.999997216
0.99998062
0.999984949
1.00005108
1.00014898
1.00013114
0.999822006
0.999228641
0.998709029
0.998910727
1.00044255
1.00344737
1.00733614
1.01085276
1.01244407
1.01074966
1.00499445
0.995152531
0.9818757
0.966268551
0.949618553
0.93316297
0.917944902
0.904698665
0.894281592
0.878927886
0.749859245
0.307725653
1.00000001
0.999999729
1.00000077
1.00000308
0.999994313
0.999977465
0.999997661
1.00008935
1.00016939
1.0000287
0.999527403
0.998874539
0.998709382
0.999807929
1.00254522
1.00646945
1.01028745
1.0122846
1.0109371
1.00540296
0.995703897
0.982601587
0.967298917
0.951116908
0.935248676
0.920622042
0.907869726
0.897306928
0.889437771
0.877121467
0.75345096
0.312595214
1.00000001
0.999999745
1.000001
1.0000028
0.999990768
0.999976319
1.00001925
1.00013186
1.00015197
0.999823864
0.999143591
0.998654526
0.999288892
1.00172415
1.00569987
1.00983304
1.01209795
1.01066041
1.00456813
0.993980433
0.979948003
0.963966733
0.947545749
0.93192269
0.917948013
0.906090913
0.896520309
0.889146516
0.884156948
0.874823662
0.755673877
0.316138141
1
0.999999769
1.00000123
1.00000223
0.999986813
0.999978704
1.00005059
1.00016776
1.00006553
0.999499775
0.998767154
0.998867149
1.00086809
1.00485785
1.00938334
1.01192063
1.01006473
1.00261646
0.989949023
0.973631669
0.955711677
0.938078407
0.922112155
0.908604688
0.897844296
0.889761519
0.884074561
0.880351796
0.878530388
0.872096525
0.756515804
0.318224857
0.999999999
0.9999998
1.00000143
1.00000132
0.999982853
0.999986138
1.0000901
1.00017915
0.999879207
0.999085518
0.998615408
0.999931948
1.00375375
1.00876578
1.01178543
1.00940917
0.99986057
0.983745058
0.963464307
0.941999963
0.921891311
0.904770715
0.891364969
0.881725535
0.875482066
0.87206666
0.870835516
0.871116563
0.872670326
0.868993961
0.755944872
0.318790039
0.999999996
0.999999836
1.00000159
1.00000011
0.999979427
0.999999667
1.00013281
1.00014336
0.999578497
0.99868919
0.999029066
1.00223842
1.00771152
1.01170597
1.00923434
0.997223288
0.976297427
0.950082104
0.923089463
0.898922739
0.879592878
0.865714006
0.856990343
0.852685685
0.851872459
0.853662009
0.857225918
0.861723355
0.866772433
0.865586885
0.753708593
0.317409503
0.999999994
0.999999876
1.00000169
0.999998648
0.999977103
1.00001936
1.0001704
1.00003948
0.99918538
0.998509748
1.00038308
1.0058253
1.01142233
1.01021005
0.996487809
0.970015923
0.935923603
0.901190014
0.871181666
0.848442184
0.833297127
0.82493551
0.822124601
0.823657385
0.828502493
0.835606926
0.843969452
0.852623648
0.861078634
0.861922708
0.749563374
0.31378673
0.999999993
0.999999917
1.00000174
0.999997057
0.999976325
1.00004397
1.00019295
0.999858134
0.998770301
0.998794129
1.00288156
1.01000433
1.01226929
0.999741671
0.968917358
0.925845742
0.881267799
0.843705531
0.816574176
0.799494549
0.790671398
0.788268021
0.790959849
0.797699074
0.807466955
0.819217565
0.831864097
0.844295946
0.855855289
0.858010185
0.74311717
0.30754689
0.999999992
0.999999955
1.00000172
0.999995464
0.999977268
1.00007105
1.00019232
0.99961044
0.998439537
0.999722459
1.00631299
1.01328578
1.0071903
0.977246515
0.926692647
0.87068702
0.823778567
0.791566395
0.772497157
0.762854972
0.759709515
0.761575815
0.767692446
0.77757385
0.790577725
0.805712473
0.821725329
0.837262244
0.85138195
0.853778008
0.733789381
0.298269997
0.999999992
0.99999999
1.00000166
0.999993991
0.999979744
1.00009749
1.00016623
0.999330013
0.998289119
1.00125675
1.00996971
1.01405782
0.994985612
0.945015032
0.878388154
0.819061612
0.779919222
0.758469796
0.748056912
0.743952957
0.743891302
0.747045371
0.753771914
0.764489006
0.778936418
0.79605725
0.814314471
0.832059612
0.847965552
0.848964652
0.720553331
0.285342223
0.999999992
1.00000002
1.00000157
0.999992731
0.999983213
1.00012043
1.00012103
0.999064574
0.998340522
1.00304889
1.01292789
1.01200764
0.979009233
0.912799959
0.83913555
0.786144638
0.759037154
0.745957256
0.739672215
0.737993798
0.738528428
0.741294887
0.747512948
0.758105176
0.772980962
0.7910025
0.810405363
0.829269757
0.845715541
0.842961062
0.701680851
0.26760784
0.999999992
1.00000004
1.00000147
0.999991737
0.999986865
1.00013791
1.00007168
0.998861497
0.998500899
1.00450048
1.01457197
1.00919144
0.967448277
0.894552905
0.822162135
0.776642517
0.755960662
0.74445028
0.738067427
0.737128123
0.737579499
0.740638538
0.747175602
0.758064592
0.773142994
0.791230995
0.810556368
0.829384342
0.8452265
0.833928066
0.67381184
0.24552148
0.999999993
1.00000006
1.00000139
0.999991051
0.99998969
1.00014862
1.00003906
0.998759823
0.998594684
1.00495424
1.01479089
1.00900802
0.969027718
0.900814938
0.832563053
0.786960067
0.764170578
0.752403399
0.745096477
0.742515324
0.743864881
0.747960669
0.755519751
0.766732387
0.781206491
0.797936613
0.815886954
0.834131404
0.846645739
0.815928768
0.62985762
0.218052628
0.999999993
1.00000007
1.00000134
0.999990726
0.999990607
1.0001508
1.00004599
0.998802562
0.9984747
1.00384725
1.01333461
1.01290964
0.986372959
0.932969324
0.870593048
0.820345775
0.790621269
0.776265732
0.768651065
0.763667883
0.762172249
0.765640032
0.772275322
0.782268266
0.795163414
0.810728208
0.828260942
0.844100484
0.842228599
0.775257968
0.561181307
0.183237763
0.999999993
1.00000007
1.00000134
0.999990995
0.999988247
1.00013737
1.00012037
0.999088685
0.998133515
1.00116887
1.00952351
1.01621399
1.00913166
0.981138657
0.936426043
0.887419194
0.846582835
0.820584792
0.809654338
0.810003017
0.816455137
0.824497743
0.832612533
0.839767132
0.849185606
0.857922803
0.861705936
0.850203005
0.801914739
0.681044007
0.452787871
0.138087212
0.999999993
1.00000006
1.00000139
0.999992817
0.999979624
1.0000974
1.00022237
0.999596392
0.99823981
0.998459727
1.00304238
1.01145978
1.01870671
1.01817518
1.00558024
0.980723166
0.946605413
0.907435715
0.867053134
0.82826671
0.792860741
0.761841232
0.735519436
0.712654259
0.68849537
0.661374144
0.627106121
0.578946437
0.506586238
0.397757351
0.246110436
0.0712175632
0.999999993
1.00000001
1.00000143
0.999996666
0.999973553
1.00003188
1.00023276
1.00013579
0.999172168
0.997794634
0.997697014
1.00060245
1.00694729
1.01563321
1.02473691
1.03238412
1.0372288
1.03847561
1.03564722
1.02829261
1.01572788
0.996820762
0.969802888
0.932105813
0.880260641
0.810021761
0.717114926
0.598721284
0.456278269
0.299429968
0.149311176
0.0332030622
0.999999995
0.999999943
1.00000109
1.00000123
0.999979376
0.999971041
1.00010313
1.00032362
1.00024279
0.999474701
0.998063535
0.996514406
0.995496605
0.995547615
0.996961045
0.999834126
1.00417328
1.00998232
1.01730475
1.02621527
1.03675309
1.04876992
1.06163527
1.07370715
1.08145084
1.07812734
1.05218531
0.986109882
0.857779886
0.648461866
0.364001381
0.0734946406
0.999999999
0.999999923
1.00000034
1.0000034
0.999995848
0.999961884
0.999957748
1.00008104
1.00033347
1.00058163
1.00064991
1.00042063
0.999866175
0.999027328
0.997979573
0.996812928
0.995631911
0.994573954
0.993844753
0.993771704
0.994875848
0.997951751
1.00411124
1.0146717
1.03062364
1.0511866
1.07073549
1.07346073
1.02665933
0.878112815
0.57409206
0.137661367
1
0.999999971
0.999999757
1.00000156
1.00000602
0.999996957
0.999959657
0.999913588
0.999901384
0.999954441
1.00007705
1.00025216
1.00045297
1.00065033
1.00081415
1.00091101
1.00090014
1.00073016
1.00034027
0.999673702
0.998719931
0.997615502
0.996845206
0.997569174
1.00199413
1.01336407
1.03443237
1.06206576
1.07488498
1.01395031
0.770912936
0.251171564
1
1.00000001
0.999999874
0.999999391
1.00000137
1.00000824
1.00001435
1.00001013
0.999990872
0.999958843
0.999920195
0.999881915
0.999850536
0.999832176
0.999833014
0.999859564
0.999918084
1.00001203
1.00013568
1.00026103
1.00031612
1.00016079
0.999594968
0.998498793
0.99729711
0.997924918
1.00498037
1.02494492
1.05749113
1.069101
0.942763993
0.44625309
1
0.999999998
1.00000005
1.00000003
0.999999154
0.999997748
0.999997684
1.00000042
1.00000588
1.00001299
1.00002036
1.00002671
1.00003091
1.00003188
1.00002847
1.00001956
1.00000432
0.999983228
0.999960223
0.999946623
0.999965412
1.00004795
1.00020173
1.00032241
1.00008982
0.99912662
0.998030176
1.00054298
1.01467071
1.04431075
1.04582447
0.770400674
)
;

boundaryField
{
    inner_wall
    {
        type            zeroGradient;
    }
    outer_wall
    {
        type            fixedValue;
        value           uniform 0;
    }
    top
    {
        type            fixedValue;
        value           uniform 1;
    }
    bottom
    {
        type            inletOutlet;
        inletValue      uniform 0;
        value           nonuniform List<scalar> 
32
(
0
0
0
0
0
0
0
0
0
0
-0.00819180489
-0.0184300756
-0.0375131885
-0.0524393261
-0.0157891905
0.143533632
0.433827411
0.746603393
0.959136787
1.03533409
1.02864928
1.00649983
0.997220657
0.997931956
1.00161837
1.0059675
1.00799646
1.0020067
0.978275618
0.897524124
0.674687313
0.259886978
)
;
    }
    front
    {
        type            wedge;
    }
    back
    {
        type            wedge;
    }
}


// ************************************************************************* //
