/*--------------------------------*- C++ -*----------------------------------*\
| =========                 |                                                 |
| \\      /  F ield         | OpenFOAM: The Open Source CFD Toolbox           |
|  \\    /   O peration     | Version:  2506                                  |
|   \\  /    A nd           | Website:  www.openfoam.com                      |
|    \\/     M anipulation  |                                                 |
\*---------------------------------------------------------------------------*/
FoamFile
{
    version     2.0;
    format      ascii;
    arch        "LSB;label=32;scalar=64";
    class       volScalarField;
    location    "319";
    object      p;
}
// * * * * * * * * * * * * * * * * * * * * * * * * * * * * * * * * * * * * * //

dimensions      [0 2 -2 0 0 0 0];

internalField   nonuniform List<scalar> 
3072
(
-0.000123967151
-9.41515227e-05
-9.04856996e-05
-8.44512022e-05
-7.46945494e-05
-6.29698108e-05
-5.10207661e-05
-3.99856145e-05
-2.77742591e-05
-1.40153809e-05
-7.56288199e-06
-7.76018797e-06
-7.62204606e-06
-6.31046564e-06
-4.47204513e-06
-2.4954084e-06
-5.35731843e-07
1.32378717e-06
3.02536718e-06
4.52418422e-06
5.80686375e-06
7.01603602e-06
8.04229533e-06
8.74649852e-06
9.27238337e-06
9.66435001e-06
9.9425731e-06
1.01314815e-05
1.0263389e-05
1.03857684e-05
1.05659016e-05
1.08151605e-05
-0.000264310379
-0.000186452089
-0.000160138652
-0.000141512732
-0.000123474775
-0.000104850639
-8.64210133e-05
-6.86357427e-05
-5.08430026e-05
-3.3933628e-05
-2.18125412e-05
-1.44699945e-05
-8.57002808e-06
-3.29991992e-06
1.33040015e-06
5.32476939e-06
8.74334977e-06
1.16448772e-05
1.4088078e-05
1.61498224e-05
1.77775554e-05
1.92003185e-05
2.0418474e-05
2.12384674e-05
2.18514224e-05
2.2331578e-05
2.27116206e-05
2.3023174e-05
2.33043081e-05
2.36021506e-05
2.39473721e-05
2.42410703e-05
-0.000326423792
-0.000221781194
-0.000176574352
-0.000146113014
-0.000121669588
-0.000100771863
-8.23237203e-05
-6.56797219e-05
-5.03713979e-05
-3.6514687e-05
-2.47568575e-05
-1.50290474e-05
-6.70555615e-06
5.33278865e-07
6.82420509e-06
1.22633795e-05
1.69345308e-05
2.09092516e-05
2.42731781e-05
2.72005433e-05
2.95866309e-05
3.1488074e-05
3.30811496e-05
3.43169106e-05
3.52851847e-05
3.60472016e-05
3.66469196e-05
3.71230294e-05
3.75126414e-05
3.78541349e-05
3.81780516e-05
3.84492217e-05
-0.000386212931
-0.000266915199
-0.000210788367
-0.00016876091
-0.000135763027
-0.000109664206
-8.78522442e-05
-6.89316062e-05
-5.2182984e-05
-3.72967372e-05
-2.41971313e-05
-1.27467142e-05
-2.72758049e-06
6.04068486e-06
1.36900652e-05
2.03248347e-05
2.60363752e-05
3.09110007e-05
3.50378799e-05
3.8500912e-05
4.14022706e-05
4.3757353e-05
4.562858e-05
4.71510634e-05
4.83630032e-05
4.93170565e-05
5.00674242e-05
5.06623314e-05
5.11448441e-05
5.15569595e-05
5.19302908e-05
5.22253739e-05
-0.000442025467
-0.00031568087
-0.000246465863
-0.000194678329
-0.000154290763
-0.000122039073
-9.54363602e-05
-7.29131936e-05
-5.34565432e-05
-3.64583307e-05
-2.15552282e-05
-8.48032425e-06
2.98965e-06
1.3032707e-05
2.17905244e-05
2.93832239e-05
3.59220164e-05
4.15135207e-05
4.62355553e-05
5.00709052e-05
5.32998164e-05
5.60636318e-05
5.82580885e-05
6.00108902e-05
6.14107808e-05
6.25243873e-05
6.34105639e-05
6.4122171e-05
6.47075439e-05
6.52151645e-05
6.56822436e-05
6.60574472e-05
-0.000490655579
-0.000359350278
-0.000280091378
-0.000220370483
-0.000173455119
-0.000135074634
-0.000103461423
-7.69815464e-05
-5.44126419e-05
-3.49372425e-05
-1.80135862e-05
-3.25702012e-06
9.6206364e-06
2.08409563e-05
3.05813645e-05
3.89918466e-05
4.62065151e-05
5.2348929e-05
5.75294748e-05
6.1842462e-05
6.54207581e-05
6.83737701e-05
7.07721978e-05
7.27057693e-05
7.42588254e-05
7.55059521e-05
7.65134027e-05
7.73399246e-05
7.80400573e-05
7.86710423e-05
7.92766279e-05
7.97778239e-05
-0.000531925777
-0.00039636009
-0.000311284942
-0.000245353401
-0.000191929371
-0.000147979317
-0.00011162151
-8.11857884e-05
-5.53783566e-05
-3.32742196e-05
-1.42176504e-05
2.27294014e-06
1.65600778e-05
2.89246741e-05
3.95927898e-05
4.87542006e-05
5.65746833e-05
6.32035171e-05
6.87777707e-05
7.3425271e-05
7.72691214e-05
8.04239348e-05
8.29931407e-05
8.5073602e-05
8.6755e-05
8.81189679e-05
8.92384871e-05
9.01781233e-05
9.09987089e-05
9.17668517e-05
9.2532994e-05
9.31836165e-05
-0.000566132827
-0.000427474191
-0.00033840675
-0.000267796772
-0.000209055511
-0.000160191556
-0.000119500828
-8.53394715e-05
-5.63985159e-05
-3.17025891e-05
-1.05252525e-05
7.687768e-06
2.33650969e-05
3.68457598e-05
4.84056942e-05
5.82768822e-05
6.66602364e-05
7.37343257e-05
7.9660879e-05
8.45884537e-05
8.86545675e-05
9.19861649e-05
9.46997824e-05
9.69024996e-05
9.86922176e-05
0.000100157631
0.000101377807
0.000102422615
0.000103358703
0.000104261534
0.000105187589
0.000105987786
-0.000594146977
-0.000453435401
-0.000361224084
-0.000286857469
-0.000223987962
-0.000171079282
-0.000126661963
-8.91942854e-05
-5.74007924e-05
-3.02971691e-05
-7.12037568e-06
1.2731569e-05
2.97379133e-05
4.4286445e-05
5.66976359e-05
6.72426883e-05
7.615632e-05
8.36457485e-05
8.98967326e-05
9.50776574e-05
9.93421377e-05
0.000102830496
0.000105670761
0.000107979562
0.00010986272
0.000111415535
0.000112722608
0.000113858485
0.000114894841
0.000115914658
0.000116979423
0.000117909143
-0.000616490191
-0.000474436996
-0.00037993972
-0.000302668677
-0.000236574407
-0.000180405108
-0.000132888648
-9.25990446e-05
-5.83160428e-05
-2.90710113e-05
-4.08751764e-06
1.72640797e-05
3.54984247e-05
5.10407862e-05
6.42481902e-05
7.54253943e-05
8.48370253e-05
9.27161731e-05
9.92706707e-05
0.000104687361
0.000109135157
0.00011276705
0.000115721623
0.000118124182
0.000120087696
0.000121713357
0.000123090585
0.000124297911
0.000125411055
0.000126518718
0.000127686158
0.000128710994
-0.00063372647
-0.000490848402
-0.000394799289
-0.000315366504
-0.000246804058
-0.0001880733
-0.000138060171
-9.54447554e-05
-5.90689024e-05
-2.7990954e-05
-1.43670239e-06
2.12367214e-05
4.05664167e-05
5.70046031e-05
7.09362526e-05
8.26930932e-05
9.25644685e-05
0.000100805442
0.000107642846
0.000113279678
0.000117898353
0.000121663069
0.000124721627
0.000127206876
0.000129237917
0.00013092092
0.000132349307
0.00013360484
0.000134766252
0.000135925972
0.000137151772
0.000138229511
-0.000646482472
-0.000503163752
-0.000406149996
-0.000325165616
-0.00025477121
-0.00019409075
-0.00014213128
-9.76636769e-05
-5.95900918e-05
-2.69997049e-05
8.70526332e-07
2.46668986e-05
4.49391664e-05
6.21575192e-05
7.67270305e-05
8.89998262e-05
9.9284538e-05
0.000107853802
0.000114949883
0.00012078907
0.000125564957
0.000129451046
0.00013260275
0.000135159106
0.000137244178
0.000138968105
0.000140427445
0.00014170645
0.000142885868
0.000144059903
0.000145297682
0.000146384387
-0.000655394673
-0.000511912968
-0.000414397807
-0.000332349261
-0.000260647087
-0.000198536914
-0.000145114429
-9.92251436e-05
-5.98239987e-05
-2.6031543e-05
2.90030683e-06
2.76152371e-05
4.86687668e-05
6.6541955e-05
8.1653445e-05
9.43698351e-05
0.000105013986
0.000113871749
0.000121197219
0.000127216946
0.000132133227
0.000136126784
0.000139358936
0.000141973454
0.000144098163
0.000145846135
0.000147316237
0.000148594504
0.000149762817
0.000150915414
0.000152121798
0.000153176692
-0.000661078667
-0.000517622794
-0.000419969018
-0.000337236187
-0.000264647541
-0.000201538483
-0.000147064337
-0.000100129151
-5.97322741e-05
-2.50233525e-05
4.73016241e-06
3.01660587e-05
5.18410878e-05
7.02419558e-05
8.57957318e-05
9.88785619e-05
0.000109823132
0.000118924589
0.000126445514
0.000132619843
0.000137656178
0.00014174044
0.000145038178
0.000147696502
0.000149845834
0.000151601228
0.000153063085
0.000154318618
0.000155450098
0.000156550383
0.000157688584
0.000158677439
-0.00066411113
-0.000520794212
-0.000423284838
-0.000340155168
-0.000267010839
-0.00020325055
-0.000148064836
-0.00010040099
-5.92952165e-05
-2.39218713e-05
6.4369051e-06
3.24118219e-05
5.45579714e-05
7.33642357e-05
8.92621751e-05
0.000102633702
0.000113817659
0.000123115245
0.000130794585
0.000137094509
0.000142227752
0.00014638364
0.000149730422
0.000152417303
0.000154576264
0.000156323502
0.000157760298
0.000158974534
0.000160048295
0.00016107202
0.000162113878
0.000163010872
-0.000665020866
-0.000521895617
-0.00042475196
-0.000341432008
-0.000267982624
-0.00020384417
-0.00014821971
-0.000100087094
-5.85118212e-05
-2.26884717e-05
8.08800289e-06
3.44411838e-05
5.69230306e-05
7.602234e-05
9.21724292e-05
0.000105758133
0.000117121643
0.000126567598
0.0001343673
0.000140762392
0.000145967944
0.000150175159
0.000153553709
0.000156253841
0.000158408233
0.000160133542
0.000161531395
0.000162689948
0.00016369069
0.000164620964
0.000165547646
0.000166335926
-0.000664283218
-0.000521352538
-0.00042474548
-0.000341375315
-0.000267804998
-0.000203496569
-0.000147645746
-9.92504025e-05
-5.73987491e-05
-2.13014549e-05
9.73608646e-06
3.63309047e-05
5.90313511e-05
7.83247619e-05
9.46444697e-05
0.000108376185
0.000119863428
0.00012941228
0.000137295427
0.000143755688
0.000149009062
0.000153247417
0.000156640846
0.000159339799
0.000161476993
0.000163169009
0.000164517425
0.000165610373
0.000166528486
0.000167355664
0.000168157316
0.000168828541
-0.000662311544
-0.000519540763
-0.000423607159
-0.000340271554
-0.000266708241
-0.000202382786
-0.000146465263
-9.79648768e-05
-5.59871864e-05
-1.97553194e-05
1.14172695e-05
3.81419956e-05
6.09636925e-05
8.03675708e-05
9.67859552e-05
0.000110604077
0.000122165384
0.000131775987
0.000139708651
0.000146206177
0.000151484461
0.000155735138
0.000159127984
0.000161813043
0.000163922585
0.000165572744
0.000166864765
0.000167886552
0.000168717749
0.000169438732
0.000170113405
0.00017066663
-0.000659462374
-0.000516782715
-0.000421639696
-0.00033837785
-0.000264903078
-0.000200667845
-0.000144798904
-9.63092931e-05
-5.43180664e-05
-1.80576022e-05
1.31525593e-05
3.99194261e-05
6.27845868e-05
8.22310926e-05
9.8689703e-05
0.000112544402
0.000124137599
0.000133774526
0.000141727123
0.000148237385
0.000153520384
0.000157766928
0.000161145961
0.000163806724
0.000165880716
0.000167483383
0.000168715458
0.000169664489
0.000170409085
0.000171026233
0.000171578391
0.000172018577
-0.000656030795
-0.000513345083
-0.000419106732
-0.000335921394
-0.000262577702
-0.000198502481
-0.000142760632
-9.43624852e-05
-5.24377128e-05
-1.6225456e-05
1.49504332e-05
4.1693579e-05
6.45426349e-05
8.39790412e-05
0.000100431996
0.000114283609
0.000125874632
0.000135508895
0.000143456987
0.000149959615
0.000155230593
0.000159459533
0.000162814251
0.000165442944
0.000167476161
0.000169028529
0.000170200165
0.000171078194
0.000171740214
0.000172260095
0.000172698971
0.000173035385
-0.00065224906
-0.000509468355
-0.000416222473
-0.000333097009
-0.000259899457
-0.000196022734
-0.000140455318
-9.22000618e-05
-5.03944336e-05
-1.42821347e-05
1.68105873e-05
4.34840843e-05
6.62718667e-05
8.56577216e-05
0.000102071865
0.000115891372
0.000127454532
0.000137063815
0.000144988411
0.000151467531
0.000156713531
0.000160914655
0.000164237456
0.000166828981
0.000168818756
0.000170320539
0.000171433799
0.000172245199
0.000172831402
0.000173263511
0.000173601512
0.000173846207
-0.000648309626
-0.000505543487
-0.00041302334
-0.000330015735
-0.000257004575
-0.000193344901
-0.000137973826
-8.98895003e-05
-4.82335909e-05
-1.22513945e-05
1.87307797e-05
4.53087607e-05
6.79955858e-05
8.72934673e-05
0.000103649752
0.000117419621
0.000128937873
0.000138506753
0.0001463945
0.000152838897
0.000158050869
0.000162217292
0.000165503461
0.000168055275
0.000170001254
0.000171454297
0.000172513232
0.000173264269
0.000173783222
0.000174138822
0.000174390086
0.000174556586
-0.000644358448
-0.000501785326
-0.000409594397
-0.000326787704
-0.00025400324
-0.000190564436
-0.000135394514
-8.74929619e-05
-4.60031104e-05
-1.01707084e-05
2.06758242e-05
4.71295877e-05
6.97232284e-05
8.89482045e-05
0.000105226795
0.000118924301
0.000130380678
0.000139896205
0.00014773669
0.000154138077
0.000159309727
0.000163437095
0.000166684188
0.000169195768
0.000171099375
0.000172507074
0.00017351707
0.000174215138
0.000174676353
0.000174967452
0.000175146588
0.000175248877
-0.000640495566
-0.000498119593
-0.000406181757
-0.000323534587
-0.000250976426
-0.000187753271
-0.000132778965
-8.50582712e-05
-4.37365239e-05
-8.06397234e-06
2.26388917e-05
4.89668043e-05
7.14757242e-05
9.06231682e-05
0.000106806983
0.000120423349
0.000131811577
0.000141268177
0.000149056598
0.000155411187
0.000160539875
0.000164626814
0.000167834855
0.000170307717
0.000172171908
0.000173538872
0.000174506267
0.00017515936
0.00017557264
0.000175811261
0.00017593242
0.000175983533
-0.000636798
-0.000494583761
-0.000402825814
-0.000320370137
-0.000247993488
-0.000184958414
-0.000130165634
-8.26123113e-05
-4.14406732e-05
-5.94838047e-06
2.46308982e-05
5.08475139e-05
7.32425344e-05
9.22823846e-05
0.000108381375
0.000121925006
0.000133248299
0.00014264692
0.00015038362
0.000156691738
0.00016177812
0.000165825925
0.000168997243
0.000171434871
0.00017326213
0.000174592728
0.000175524784
0.000176141245
0.000176516218
0.000176713936
0.000176790652
0.000176801644
-0.000633314506
-0.000491225431
-0.000399594335
-0.000317331276
-0.00024510977
-0.000182229531
-0.000127596088
-8.02013438e-05
-3.91852762e-05
-3.79613156e-06
2.6646405e-05
5.27505201e-05
7.50348414e-05
9.39666803e-05
0.000109983282
0.000123455797
0.000134715313
0.000144057074
0.000151743276
0.000158006334
0.000163052134
0.000167062888
0.000170199671
0.000172604605
0.000174402796
0.00017570451
0.000176606468
0.000177193239
0.000177538436
0.000177705263
0.00017774968
0.00017773296
-0.000630067111
-0.000488068848
-0.000396541772
-0.000314418548
-0.000242329598
-0.000179585255
-0.000125090348
-7.78321381e-05
-3.69469909e-05
-1.6761863e-06
2.8657579e-05
5.46625618e-05
7.68383924e-05
9.567018e-05
0.00011161277
0.000125020557
0.000136221284
0.000145510352
0.00015314972
0.000159371129
0.00016437972
0.000168356993
0.000171463347
0.000173840321
0.000175612635
0.000176889971
0.00017776866
0.000178333091
0.000178656531
0.000178801541
0.000178823804
0.000178788445
-0.000627058824
-0.000485121139
-0.000393674018
-0.000311653959
-0.000239673344
-0.00017704296
-0.000122664558
-7.55216147e-05
-3.47478309e-05
4.1846744e-07
3.06600594e-05
5.65759622e-05
7.86543317e-05
9.74002099e-05
0.00011327738
0.000126626806
0.000137774253
0.000147015499
0.000154612389
0.00016079617
0.000165771417
0.000169719092
0.000172799084
0.000175152466
0.000176903531
0.000178161606
0.000179022723
0.000179571019
0.000179879508
0.000180010357
0.000180019039
0.000179972704
-0.000624279722
-0.000482377786
-0.000390987326
-0.000309042463
-0.000237146832
-0.000174608192
-0.0001203249
-7.32775172e-05
-3.25977583e-05
2.47745198e-06
3.2634278e-05
5.84785192e-05
8.04899893e-05
9.91683101e-05
0.00011498441
0.000128279256
0.000139378202
0.000148576468
0.00015613541
0.000162285816
0.000167231806
0.000171153897
0.000174211565
0.000176545503
0.000178279665
0.000179523084
0.000180371542
0.000180908968
0.000181208188
0.000181331156
0.000181333201
0.000181282045
-0.000621710759
-0.000479825035
-0.000388471215
-0.000306578163
-0.000234746345
-0.000172278771
-0.000118070562
-7.11001319e-05
-3.04977986e-05
4.49958092e-06
3.45789123e-05
6.03562817e-05
8.2334106e-05
0.000100978014
0.000116736241
0.000129978149
0.00014103259
0.000150192607
0.000157718204
0.000163839588
0.00016876047
0.000172660979
0.000175700233
0.000178018614
0.000179739801
0.000180972591
0.000181812559
0.000182343459
0.000182637984
0.000182758011
0.00018275878
0.000182707508
-0.000619327221
-0.000477442889
-0.000386109491
-0.00030424853
-0.000232461807
-0.000170046254
-0.000115893846
-6.8981075e-05
-2.84361711e-05
6.50572652e-06
3.65279815e-05
6.22299111e-05
8.41651967e-05
0.000102791974
0.000118508063
0.000131708202
0.000142726759
0.00015185573
0.000159354142
0.000165451849
0.000170352343
0.000174235526
0.000177260292
0.000179566815
0.000181278586
0.000182504232
0.000183339176
0.000183867034
0.000184160413
0.000184281217
0.00018428464
0.000184236642
-0.000617102048
-0.00047520836
-0.000383882987
-0.000302037925
-0.00023028071
-0.000167900982
-0.000113787649
-6.69155909e-05
-2.64106931e-05
8.49431976e-06
3.84773061e-05
6.41167866e-05
8.59994677e-05
0.000104601307
0.000120289973
0.000133461939
0.000144454287
0.000153559668
0.000161037116
0.000167116467
0.000172001179
0.000175871086
0.000178884987
0.000181182954
0.00018288837
0.00018410976
0.000184942438
0.000185469924
0.000185764773
0.000185888992
0.00018589776
0.000185855303
-0.000615008023
-0.000473097652
-0.000381771549
-0.00029992947
-0.000228189678
-0.000165833214
-0.000111746117
-6.49025133e-05
-2.44272013e-05
1.0447907e-05
4.03995539e-05
6.60087898e-05
8.78596429e-05
0.000106429385
0.000122092265
0.000135242325
0.000146214597
0.000155301666
0.000162762828
0.000168828023
0.000173700709
0.000177560691
0.000180566726
0.000182858836
0.000184560347
0.000185779721
0.000186612202
0.000187141232
0.00018743935
0.000187568707
0.000187584489
0.000187548922
-0.00061301876
-0.000471087198
-0.000379754835
-0.000297905424
-0.000226173968
-0.000163831036
-0.000109759882
-6.2934666e-05
-2.24800096e-05
1.23721472e-05
4.23006777e-05
6.79012168e-05
8.97395148e-05
0.000108274328
0.000123908293
0.000137042675
0.000148001399
0.000157075367
0.000164524587
0.000170579404
0.00017544337
0.000179296314
0.000182297006
0.000184585464
0.000186285002
0.00018750405
0.000188337813
0.00018886968
0.000189172193
0.000189307674
0.000189331327
0.000189303279
-0.000611109526
-0.000469154549
-0.000377813262
-0.000295948201
-0.0002242187
-0.000161882115
-0.000107818897
-6.10039956e-05
-2.05623295e-05
1.42740618e-05
4.41869156e-05
6.97857651e-05
9.1621037e-05
0.00011013038
0.000125740559
0.000138863407
0.00014981225
0.000158876587
0.000166317056
0.000172364357
0.000177222139
0.000181070266
0.000184067541
0.000186354002
0.000188052966
0.000189272858
0.000190108856
0.000190644315
0.000190951793
0.000191093793
0.000191125537
0.000191105077
-0.000609258018
-0.000467279194
-0.000375928849
-0.000294041159
-0.000222309618
-0.000159974381
-0.000105912909
-5.91016936e-05
-1.86659539e-05
1.61627746e-05
4.60673172e-05
7.16593899e-05
9.34867283e-05
0.000111987273
0.000127589288
0.000140703096
0.000151643491
0.000160700395
0.000168134468
0.000174176423
0.000179029943
0.000182874934
0.000185870229
0.000188155889
0.000189855244
0.00019107672
0.000191915479
0.000192454856
0.000192767432
0.000192915888
0.000192955458
0.000192942226
-0.000607445016
-0.000465443246
-0.000374086005
-0.000292169406
-0.00022043417
-0.000158097405
-0.000104033391
-5.72211698e-05
-1.67864753e-05
1.80397534e-05
4.79408876e-05
7.35286048e-05
9.53492139e-05
0.000113845711
0.000129445397
0.000142553604
0.000153488316
0.000162540316
0.000169970244
0.000176008794
0.0001808597
0.000184702931
0.000187697367
0.000189983102
0.00019168349
0.000192906967
0.000193748694
0.00019429199
0.000194609469
0.000194763975
0.000194810741
0.000194804051
-0.000605654564
-0.000463631662
-0.000372271775
-0.0002903199
-0.00021858165
-0.000156242247
-0.000102172956
-5.5356609e-05
-1.49197299e-05
1.99073258e-05
4.98083779e-05
7.53946595e-05
9.72105485e-05
0.000115705065
0.000131305207
0.000144410651
0.000155342217
0.000164391458
0.000171819061
0.000177855745
0.000182705321
0.000186547831
0.000189542214
0.000191828606
0.00019353039
0.000194756019
0.00019560066
0.000196147627
0.000196469567
0.000196629471
0.000196682543
0.000196681474
-0.000603873914
-0.000461832279
-0.000370475886
-0.000288481314
-0.000216743388
-0.000154401508
-0.000100325421
-5.35031656e-05
-1.30622129e-05
2.17676536e-05
5.16705838e-05
7.72573401e-05
9.90708614e-05
0.000117565379
0.000133167375
0.000146271807
0.000157201978
0.000166249999
0.000173676601
0.000179712541
0.000184561711
0.000188404226
0.000191399083
0.000193686461
0.000195389775
0.0001966175
0.000197464808
0.000198015016
0.000198340807
0.000198505289
0.000198563612
0.000198567084
-0.000602093398
-0.000460036024
-0.000368690333
-0.000286644057
-0.000214912946
-0.000152569163
-9.84856834e-05
-5.16568421e-05
-1.12109468e-05
2.36227773e-05
5.35286952e-05
7.91171449e-05
0.000100930076
0.000119425897
0.00013503046
0.000148135045
0.000159065022
0.000168112896
0.00017553942
0.000181575395
0.000186424785
0.000190267771
0.000193263402
0.000195551897
0.0001972567
0.000198486306
0.000199335897
0.000199888795
0.000200217716
0.000200385861
0.000200448288
0.000200455137
-0.000600306112
-0.000458237015
-0.000366905061
-0.000284804437
-0.000213086215
-0.000150740257
-9.66497252e-05
-4.98145654e-05
-9.36361875e-06
2.54743225e-05
5.53837298e-05
8.09745739e-05
0.000102788135
0.000121285939
0.000136893327
0.00014999886
0.00016092946
0.0001699779
0.000177404958
0.000183441477
0.000188291476
0.000192135194
0.000195131722
0.000197421312
0.000199127434
0.0002003586
0.000201210003
0.000201764972
0.000202096248
0.000202267079
0.000202332395
0.000202341548
-0.000598507134
-0.000456430789
-0.000365097294
-0.000282978197
-0.000211261231
-0.000148911347
-9.48149279e-05
-4.79742549e-05
-7.51859518e-06
2.73234714e-05
5.72364492e-05
8.28300301e-05
0.000104645009
0.000123145042
0.000138755231
0.000151862275
0.000162794046
0.000171843514
0.000179271495
0.000185308865
0.000190159692
0.000194004254
0.000197001676
0.000199292237
0.000200999426
0.000202231768
0.000203084465
0.000203640859
0.000203973703
0.00020414618
0.000204212952
0.000204224223
-0.000596695527
-0.000454616033
-0.000363279439
-0.000281152872
-0.000209433825
-0.000147080163
-9.29792761e-05
-4.61342255e-05
-5.67456084e-06
2.91711769e-05
5.9087484e-05
8.46838725e-05
0.00010650074
0.000125003029
0.000140615901
0.00015372487
0.000164658185
0.000173708977
0.000181138115
0.000187176511
0.000192028266
0.000195873686
0.00019887192
0.000201163265
0.000202871221
0.000204104324
0.000204957783
0.000205514945
0.000205848571
0.000206021803
0.000206089123
0.000206101342
-0.000594871677
-0.000452792326
-0.000361454079
-0.000279327344
-0.000207603557
-0.000145246326
-9.11421801e-05
-4.42938743e-05
-3.83098477e-06
3.10178434e-05
6.09370548e-05
8.65360193e-05
0.000108355031
0.00012685998
0.000142475753
0.000155586888
0.000166521922
0.000175574205
0.000183004642
0.000189044159
0.000193896874
0.000197743115
0.000200742041
0.000203033957
0.000204742371
0.000205975824
0.000206829527
0.000207386828
0.000207720485
0.00020789366
0.000207960923
0.000207972811
-0.000593037396
-0.000450961481
-0.000359620783
-0.000277502721
-0.000205771353
-0.000143410636
-8.93043536e-05
-4.24537518e-05
-1.98828494e-06
3.28631311e-05
6.27847562e-05
8.83855401e-05
0.000110206115
0.000128715806
0.000144336643
0.000157449728
0.000168386142
0.000177439843
0.000184871612
0.000190912284
0.000195765963
0.000199612971
0.000202612468
0.000204904755
0.000206613341
0.000207846764
0.000208700236
0.000209257101
0.00020959011
0.00020976248
0.000209829025
0.000209839507
-0.000591195577
-0.000449126308
-0.000357772266
-0.000275688293
-0.000203940632
-0.000141575193
-8.74675359e-05
-4.06151066e-05
-1.47178198e-07
3.47069505e-05
6.46313508e-05
9.02339894e-05
0.000112053817
0.000130568944
0.000146198089
0.000159313566
0.000170251286
0.000179306496
0.000186739771
0.000192781753
0.000197636493
0.0002014843
0.00020448432
0.000206776846
0.000208485381
0.000209718461
0.000210571299
0.000211127235
0.00021145901
0.000211629858
0.00021169477
0.00021170343
-0.000589351517
-0.000447291398
-0.000355921999
-0.000273876963
-0.000202114206
-0.000139742943
-8.5633878e-05
-3.87794595e-05
1.69145498e-06
3.65492035e-05
6.64778322e-05
9.2083959e-05
0.000113901556
0.00013241928
0.000148057198
0.000161176906
0.000172117136
0.000181174639
0.000188610013
0.000194653759
0.000199509884
0.000203358694
0.000206359329
0.000208652079
0.000210360444
0.000211592965
0.000212444858
0.00021299947
0.000213329524
0.000213498209
0.000213560611
0.000213567221
-0.000587511766
-0.000445462148
-0.000354081766
-0.000272067942
-0.000200295082
-0.000137917727
-8.38064568e-05
-3.69492615e-05
3.52557495e-06
3.83880134e-05
6.83219779e-05
9.39328461e-05
0.000115750394
0.00013427063
0.000149916331
0.000163041485
0.000173985455
0.000183046159
0.000190484339
0.000196530418
0.000201388372
0.000205238503
0.000208239953
0.000210533015
0.000212241193
0.000213473035
0.00021432377
0.000214876757
0.000215204708
0.000215370744
0.000215430032
0.000215433994
-0.000585683765
-0.000443645151
-0.000352257786
-0.000270267749
-0.000198487611
-0.000136103804
-8.19888764e-05
-3.51274072e-05
5.35285346e-06
4.02214202e-05
7.01618695e-05
9.57785422e-05
0.000117599245
0.000136124919
0.000151778963
0.000164910173
0.00017585876
0.000184923538
0.000192365303
0.000198414387
0.000203274726
0.000207126615
0.0002101292
0.000212422778
0.000214130864
0.000215362021
0.000216211497
0.000216762672
0.000217088252
0.000217251289
0.000217307008
0.000217307832
-0.000583875901
-0.000441848207
-0.000350456352
-0.000268483855
-0.000196697093
-0.000134305762
-8.01849724e-05
-3.33168667e-05
7.17118558e-06
4.20482304e-05
7.1997416e-05
9.7622086e-05
0.000119448441
0.000137981813
0.0001536457
0.000166784291
0.000177738852
0.000186808958
0.000194255407
0.000200308435
0.000205171945
0.000209026229
0.000212030445
0.000214324904
0.000216033142
0.000217263746
0.000218111998
0.000218661308
0.000218984384
0.000219144211
0.000219196059
0.000219193401
-0.000582097353
-0.000440079901
-0.00034868459
-0.00026672389
-0.000194929504
-0.000132528608
-7.83989016e-05
-3.15209029e-05
8.97819185e-06
4.38669235e-05
7.38279603e-05
9.94636586e-05
0.000121298712
0.000139842214
0.000155517635
0.000168665355
0.000179627714
0.000188704803
0.000196157375
0.00020221558
0.000207083301
0.000210940842
0.000213947383
0.000216243269
0.00021795207
0.000219182416
0.000220029631
0.000220577174
0.000220897768
0.000221054333
0.00022110218
0.000221095859
-0.000580357929
-0.000438349344
-0.000346950259
-0.000264995623
-0.00019319123
-0.000130777654
-7.6635048e-05
-2.97429632e-05
1.07713453e-05
4.56758539e-05
7.56527109e-05
0.00010130337
0.000123151076
0.000141707316
0.000157395783
0.000170554735
0.0001815273
0.000190613519
0.000198074043
0.000204138988
0.000209012246
0.000212874153
0.000215883936
0.000218181992
0.000219891953
0.000221122509
0.00022196905
0.000222515096
0.000222833403
0.000222986838
0.000223030754
0.00022302077
-0.000578667864
-0.000436665969
-0.000345261508
-0.000263306869
-0.00019148884
-0.000129058375
-7.48979067e-05
-2.79865693e-05
1.25481103e-05
4.74734913e-05
7.74712953e-05
0.000103142444
0.000125008479
0.000143578378
0.000159279274
0.000172452533
0.000183438984
0.000192537305
0.000200008158
0.000206081821
0.000210962276
0.000214829938
0.000217844116
0.000220145302
0.000221857218
0.000223088646
0.000223935064
0.000224480078
0.000224796494
0.000224947147
0.000224987436
0.000224974006
-0.000577037525
-0.000435039236
-0.000343626578
-0.00026166529
-0.000189828856
-0.000127376252
-7.31920386e-05
-2.62554029e-05
1.43056431e-05
4.92577781e-05
7.92823891e-05
0.000104980454
0.000126871992
0.000145457194
0.000161169672
0.0001743607
0.000185365234
0.000194479066
0.000201962945
0.000208047554
0.000212937085
0.000216812087
0.000219832001
0.000222137455
0.000223852304
0.00022508545
0.000225932493
0.000226477146
0.000226792291
0.000226940756
0.000226977999
0.00022696159
-0.000575477012
-0.000433478252
-0.000342053409
-0.000260078079
-0.000188217437
-0.000125736518
-7.15219051e-05
-2.45533054e-05
1.60405129e-05
5.10252828e-05
8.10816596e-05
0.000106811295
0.000128737466
0.000147349242
0.000163076184
0.000176284634
0.000187310206
0.000196442725
0.000203942251
0.000210039997
0.000214940495
0.000218824482
0.000221851567
0.00022416255
0.000225881452
0.000227117336
0.000227965943
0.000228511123
0.000228825855
0.000228973003
0.000229008096
0.000228989461
-0.000573995683
-0.000431991312
-0.000340549192
-0.000258551514
-0.000186659872
-0.000124143554
-6.98910753e-05
-2.28831225e-05
1.77504881e-05
5.2774273e-05
8.28676742e-05
0.000108633338
0.000130602632
0.000149254074
0.000165001131
0.000178227344
0.000189277123
0.000198431386
0.000205949145
0.000212062255
0.000216975678
0.000220870381
0.000223906181
0.000226224087
0.000227948325
0.000229188144
0.000230039464
0.000230586291
0.000230901733
0.000231048733
0.000231082914
0.00023106312
-0.000572601675
-0.000430585435
-0.00033911995
-0.000257090531
-0.000185160178
-0.000122600522
-6.83018649e-05
-2.12463394e-05
1.94349442e-05
5.45052669e-05
8.46428221e-05
0.000110450175
0.000132463338
0.00015116022
0.000166941584
0.000180194257
0.000191270758
0.000200448436
0.000207986423
0.000214116927
0.000219045161
0.000222952309
0.000225998422
0.000228324747
0.00023005574
0.000231300872
0.000232156261
0.000232706096
0.000233023645
0.000233171979
0.000233206844
0.00023318728
-0.000571301429
-0.00042926587
-0.000337770145
-0.000255698278
-0.000183720769
-0.000121109187
-6.67553632e-05
-1.96433821e-05
2.10941021e-05
5.62192262e-05
8.64091202e-05
0.000112265177
0.000134322836
0.000153066553
0.000168894525
0.000182184514
0.000193290761
0.000202493897
0.000210054417
0.000216204597
0.000221149732
0.000225071234
0.000228129431
0.000230465849
0.000232205214
0.000233457247
0.0002343183
0.000234872769
0.000235194112
0.000235345595
0.000235383111
0.000235365495
-0.000570099139
-0.000428035478
-0.000336502307
-0.00025437558
-0.000182342084
-0.000119669691
-6.52513095e-05
-1.8073623e-05
2.27288737e-05
5.79171558e-05
8.81674717e-05
0.000114080154
0.000136189049
0.00015498076
0.000170857583
0.000184191543
0.000195332437
0.000204564923
0.000212151248
0.000218323916
0.000223288404
0.000227226448
0.000230298736
0.00023264714
0.000234396708
0.000235657465
0.000236526029
0.000237087036
0.000237414173
0.00023757097
0.00023761349
0.000237599881
-0.000568996098
-0.000426893958
-0.000335317239
-0.000253119982
-0.000181022065
-0.000118280417
-6.37879643e-05
-1.65351594e-05
2.43411266e-05
5.96005122e-05
8.99185031e-05
0.0001158946
0.000138061089
0.000156904192
0.000172833157
0.000186215674
0.000197394784
0.000206660113
0.000214275317
0.000220473132
0.000225459329
0.000229416068
0.000232504467
0.000234866809
0.000236628524
0.000237899996
0.000238778128
0.000239347825
0.000239683055
0.000239847693
0.000239897989
0.000239890806
-0.000567989937
-0.000425837457
-0.000334216163
-0.00025192124
-0.000179753266
-0.000116936596
-6.23606925e-05
-1.50236796e-05
2.59326247e-05
6.12713973e-05
9.16639298e-05
0.000117709181
0.000139938428
0.000158836677
0.000174821902
0.000188256633
0.000199476048
0.000208776909
0.000216423577
0.000222648835
0.000227658827
0.000231636225
0.000234742671
0.000237120961
0.000238896946
0.000240181174
0.000241071182
0.000241652083
0.000241998054
0.00024217343
0.000242234659
0.000242236651
-0.000567073765
-0.00042485941
-0.000333196919
-0.000250756389
-0.000178518937
-0.00011562481
-6.09566095e-05
-1.35299294e-05
2.74942951e-05
6.29259896e-05
9.34018905e-05
0.000119523189
0.000141821213
0.00016077635
0.00017681975
0.000190310441
0.000201572203
0.000210910952
0.000218591247
0.000224845884
0.000229881492
0.000233881356
0.000237007763
0.00023940434
0.000241197361
0.000242493501
0.000243397199
0.000243992659
0.000244352617
0.000244542085
0.000244617719
0.000244631813
-0.00056623349
-0.000423946802
-0.000332188595
-0.000249681834
-0.000177346629
-0.000114347346
-5.95810038e-05
-1.20561451e-05
2.908189e-05
6.45940488e-05
9.51502824e-05
0.000121349195
0.000143719717
0.000162727052
0.000178822101
0.000192371085
0.000203678298
0.000213056415
0.000220771332
0.000227056316
0.00023211855
0.000236141967
0.000239289418
0.000241704806
0.000243514981
0.000244831393
0.000245752351
0.00024636361
0.000246739999
0.000246946898
0.000247041526
0.000247073213
-0.0005654484
-0.000423077838
-0.000331186215
-0.000248645965
-0.000176187423
-0.000113070971
-5.82019675e-05
-1.05788388e-05
3.06561143e-05
6.62575375e-05
9.68976256e-05
0.000123175851
0.000145622564
0.00016468485
0.000180829937
0.000194436082
0.000205788808
0.000215205813
0.000222954954
0.000229270203
0.000234359322
0.0002384069
0.000241576426
0.000244012364
0.000245842131
0.000247177886
0.000248118044
0.000248748751
0.000249145274
0.00024937369
0.000249492002
0.000249545486
-0.000564692219
-0.000422224246
-0.000330204721
-0.000247588762
-0.000175013619
-0.000111783709
-5.68104672e-05
-9.08836677e-06
3.22406109e-05
6.79293864e-05
9.86477702e-05
0.00012499644
0.000147523364
0.000166665153
0.000182858988
0.000196502364
0.000207895939
0.000217349377
0.00022513053
0.000231474304
0.000236589203
0.000240660455
0.00024385217
0.000246309415
0.000248160161
0.000249517036
0.000250478873
0.000251132116
0.00025155242
0.000251806762
0.000251953693
0.000252032365
-0.000563926696
-0.000421347383
-0.000329200526
-0.000246487022
-0.000173798053
-0.000110458167
-5.53823465e-05
-7.56353773e-06
3.38565558e-05
6.96305996e-05
0.000100428006
0.000126846473
0.000149432265
0.000168631332
0.000184866809
0.000198541786
0.000209975655
0.000219465358
0.000227277362
0.000233648157
0.000238787533
0.00024288159
0.000246095178
0.000248574031
0.000250446712
0.000251826351
0.000252812177
0.000253490931
0.000253938694
0.000254223467
0.000254404284
0.000254512836
-0.000563101251
-0.000420402177
-0.000328123462
-0.000245305095
-0.000172505971
-0.000109062012
-5.38905684e-05
-5.98349852e-06
3.55182442e-05
7.13683029e-05
0.000102237543
0.000128718366
0.000151331591
0.000170563841
0.000186850226
0.00020055941
0.000212025069
0.000221542982
0.000229379693
0.000235772686
0.00024093277
0.000245046886
0.000248280601
0.000250780289
0.000252675068
0.000254078537
0.000255090281
0.000255797297
0.000256276089
0.000256595761
0.00025681582
0.000256959428
-0.000562151893
-0.000419360594
-0.000326902763
-0.00024399246
-0.000171096529
-0.000107558844
-5.2304722e-05
-4.32557609e-06
3.72391102e-05
7.31434375e-05
0.000104058421
0.000130578029
0.000153222849
0.00017249831
0.000188825866
0.000202554306
0.000214033885
0.000223565846
0.000231416617
0.000237823602
0.000242998057
0.000247127503
0.000250378064
0.000252896617
0.000254812732
0.000256240386
0.000257279442
0.000258017083
0.0002585302
0.00025888908
0.000259153687
0.000259337451
-0.000561014942
-0.000418291086
-0.000325368114
-0.000242461173
-0.000169515122
-0.00010590214
-5.05844296e-05
-2.55595341e-06
3.90476003e-05
7.49819879e-05
0.000105918825
0.00013245574
0.000155126269
0.000174417785
0.000190746432
0.000204479722
0.000215963034
0.000225498486
0.000233353397
0.000239765818
0.000244947587
0.000249086781
0.00025235003
0.000254884653
0.000256820596
0.000258272138
0.000259339335
0.000260109474
0.000260659794
0.000261061824
0.000261375966
0.000261604688
-0.00055960245
-0.000416989252
-0.000323543138
-0.000240665388
-0.000167701164
-0.000104039467
-4.86867484e-05
-6.40277524e-07
4.09698881e-05
7.69029661e-05
0.000107832865
0.00013436009
0.000157020169
0.000176291496
0.000192597733
0.000206316595
0.000217787118
0.000227311022
0.000235156763
0.000241563269
0.000246742961
0.000250884376
0.000254154532
0.000256701065
0.000258654172
0.000260128312
0.000261223617
0.000262027365
0.000262617068
0.000263065526
0.000263433558
0.000263711485
-0.000557822509
-0.000415296283
-0.000321381588
-0.000238542326
-0.000165585388
-0.000101911312
-4.65640771e-05
1.45789976e-06
4.30314797e-05
7.89205493e-05
0.000109802128
0.000136279281
0.000158889254
0.000178110682
0.000194369743
0.000208046309
0.000219479291
0.000228970765
0.000236789755
0.000243175632
0.000248341127
0.000252474999
0.000255744424
0.000258297143
0.000260263407
0.000261757672
0.00026287998
0.000263717452
0.000264347762
0.000264844974
0.000265270268
0.000265600798
-0.000555571008
-0.000413106789
-0.000318786064
-0.000236005871
-0.00016309163
-9.94533183e-05
-4.41644073e-05
3.77856945e-06
4.52608556e-05
8.1052313e-05
0.000111834111
0.000138212549
0.000160727349
0.000179858938
0.000196035075
0.000209636812
0.000221003698
0.00023043819
0.000238209539
0.000244557213
0.00024969394
0.000253808401
0.000257067637
0.000259619218
0.000261593193
0.000263103785
0.000264250739
0.000265120829
0.00026579175
0.000266338758
0.000266823315
0.000267208638
-0.000552728211
-0.000410309933
-0.000315650415
-0.000232961014
-0.000160138337
-9.65972093e-05
-4.14328216e-05
6.3634256e-06
4.76869825e-05
8.33152575e-05
0.000113934854
0.000140156244
0.00016252229
0.000181515671
0.000197565715
0.000211054464
0.00022232195
0.000231670756
0.000239370009
0.000245658891
0.000250749726
0.000254830723
0.000258068414
0.00026060984
0.000262584527
0.000264106174
0.000265273968
0.000266174112
0.000266884137
0.000267480355
0.000268024368
0.000268465036
-0.000549161925
-0.000406783531
-0.000311860733
-0.000229306755
-0.000156639028
-9.32711652e-05
-3.83122228e-05
9.2551342e-06
5.03387654e-05
8.57254824e-05
0.000116108791
0.000142104366
0.000164258866
0.000183057546
0.00019893132
0.000212263021
0.000223392851
0.000232623115
0.00024022235
0.000246428943
0.000251454305
0.000255485673
0.000258688592
0.000261209141
0.00026317592
0.000264701744
0.000265884932
0.000266810856
0.000267556688
0.000268199594
0.000268800817
0.000269294087
-0.000544729822
-0.000402396474
-0.000307296068
-0.000224936965
-0.000152503456
-8.94010462e-05
-3.47445008e-05
1.24962858e-05
5.3244185e-05
8.82975331e-05
0.000118358366
0.000144048658
0.000165919495
0.000184458956
0.000200099472
0.000213224372
0.000224173578
0.000233248562
0.000240716654
0.000246814808
0.000251752881
0.000255716524
0.00025886972
0.000261357052
0.00026330572
0.000264827238
0.000266018684
0.000266964301
0.000267740702
0.0002684257
0.000269079143
0.000269616192
-0.000539281477
-0.000397010826
-0.000301830355
-0.000219742046
-0.000147639327
-8.49119929e-05
-3.06719508e-05
1.61282166e-05
5.64293867e-05
9.1043799e-05
0.000120683771
0.000145978706
0.000167484692
0.000185692778
0.000201036712
0.000213899868
0.000224621271
0.000233500835
0.000240803906
0.000246765206
0.000251592264
0.000255468399
0.000258555343
0.000260995554
0.000262914264
0.000264421193
0.000265611766
0.000266568642
0.000267367139
0.000268085286
0.00026878557
0.000269377284
-0.000532660712
-0.000390484031
-0.000295334765
-0.000213611085
-0.000141954326
-7.9730283e-05
-2.60388716e-05
2.01897119e-05
5.9917744e-05
9.39739687e-05
0.000123082826
0.000147882246
0.000168933803
0.000186731496
0.000201710013
0.000214252124
0.000224695141
0.000233336504
0.000240438614
0.00024623301
0.000250923965
0.000254691605
0.000257694612
0.0002600726
0.0002619482
0.000263428782
0.000264607653
0.000265565581
0.000266376374
0.000267117352
0.000267850366
0.000268479864
-0.000524708363
-0.000382671495
-0.000287680372
-0.000206434334
-0.000135358456
-7.37854315e-05
-2.07933681e-05
2.47155847e-05
6.37288693e-05
9.70945199e-05
0.000125550961
0.000149745656
0.00017024597
0.000187548622
0.000202088609
0.000214247215
0.000224358981
0.000232717739
0.000239581793
0.000245178367
0.000249707409
0.000253344852
0.000256245426
0.00025854509
0.00026036316
0.000261804029
0.000262958358
0.000263904634
0.000264714989
0.000265465729
0.000266215816
0.000266857171
-0.00051526539
-0.000373429508
-0.000278741167
-0.000198106054
-0.000127766675
-6.70125698e-05
-1.48893736e-05
2.97350823e-05
6.78775276e-05
0.000100408184
0.00012808126
0.000151554571
0.00017140131
0.00018812038
0.000202146159
0.000213857252
0.000223584109
0.000231615578
0.000238204503
0.000243572487
0.000247913935
0.000251399473
0.000254178874
0.000256383553
0.000258128733
0.000259515172
0.000260630341
0.000261549955
0.000262343846
0.000263086476
0.000263834983
0.000264477955
-0.000504176317
-0.000362618431
-0.000268397413
-0.000188527723
-0.000119101878
-5.93551072e-05
-8.28895369e-06
3.52700434e-05
7.23723429e-05
0.000103913275
0.000130664439
0.000153294505
0.00017238215
0.000188427525
0.000201863063
0.000213063154
0.000222352522
0.000230013396
0.000236291583
0.000241401592
0.000245530929
0.000248843699
0.000251483638
0.000253576688
0.000255233168
0.00025654949
0.000257609365
0.000258485297
0.000259244295
0.000259958133
0.000260681845
0.000261305939
-0.000491292887
-0.000350106048
-0.000256539271
-0.000177611595
-0.000109298156
-5.07676417e-05
-9.6490658e-07
4.13327059e-05
7.72141626e-05
0.000107602706
0.000133288571
0.000154951293
0.00017317415
0.000188457076
0.000201228762
0.000211857423
0.000220660083
0.00022791044
0.000233845478
0.000238670978
0.00024256608
0.00024568708
0.000248170574
0.000250136036
0.000251688013
0.000252917854
0.00025390496
0.000254718232
0.00025542137
0.000256082497
0.000256754053
0.000257334402
-0.000476477621
-0.000335770719
-0.000243070531
-0.000165284769
-9.83047631e-05
-4.12195306e-05
7.09588895e-06
4.79227749e-05
8.23937297e-05
0.000111462395
0.000135938276
0.000156511059
0.000173767007
0.000188203694
0.000200243676
0.00021024656
0.000218519311
0.000225324902
0.000230889501
0.000235408383
0.000239050782
0.000241963871
0.000244275967
0.000246099134
0.000247531363
0.0002486582
0.000249554064
0.000250284139
0.000250908329
0.000251490074
0.000252078681
0.000252587127
-0.000459606697
-0.000319504181
-0.000227914085
-0.00015149749
-8.60927369e-05
-3.0699183e-05
1.58872847e-05
5.50224445e-05
8.78877203e-05
0.000115468386
0.00013859287
0.000157959335
0.000174154455
0.000187670446
0.000198920647
0.000208253092
0.000215961946
0.000222297008
0.000227471486
0.00023166832
0.000235045301
0.00023773921
0.000239869145
0.000241539181
0.000242839729
0.000243848164
0.000244633066
0.000245258062
0.000245777194
0.000246249275
0.000246720441
0.000247125793
-0.00044056902
-0.000301212639
-0.000211024104
-0.000136245047
-7.2651635e-05
-1.91955143e-05
2.53849507e-05
6.25920657e-05
9.36544271e-05
0.000119583335
0.000141223668
0.000159279231
0.000174333261
0.000186868501
0.000197285164
0.00020591615
0.000213039679
0.00021888965
0.000223663989
0.000227531319
0.00023063618
0.000233103132
0.000235040596
0.00023654505
0.000237699671
0.000238557803
0.000239216286
0.000239732642
0.00024012556
0.000240458586
0.000240776135
0.000241044485
-0.000419248456
-0.000280798838
-0.000192374512
-0.000119563499
-5.79334964e-05
-6.63724785e-06
3.55472949e-05
7.05683817e-05
9.96309623e-05
0.000123753104
0.000143791001
0.000160449174
0.000174301606
0.000185816056
0.000195374715
0.000203291112
0.000209824095
0.000215188742
0.000219565292
0.000223106133
0.000225940661
0.000228179297
0.000229916955
0.000231248574
0.00023229933
0.000233073883
0.000233547933
0.000233849059
0.000234078159
0.000234249056
0.000234380894
0.000234478339
-0.000395503641
-0.00025811403
-0.000171839207
-0.000101296377
-4.21231476e-05
6.54842283e-06
4.61258037e-05
7.87973051e-05
0.000105694338
0.000127878266
0.000146227982
0.00016143399
0.000174053868
0.000184535439
0.000193237863
0.00020045031
0.000206409887
0.000211310145
0.000215311434
0.000218548696
0.000221137045
0.000223176359
0.000224753914
0.000225930796
0.000226712848
0.000227241671
0.000227654465
0.000227894493
0.000227955138
0.000227910409
0.000227808047
0.000227701119
-0.0003693135
-0.000233137133
-0.00014957074
-8.15335625e-05
-2.55640931e-05
2.00945672e-05
5.70923343e-05
8.71123044e-05
0.000111700715
0.000131814137
0.000148443441
0.000162185605
0.000173578692
0.000183048247
0.00019092535
0.000197471442
0.00020289596
0.000207368436
0.000211027844
0.000213989747
0.000216351843
0.000218197723
0.000219599735
0.000220618992
0.000221309605
0.000221740899
0.000221939768
0.000221939979
0.000221797183
0.000221531954
0.00022117129
0.000220825605
-0.000340648797
-0.000205809067
-0.000125741459
-6.0422266e-05
-8.08994667e-06
3.38444528e-05
6.79729824e-05
9.53080636e-05
0.000117443328
0.000135513315
0.000150371595
0.000162657259
0.000172866899
0.000181383162
0.000188500436
0.00019444729
0.000199403415
0.000203512028
0.000206889026
0.000209629809
0.000211814403
0.000213510746
0.000214777925
0.000215667901
0.000216227897
0.000216503172
0.000216536464
0.000216360563
0.000216006844
0.000215490667
0.000214835475
0.000214218979
-0.000309512742
-0.000176409701
-0.000100545651
-3.87039977e-05
9.95146103e-06
4.81540907e-05
7.86924743e-05
0.000103074181
0.000122710212
0.000138699144
0.000151850941
0.000162765247
0.000171888845
0.000179556067
0.000186018674
0.000191468195
0.000196052327
0.000199886814
0.000203063998
0.000205659001
0.000207734252
0.000209342933
0.000210530906
0.000211338734
0.000211803747
0.000211960762
0.000211843524
0.000211484225
0.000210908374
0.000210121457
0.000209142995
0.000208226695
-0.000275798654
-0.000145528135
-7.36994685e-05
-1.64992799e-05
2.77464679e-05
6.1953572e-05
8.87843792e-05
0.000110067945
0.000127188543
0.000141165637
0.000152734594
0.000162423836
0.000170614786
0.000177584828
0.000183537798
0.000188625534
0.000192963006
0.00019663886
0.000199722759
0.000202270524
0.000204327798
0.000205932716
0.000207117887
0.000207912159
0.000208341172
0.000208429409
0.000208201844
0.000207684614
0.000206896793
0.000205832053
0.000204504262
0.000203257366
-0.000239285575
-0.000113208183
-4.554767e-05
5.78650113e-06
4.47203628e-05
7.4465087e-05
9.75081531e-05
0.000115737408
0.000130477662
0.000142639313
0.000152849066
0.000161540645
0.00016901671
0.000175491174
0.000181117829
0.00018600945
0.000190250468
0.000193905343
0.000197024074
0.000199645869
0.00020180171
0.000203516251
0.000204809192
0.000205696196
0.000206189711
0.00020630035
0.000206039539
0.000205421297
0.000204452537
0.000203110045
0.000201407064
0.000199787966
-0.000199684912
-7.91727939e-05
-1.72897874e-05
2.71753748e-05
6.01273261e-05
8.49736792e-05
0.000104202798
0.000119570427
0.00013222351
0.000142899375
0.000152078257
0.000160078165
0.000167113635
0.000173333343
0.000178843734
0.000183723524
0.000188032658
0.000191817751
0.000195115218
0.000197952982
0.000200351666
0.000202325837
0.000203884747
0.000205031474
0.000205762697
0.000206067943
0.000205931174
0.000205343348
0.000204286716
0.000202700723
0.000200574848
0.000198501014
-0.000156252722
-4.34452615e-05
1.01055458e-05
4.62737815e-05
7.25362309e-05
9.24177061e-05
0.000108134383
0.000121103801
0.000132173433
0.000141845117
0.000150424412
0.000158104352
0.000165011443
0.000171234935
0.000176843045
0.000181890333
0.000186421996
0.00019047617
0.000194084364
0.000197270376
0.000200049932
0.000202434687
0.000204434453
0.000206045023
0.000207254562
0.00020803785
0.000208321934
0.000208040794
0.00020712831
0.000205446352
0.000202878839
0.000200262338
-0.000107439157
-6.95925436e-06
3.45274076e-05
6.10020489e-05
8.03947742e-05
9.58117145e-05
0.00010878959
0.000120163402
0.000130370641
0.000139644611
0.000148117083
0.000155870072
0.00016295477
0.000169415938
0.000175301564
0.00018065833
0.000185531727
0.000189967179
0.000194009214
0.000197694668
0.000201044414
0.000204090014
0.000206880815
0.000209401418
0.000211625397
0.000213569337
0.000215047784
0.000215788154
0.000215620932
0.000214323975
0.000211484154
0.000208438984
-4.24563222e-05
2.91308884e-05
5.17424309e-05
6.76975179e-05
8.12784728e-05
9.37784474e-05
0.000105534776
0.000116610288
0.0001269949
0.000136679322
0.000145665376
0.000153946643
0.000161525179
0.000168437345
0.00017473764
0.000180480183
0.000185721999
0.000190529573
0.000194984435
0.000199158441
0.000203038429
0.00020657451
0.000209880429
0.000213282953
0.000217066493
0.000220850317
0.000223678941
0.000225484277
0.000227043314
0.000228190446
0.000227837793
0.000225777119
6.46123157e-05
6.4862977e-05
6.23761112e-05
6.80882692e-05
7.77935196e-05
8.913459e-05
0.000100943782
0.000112572603
0.0001236634
0.000134102554
0.000143880319
0.000152905241
0.000161080453
0.000168464365
0.000175161691
0.000181237748
0.000186755015
0.000191794868
0.000196499204
0.000201024746
0.000205402065
0.000209573756
0.000213608924
0.000217815141
0.000222896649
0.00022975106
0.000238626807
0.000250127529
0.00026520649
0.000285366775
0.000314262139
0.000349257965
)
;

boundaryField
{
    inner_wall
    {
        type            zeroGradient;
    }
    outer_wall
    {
        type            zeroGradient;
    }
    top
    {
        type            zeroGradient;
    }
    bottom
    {
        type            fixedValue;
        value           uniform 0;
    }
    front
    {
        type            wedge;
    }
    back
    {
        type            wedge;
    }
}


// ************************************************************************* //
