/*--------------------------------*- C++ -*----------------------------------*\
| =========                 |                                                 |
| \\      /  F ield         | OpenFOAM: The Open Source CFD Toolbox           |
|  \\    /   O peration     | Version:  2506                                  |
|   \\  /    A nd           | Website:  www.openfoam.com                      |
|    \\/     M anipulation  |                                                 |
\*---------------------------------------------------------------------------*/
FoamFile
{
    version     2.0;
    format      ascii;
    arch        "LSB;label=32;scalar=64";
    class       volScalarField;
    location    "583";
    object      p;
}
// * * * * * * * * * * * * * * * * * * * * * * * * * * * * * * * * * * * * * //

dimensions      [0 2 -2 0 0 0 0];

internalField   nonuniform List<scalar> 
3072
(
-0.000123967154
-9.41515257e-05
-9.04857023e-05
-8.44512041e-05
-7.46945491e-05
-6.29698081e-05
-5.10207636e-05
-3.99856124e-05
-2.77742573e-05
-1.40153785e-05
-7.56287959e-06
-7.76018493e-06
-7.62204307e-06
-6.31046222e-06
-4.47204201e-06
-2.49540515e-06
-5.35728893e-07
1.32379017e-06
3.02536991e-06
4.52418685e-06
5.80686632e-06
7.01603862e-06
8.04229776e-06
8.74650085e-06
9.27238562e-06
9.66435218e-06
9.94257529e-06
1.01314837e-05
1.02633912e-05
1.03857706e-05
1.05659036e-05
1.08151624e-05
-0.000264310397
-0.000186452108
-0.000160138671
-0.000141512753
-0.000123474783
-0.000104850645
-8.64210147e-05
-6.86357455e-05
-5.08430044e-05
-3.39336298e-05
-2.18125394e-05
-1.4469992e-05
-8.57002273e-06
-3.29991513e-06
1.33040645e-06
5.32477477e-06
8.74335595e-06
1.16448827e-05
1.40880839e-05
1.61498278e-05
1.77775611e-05
1.9200324e-05
2.04184795e-05
2.12384727e-05
2.18514276e-05
2.23315832e-05
2.27116259e-05
2.30231794e-05
2.33043136e-05
2.3602156e-05
2.39473773e-05
2.42410753e-05
-0.00032642383
-0.000221781235
-0.000176574399
-0.000146113064
-0.000121669637
-0.000100771907
-8.2323757e-05
-6.56797535e-05
-5.03714231e-05
-3.65147091e-05
-2.47568769e-05
-1.50290639e-05
-6.70556973e-06
5.3326851e-07
6.82419737e-06
1.22633744e-05
1.69345277e-05
2.09092506e-05
2.42731784e-05
2.72005449e-05
2.95866337e-05
3.14880782e-05
3.30811543e-05
3.4316916e-05
3.52851906e-05
3.6047208e-05
3.66469263e-05
3.71230363e-05
3.75126484e-05
3.78541421e-05
3.81780592e-05
3.84492296e-05
-0.000386212913
-0.000266915185
-0.000210788357
-0.000168760908
-0.000135763039
-0.000109664219
-8.78522617e-05
-6.8931617e-05
-5.21829962e-05
-3.72967433e-05
-2.41971391e-05
-1.27467174e-05
-2.72758487e-06
6.0406846e-06
1.36900646e-05
2.03248375e-05
2.60363781e-05
3.09110065e-05
3.5037886e-05
3.85009199e-05
4.14022782e-05
4.37573621e-05
4.56285894e-05
4.71510738e-05
4.83630138e-05
4.93170678e-05
5.00674356e-05
5.06623433e-05
5.11448559e-05
5.15569717e-05
5.19303034e-05
5.22253869e-05
-0.000442025399
-0.000315680792
-0.000246465764
-0.000194678219
-0.000154290669
-0.000122038984
-9.54362843e-05
-7.29131221e-05
-5.34564827e-05
-3.64582734e-05
-2.15551794e-05
-8.48027845e-06
2.98968981e-06
1.30327444e-05
2.17905577e-05
2.93832552e-05
3.59220451e-05
4.15135482e-05
4.62355814e-05
5.00709304e-05
5.32998405e-05
5.60636549e-05
5.82581111e-05
6.00109124e-05
6.14108028e-05
6.25244089e-05
6.34105853e-05
6.41221922e-05
6.4707565e-05
6.52151852e-05
6.56822639e-05
6.60574673e-05
-0.000490655544
-0.000359350231
-0.000280091309
-0.000220370407
-0.000173455031
-0.000135074558
-0.000103461335
-7.69814701e-05
-5.44125613e-05
-3.49371735e-05
-1.8013517e-05
-3.25696063e-06
9.62069464e-06
2.08410071e-05
3.05814137e-05
3.89918903e-05
4.62065572e-05
5.23489671e-05
5.75295114e-05
6.1842496e-05
6.54207912e-05
6.83738012e-05
7.07722282e-05
7.27057984e-05
7.42588538e-05
7.55059797e-05
7.65134298e-05
7.73399514e-05
7.8040084e-05
7.86710688e-05
7.9276654e-05
7.97778496e-05
-0.000531925775
-0.000396360099
-0.000311284971
-0.000245353433
-0.000191929383
-0.000147979325
-0.000111621503
-8.11857786e-05
-5.53783366e-05
-3.32741982e-05
-1.42176222e-05
2.2729685e-06
1.65601103e-05
2.89247061e-05
3.95928241e-05
4.8754234e-05
5.65747178e-05
6.32035505e-05
6.87778045e-05
7.34253038e-05
7.72691543e-05
8.04239669e-05
8.29931728e-05
8.50736334e-05
8.67550312e-05
8.81189985e-05
8.92385174e-05
9.01781534e-05
9.09987389e-05
9.17668816e-05
9.25330237e-05
9.3183646e-05
-0.000566132801
-0.000427474173
-0.000338406748
-0.000267796775
-0.000209055526
-0.000160191565
-0.00011950084
-8.53394748e-05
-5.6398519e-05
-3.17025837e-05
-1.0525245e-05
7.68778213e-06
2.33651135e-05
3.6845781e-05
4.84057174e-05
5.82769083e-05
6.66602639e-05
7.37343548e-05
7.96609091e-05
8.45884846e-05
8.86545989e-05
9.19861967e-05
9.46998144e-05
9.69025318e-05
9.86922498e-05
0.000100157663
0.00010137784
0.000102422647
0.000103358735
0.000104261566
0.000105187621
0.000105987818
-0.000594146902
-0.000453435326
-0.000361224004
-0.000286857392
-0.00022398789
-0.000171079215
-0.000126661908
-8.91942327e-05
-5.74007487e-05
-3.02971261e-05
-7.12033833e-06
1.27316069e-05
2.9737948e-05
4.42864805e-05
5.66976699e-05
6.7242723e-05
7.6156354e-05
8.36457831e-05
8.98967669e-05
9.50776921e-05
9.93421723e-05
0.000102830531
0.000105670796
0.000107979597
0.000109862754
0.00011141557
0.000112722642
0.000113858519
0.000114894876
0.000115914693
0.000116979457
0.000117909177
-0.000616490128
-0.000474436925
-0.000379939642
-0.000302668592
-0.000236574314
-0.000180405018
-0.000132888557
-9.25989618e-05
-5.83159627e-05
-2.90709392e-05
-4.08744935e-06
1.72641418e-05
3.54984833e-05
5.10408403e-05
6.42482416e-05
7.54254427e-05
8.48370717e-05
9.27162174e-05
9.92707136e-05
0.000104687402
0.000109135198
0.00011276709
0.000115721662
0.00011812422
0.000120087734
0.000121713394
0.000123090622
0.000124297948
0.000125411091
0.000126518754
0.000127686194
0.00012871103
-0.000633726425
-0.000490848359
-0.000394799244
-0.000315366464
-0.000246804006
-0.00018807325
-0.000138060111
-9.54446978e-05
-5.90688383e-05
-2.79908933e-05
-1.43663872e-06
2.12367812e-05
4.05664772e-05
5.70046598e-05
7.09363088e-05
8.26931461e-05
9.25645204e-05
0.000100805491
0.000107642894
0.000113279724
0.000117898399
0.000121663113
0.00012472167
0.000127206917
0.000129237958
0.000130920959
0.000132349346
0.000133604878
0.000134766291
0.00013592601
0.000137151809
0.000138229548
-0.000646482434
-0.000503163716
-0.000406149968
-0.000325165584
-0.000254771189
-0.000194090723
-0.000142131256
-9.76636473e-05
-5.95900607e-05
-2.69996701e-05
8.70563822e-07
2.46669377e-05
4.49392077e-05
6.21575606e-05
7.67270733e-05
8.89998682e-05
9.92845807e-05
0.000107853844
0.000114949924
0.00012078911
0.000125564998
0.000129451085
0.000132602789
0.000135159144
0.000137244216
0.000138968142
0.000140427482
0.000141706486
0.000142885904
0.000144059939
0.000145297718
0.000146384422
-0.000655394624
-0.000511912922
-0.000414397761
-0.000332349223
-0.000260647049
-0.000198536882
-0.0001451144
-9.92251165e-05
-5.98239734e-05
-2.60315178e-05
2.90033155e-06
2.76152628e-05
4.86687928e-05
6.65419822e-05
8.16534728e-05
9.43698636e-05
0.000105014015
0.000113871778
0.000121197249
0.000127216976
0.000132133258
0.000136126815
0.000139358967
0.000141973485
0.000144098194
0.000145846166
0.000147316267
0.000148594534
0.000149762847
0.000150915444
0.000152121828
0.000153176722
-0.000661078618
-0.000517622742
-0.000419968966
-0.000337236132
-0.000264647488
-0.000201538429
-0.000147064288
-0.000100129103
-5.97322311e-05
-2.50233112e-05
4.73019974e-06
3.01660948e-05
5.1841121e-05
7.02419884e-05
8.57957625e-05
9.88785923e-05
0.000109823161
0.000118924618
0.000126445543
0.000132619871
0.000137656205
0.000141740467
0.000145038205
0.000147696529
0.000149845861
0.000151601255
0.000153063111
0.000154318644
0.000155450124
0.000156550409
0.00015768861
0.000158677465
-0.00066411108
-0.00052079416
-0.000423284783
-0.000340155113
-0.000267010777
-0.000203250491
-0.000148064773
-0.000100400931
-5.92951571e-05
-2.39218166e-05
6.43695871e-06
3.24118709e-05
5.45580185e-05
7.33642788e-05
8.92622163e-05
0.000102633739
0.000113817695
0.000123115278
0.000130794617
0.000137094539
0.00014222778
0.000146383667
0.000149730448
0.000152417328
0.000154576289
0.000156323526
0.000157760321
0.000158974556
0.000160048317
0.000161072043
0.0001621139
0.000163010894
-0.000665020838
-0.000521895587
-0.000424751931
-0.000341431976
-0.000267982594
-0.000203844137
-0.000148219677
-0.000100087061
-5.85117862e-05
-2.26884384e-05
8.08803779e-06
3.4441216e-05
5.69230637e-05
7.602237e-05
9.21724595e-05
0.00010575816
0.00011712167
0.000126567622
0.000134367324
0.000140762415
0.000145967966
0.000150175179
0.000153553729
0.000156253859
0.000158408251
0.000160133559
0.000161531411
0.000162689964
0.000163690706
0.000164620979
0.000165547661
0.00016633594
-0.000664283211
-0.000521352534
-0.000424745481
-0.000341375321
-0.000267805004
-0.000203496578
-0.000147645752
-9.92504096e-05
-5.73987532e-05
-2.13014587e-05
9.73608543e-06
3.63309042e-05
5.90313528e-05
7.83247641e-05
9.46444735e-05
0.000108376189
0.000119863432
0.000129412285
0.000137295433
0.000143755693
0.000149009068
0.000153247422
0.000156640851
0.000159339804
0.000161476998
0.000163169013
0.000164517429
0.000165610377
0.000166528491
0.000167355669
0.000168157321
0.000168828546
-0.000662311535
-0.000519540756
-0.000423607155
-0.000340271551
-0.000266708242
-0.000202382786
-0.000146465269
-9.79648803e-05
-5.59871934e-05
-1.97553241e-05
1.14172624e-05
3.81419906e-05
6.0963686e-05
8.0367566e-05
9.67859495e-05
0.000110604073
0.000122165379
0.000131775983
0.000139708647
0.000146206173
0.000151484457
0.000155735134
0.00015912798
0.00016181304
0.000163922582
0.00016557274
0.000166864761
0.000167886549
0.000168717745
0.000169438728
0.000170113401
0.000170666627
-0.000659462361
-0.000516782698
-0.000421639672
-0.000338377821
-0.000264903048
-0.000200667816
-0.000144798877
-9.63092698e-05
-5.43180463e-05
-1.80575861e-05
1.31525724e-05
3.99194357e-05
6.27845938e-05
8.22310966e-05
9.86897049e-05
0.000112544402
0.000124137597
0.000133774522
0.000141727118
0.000148237378
0.000153520377
0.000157766919
0.000161145952
0.000163806714
0.000165880706
0.000167483372
0.000168715446
0.000169664477
0.000170409074
0.000171026222
0.000171578379
0.000172018565
-0.000656030801
-0.000513345088
-0.000419106734
-0.000335921395
-0.000262577697
-0.000198502477
-0.000142760624
-9.43624808e-05
-5.24377066e-05
-1.62254544e-05
1.49504355e-05
4.16935771e-05
6.45426329e-05
8.39790354e-05
0.00010043199
0.000114283599
0.000125874622
0.000135508882
0.000143456974
0.0001499596
0.000155230577
0.000159459516
0.000162814234
0.000165442926
0.000167476142
0.000169028509
0.000170200145
0.000171078174
0.000171740194
0.000172260074
0.000172698949
0.000173035363
-0.000652249085
-0.000509468389
-0.000416222528
-0.000333097067
-0.000259899514
-0.000196022789
-0.000140455367
-9.220011e-05
-5.0394477e-05
-1.42821771e-05
1.68105491e-05
4.34840463e-05
6.62718317e-05
8.56576867e-05
0.000102071832
0.000115891339
0.0001274545
0.000137063782
0.000144988379
0.000151467499
0.000156713499
0.000160914623
0.000164237423
0.000166828948
0.000168818724
0.000170320507
0.000171433766
0.000172245167
0.000172831369
0.000173263479
0.00017360148
0.000173846175
-0.000648309659
-0.000505543525
-0.000413023384
-0.000330015783
-0.00025700463
-0.000193344956
-0.000137973885
-8.98895558e-05
-4.82336478e-05
-1.22514473e-05
1.87307256e-05
4.53087093e-05
6.79955352e-05
8.72934203e-05
0.000103649705
0.000117419575
0.000128937827
0.000138506708
0.000146394455
0.000152838854
0.000158050826
0.000162217249
0.000165503418
0.000168055233
0.000170001211
0.000171454255
0.00017251319
0.000173264227
0.000173783179
0.00017413878
0.000174390043
0.000174556544
-0.000644358474
-0.00050178535
-0.000409594419
-0.000326787725
-0.000254003261
-0.000190564459
-0.000135394541
-8.74929903e-05
-4.60031428e-05
-1.01707429e-05
2.0675786e-05
4.71295481e-05
6.97231866e-05
8.89481614e-05
0.00010522675
0.000118924255
0.000130380632
0.000139896158
0.000147736642
0.000154138028
0.000159309677
0.000163437046
0.000166684137
0.000169195717
0.000171099324
0.000172507023
0.000173517018
0.000174215086
0.000174676302
0.000174967401
0.000175146537
0.000175248826
-0.000640495617
-0.000498119641
-0.000406181802
-0.000323534629
-0.000250976463
-0.000187753308
-0.000132779
-8.50583103e-05
-4.37365623e-05
-8.06401543e-06
2.26388492e-05
4.89667586e-05
7.14756774e-05
9.06231174e-05
0.000106806932
0.000120423296
0.000131811523
0.000141268122
0.000149056543
0.00015541113
0.000160539818
0.000164626756
0.000167834797
0.000170307659
0.000172171849
0.000173538813
0.000174506207
0.000175159301
0.000175572581
0.000175811201
0.00017593236
0.000175983473
-0.000636798082
-0.000494583846
-0.000402825901
-0.000320370226
-0.000247993576
-0.000184958501
-0.000130165718
-8.26123941e-05
-4.14407539e-05
-5.94845967e-06
2.46308212e-05
5.08474381e-05
7.32424604e-05
9.22823108e-05
0.000108381302
0.000121924934
0.000133248227
0.000142646849
0.000150383549
0.000156691667
0.000161778049
0.000165825854
0.000168997171
0.0001714348
0.000173262059
0.000174592657
0.000175524713
0.000176141174
0.000176516147
0.000176713865
0.000176790582
0.000176801573
-0.00063331459
-0.000491225517
-0.000399594423
-0.000317331366
-0.000245109866
-0.000182229625
-0.000127596185
-8.02014373e-05
-3.91853708e-05
-3.79622269e-06
2.6646313e-05
5.2750431e-05
7.50347528e-05
9.39665943e-05
0.000109983196
0.000123455713
0.000134715229
0.000144056992
0.000151743194
0.000158006253
0.000163052054
0.000167062808
0.000170199591
0.000172604525
0.000174402717
0.000175704431
0.000176606389
0.000177193159
0.000177538357
0.000177705184
0.000177749601
0.000177732881
-0.00063006718
-0.000488068916
-0.000396541838
-0.000314418615
-0.000242329664
-0.000179585324
-0.000125090419
-7.78322112e-05
-3.69470668e-05
-1.67626452e-06
2.86574973e-05
5.46624793e-05
7.68383093e-05
9.56700964e-05
0.000111612685
0.000125020472
0.000136221198
0.000145510266
0.000153149634
0.000159371042
0.000164379633
0.000168356906
0.00017146326
0.000173840234
0.000175612548
0.000176889884
0.000177768573
0.000178333004
0.000178656444
0.000178801454
0.000178823717
0.000178788358
-0.000627058911
-0.000485121224
-0.000393674101
-0.000311654039
-0.000239673421
-0.000177043037
-0.000122664634
-7.55216933e-05
-3.474791e-05
4.18385334e-07
3.06599766e-05
5.65758772e-05
7.86542461e-05
9.74001222e-05
0.000113277292
0.000126626716
0.000137774163
0.000147015408
0.000154612298
0.000160796077
0.000165771324
0.000169718999
0.000172798991
0.000175152373
0.000176903437
0.000178161513
0.00017902263
0.000179570926
0.000179879414
0.000180010263
0.000180018945
0.000179972609
-0.000624279834
-0.000482377901
-0.000390987442
-0.000309042581
-0.000237146948
-0.000174608308
-0.000120325012
-7.32776298e-05
-3.2597867e-05
2.47734445e-06
3.26341752e-05
5.84784155e-05
8.04898855e-05
9.91682061e-05
0.000114984307
0.000128279153
0.0001393781
0.000148576366
0.000156135308
0.000162285713
0.000167231703
0.000171153795
0.000174211462
0.000176545401
0.000178279563
0.000179522982
0.00018037144
0.000180908866
0.000181208086
0.000181331055
0.0001813331
0.000181281943
-0.000621710875
-0.000479825152
-0.000388471334
-0.000306578283
-0.000234746469
-0.000172278893
-0.000118070687
-7.11002536e-05
-3.0497921e-05
4.49946229e-06
3.45787947e-05
6.03561664e-05
8.23339908e-05
0.000100977901
0.000116736127
0.000129978038
0.000141032479
0.000150192497
0.000157718094
0.000163839478
0.000168760361
0.00017266087
0.000175700124
0.000178018505
0.000179739693
0.000180972483
0.000181812451
0.000182343351
0.000182637876
0.000182757903
0.000182758673
0.000182707401
-0.000619327325
-0.000477442993
-0.000386109593
-0.000304248632
-0.000232461909
-0.000170046357
-0.000115893951
-6.89811815e-05
-2.84362804e-05
6.50561599e-06
3.65278686e-05
6.22297986e-05
8.41650838e-05
0.000102791861
0.000118507949
0.000131708088
0.000142726646
0.000151855616
0.000159354028
0.000165451735
0.000170352229
0.000174235412
0.000177260178
0.000179566701
0.000181278472
0.000182504118
0.000183339062
0.000183866921
0.000184160299
0.000184281103
0.000184284526
0.000184236529
-0.000617102163
-0.000475208473
-0.000383883099
-0.000302038035
-0.000230280817
-0.000167901089
-0.000113787756
-6.69156991e-05
-2.64108016e-05
8.49420872e-06
3.84771939e-05
6.4116673e-05
8.59993535e-05
0.000104601191
0.000120289857
0.000133461822
0.00014445417
0.000153559551
0.000161036999
0.000167116349
0.000172001061
0.000175870968
0.000178884869
0.000181182835
0.000182888252
0.000184109641
0.00018494232
0.000185469805
0.000185764655
0.000185888873
0.000185897642
0.000185855184
-0.000615008156
-0.000473097787
-0.000381771685
-0.000299929606
-0.000228189812
-0.000165833348
-0.000111746248
-6.4902644e-05
-2.44273291e-05
1.04477793e-05
4.03994276e-05
6.60086632e-05
8.78595177e-05
0.00010642926
0.00012209214
0.0001352422
0.000146214473
0.000155301541
0.000162762704
0.000168827899
0.000173700585
0.000177560567
0.000180566602
0.000182858712
0.000184560223
0.000185779597
0.000186612078
0.000187141108
0.000187439227
0.000187568584
0.000187584366
0.000187548799
-0.000613018895
-0.000471087334
-0.000379754973
-0.000297905562
-0.000226174109
-0.000163831176
-0.000109760023
-6.29348046e-05
-2.24801482e-05
1.23720112e-05
4.23005421e-05
6.79010831e-05
8.97393817e-05
0.000108274196
0.000123908161
0.000137042544
0.000148001269
0.000157075237
0.000164524458
0.000170579275
0.000175443242
0.000179296186
0.000182296878
0.000184585337
0.000186284874
0.000187503923
0.000188337685
0.000188869553
0.000189172066
0.000189307547
0.0001893312
0.000189303151
-0.000611109653
-0.000469154676
-0.000377813388
-0.000295948327
-0.000224218826
-0.000161882242
-0.000107819026
-6.10041249e-05
-2.05624602e-05
1.4273931e-05
4.4186784e-05
6.97856334e-05
9.1620905e-05
0.000110130248
0.000125740427
0.000138863275
0.000149812118
0.000158876456
0.000166316924
0.000172364226
0.000177222007
0.000181070134
0.000184067409
0.000186353871
0.000188052835
0.000189272727
0.000190108724
0.000190644184
0.000190951662
0.000191093662
0.000191125406
0.000191104946
-0.000609258151
-0.000467279326
-0.000375928979
-0.000294041288
-0.000222309746
-0.000159974509
-0.000105913037
-5.91018223e-05
-1.86660828e-05
1.61626443e-05
4.60671863e-05
7.16592578e-05
9.34865957e-05
0.000111987141
0.000127589155
0.000140702962
0.000151643357
0.000160700261
0.000168134334
0.000174176289
0.000179029809
0.000182874799
0.000185870095
0.000188155755
0.00018985511
0.000191076585
0.000191915345
0.000192454722
0.000192767298
0.000192915754
0.000192955324
0.000192942092
-0.00060744516
-0.000465443391
-0.00037408615
-0.000292169551
-0.000220434315
-0.000158097549
-0.000104033534
-5.72213117e-05
-1.67866158e-05
1.80396131e-05
4.79407484e-05
7.35284658e-05
9.53490751e-05
0.000113845572
0.000129445258
0.000142553465
0.000153488177
0.000162540178
0.000169970106
0.000176008656
0.000180859562
0.000184702793
0.000187697229
0.000189982965
0.000191683353
0.00019290683
0.000193748556
0.000194291853
0.000194609332
0.000194763838
0.000194810604
0.000194803915
-0.00060565471
-0.000463631808
-0.000372271923
-0.000290320048
-0.000218581799
-0.000156242396
-0.000102173104
-5.53567561e-05
-1.49198768e-05
1.99071803e-05
4.9808233e-05
7.5394516e-05
9.72104054e-05
0.000115704923
0.000131305064
0.000144410509
0.000155342075
0.000164391317
0.000171818921
0.000177855605
0.000182705181
0.000186547691
0.000189542075
0.000191828467
0.00019353025
0.00019475588
0.000195600521
0.000196147488
0.000196469428
0.000196629331
0.000196682404
0.000196681335
-0.000603874054
-0.000461832419
-0.000370476025
-0.000288481453
-0.000216743528
-0.000154401648
-0.000100325562
-5.35033069e-05
-1.30623549e-05
2.17675117e-05
5.16704413e-05
7.72571976e-05
9.90707191e-05
0.000117565238
0.000133167232
0.000146271665
0.000157201836
0.000166249857
0.000173676459
0.000179712399
0.000184561569
0.000188404084
0.000191398941
0.00019368632
0.000195389634
0.000196617358
0.000197464667
0.000198014875
0.000198340665
0.000198505148
0.000198563471
0.000198566943
-0.00060209354
-0.000460036166
-0.000368690474
-0.000286644197
-0.000214913085
-0.000152569303
-9.8485823e-05
-5.16569825e-05
-1.12110873e-05
2.3622636e-05
5.35285535e-05
7.91170025e-05
0.000100929934
0.000119425754
0.000135030318
0.000148134902
0.00015906488
0.000168112753
0.000175539277
0.000181575252
0.000186424642
0.000190267628
0.000193263259
0.000195551754
0.000197256557
0.000198486163
0.000199335754
0.000199888652
0.000200217573
0.000200385718
0.000200448145
0.000200454994
-0.000600306261
-0.000458237165
-0.00036690521
-0.000284804587
-0.000213086365
-0.000150740406
-9.66498736e-05
-4.98147134e-05
-9.36376615e-06
2.54741754e-05
5.53835833e-05
8.09744276e-05
0.000102787989
0.000121285793
0.000136893182
0.000149998715
0.000160929315
0.000169977755
0.000177404813
0.000183441331
0.000188291331
0.000192135049
0.000195131577
0.000197421167
0.000199127289
0.000200358456
0.000201209859
0.000201764827
0.000202096103
0.000202266935
0.000202332251
0.000202341404
-0.000598507284
-0.00045643094
-0.000365097445
-0.000282978349
-0.000211261383
-0.000148911499
-9.48150795e-05
-4.79744058e-05
-7.51874576e-06
2.73233216e-05
5.72362999e-05
8.28298816e-05
0.000104644861
0.000123144894
0.000138755084
0.000151862128
0.000162793899
0.000171843367
0.000179271348
0.000185308718
0.000190159545
0.000194004108
0.00019700153
0.000199292091
0.00020099928
0.000202231622
0.00020308432
0.000203640713
0.000203973557
0.000204146034
0.000204212807
0.000204224078
-0.000596695674
-0.000454616179
-0.000363279585
-0.000281153018
-0.000209433971
-0.000147080309
-9.29794227e-05
-4.61343722e-05
-5.67470783e-06
2.91710298e-05
5.90873367e-05
8.46837251e-05
0.000106500593
0.000125002882
0.000140615754
0.000153724723
0.000164658038
0.000173708829
0.000181137968
0.000187176365
0.000192028119
0.000195873539
0.000198871773
0.000201163118
0.000202871074
0.000204104177
0.000204957636
0.000205514798
0.000205848424
0.000206021656
0.000206088977
0.000206101196
-0.000594871825
-0.000452792473
-0.000361454225
-0.00027932749
-0.000207603702
-0.000145246472
-9.11423258e-05
-4.42940203e-05
-3.83113092e-06
3.10176968e-05
6.0936908e-05
8.65358722e-05
0.000108354884
0.000126859833
0.000142475606
0.000155586741
0.000166521775
0.000175574057
0.000183004494
0.000189044011
0.000193896727
0.000197742968
0.000200741894
0.00020303381
0.000204742224
0.000205975677
0.00020682938
0.00020738668
0.000207720338
0.000207893513
0.000207960775
0.000207972663
-0.000593037548
-0.000450961633
-0.000359620936
-0.000277502873
-0.000205771505
-0.000143410788
-8.93045046e-05
-4.24539026e-05
-1.98843529e-06
3.2862981e-05
6.27846065e-05
8.83853907e-05
0.000110205966
0.000128715657
0.000144336494
0.000157449579
0.000168385993
0.000177439694
0.000184871463
0.000190912136
0.000195765814
0.000199612823
0.00020261232
0.000204904607
0.000206613192
0.000207846616
0.000208700088
0.000209256953
0.000209589962
0.000209762332
0.000209828877
0.000209839359
-0.000591195728
-0.00044912646
-0.000357772418
-0.000275688446
-0.000203940785
-0.000141575346
-8.74676885e-05
-4.06152587e-05
-1.47330047e-07
3.47067992e-05
6.46311997e-05
9.02338388e-05
0.000112053666
0.000130568794
0.000146197939
0.000159313416
0.000170251136
0.000179306346
0.000186739622
0.000192781604
0.000197636344
0.000201484151
0.000204484171
0.000206776698
0.000208485232
0.000209718313
0.000210571151
0.000211127087
0.000211458861
0.000211629709
0.000211694621
0.000211703282
-0.000589351666
-0.000447291547
-0.000355922147
-0.000273877112
-0.000202114354
-0.000139743092
-8.56340267e-05
-3.87796082e-05
1.69130604e-06
3.65490545e-05
6.6477683e-05
9.20838097e-05
0.000113901407
0.00013241913
0.000148057049
0.000161176757
0.000172116986
0.00018117449
0.000188609864
0.000194653609
0.000199509735
0.000203358545
0.00020635918
0.00020865193
0.000210360295
0.000211592816
0.000212444709
0.000212999321
0.000213329375
0.00021349806
0.000213560462
0.000213567072
-0.000587511916
-0.000445462297
-0.000354081915
-0.00027206809
-0.00020029523
-0.000137917875
-8.38066046e-05
-3.69494096e-05
3.52542676e-06
3.83878649e-05
6.83218294e-05
9.39326974e-05
0.000115750245
0.000134270481
0.000149916182
0.000163041336
0.000173985306
0.00018304601
0.00019048419
0.000196530269
0.000201388223
0.000205238354
0.000208239804
0.000210532866
0.000212241044
0.000213472886
0.000214323621
0.000214876608
0.000215204559
0.000215370595
0.000215429883
0.000215433845
-0.000585683917
-0.000443645303
-0.000352257938
-0.000270267901
-0.000198487763
-0.000136103956
-8.19890278e-05
-3.51275585e-05
5.35270253e-06
4.02212694e-05
7.0161719e-05
9.57783919e-05
0.000117599095
0.00013612477
0.000151778813
0.000164910023
0.00017585861
0.000184923388
0.000192365154
0.000198414238
0.000203274577
0.000207126466
0.000210129051
0.000212422629
0.000214130715
0.000215361872
0.000216211348
0.000216762523
0.000217088103
0.00021725114
0.000217306859
0.000217307683
-0.000583876052
-0.000441848359
-0.000350456504
-0.000268484007
-0.000196697245
-0.000134305914
-8.01851247e-05
-3.33170185e-05
7.17103387e-06
4.20480792e-05
7.19972648e-05
9.76219352e-05
0.000119448291
0.000137981662
0.00015364555
0.000166784141
0.000177738702
0.000186808808
0.000194255257
0.000200308286
0.000205171795
0.00020902608
0.000212030295
0.000214324754
0.000216032992
0.000217263597
0.000218111849
0.000218661159
0.000218984235
0.000219144062
0.00021919591
0.000219193252
-0.000582097502
-0.00044008005
-0.000348684739
-0.000266724039
-0.000194929653
-0.000132528757
-7.83990507e-05
-3.1521052e-05
8.9780425e-06
4.38667742e-05
7.38278108e-05
9.94635091e-05
0.000121298562
0.000139842064
0.000155517485
0.000168665205
0.000179627565
0.000188704654
0.000196157225
0.000202215431
0.000207083152
0.000210940693
0.000213947234
0.00021624312
0.000217951921
0.000219182266
0.000220029482
0.000220577025
0.000220897619
0.000221054184
0.000221102031
0.00022109571
-0.000580358078
-0.000438349493
-0.000346950408
-0.000264995772
-0.000193191378
-0.000130777802
-7.66351962e-05
-2.97431117e-05
1.07711968e-05
4.56757051e-05
7.56525621e-05
0.000101303221
0.000123150927
0.000141707167
0.000157395634
0.000170554586
0.000181527151
0.00019061337
0.000198073893
0.000204138839
0.000209012097
0.000212874004
0.000215883787
0.000218181843
0.000219891804
0.00022112236
0.0002219689
0.000222514947
0.000222833254
0.000222986689
0.000223030605
0.000223020621
-0.000578668015
-0.00043666612
-0.00034526166
-0.000263307021
-0.000191488991
-0.000129058526
-7.48980574e-05
-2.79867198e-05
1.254796e-05
4.74733412e-05
7.74711454e-05
0.000103142294
0.000125008329
0.000143578228
0.000159279124
0.000172452383
0.000183438835
0.000192537156
0.000200008009
0.000206081671
0.000210962127
0.000214829789
0.000217843967
0.000220145153
0.000221857069
0.000223088497
0.000223934914
0.000224479929
0.000224796345
0.000224946998
0.000224987286
0.000224973857
-0.000577037676
-0.000435039387
-0.000343626729
-0.000261665441
-0.000189829007
-0.000127376403
-7.31921896e-05
-2.62555536e-05
1.43054925e-05
4.92576278e-05
7.92822388e-05
0.000104980304
0.000126871842
0.000145457045
0.000161169523
0.00017436055
0.000185365084
0.000194478917
0.000201962796
0.000208047405
0.000212936936
0.000216811938
0.000219831852
0.000222137306
0.000223852155
0.000225085301
0.000225932344
0.000226476997
0.000226792142
0.000226940607
0.00022697785
0.000226961441
-0.000575477161
-0.0004334784
-0.000342053557
-0.000260078228
-0.000188217585
-0.000125736667
-7.15220538e-05
-2.45534541e-05
1.6040364e-05
5.10251339e-05
8.10815106e-05
0.000106811146
0.000128737317
0.000147349093
0.000163076035
0.000176284485
0.000187310057
0.000196442576
0.000203942102
0.000210039848
0.000214940346
0.000218824333
0.000221851418
0.000224162401
0.000225881304
0.000227117187
0.000227965794
0.000228510974
0.000228825706
0.000228972854
0.000229007947
0.000228989312
-0.000573995832
-0.00043199146
-0.00034054934
-0.000258551662
-0.00018666002
-0.000124143702
-6.98912232e-05
-2.28832706e-05
1.775034e-05
5.27741248e-05
8.28675259e-05
0.00010863319
0.000130602484
0.000149253925
0.000165000983
0.000178227196
0.000189276975
0.000198431238
0.000205948997
0.000212062106
0.000216975529
0.000220870232
0.000223906032
0.000226223939
0.000227948176
0.000229187996
0.000230039316
0.000230586142
0.000230901585
0.000231048584
0.000231082765
0.000231062972
-0.000572601825
-0.000430585585
-0.0003391201
-0.000257090681
-0.000185160327
-0.000122600671
-6.83020143e-05
-2.12464887e-05
1.94347951e-05
5.45051179e-05
8.46426733e-05
0.000110450026
0.00013246319
0.000151160072
0.000166941435
0.000180194108
0.000191270609
0.000200448288
0.000207986274
0.000214116779
0.000219045012
0.000222952161
0.000225998273
0.000228324598
0.000230055592
0.000231300724
0.000232156113
0.000232705948
0.000233023496
0.000233171831
0.000233206696
0.000233187132
-0.000571301578
-0.000429266019
-0.000337770294
-0.000255698427
-0.000183720919
-0.000121109337
-6.67555127e-05
-1.96435314e-05
2.10939528e-05
5.62190771e-05
8.64089713e-05
0.000112265028
0.000134322687
0.000153066405
0.000168894377
0.000182184365
0.000193290612
0.000202493749
0.000210054269
0.000216204449
0.000221149583
0.000225071086
0.000228129282
0.000230465701
0.000232205066
0.000233457099
0.000234318152
0.000234872621
0.000235193964
0.000235345447
0.000235382963
0.000235365347
-0.000570099287
-0.000428035625
-0.000336502454
-0.000254375728
-0.000182342232
-0.000119669838
-6.52514573e-05
-1.80737708e-05
2.27287257e-05
5.79170079e-05
8.81673237e-05
0.000114080006
0.000136188901
0.000154980612
0.000170857435
0.000184191395
0.00019533229
0.000204564775
0.0002121511
0.000218323768
0.000223288256
0.0002272263
0.000230298588
0.000232646992
0.000234396561
0.000235657317
0.000236525882
0.000237086888
0.000237414025
0.000237570822
0.000237613342
0.000237599733
-0.000568996245
-0.000426894106
-0.000335317387
-0.000253120129
-0.000181022212
-0.000118280564
-6.37881113e-05
-1.65353066e-05
2.43409794e-05
5.96003649e-05
8.99183558e-05
0.000115894453
0.000138060942
0.000156904045
0.00017283301
0.000186215526
0.000197394637
0.000206659965
0.000214275169
0.000220472984
0.000225459182
0.00022941592
0.00023250432
0.000234866662
0.000236628377
0.000237899848
0.00023877798
0.000239347678
0.000239682908
0.000239847546
0.000239897841
0.000239890658
-0.000567990085
-0.000425837605
-0.000334216311
-0.000251921388
-0.000179753414
-0.000116936744
-6.23608407e-05
-1.50238275e-05
2.59324769e-05
6.12712497e-05
9.16637821e-05
0.000117709034
0.000139938281
0.00015883653
0.000174821754
0.000188256485
0.000199475901
0.000208776761
0.00021642343
0.000222648688
0.00022765868
0.000231636078
0.000234742523
0.000237120814
0.000238896799
0.000240181027
0.000241071034
0.000241651936
0.000241997907
0.000242173283
0.000242234512
0.000242236504
-0.000567073912
-0.000424859558
-0.000333197067
-0.000250756537
-0.000178519086
-0.000115624959
-6.09567578e-05
-1.35300775e-05
2.74941474e-05
6.29258422e-05
9.34017431e-05
0.000119523042
0.000141821066
0.000160776203
0.000176819603
0.000190310293
0.000201572056
0.000210910805
0.0002185911
0.000224845736
0.000229881345
0.000233881209
0.000237007616
0.000239404193
0.000241197214
0.000242493354
0.000243397052
0.000243992512
0.00024435247
0.000244541938
0.000244617572
0.000244631666
-0.000566233637
-0.000423946949
-0.000332188741
-0.00024968198
-0.000177346776
-0.000114347493
-5.95811506e-05
-1.20562919e-05
2.90817432e-05
6.45939021e-05
9.51501356e-05
0.000121349049
0.00014371957
0.000162726905
0.000178821954
0.000192370938
0.000203678151
0.000213056269
0.000220771185
0.00022705617
0.000232118403
0.000236141821
0.000239289272
0.000241704659
0.000243514834
0.000244831246
0.000245752204
0.000246363464
0.000246739852
0.000246946752
0.000247041379
0.000247073066
-0.000565448546
-0.000423077984
-0.000331186362
-0.000248646111
-0.000176187569
-0.000113071117
-5.82021136e-05
-1.05789851e-05
3.0655968e-05
6.62573911e-05
9.68974792e-05
0.000123175704
0.000145622417
0.000164684703
0.00018082979
0.000194435935
0.000205788662
0.000215205667
0.000222954808
0.000229270057
0.000234359175
0.000238406754
0.00024157628
0.000244012217
0.000245841985
0.00024717774
0.000248117898
0.000248748605
0.000249145127
0.000249373544
0.000249491856
0.00024954534
-0.000564692366
-0.000422224393
-0.000330204868
-0.000247588909
-0.000175013766
-0.000111783856
-5.6810614e-05
-9.08851352e-06
3.22404643e-05
6.79292398e-05
9.86476236e-05
0.000124996294
0.000147523217
0.000166665006
0.000182858842
0.000196502218
0.000207895793
0.000217349231
0.000225130384
0.000231474157
0.000236589057
0.000240660308
0.000243852023
0.000246309269
0.000248160015
0.00024951689
0.000250478727
0.00025113197
0.000251552274
0.000251806616
0.000251953547
0.000252032219
-0.000563926842
-0.00042134753
-0.000329200673
-0.000246487169
-0.000173798199
-0.000110458314
-5.53824932e-05
-7.56368429e-06
3.38564092e-05
6.96304532e-05
0.00010042786
0.000126846327
0.000149432119
0.000168631185
0.000184866663
0.00019854164
0.000209975509
0.000219465212
0.000227277216
0.000233648011
0.000238787387
0.000242881444
0.000246095032
0.000248573885
0.000250446566
0.000251826206
0.000252812031
0.000253490785
0.000253938548
0.000254223321
0.000254404138
0.00025451269
-0.000563101396
-0.000420402322
-0.000328123608
-0.000245305241
-0.000172506117
-0.000109062158
-5.38907139e-05
-5.98364402e-06
3.55180986e-05
7.13681573e-05
0.000102237397
0.00012871822
0.000151331446
0.000170563695
0.00018685008
0.000200559264
0.000212024923
0.000221542837
0.000229379547
0.000235772541
0.000240932625
0.00024504674
0.000248280456
0.000250780144
0.000252674922
0.000254078392
0.000255090135
0.000255797151
0.000256275943
0.000256595616
0.000256815674
0.000256959282
-0.000562152039
-0.00041936074
-0.000326902908
-0.000243992606
-0.000171096674
-0.000107558989
-5.23048671e-05
-4.32572131e-06
3.7238965e-05
7.31432923e-05
0.000104058275
0.000130577883
0.000153222703
0.000172498165
0.00018882572
0.000202554161
0.00021403374
0.000223565701
0.000231416472
0.000237823456
0.000242997911
0.000247127358
0.000250377919
0.000252896472
0.000254812587
0.000256240241
0.000257279297
0.000258016937
0.000258530055
0.000258888935
0.000259153542
0.000259337305
-0.000561015086
-0.000418291231
-0.00032536826
-0.000242461319
-0.000169515268
-0.000105902286
-5.05845754e-05
-2.55609912e-06
3.90474547e-05
7.49818423e-05
0.00010591868
0.000132455595
0.000155126123
0.00017441764
0.000190746286
0.000204479576
0.000215962888
0.000225498341
0.000233353252
0.000239765672
0.000244947441
0.000249086636
0.000252349885
0.000254884508
0.000256820451
0.000258271992
0.00025933919
0.000260109329
0.000260659649
0.000261061679
0.000261375821
0.000261604542
-0.000559602594
-0.000416989397
-0.000323543284
-0.000240665533
-0.00016770131
-0.000104039613
-4.86868941e-05
-6.4042308e-07
4.09697426e-05
7.69028207e-05
0.00010783272
0.000134359944
0.000157020023
0.000176291351
0.000192597588
0.00020631645
0.000217786973
0.000227310877
0.000235156618
0.000241563124
0.000246742816
0.000250884232
0.000254154387
0.00025670092
0.000258654027
0.000260128167
0.000261223472
0.00026202722
0.000262616923
0.000263065381
0.000263433413
0.000263711341
-0.000557822653
-0.000415296427
-0.000321381732
-0.000238542471
-0.000165585533
-0.000101911457
-4.65642218e-05
1.45775507e-06
4.30313349e-05
7.89204045e-05
0.000109801983
0.000136279137
0.000158889109
0.000178110537
0.000194369598
0.000208046164
0.000219479146
0.00022897062
0.00023678961
0.000243175487
0.000248340982
0.000252474855
0.00025574428
0.000258296999
0.000260263262
0.000261757527
0.000262879836
0.000263717307
0.000264347618
0.000264844829
0.000265270123
0.000265600653
-0.000555571152
-0.000413106933
-0.000318786209
-0.000236006015
-0.000163091774
-9.94534626e-05
-4.41645516e-05
3.77842511e-06
4.52607113e-05
8.10521686e-05
0.000111833966
0.000138212405
0.000160727204
0.000179858793
0.00019603493
0.000209636668
0.000221003553
0.000230438046
0.000238209394
0.000244557068
0.000249693795
0.000253808256
0.000257067493
0.000259619074
0.000261593049
0.000263103641
0.000264250594
0.000265120685
0.000265791606
0.000266338614
0.00026682317
0.000267208494
-0.000552728356
-0.000410310078
-0.00031565056
-0.000232961159
-0.000160138482
-9.65973539e-05
-4.14329661e-05
6.36328114e-06
4.76868381e-05
8.33151131e-05
0.00011393471
0.000140156099
0.000162522145
0.000181515526
0.000197565571
0.00021105432
0.000222321806
0.000231670612
0.000239369865
0.000245658747
0.000250749581
0.000254830579
0.000258068269
0.000260609696
0.000262584383
0.00026410603
0.000265273823
0.000266173968
0.000266883993
0.000267480211
0.000268024224
0.000268464892
-0.000549162069
-0.000406783675
-0.000311860878
-0.0002293069
-0.000156639172
-9.32713097e-05
-3.83123672e-05
9.2549898e-06
5.03386211e-05
8.57253381e-05
0.000116108647
0.000142104222
0.000164258722
0.000183057402
0.000198931176
0.000212262877
0.000223392707
0.000232622971
0.000240222206
0.000246428799
0.000251454161
0.000255485529
0.000258688448
0.000261208997
0.000263175776
0.0002647016
0.000265884788
0.000266810712
0.000267556544
0.00026819945
0.000268800673
0.000269293943
-0.000544729966
-0.000402396618
-0.000307296212
-0.000224937109
-0.0001525036
-8.94011901e-05
-3.47446448e-05
1.24961419e-05
5.3244041e-05
8.82973892e-05
0.000118358222
0.000144048514
0.000165919351
0.000184458812
0.000200099328
0.000213224228
0.000224173434
0.000233248418
0.000240716511
0.000246814664
0.000251752737
0.00025571638
0.000258869576
0.000261356908
0.000263305576
0.000264827094
0.000266018541
0.000266964158
0.000267740558
0.000268425556
0.000269078999
0.000269616049
-0.000539281621
-0.00039701097
-0.000301830499
-0.00021974219
-0.000147639471
-8.49121366e-05
-3.06720944e-05
1.6128073e-05
5.6429243e-05
9.10436554e-05
0.000120683628
0.000145978562
0.000167484549
0.000185692634
0.000201036568
0.000213899725
0.000224621128
0.000233500691
0.000240803762
0.000246765062
0.00025159212
0.000255468256
0.0002585552
0.00026099541
0.00026291412
0.00026442105
0.000265611623
0.000266568498
0.000267366996
0.000268085143
0.000268785426
0.00026937714
-0.000532660856
-0.000390484174
-0.000295334908
-0.000213611229
-0.00014195447
-7.97304265e-05
-2.60390151e-05
2.01895684e-05
5.99176005e-05
9.39738252e-05
0.000123082683
0.000147882103
0.00016893366
0.000186731353
0.000201709869
0.000214251981
0.000224694998
0.00023333636
0.000240438471
0.000246232866
0.000250923821
0.000254691461
0.000257694468
0.000260072456
0.000261948057
0.000263428638
0.000264607509
0.000265565437
0.00026637623
0.000267117208
0.000267850223
0.000268479721
-0.000524708507
-0.000382671639
-0.000287680515
-0.000206434478
-0.000135358599
-7.37855749e-05
-2.07935115e-05
2.47154413e-05
6.3728726e-05
9.70943765e-05
0.000125550817
0.000149745513
0.000170245827
0.000187548478
0.000202088466
0.000214247072
0.000224358838
0.000232717596
0.00023958165
0.000245178224
0.000249707265
0.000253344709
0.000256245283
0.000258544947
0.000260363017
0.000261803886
0.000262958215
0.000263904491
0.000264714846
0.000265465586
0.000266215673
0.000266857028
-0.000515265533
-0.000373429651
-0.00027874131
-0.000198106198
-0.000127766818
-6.7012713e-05
-1.48895168e-05
2.97349391e-05
6.78773844e-05
0.000100408041
0.000128081116
0.000151554427
0.000171401166
0.000188120237
0.000202146016
0.000213857109
0.000223583966
0.000231615435
0.00023820436
0.000243572344
0.000247913792
0.00025139933
0.000254178731
0.00025638341
0.00025812859
0.000259515029
0.000260630198
0.000261549812
0.000262343703
0.000263086333
0.00026383484
0.000264477812
-0.00050417646
-0.000362618574
-0.000268397555
-0.000188527866
-0.000119102021
-5.93552502e-05
-8.28909663e-06
3.52699005e-05
7.23722e-05
0.000103913132
0.000130664296
0.000153294362
0.000172382007
0.000188427382
0.00020186292
0.000213063011
0.000222352379
0.000230013253
0.00023629144
0.00024140145
0.000245530787
0.000248843556
0.000251483495
0.000253576545
0.000255233025
0.000256549348
0.000257609222
0.000258485154
0.000259244152
0.00025995799
0.000260681702
0.000261305796
-0.00049129303
-0.000350106191
-0.000256539414
-0.000177611737
-0.000109298299
-5.07677844e-05
-9.65049369e-07
4.13325632e-05
7.72140198e-05
0.000107602564
0.000133288428
0.00015495115
0.000173174007
0.000188456934
0.000201228619
0.00021185728
0.00022065994
0.000227910297
0.000233845336
0.000238670835
0.000242565938
0.000245686937
0.000248170431
0.000250135893
0.000251687871
0.000252917712
0.000253904817
0.00025471809
0.000255421227
0.000256082355
0.00025675391
0.000257334259
-0.000476477764
-0.000335770862
-0.000243070673
-0.000165284912
-9.83049057e-05
-4.12196733e-05
7.09574632e-06
4.79226323e-05
8.23935871e-05
0.000111462252
0.000135938134
0.000156510916
0.000173766864
0.000188203552
0.000200243533
0.000210246417
0.000218519168
0.00022532476
0.000230889358
0.00023540824
0.000239050639
0.000241963729
0.000244275825
0.000246098992
0.00024753122
0.000248658058
0.000249553921
0.000250283996
0.000250908187
0.000251489932
0.000252078538
0.000252586984
-0.00045960684
-0.000319504324
-0.000227914228
-0.000151497633
-8.60928795e-05
-3.06993255e-05
1.58871422e-05
5.5022302e-05
8.78875778e-05
0.000115468243
0.000138592727
0.000157959192
0.000174154313
0.000187670304
0.000198920505
0.000208252949
0.000215961804
0.000222296866
0.000227471343
0.000231668178
0.000235045159
0.000237739068
0.000239869003
0.000241539039
0.000242839587
0.000243848021
0.000244632924
0.000245257919
0.000245777051
0.000246249132
0.000246720299
0.000247125651
-0.000440569162
-0.000301212781
-0.000211024247
-0.00013624519
-7.26517773e-05
-1.91956567e-05
2.53848084e-05
6.25919233e-05
9.36542848e-05
0.000119583193
0.000141223526
0.000159279088
0.000174333118
0.000186868359
0.000197285022
0.000205916007
0.000213039537
0.000218889507
0.000223663846
0.000227531177
0.000230636038
0.000233102989
0.000235040454
0.000236544907
0.000237699529
0.000238557661
0.000239216144
0.000239732499
0.000240125418
0.000240458444
0.000240775992
0.000241044342
-0.000419248598
-0.00028079898
-0.000192374654
-0.000119563641
-5.79336386e-05
-6.63739004e-06
3.55471527e-05
7.05682395e-05
9.96308201e-05
0.000123752962
0.000143790859
0.000160449031
0.000174301464
0.000185815914
0.000195374573
0.00020329097
0.000209823952
0.0002151886
0.00021956515
0.000223105991
0.000225940519
0.000228179155
0.000229916813
0.000231248432
0.000232299188
0.000233073741
0.000233547791
0.000233848917
0.000234078017
0.000234248914
0.000234380752
0.000234478197
-0.000395503783
-0.000258114172
-0.000171839349
-0.000101296519
-4.21232897e-05
6.54828074e-06
4.61256616e-05
7.8797163e-05
0.000105694196
0.000127878124
0.00014622784
0.000161433848
0.000174053726
0.000184535297
0.000193237721
0.000200450168
0.000206409745
0.000211310003
0.000215311292
0.000218548554
0.000221136903
0.000223176217
0.000224753772
0.000225930654
0.000226712706
0.000227241529
0.000227654323
0.000227894351
0.000227954996
0.000227910267
0.000227807905
0.000227700977
-0.000369313642
-0.000233137275
-0.000149570882
-8.15337045e-05
-2.5564235e-05
2.00944252e-05
5.70921923e-05
8.71121625e-05
0.000111700573
0.000131813995
0.000148443299
0.000162185463
0.00017357855
0.000183048105
0.000190925208
0.0001974713
0.000202895818
0.000207368294
0.000211027702
0.000213989605
0.000216351701
0.000218197581
0.000219599593
0.000220618851
0.000221309463
0.000221740757
0.000221939627
0.000221939837
0.000221797041
0.000221531812
0.000221171148
0.000220825463
-0.000340648938
-0.000205809209
-0.000125741601
-6.04224079e-05
-8.09008856e-06
3.38443109e-05
6.79728405e-05
9.53079217e-05
0.000117443186
0.000135513173
0.000150371453
0.000162657117
0.000172866757
0.00018138302
0.000188500294
0.000194447149
0.000199403274
0.000203511886
0.000206888885
0.000209629667
0.000211814261
0.000213510604
0.000214777784
0.000215667759
0.000216227755
0.00021650303
0.000216536322
0.000216360421
0.000216006702
0.000215490525
0.000214835333
0.000214218838
-0.000309512883
-0.000176409843
-0.000100545793
-3.87041395e-05
9.95131922e-06
4.81539489e-05
7.86923325e-05
0.000103074039
0.00012271007
0.000138699002
0.000151850799
0.000162765105
0.000171888704
0.000179555926
0.000186018532
0.000191468053
0.000196052185
0.000199886672
0.000203063856
0.000205658859
0.00020773411
0.000209342791
0.000210530765
0.000211338592
0.000211803605
0.00021196062
0.000211843382
0.000211484083
0.000210908232
0.000210121315
0.000209142854
0.000208226554
-0.000275798796
-0.000145528276
-7.36996102e-05
-1.64994216e-05
2.77463261e-05
6.19534303e-05
8.87842374e-05
0.000110067804
0.000127188401
0.000141165496
0.000152734452
0.000162423694
0.000170614644
0.000177584687
0.000183537657
0.000188625393
0.000192962864
0.000196638719
0.000199722618
0.000202270382
0.000204327656
0.000205932574
0.000207117745
0.000207912017
0.00020834103
0.000208429267
0.000208201702
0.000207684473
0.000206896651
0.000205831911
0.000204504121
0.000203257224
-0.000239285717
-0.000113208325
-4.55478117e-05
5.78635944e-06
4.47202211e-05
7.44649453e-05
9.75080115e-05
0.000115737266
0.00013047752
0.000142639172
0.000152848924
0.000161540504
0.000169016568
0.000175491032
0.000181117688
0.000186009309
0.000190250327
0.000193905202
0.000197023932
0.000199645727
0.000201801569
0.00020351611
0.000204809051
0.000205696055
0.000206189569
0.000206300208
0.000206039397
0.000205421155
0.000204452395
0.000203109903
0.000201406922
0.000199787824
-0.000199685054
-7.91729355e-05
-1.7289929e-05
2.71752332e-05
6.01271845e-05
8.49735376e-05
0.000104202656
0.000119570285
0.000132223369
0.000142899234
0.000152078115
0.000160078023
0.000167113493
0.000173333201
0.000178843593
0.000183723383
0.000188032517
0.00019181761
0.000195115076
0.000197952841
0.000200351525
0.000202325695
0.000203884605
0.000205031332
0.000205762556
0.000206067801
0.000205931032
0.000205343206
0.000204286574
0.000202700581
0.000200574707
0.000198500873
-0.000156252864
-4.34454031e-05
1.01054042e-05
4.62736399e-05
7.25360893e-05
9.24175645e-05
0.000108134242
0.000121103659
0.000132173291
0.000141844976
0.000150424271
0.00015810421
0.000165011301
0.000171234793
0.000176842903
0.000181890192
0.000186421854
0.000190476028
0.000194084222
0.000197270234
0.00020004979
0.000202434545
0.000204434312
0.000206044881
0.00020725442
0.000208037709
0.000208321793
0.000208040653
0.000207128168
0.000205446211
0.000202878698
0.000200262196
-0.000107439298
-6.95939594e-06
3.4527266e-05
6.10019073e-05
8.03946326e-05
9.5811573e-05
0.000108789449
0.00012016326
0.0001303705
0.00013964447
0.000148116942
0.00015586993
0.000162954629
0.000169415796
0.000175301422
0.000180658189
0.000185531586
0.000189967037
0.000194009072
0.000197694526
0.000201044273
0.000204089872
0.000206880674
0.000209401277
0.000211625255
0.000213569195
0.000215047642
0.000215788013
0.000215620791
0.000214323833
0.000211484013
0.000208438843
-4.24564638e-05
2.91307468e-05
5.17422894e-05
6.76973763e-05
8.12783312e-05
9.37783058e-05
0.000105534634
0.000116610146
0.000126994758
0.00013667918
0.000145665234
0.000153946502
0.000161525038
0.000168437204
0.000174737499
0.000180480041
0.000185721857
0.000190529431
0.000194984294
0.000199158299
0.000203038288
0.000206574369
0.000209880287
0.000213282811
0.000217066352
0.000220850175
0.000223678799
0.000225484135
0.000227043172
0.000228190304
0.000227837652
0.000225776978
6.46121742e-05
6.48628355e-05
6.23759697e-05
6.80881277e-05
7.77933781e-05
8.91344484e-05
0.000100943641
0.000112572461
0.000123663259
0.000134102412
0.000143880177
0.000152905099
0.000161080311
0.000168464224
0.000175161549
0.000181237607
0.000186754874
0.000191794727
0.000196499062
0.000201024605
0.000205401923
0.000209573614
0.000213608782
0.000217814999
0.000222896508
0.000229750919
0.000238626666
0.000250127388
0.000265206349
0.000285366634
0.000314261997
0.000349257824
)
;

boundaryField
{
    inner_wall
    {
        type            zeroGradient;
    }
    outer_wall
    {
        type            zeroGradient;
    }
    top
    {
        type            zeroGradient;
    }
    bottom
    {
        type            fixedValue;
        value           uniform 0;
    }
    front
    {
        type            wedge;
    }
    back
    {
        type            wedge;
    }
}


// ************************************************************************* //
