/*--------------------------------*- C++ -*----------------------------------*\
| =========                 |                                                 |
| \\      /  F ield         | OpenFOAM: The Open Source CFD Toolbox           |
|  \\    /   O peration     | Version:  2506                                  |
|   \\  /    A nd           | Website:  www.openfoam.com                      |
|    \\/     M anipulation  |                                                 |
\*---------------------------------------------------------------------------*/
FoamFile
{
    version     2.0;
    format      ascii;
    arch        "LSB;label=32;scalar=64";
    class       volScalarField;
    location    "41";
    object      c;
}
// * * * * * * * * * * * * * * * * * * * * * * * * * * * * * * * * * * * * * //

dimensions      [0 -3 0 0 1 0 0];

internalField   nonuniform List<scalar> 
3330
(
34.79198
34.7939
34.799897
34.796941
34.787507
34.790607
34.798348
34.794352
34.791045
34.803581
34.806938
34.784413
34.77369
34.774447
34.79436
34.809252
34.799703
34.782987
34.780057
34.77879
34.779632
34.79591
34.799656
34.790593
34.77814
34.765601
34.764401
34.765362
34.741399
34.76075
34.758777
34.741645
34.730701
34.671326
34.64611
34.625242
33.291921
34.803274
34.860777
34.919396
34.993712
35.071746
35.138172
35.181295
35.203372
35.212355
35.213751
35.195725
35.171207
35.136717
35.097861
35.062603
35.03702
35.025236
34.999205
34.96828
34.942647
34.911637
34.88577
34.837754
34.828596
34.825426
34.804638
34.80355
34.800598
34.821318
34.791768
34.806329
34.792921
34.484103
34.493672
34.46963
34.520348
30.127627
34.83538
34.992261
35.151628
35.302978
35.419128
35.489787
35.523024
35.532525
35.533029
35.520744
35.507658
35.487143
35.459699
35.422126
35.366395
35.286204
35.198007
35.06865
34.890335
34.647438
34.383542
34.170266
33.939956
33.800042
33.822528
33.885758
34.126673
34.275747
34.196635
34.202678
34.128833
33.946872
33.919736
34.077774
34.241058
33.69974
24.887474
34.881862
35.132804
35.354783
35.508422
35.586343
35.616071
35.625155
35.627452
35.617548
35.602167
35.581347
35.558944
35.53537
35.504136
35.447365
35.339579
35.162563
34.925448
34.603813
34.235934
33.870794
33.542736
33.274649
33.05872
32.866482
32.706107
32.570614
32.361499
32.088974
31.748209
31.258342
30.638847
29.686333
28.179262
25.302862
19.718939
8.3848179
34.928758
35.248076
35.490292
35.622072
35.684953
35.727129
35.755553
35.763851
35.742933
35.710683
35.669665
35.629321
35.595428
35.570817
35.55399
35.543687
35.54057
35.539943
35.540468
35.541746
35.544688
35.550714
35.560765
35.575186
35.591223
35.602483
35.605413
35.563816
35.355526
34.874985
34.002399
32.657053
30.805822
28.453494
24.56168
16.704998
6.101479
34.967864
35.330232
35.573147
35.698802
35.786831
35.868933
35.921484
35.936589
35.911117
35.864437
35.800542
35.730689
35.665407
35.612325
35.574839
35.552137
35.541908
35.539455
35.539149
35.538815
35.538816
35.540533
35.54462
35.554995
35.575359
35.601776
35.60917
35.501819
34.787926
33.169917
30.139279
25.63676
20.387635
15.141015
10.209033
5.7582177
1.8288507
34.992186
35.378288
35.623946
35.761758
35.890138
36.010119
36.083317
36.105736
36.0861
36.032627
35.96009
35.87159
35.779339
35.695348
35.629206
35.583838
35.556853
35.543303
35.539147
35.538532
35.538393
35.53906
35.540841
35.546572
35.560486
35.585647
35.614399
35.622076
35.424011
34.733607
33.082208
29.77142
24.942599
19.331634
13.453676
7.7929884
2.5142793
35.007058
35.415491
35.651768
35.805272
35.966213
36.114799
36.204963
36.236962
36.241464
36.178345
36.108574
36.016783
35.912178
35.804625
35.709836
35.636801
35.58806
35.559415
35.544648
35.539249
35.538176
35.538022
35.53797
35.538159
35.538739
35.542927
35.569931
35.631295
35.685625
35.707125
35.638104
34.549456
31.091225
25.139392
17.744716
10.164348
3.2152547
35.006666
35.415739
35.668723
35.836653
36.030427
36.196332
36.278171
36.325525
36.336221
36.287946
36.219765
36.131875
36.032306
35.916491
35.802362
35.703741
35.630518
35.583614
35.556709
35.543323
35.539052
35.537974
35.537826
35.537794
35.537959
35.538356
35.540172
35.564101
35.634453
35.711273
35.727922
35.488844
33.293713
28.29604
20.857308
12.301948
3.9729382
35.005408
35.405902
35.664559
35.832089
36.024267
36.192485
36.306369
36.368845
36.377366
36.352638
36.293528
36.203486
36.11767
36.007598
35.888362
35.774354
35.680111
35.614364
35.574355
35.550977
35.54138
35.538506
35.537796
35.537694
35.537711
35.537886
35.538356
35.54348
35.58543
35.675225
35.741037
35.73359
34.65799
30.53403
23.16972
13.750274
4.3982922
35.003631
35.377264
35.647672
35.814343
35.994021
36.16044
36.28088
36.348697
36.375224
36.368775
36.322456
36.228308
36.155107
36.056783
35.943932
35.828398
35.723223
35.643351
35.593454
35.560782
35.545094
35.539513
35.537985
35.537678
35.537651
35.537677
35.537817
35.538476
35.548392
35.618912
35.744433
35.796356
35.587562
33.078146
26.460171
16.184361
5.2168804
35.001392
35.333585
35.612214
35.780874
35.937166
36.08557
36.202879
36.276527
36.319932
36.309451
36.270019
36.228863
36.161802
36.069096
35.960569
35.847699
35.742129
35.658237
35.60543
35.568273
35.548501
35.540587
35.538139
35.537684
35.537628
35.537633
35.537677
35.537885
35.540395
35.575222
35.696865
35.81089
35.804756
34.506676
29.079046
18.455442
5.9944921
34.998475
35.280645
35.556863
35.730632
35.864365
35.983232
36.08177
36.147511
36.195225
36.190074
36.16748
36.122704
36.060001
35.982991
35.895667
35.804873
35.719372
35.659595
35.607644
35.570141
35.549511
35.540977
35.538151
35.537579
35.537533
35.537586
35.537636
35.537723
35.539091
35.558443
35.668814
35.816752
35.893975
35.29212
31.361768
20.920315
6.8951682
34.997025
35.222873
35.479268
35.655935
35.776388
35.867699
35.939209
35.986239
36.023688
36.021573
36.008709
35.977355
35.928017
35.864043
35.792161
35.720967
35.658808
35.608938
35.574149
35.553639
35.543457
35.53918
35.537534
35.537286
35.537361
35.537486
35.537597
35.537677
35.538693
35.554223
35.661379
35.812459
35.949141
35.661531
33.029303
23.359031
7.8842576
34.997416
35.160553
35.373672
35.540094
35.653918
35.730334
35.782167
35.81288
35.834606
35.829764
35.809536
35.773524
35.728909
35.682435
35.639599
35.604029
35.577202
35.55893
35.547761
35.541649
35.538667
35.537414
35.536964
35.537028
35.537179
35.537366
35.537557
35.537662
35.539078
35.613264
35.748601
35.887216
36.00616
35.868716
34.067848
25.518243
8.915209
34.998089
35.08718
35.217258
35.332489
35.417094
35.473355
35.50838
35.527098
35.536701
35.535162
35.535267
35.535411
35.535542
35.535654
35.535754
35.535856
35.535963
35.536074
35.536181
35.536282
35.536389
35.536519
35.536684
35.536883
35.537107
35.537316
35.544703
35.574233
35.662023
35.776006
35.89094
35.994496
36.086218
36.004429
34.672991
27.083635
9.796049
35.002263
35.018634
35.080979
35.158478
35.232987
35.29972
35.358518
35.410404
35.45689
35.498449
35.535111
35.566705
35.593713
35.616473
35.635276
35.650275
35.66219
35.674658
35.688764
35.705124
35.724269
35.746752
35.773282
35.804956
35.842955
35.890972
35.946743
36.003555
36.057394
36.106253
36.14939
36.186271
36.213226
36.127275
34.931896
27.79856
10.268391
37.625215
37.720655
37.855466
38.012813
38.169125
38.308937
38.426466
38.520417
38.592257
38.639008
38.68231
38.680015
38.664577
38.628234
38.573032
38.501114
38.413887
38.30944
38.189172
38.055188
37.909925
37.756161
37.597053
37.436187
37.277383
37.125333
36.983249
36.852428
36.734209
36.629955
36.54044
36.464291
36.408026
36.244098
34.914
27.575398
10.121744
37.805446
38.015038
38.435496
38.912901
39.345851
39.695333
39.957921
40.145083
40.258239
40.338565
40.331423
40.299119
40.234392
40.142907
40.029806
39.899332
39.754686
39.597311
39.427308
39.24411
39.047043
38.836141
38.612914
38.379619
38.13907
37.895036
37.652431
37.417225
37.196127
36.994627
36.816459
36.662729
36.53997
36.283038
34.636473
26.578435
9.4904535
37.804984
38.20147
38.97052
39.761007
40.416014
40.9087
41.260624
41.499412
41.638438
41.720101
41.698567
41.624143
41.491242
41.312018
41.099407
40.866862
40.625844
40.383519
40.142267
39.900799
39.65704
39.40392
39.134665
38.855118
38.570546
38.282887
37.994557
37.7112
37.440343
37.189256
36.964748
36.769613
36.623743
36.218254
33.915983
24.768198
8.5269283
37.804585
38.384484
39.416691
40.392835
41.148184
41.694813
42.079301
42.329634
42.480954
42.550281
42.521648
42.433623
42.281333
42.068062
41.80477
41.4938
41.160405
40.832788
40.524311
40.233509
39.950327
39.700599
39.464519
39.175193
38.854371
38.525049
38.197341
37.876778
37.570482
37.28722
37.034271
36.813691
36.607292
35.99136
32.679611
22.479444
7.5019278
37.805473
38.556294
39.782782
40.856245
41.650512
42.221923
42.619824
42.860011
43.043004
43.04042
42.999078
42.884408
42.702651
42.463391
42.163428
41.905632
41.55488
41.15025
40.756947
40.401826
40.073323
39.751839
39.458422
39.161718
38.835166
38.50194
38.17181
37.850328
37.544853
37.263661
37.014199
36.798271
36.532252
35.469426
30.734209
20.007913
6.5472387
37.806733
38.71665
40.074882
41.18455
41.991162
42.577055
42.966323
43.178809
43.269546
43.260575
43.236978
43.154915
42.960476
42.667622
42.299995
41.895591
41.527977
41.111331
40.712794
40.354265
40.019477
39.696913
39.395541
39.084085
38.748593
38.411549
38.081121
37.763062
37.464726
37.195445
36.965573
36.750854
36.34665
34.364354
28.242569
17.596816
5.6944604
37.807357
38.851041
40.280812
41.391371
42.19876
42.78553
43.141393
43.283629
43.301857
43.311247
43.235243
43.134731
42.916182
42.598784
42.209407
41.793045
41.391804
40.961633
40.565693
40.209181
39.876042
39.558825
39.250466
38.926215
38.588176
38.25502
37.932576
37.62694
37.347696
37.108096
36.905147
36.629013
35.835221
32.519242
25.3997
15.323923
4.9271113
37.807739
38.942015
40.389546
41.485928
42.28139
42.85403
43.189619
43.295171
43.302796
43.276676
43.184588
43.025575
42.743541
42.3782
41.967174
41.545915
41.126433
40.709369
40.334454
39.992047
39.668998
39.356102
39.039435
38.709012
38.376547
38.054572
37.747883
37.465323
37.220394
37.019797
36.812537
36.373432
34.601548
30.047943
22.467467
13.267445
4.2546608
37.807891
38.972883
40.416917
41.506115
42.290426
42.775356
43.074994
43.197876
43.226152
43.142404
42.992631
42.74558
42.409088
42.017882
41.603356
41.186493
40.778046
40.39507
40.049092
39.724856
39.41117
39.097596
38.775686
38.448878
38.129622
37.825817
37.545123
37.301547
37.106487
36.933045
36.629373
35.535161
32.573646
27.082093
19.562878
11.391739
3.6488982
37.805534
38.937394
40.307518
41.330366
42.046065
42.561173
42.843256
42.952019
42.971094
42.811571
42.602241
42.301313
41.942179
41.551782
41.152786
40.760971
40.389205
40.046639
39.72697
39.416547
39.106834
38.79199
38.47318
38.159574
37.861322
37.587919
37.353806
37.171639
37.019023
36.764883
35.985755
33.883443
29.841741
23.884843
16.839769
9.7287179
3.1184875
37.783069
38.840058
40.131597
41.093825
41.736399
42.180992
42.429359
42.507326
42.510381
42.284857
42.049676
41.73532
41.386506
41.021933
40.659416
40.310987
39.983026
39.672842
39.370011
39.066398
38.758717
38.448486
38.143423
37.854809
37.595224
37.379348
37.215615
37.074049
36.824954
36.15986
34.484264
31.312216
26.532872
20.60093
14.291444
8.217236
2.6358672
37.745729
38.668175
39.834527
40.717975
41.27968
41.649865
41.849413
41.906275
41.815652
41.635376
41.394818
41.103343
40.790531
40.470972
40.156852
39.853303
39.558933
39.267322
38.972519
38.673361
38.373353
38.08103
37.809224
37.57251
37.383182
37.239409
37.097174
36.827926
36.171767
34.680388
31.992452
28.000869
22.976781
17.469805
12.008848
6.8924325
2.2145692
37.686106
38.416912
39.412932
40.211797
40.703077
40.992935
41.137355
41.17533
41.073447
40.918701
40.703838
40.456437
40.191994
39.920748
39.648044
39.373957
39.095857
38.811878
38.524231
38.239916
37.969996
37.728172
37.526764
37.368945
37.235528
37.065408
36.732705
35.988481
34.488321
32.008518
28.486298
24.125984
19.324489
14.494891
9.9094888
5.6810653
1.8270738
37.622312
38.114164
38.861506
39.541208
39.993934
40.245595
40.354311
40.380888
40.292047
40.165525
39.989215
39.784668
39.55988
39.321364
39.072359
38.815263
38.553879
38.295006
38.048246
37.824001
37.6305
37.469632
37.327397
37.165383
36.9191
36.446828
35.503975
33.844537
31.376373
28.107315
24.218787
20.01119
15.788009
11.760118
8.0244871
4.6029223
1.4826523
37.565145
37.807659
38.228469
38.685572
39.064679
39.322748
39.452843
39.48785
39.432694
39.338606
39.20316
39.040145
38.85666
38.659665
38.455114
38.249132
38.047487
37.853968
37.668274
37.486417
37.311396
37.112475
36.83458
36.382455
35.593209
34.266235
32.243853
29.589829
26.408073
22.869509
19.196656
15.590366
12.183293
9.0343478
6.1535243
3.5281513
1.1368387
37.528521
37.579555
37.681407
37.810989
37.944871
38.065541
38.166989
38.234288
38.257666
38.221241
38.142896
38.034401
37.897185
37.733802
37.548672
37.342873
37.111031
36.841873
36.514916
36.093084
35.499908
34.649436
33.436298
31.75796
29.587137
27.038827
24.272992
21.371008
18.417608
15.538407
12.821605
10.312924
8.0222749
5.9390848
4.0451548
2.321028
0.7486298
37.51077
37.502003
37.500907
37.501349
37.499583
37.399229
37.244599
37.032222
36.77569
36.476722
36.130131
35.712511
35.215078
34.621198
33.906353
33.041554
31.998957
30.75987
29.295171
27.588378
25.643637
23.512446
21.302949
19.129204
16.99601
14.938157
12.996003
11.17988
9.5057693
7.9763067
6.5832681
5.3135346
4.1533034
3.0902745
2.1142567
1.21724
0.39334545
37.649501
38.357948
39.22165
39.548363
39.608833
39.609527
39.617557
39.631198
39.652307
39.681319
39.718302
39.759387
39.800807
39.833844
39.853981
39.857804
39.802928
39.668306
39.395896
38.927454
38.170018
36.983205
35.207262
32.849216
30.055661
27.08702
24.086516
21.071184
18.135498
15.339702
12.718232
10.284483
8.0384272
5.9731637
4.0786127
2.343465
0.75632555
37.912725
39.017783
39.520145
39.528254
39.519812
39.515326
39.515053
39.513945
39.513789
39.513631
39.521895
39.540591
39.578081
39.645349
39.746501
39.879439
40.017228
40.149582
40.250561
40.303925
40.314615
40.314954
39.998898
39.342914
37.905758
35.590626
32.566193
29.134333
25.470136
21.756759
18.13583
14.700098
11.495982
8.5385837
5.8253073
3.3442936
1.0787684
38.166615
39.30484
39.534391
39.548824
39.574028
39.591338
39.592848
39.557441
39.531975
39.510619
39.50178
39.499716
39.499557
39.499378
39.512031
39.542794
39.619667
39.765186
39.955116
40.151345
40.315609
40.389168
40.411102
40.411528
40.033688
39.027994
36.896065
33.91806
30.30134
26.298094
22.1527
18.069035
14.180099
10.552124
7.2065637
4.1397413
1.3357177
38.352043
39.414624
39.564713
39.633901
39.734405
39.783757
39.792798
39.737339
39.678946
39.611624
39.5542
39.514812
39.49995
39.497636
39.497511
39.49812
39.509919
39.557532
39.671464
39.843728
40.04731
40.241734
40.383736
40.435397
40.440039
40.244864
39.280128
37.116626
33.940132
30.006804
25.612411
21.059779
16.595489
12.369395
8.4492266
4.8513141
1.5642712
38.471886
39.463874
39.608972
39.757474
39.920532
39.999088
40.018104
39.957125
39.876974
39.777405
39.678512
39.595291
39.536091
39.50506
39.497297
39.49712
39.496941
39.499896
39.538321
39.64159
39.813219
40.019826
40.2211
40.376952
40.448139
40.454888
40.282058
39.19776
36.774555
33.230008
28.859595
24.01315
19.05525
14.253055
9.7507299
5.6012154
1.8058608
38.538496
39.490571
39.659243
39.886663
40.106872
40.222186
40.254829
40.201911
40.101883
39.982595
39.84829
39.723189
39.620116
39.548406
39.509218
39.497448
39.496701
39.496569
39.497854
39.529108
39.634123
39.813465
40.02734
40.235057
40.39317
40.461476
40.465699
40.22786
38.804039
35.905868
31.823395
26.880682
21.529088
16.175948
11.082145
6.3649636
2.0503543
38.570402
39.505238
39.706469
40.002445
40.270056
40.415461
40.460222
40.460997
40.329624
40.204401
40.047862
39.889438
39.7446
39.62904
39.551454
39.510544
39.497732
39.496391
39.496251
39.497284
39.528442
39.6458
39.835834
40.058306
40.269375
40.421373
40.474673
40.475432
40.054077
38.041247
34.512329
29.711573
24.10894
18.244485
12.537827
7.2068374
2.3208428
38.587134
39.517679
39.744891
40.096136
40.402826
40.581334
40.653912
40.665402
40.549797
40.420468
40.25535
40.077075
39.901154
39.744646
39.623819
39.546486
39.508647
39.497447
39.496094
39.49596
39.497194
39.537933
39.675055
39.879395
40.111137
40.321522
40.458848
40.492587
40.454236
39.524022
36.773659
32.358802
26.692068
20.392161
14.069606
8.0934316
2.604267
38.587012
39.514719
39.770349
40.159687
40.505104
40.719024
40.825662
40.850735
40.751534
40.62005
40.453777
40.2666
40.073537
39.887527
39.726901
39.607974
39.536744
39.505356
39.496808
39.495829
39.495726
39.499309
39.56163
39.720932
39.943505
40.179488
40.382781
40.494036
40.508506
40.316738
38.579616
34.797571
29.300194
22.683213
15.747481
9.0754045
2.9194612
38.586653
39.502167
39.785208
40.212986
40.571504
40.827517
40.971004
41.010893
40.939085
40.799242
40.634998
40.444085
40.244258
40.042547
39.85323
39.695429
39.585424
39.525174
39.501794
39.496127
39.495592
39.495562
39.506561
39.598604
39.790188
40.026407
40.263262
40.4467
40.515384
40.5168
39.818322
36.886711
31.808281
25.047184
17.532679
10.127008
3.2555229
38.586354
39.474535
39.78336
40.212802
40.623443
40.894907
41.059707
41.106689
41.106825
40.956235
40.795573
40.602745
40.400928
40.194042
39.989695
39.802999
39.655046
39.560604
39.514242
39.498887
39.495573
39.495318
39.495845
39.521843
39.6614
39.878956
40.128058
40.360233
40.51553
40.547216
40.399254
38.578965
34.1732
27.501344
19.480601
11.295429
3.6305412
38.585933
39.431832
39.775346
40.200315
40.617027
40.93087
41.125743
41.182018
41.194469
41.083671
40.931001
40.73887
40.536698
40.330056
40.121634
39.919728
39.74152
39.611543
39.537428
39.505599
39.496866
39.495276
39.495184
39.497923
39.566191
39.747574
39.990264
40.24166
40.452155
40.552676
40.556506
39.778357
36.269886
29.959955
21.56534
12.570656
4.0393026
38.585448
39.378526
39.756299
40.16657
40.587033
40.915063
41.120486
41.223933
41.23974
41.163434
41.032546
40.847122
40.646975
40.44331
40.236658
40.031859
39.836102
39.675154
39.571278
39.518426
39.499754
39.495598
39.495086
39.495395
39.51162
39.638865
39.862678
40.121542
40.367128
40.545488
40.592286
40.389388
38.038759
32.386188
23.824998
13.999568
4.5001969
38.585002
39.317829
39.725568
40.116162
40.525227
40.862984
41.087886
41.206078
41.251962
41.189919
41.088565
40.918711
40.725458
40.528471
40.326236
40.126009
39.926177
39.74384
39.612843
39.53793
39.505381
39.496385
39.494991
39.49498
39.497004
39.558939
39.749707
40.004326
40.266279
40.487997
40.601931
40.590631
39.376568
34.657993
26.222891
15.586448
5.0141741
38.584297
39.251748
39.68268
40.052714
40.436303
40.770533
41.008356
41.145046
41.202531
41.182114
41.103187
40.943817
40.763293
40.578796
40.384206
40.191435
39.997769
39.806188
39.655462
39.560792
39.514119
39.49798
39.494858
39.494851
39.495441
39.513443
39.656983
39.89846
40.169232
40.416576
40.604808
40.653681
40.177661
36.679854
28.741421
17.377097
5.6024853
38.582877
39.1812
39.625865
39.977381
40.325351
40.640105
40.879293
41.027174
41.109039
41.08887
41.018328
40.899141
40.769968
40.593293
40.404407
40.21985
40.037595
39.848302
39.68891
39.58101
39.523737
39.500391
39.494681
39.494673
39.494979
39.499376
39.589412
39.809808
40.084334
40.343112
40.560058
40.677629
40.54868
38.319213
31.275696
19.376332
6.2723862
38.581846
39.106712
39.553311
39.889576
40.197338
40.477411
40.702018
40.848698
40.950479
40.940237
40.892765
40.798604
40.666412
40.517839
40.362378
40.223068
40.04693
39.861109
39.701523
39.590247
39.529359
39.502625
39.494492
39.494499
39.494749
39.496337
39.549826
39.746343
40.020316
40.287534
40.519593
40.68541
40.703397
39.464115
33.697369
21.59667
7.0439465
38.581978
39.02813
39.462398
39.785865
40.055187
40.29088
40.484988
40.614632
40.722268
40.719328
40.689707
40.619085
40.519589
40.400473
40.266617
40.114702
39.953507
39.798599
39.669309
39.578424
39.529999
39.503168
39.494327
39.494357
39.494567
39.495602
39.537375
39.719269
39.989516
40.25875
40.493177
40.686167
40.783204
40.126567
35.810102
23.979609
7.9202509
38.58234
38.946737
39.350571
39.659088
39.896149
40.087348
40.240051
40.346918
40.413947
40.436631
40.419098
40.370556
40.296654
40.200947
40.087275
39.959962
39.82605
39.703414
39.608313
39.546461
39.512497
39.496916
39.494208
39.494277
39.494488
39.495371
39.537099
39.71773
39.98616
40.254428
40.488642
40.68256
40.834114
40.494526
37.444385
26.415488
8.9098505
38.582546
38.863074
39.213022
39.495375
39.704443
39.858734
39.971607
40.048817
40.092415
40.106898
40.094154
40.057069
39.996378
39.916583
39.825822
39.729132
39.637927
39.571319
39.529865
39.507645
39.497985
39.494157
39.494196
39.49426
39.494495
39.524226
39.676732
39.91381
40.161588
40.387673
40.583779
40.748384
40.885
40.711114
38.545872
28.650602
9.9576317
38.582714
38.767654
39.030243
39.26215
39.437185
39.560334
39.643678
39.692547
39.727176
39.721621
39.698511
39.658548
39.61109
39.564699
39.524882
39.501077
39.493517
39.493562
39.493611
39.493645
39.493664
39.493691
39.495259
39.522291
39.607983
39.781995
39.987896
40.195199
40.389153
40.563266
40.714767
40.841805
40.954062
40.852028
39.239509
30.405334
10.919375
38.585918
38.650116
38.759202
38.869646
38.959213
39.024482
39.064946
39.09909
39.131566
39.166731
39.207547
39.253119
39.301832
39.352379
39.403938
39.455645
39.507356
39.563956
39.627962
39.701769
39.788927
39.892634
40.024392
40.16393
40.30456
40.439994
40.565944
40.679914
40.780985
40.869063
40.944059
41.005926
41.058649
40.96837
39.599903
31.393941
11.543136
41.088515
41.086101
41.115583
41.19041
41.270635
41.351355
41.43575
41.51569
41.586358
41.646608
41.696566
41.736381
41.765366
41.783004
41.792099
41.788659
41.777692
41.758578
41.732139
41.699212
41.660754
41.617809
41.571865
41.524398
41.476857
41.430491
41.386222
41.344712
41.306662
41.272754
41.243201
41.218277
41.196647
41.070167
39.704713
31.607534
11.67868
43.106627
42.923604
42.806426
42.816298
42.870765
42.965531
43.068049
43.157244
43.227102
43.271547
43.304968
43.299738
43.277749
43.234411
43.173361
43.097677
43.010339
42.91385
42.810264
42.701233
42.587977
42.471422
42.351869
42.230044
42.107076
41.984469
41.86398
41.747581
41.637572
41.536178
41.444989
41.36553
41.302661
41.107956
39.506337
30.878098
11.191132
43.107846
42.761421
42.770446
42.89671
43.14637
43.414047
43.647828
43.830876
43.957645
44.033228
44.06298
44.049369
44.010603
43.949569
43.869718
43.773817
43.663733
43.540806
43.40629
43.261799
43.109461
42.95145
42.790507
42.628322
42.465589
42.303048
42.14212
41.9852
41.835401
41.695595
41.568644
41.453886
41.362462
41.066847
38.94841
29.282723
10.274044
43.106468
42.720868
42.813562
43.171855
43.624906
44.033431
44.35677
44.596034
44.744931
44.863706
44.859527
44.819919
44.72543
44.59067
44.431605
44.262217
44.091179
43.92218
43.753512
43.581221
43.402723
43.219257
43.026336
42.833374
42.64522
42.460963
42.279706
42.102944
41.933461
41.774465
41.629548
41.514238
41.384985
40.922017
37.965703
27.112398
9.21062
43.10595
42.686276
42.903332
43.456919
44.026631
44.498571
44.860266
45.121235
45.281813
45.391983
45.379496
45.325922
45.214744
45.049667
44.842603
44.612525
44.380356
44.152199
43.940224
43.741625
43.545571
43.344864
43.173541
42.969728
42.75718
42.550711
42.351501
42.159264
41.976156
41.805719
41.651333
41.513393
41.359766
40.60488
36.471086
24.677972
8.1864597
43.10547
42.656907
43.024941
43.71374
44.346787
44.855276
45.245212
45.519875
45.68659
45.777937
45.751925
45.667852
45.526584
45.334711
45.088117
44.813039
44.535827
44.309451
44.065386
43.831113
43.609754
43.38875
43.170064
42.962382
42.747174
42.53902
42.338751
42.145887
41.96281
41.793326
41.641539
41.502554
41.277082
40.00514
34.441344
22.252774
7.276662
43.105085
42.629878
43.156067
43.933864
44.59696
45.133264
45.544714
45.821103
45.992324
46.053261
46.011068
45.886338
45.701575
45.478102
45.243752
44.928035
44.596713
44.303535
44.053337
43.814931
43.589215
43.363643
43.140376
42.926514
42.708329
42.499122
42.298789
42.107411
41.92763
41.764118
41.62157
41.468755
41.100904
38.958716
32.073464
19.995894
6.4852039
43.104845
42.60547
43.289108
44.111422
44.789392
45.350667
45.771449
46.037771
46.214846
46.20451
46.141259
46.032123
45.808777
45.526683
45.229767
44.901515
44.562373
44.262808
44.005273
43.762116
43.531194
43.302307
43.078162
42.861093
42.643732
42.436955
42.239823
42.053048
41.88034
41.728367
41.594254
41.399499
40.733881
37.429698
29.577264
17.970797
5.8021987
43.104793
42.583584
43.415577
44.246631
44.935036
45.514712
45.92937
46.178416
46.300344
46.291173
46.211526
46.025415
45.786131
45.489817
45.166325
44.81698
44.475547
44.180729
43.92315
43.679809
43.446849
43.217547
42.994565
42.777256
42.563787
42.361906
42.170244
41.990736
41.829356
41.692203
41.554631
41.271928
40.013186
35.546164
27.119114
16.187644
5.214852
43.104819
42.564283
43.527687
44.34278
45.040601
45.627412
46.023589
46.245572
46.325864
46.288101
46.188629
45.979491
45.709927
45.391177
45.045778
44.687752
44.356321
44.072795
43.819243
43.578165
43.345771
43.118477
42.898047
42.683375
42.475959
42.280454
42.096064
41.927138
41.781827
41.658026
41.487873
41.023838
38.854859
33.437322
24.797487
14.625196
4.7069772
43.104846
42.547677
43.618426
44.404902
45.109344
45.690083
46.061066
46.264225
46.313382
46.256549
46.115024
45.877186
45.581549
45.243505
44.885494
44.533186
44.220193
43.950033
43.70217
43.464697
43.23491
43.011278
42.794752
42.585095
42.384964
42.196892
42.022037
41.867623
41.740151
41.617292
41.379616
40.492994
37.359289
31.234845
22.666622
13.261413
4.2673259
43.104208
42.533918
43.684215
44.438808
45.14253
45.709368
46.067315
46.220756
46.265873
46.170504
45.991569
45.728015
45.411265
45.060667
44.703103
44.368453
44.076975
43.819416
43.577664
43.344693
43.119016
42.900194
42.688887
42.485859
42.293701
42.114473
41.952368
41.816116
41.703298
41.556559
41.180595
39.586729
35.610368
29.03612
20.733499
12.06411
3.8825773
43.102877
42.522883
43.724534
44.449847
45.150358
45.679871
45.998187
46.141907
46.173765
46.034262
45.826113
45.541268
45.210326
44.857725
44.51364
44.203218
43.932062
43.685233
43.44964
43.221881
43.001379
42.788262
42.583308
42.387905
42.20451
42.036406
41.890706
41.773674
41.664776
41.462427
40.743456
38.37178
33.705414
26.919655
18.998154
11.013668
3.5458692
43.101794
42.5141
43.744303
44.45004
45.103511
45.618267
45.912906
46.021057
46.039198
45.856804
45.627126
45.327092
44.991583
44.648935
44.327537
44.042324
43.788094
43.550182
43.3208
43.09883
42.884264
42.677592
42.479857
42.29287
42.119708
41.965928
41.839606
41.737829
41.608812
41.28368
39.997406
36.906395
31.728668
24.925084
17.441763
10.085791
3.2484849
43.101404
42.50677
43.747872
44.412584
45.044738
45.520965
45.793075
45.870237
45.87401
45.64628
45.404379
45.097137
44.768152
44.44533
44.150339
43.887446
43.646407
43.416169
43.193153
42.977445
42.769393
42.569783
42.379997
42.202506
42.041901
41.905713
41.799129
41.702563
41.525364
40.894196
38.98108
35.264536
29.759432
23.080592
16.053111
9.267412
2.9863966
43.101538
42.496226
43.721037
44.368508
44.958944
45.392172
45.645684
45.719503
45.628293
45.420496
45.167991
44.863669
44.551026
44.253451
43.983771
43.738712
43.507877
43.284674
43.068229
42.859159
42.658079
42.466094
42.285136
42.118877
41.973794
41.857437
41.765839
41.650143
41.356572
40.255062
37.735587
33.517814
27.850402
21.389774
14.811486
8.5408646
2.753481
43.10664
42.477922
43.692172
44.306137
44.856332
45.240517
45.449263
45.506294
45.383717
45.186129
44.929054
44.637382
44.347306
44.075652
43.82735
43.595811
43.373265
43.156885
42.947222
42.745111
42.551442
42.367753
42.196868
42.044042
41.916979
41.819935
41.733883
41.576305
40.997731
39.388551
36.320341
31.74051
26.045493
19.85712
13.706669
7.8980865
2.5474264
43.114531
42.451513
43.652008
44.232703
44.740284
45.07946
45.248173
45.28838
45.145286
44.950373
44.697791
44.425481
44.159898
43.911401
43.679752
43.458481
43.243239
43.03371
42.831045
42.636218
42.450453
42.275937
42.116791
41.979923
41.872634
41.790454
41.686221
41.414216
40.443108
38.325614
34.795936
29.987054
24.363556
18.472455
12.721388
7.3267429
2.3640588
43.12525
42.41938
43.605635
44.15046
44.615219
44.911365
45.045444
45.072085
44.912409
44.721722
44.481322
44.231115
43.988454
43.758774
43.539662
43.326661
43.118376
42.915857
42.720432
42.533236
42.355953
42.191738
42.046277
41.927431
41.838962
41.761532
41.615767
41.092836
39.703125
37.111735
33.22394
28.301531
22.816931
17.228705
11.845267
6.8202237
2.2014481
43.139508
42.381433
43.553236
44.06184
44.484742
44.741878
44.843922
44.859219
44.68885
44.506776
44.282807
44.054066
43.830798
43.615592
43.406115
43.200419
42.999111
42.803801
42.615841
42.436625
42.268552
42.11614
41.986663
41.88737
41.81341
41.718658
41.464826
40.613733
38.79927
35.793956
31.651462
26.707079
21.402643
16.110755
11.063156
6.3686731
2.0563124
43.157535
42.337334
43.495286
43.968509
44.350568
44.575491
44.649846
44.655713
44.477895
44.308755
44.101924
43.891999
43.684134
43.479975
43.278458
43.079777
42.885604
42.697662
42.517355
42.346554
42.188746
42.050044
41.938484
41.85747
41.787431
41.652024
41.184548
39.982626
37.762002
34.417303
30.114383
25.216322
20.114423
15.105671
10.363733
5.9653768
1.9266093
43.180265
42.286524
43.431576
43.871637
44.213065
44.41101
44.472724
44.430512
44.286468
44.126686
43.936122
43.741603
43.545701
43.35036
43.156069
42.964446
42.777558
42.597089
42.424687
42.263048
42.117096
41.994382
41.902011
41.83491
41.748804
41.514749
40.773253
39.209951
36.620889
33.014798
28.630972
23.827287
18.937852
14.196634
9.7335396
5.602223
1.8097084
43.209433
42.227828
43.361034
43.77141
44.074119
44.237519
44.286442
44.229419
44.11005
43.957722
43.781656
43.599314
43.412939
43.225254
43.038035
42.853631
42.67415
42.501335
42.337384
42.186158
42.054085
41.949183
41.87453
41.810911
41.686055
41.269147
40.226954
38.307005
35.399098
31.605849
27.205028
22.528553
17.854547
13.365813
9.1591453
5.2713302
1.7031039
43.247937
42.158874
43.281203
43.665636
43.936635
44.073421
44.111652
44.050434
43.942396
43.798039
43.634203
43.461584
43.283339
43.10292
42.922932
42.745966
42.574108
42.409399
42.25493
42.115986
42.000253
41.914566
41.85352
41.774472
41.557147
40.902843
39.539652
37.281201
34.109697
30.196176
25.828876
21.302578
16.844252
12.595457
8.6276788
4.9652264
1.6044098
43.301212
42.075406
43.187783
43.551087
43.7935
43.912247
43.943343
43.879794
43.778634
43.642796
43.489059
43.324725
43.154101
42.981089
42.808693
42.639519
42.475763
42.320099
42.176845
42.052734
41.955583
41.887574
41.82903
41.711626
41.324081
40.394516
38.698817
36.129776
32.750996
28.776063
24.483075
20.12477
15.882847
11.865543
8.1247796
4.6755167
1.5109157
43.377521
41.972077
43.074214
43.424954
43.639079
43.745446
43.771752
43.708198
43.613513
43.486062
43.341038
43.184566
43.021763
42.856679
42.692438
42.531671
42.376981
42.232058
42.102694
41.996661
41.920049
41.866267
41.794016
41.567435
40.952143
39.708519
37.676557
34.831171
31.30058
27.317173
23.134335
18.961445
14.940535
11.15259
7.6340787
4.3927841
1.4195995
43.489038
41.843001
42.929677
43.283504
43.467181
43.565327
43.588583
43.527828
43.439941
43.320638
43.183956
43.035778
42.881557
42.725301
42.570171
42.419008
42.27522
42.143999
42.032876
41.949662
41.894166
41.839916
41.706917
41.288663
40.378472
38.781996
36.416724
33.334909
29.708966
25.7688
21.73278
17.767339
13.979576
10.427709
7.1356641
4.1055784
1.32677
43.655657
41.681625
42.733755
43.11967
43.271312
43.362305
43.383727
43.328542
43.247979
43.13744
43.010075
42.871645
42.727476
42.581359
42.436559
42.296762
42.167389
42.056332
41.972113
41.916544
41.869975
41.772196
41.475169
40.770172
39.483156
37.494804
34.807692
31.538693
27.880617
24.041531
20.197262
16.472325
12.942645
9.6470006
6.5989384
3.7960919
1.2266429
43.920759
41.485309
42.449666
42.913317
43.046071
43.124617
43.146358
43.099923
43.027624
42.927156
42.810172
42.682136
42.548248
42.412989
42.281588
42.160896
42.059259
41.983618
41.932326
41.884905
41.79201
41.540066
40.929437
39.797016
38.037466
35.628252
32.653096
29.269371
25.662262
22.000226
18.411182
14.979229
11.752312
8.7523894
5.9841856
3.4415718
1.1119051
44.362021
41.270244
42.025047
42.60306
42.779665
42.830826
42.848514
42.814056
42.750716
42.661697
42.557353
42.444471
42.330069
42.221018
42.124072
42.044503
41.983106
41.930558
41.866903
41.741752
41.441424
40.791628
39.61655
37.88118
35.571409
32.76401
29.59524
26.223377
22.79497
19.424362
16.189353
13.136457
10.289021
7.6545648
5.2302915
3.0069082
0.97124622
45.055297
41.094638
41.46325
42.013354
42.379933
42.481853
42.498785
42.480283
42.436114
42.37254
42.29877
42.220929
42.143397
42.067703
41.994177
41.923439
41.836991
41.697216
41.428431
40.909001
39.988232
38.541967
36.570716
34.154589
31.372038
28.348335
25.211301
22.072749
19.01729
16.101457
13.35841
10.804213
8.4431717
6.2717442
4.2812771
2.4599653
0.79435578
46.146983
41.039491
41.029781
41.028592
41.404621
41.766452
42.018166
42.088071
42.051858
42.001469
41.929407
41.838244
41.722537
41.56984
41.353291
41.020873
40.50261
39.703863
38.514269
36.841845
34.675204
32.199699
29.547483
26.741669
23.890887
21.081096
18.379413
15.831669
13.464269
11.285286
9.2923376
7.4759822
5.8227317
4.3174464
2.9451846
1.6922709
0.54659419
47.927118
42.994255
42.143916
40.703599
39.862449
39.108132
38.630182
38.307679
38.042139
37.67485
37.204305
36.592233
35.785204
34.764402
33.500024
31.971015
30.177095
28.150558
25.970354
23.761337
21.652089
19.617499
17.682083
15.881599
14.250338
12.804386
11.546794
10.452451
9.3769174
8.2826126
7.142078
5.9522448
4.7369061
3.5459123
2.4401607
1.4175848
0.46141269
49.915941
49.740479
49.821339
49.565604
49.202453
48.628892
47.911425
47.215134
46.575129
45.981656
45.427177
44.91721
44.481652
44.103813
43.784207
43.530728
43.358459
43.285665
43.279275
43.522216
43.817171
44.2329
44.719323
45.214928
45.619572
45.797531
45.559054
44.684648
43.284229
41.236679
38.408574
34.688132
30.018463
24.423877
18.01973
11.054404
3.8063678
)
;

boundaryField
{
    inner_wall
    {
        type            zeroGradient;
    }
    outer_wall
    {
        type            fixedValue;
        value           uniform 0;
    }
    side_outlet
    {
        type            zeroGradient;
    }
    inlet
    {
        type            fixedValue;
        value           uniform 50;
    }
    bottom
    {
        type            zeroGradient;
    }
    front
    {
        type            wedge;
    }
    back
    {
        type            wedge;
    }
}


// ************************************************************************* //
