/*--------------------------------*- C++ -*----------------------------------*\
| =========                 |                                                 |
| \\      /  F ield         | OpenFOAM: The Open Source CFD Toolbox           |
|  \\    /   O peration     | Version:  2506                                  |
|   \\  /    A nd           | Website:  www.openfoam.com                      |
|    \\/     M anipulation  |                                                 |
\*---------------------------------------------------------------------------*/
FoamFile
{
    version     2.0;
    format      ascii;
    arch        "LSB;label=32;scalar=64";
    class       volScalarField;
    location    "82";
    object      C;
}
// * * * * * * * * * * * * * * * * * * * * * * * * * * * * * * * * * * * * * //

dimensions      [0 0 0 0 0 0 0];

internalField   nonuniform List<scalar> 
3072
(
1.61156965e-08
-1.61682643e-06
7.92564981e-06
0.000104178793
-3.02449922e-05
-0.001187452
-0.00254305835
-0.000687303553
0.00643886241
0.0145737692
0.0131261151
-0.00295746999
-0.0293765161
-0.0502926541
-0.0165474178
0.14237705
0.43325659
0.746515059
0.959200579
1.03537008
1.02864223
1.00650612
0.99730388
0.998051272
1.00144035
1.00489434
1.00595436
1.00123334
0.985085787
0.920236971
0.710973265
0.280012472
-3.3565169e-08
4.31117832e-06
3.11013308e-05
-0.000298816049
-0.00104924214
0.00116838658
0.0113532398
0.0281221227
0.0425293863
0.0466572544
0.0390363979
0.0190389048
-0.0144772364
-0.0484426449
-0.024727394
0.139341055
0.443715139
0.764449585
0.971509605
1.03743151
1.02570862
1.0042994
0.996970849
0.998414799
1.00180193
1.0051542
1.00593093
1.00073239
0.983919603
0.917421158
0.706265572
0.27614514
1.85060943e-08
1.1704227e-05
-0.000115111974
-0.000871211529
0.000878272517
0.0136520205
0.0387496813
0.0636127261
0.0761987674
0.0749875775
0.0615893126
0.0377009464
0.000201530444
-0.0447301326
-0.0314191174
0.134243925
0.447041976
0.772834672
0.977173375
1.03784642
1.02399165
1.00329889
0.996924686
0.998619532
1.00197437
1.00527552
1.00590594
1.0004991
0.983519953
0.916914984
0.706706393
0.279358181
4.25339191e-08
1.26619519e-05
-0.00025286972
-0.00115357931
0.00377607372
0.0261310861
0.0614875282
0.0906395715
0.103046235
0.0981526272
0.0762644521
0.0496445727
0.0106505728
-0.0418403834
-0.0332133975
0.139513671
0.462381282
0.790023469
0.986158384
1.03816697
1.02153236
1.00200149
0.996887101
0.998881688
1.00219388
1.00542818
1.00587063
1.00020548
0.983007431
0.916126289
0.706482213
0.282265997
-2.56548997e-08
1.49012345e-05
-0.000270519773
-0.00122587446
0.00431946297
0.0292878344
0.0684255237
0.0999599005
0.117854246
0.106673177
0.0783672066
0.0497817562
0.00877127087
-0.0437731803
-0.0236098459
0.168826618
0.503423151
0.822431498
0.999081218
1.03747805
1.01800244
1.00053273
0.996964275
0.999214327
1.00245593
1.00560347
1.00580262
0.999828344
0.982342483
0.915020273
0.705887056
0.285672055
-3.37572155e-07
1.98683103e-05
-0.000227055098
-0.00128754675
0.00272481202
0.0232139053
0.0568655551
0.0853459198
0.0983831133
0.0882087445
0.0645412074
0.0381418915
-0.00473174673
-0.0485000157
0.00471332165
0.236370302
0.580913584
0.87388017
1.01545993
1.03465877
1.01297354
0.998893509
0.997219663
0.999665387
1.00281046
1.00583064
1.00566702
0.999253383
0.98125575
0.912857738
0.703460324
0.28786274
-7.12403607e-07
2.54805821e-05
-0.000146662197
-0.00123521151
0.000520813814
0.013180925
0.0354739142
0.0554269858
0.0628501778
0.0547018501
0.0395857158
0.0162706514
-0.0268919047
-0.0435027617
0.0724549587
0.355922677
0.695279027
0.937509239
1.0298038
1.02817612
1.00687961
0.997538864
0.997748594
1.00023328
1.00327795
1.00610944
1.00540917
0.998383136
0.979552144
0.909176427
0.698499487
0.288140177
-2.5133875e-06
2.73931571e-05
-5.53588306e-05
-0.00100257897
-0.000961474785
0.00465110236
0.0156129048
0.0257550732
0.0282893394
0.0240770097
0.014845345
-0.0121943815
-0.043992446
0.00282923824
0.208339743
0.531963202
0.830634175
0.996128417
1.03456165
1.01787442
1.00115636
0.997037975
0.998540792
1.00088383
1.00387255
1.00641255
1.00494939
0.99711631
0.977041204
0.903556196
0.69042019
0.285926933
7.344377e-07
3.08190778e-05
2.96378893e-05
-0.000639118338
-0.00133801782
5.39209261e-06
0.00352694027
0.00665152199
0.00718260234
0.00540803535
-0.00997265715
-0.0373850893
-0.0154889977
0.140255187
0.430140232
0.742147804
0.952784217
1.02973878
1.02629318
1.00650523
0.997651209
0.997596087
0.999426711
1.00159455
1.0046026
1.00666908
1.00417993
0.995352552
0.973537902
0.895652141
0.678905275
0.281003966
-2.28470666e-05
1.51807877e-07
5.06551776e-05
-0.000307185604
-0.000992966006
-0.00128651383
-0.000968099417
-0.000782625604
-0.000640181023
-0.0118295857
-0.0323777854
-0.0086623337
0.134129219
0.403211173
0.706430867
0.9281191
1.02336705
1.03025038
1.01064996
0.998732377
0.997178573
0.998717133
1.00019947
1.00241606
1.0054518
1.00675147
1.00297364
0.992995241
0.968844326
0.88515895
0.66382538
0.27339735
9.21756095e-05
0.000118003395
0.00019607892
6.24060048e-05
-0.000318498323
-0.000795270948
-0.00112963123
-0.00124569778
-0.0132737276
-0.0245862114
0.0224667711
0.185642059
0.453612936
0.73745625
0.939519421
1.02566899
1.03116033
1.01153952
0.998963767
0.996984729
0.998503063
0.999600043
1.00088163
1.00345759
1.00632746
1.00647617
1.00120749
0.989957415
0.962740972
0.871815229
0.645236551
0.263343529
-0.000550894198
-0.000593532202
-0.000566661043
-0.000435870034
-0.000483723737
-0.00018153288
-0.00136992661
-0.0134893879
0.00199259655
0.103883148
0.314188095
0.586132129
0.83165832
0.983720643
1.0357223
1.02849665
1.00825027
0.99771154
0.996901209
0.998694869
0.9995142
1.00003865
1.00177879
1.00474592
1.00702213
1.00563807
0.998796617
0.986164023
0.954987454
0.855432583
0.623384788
0.251240085
0.00331383451
0.00362036589
0.00377314262
0.00256614001
0.00169682144
-0.00357897065
0.0122885848
0.108054299
0.300790053
0.552511891
0.792242918
0.958677289
1.03287975
1.03909042
1.01856534
1.00130105
0.995881213
0.997341217
0.999308396
0.999689826
0.999617288
1.00062361
1.00312392
1.00609245
1.00725354
1.00407533
0.995723287
0.98154713
0.945342091
0.835955644
0.598726663
0.237605854
-0.0243273348
-0.0268948559
-0.0268594773
-0.00570983329
0.0710133916
0.226346564
0.445382788
0.678659785
0.873838874
0.997654628
1.046964
1.04429992
1.0214473
1.00221894
0.9948603
0.995895428
0.998847171
1.00015877
0.999837892
0.9993474
0.999878299
1.00183645
1.00475567
1.00715689
1.00677246
1.00173066
0.992045029
0.976038927
0.933611336
0.813545034
0.571945922
0.223040143
0.328396717
0.422990684
0.559342152
0.719877392
0.865024309
0.975933619
1.04275322
1.06612306
1.05714103
1.03288744
1.00935438
0.995637206
0.992483487
0.99531976
0.998963761
1.00071635
1.00056551
0.999683349
0.999110313
0.99942622
1.00091145
1.00347592
1.00629031
1.00763349
1.00545241
0.99867962
0.987878406
0.969577286
0.919735625
0.788664396
0.543948658
0.208179114
1.02866437
1.04565082
1.05253226
1.04866245
1.03676833
1.02075504
1.00511545
0.993767073
0.988721971
0.989463303
0.993517698
0.997928134
1.00071895
1.00148953
1.00096276
1.00007231
0.99936422
0.999022511
0.999216134
1.00025925
1.00235949
1.0051512
1.00742079
1.00734545
1.00332701
0.995121741
0.983368085
0.962141601
0.903901285
0.762138237
0.515820637
0.193648762
0.996109825
0.993354782
0.991442723
0.99097154
0.991964726
0.994151718
0.996971586
0.999673946
1.00156934
1.00231178
1.00203301
1.00122214
1.00041508
0.999899572
0.999634351
0.999421572
0.999186388
0.999149036
0.999754949
1.00137735
1.00393251
1.00661414
1.00794772
1.00627245
1.00059602
0.991333791
0.978660878
0.953825026
0.886640999
0.735140491
0.488739968
0.180017746
1.00067367
1.00117645
1.00159273
1.00178961
1.00172845
1.00141546
1.00091155
1.00033741
0.999847222
0.999571879
0.999556493
0.999728959
0.999924549
0.999963452
0.999752008
0.999367784
0.999090079
0.999340704
1.00051158
1.00269907
1.00544467
1.00764899
1.00780587
1.00458054
0.997575987
0.987597686
0.973908361
0.944918582
0.868863117
0.709085728
0.463853755
0.167755731
0.999869718
0.99976985
0.999680576
0.999629709
0.999625675
0.999668425
0.999751213
0.99986209
0.999986131
1.00010574
1.00019613
1.00021813
1.00011945
0.999859989
0.999467528
0.999103003
0.999082147
0.999792827
1.00148848
1.00402222
1.00666585
1.00816846
1.00712214
1.00256648
0.994599863
0.984146038
0.969297885
0.935949423
0.85175847
0.685429708
0.442143226
0.157203053
1.00002671
1.00004776
1.00006815
1.00008182
1.00008412
1.00007125
1.00004554
1.00001998
1.00001476
1.00004218
1.00008534
1.0000865
0.999965147
0.999674806
0.999282202
0.999021761
0.99926588
1.00037571
1.00246062
1.00514952
1.0075157
1.00825838
1.00613728
1.00054421
0.991935617
0.981148039
0.965073886
0.927618672
0.836584741
0.665429797
0.42430982
0.148555792
0.999994188
0.999989632
0.999985932
0.999984048
0.999981678
0.999976274
0.999971215
0.999978931
1.00001398
1.0000752
1.00012642
1.00009494
0.99990505
0.999546444
0.999148478
0.999006758
0.999509827
1.000954
1.00330308
1.0060108
1.00803224
1.00808381
1.00510238
0.998763645
0.989752197
0.978716059
0.961510496
0.920639535
0.82439783
0.649941247
0.410709793
0.141867585
1.00000118
1.0000023
1.00000407
1.00000582
1.00000425
0.999996563
0.999987643
0.999992654
1.00002728
1.00008639
1.00012475
1.00006202
0.999827739
0.999438166
0.999065767
0.99904315
0.999757321
1.00144225
1.00394739
1.00660578
1.00830923
1.00781579
1.00421107
0.997374288
0.988121655
0.976909331
0.958837906
0.915545481
0.81583643
0.639313081
0.401349648
0.137066829
0.999999629
0.999999466
1.00000003
1.00000092
0.999998732
0.999990836
0.999983107
0.999991964
1.00003249
1.00009502
1.00012672
1.00004235
0.99977738
0.999369366
0.999021572
0.999089075
0.999951091
1.0017922
1.0043824
1.00697949
1.00844553
1.00757933
1.00357122
0.996429082
0.987039807
0.975729468
0.957167339
0.912562421
0.811039322
0.633404292
0.395936852
0.133985706
0.999999973
1.00000011
1.00000097
1.00000207
0.999999832
0.999991632
0.999983866
0.99999374
1.0000362
1.00009929
1.00012611
1.00002889
0.999746918
0.999330321
0.998999817
0.999122078
1.00006972
1.0019973
1.00462963
1.00718469
1.00851252
1.00743895
1.00321306
0.995909207
0.986450169
0.975119647
0.956461691
0.911596344
0.809705523
0.631694419
0.393965287
0.13239386
0.999999888
0.999999951
1.00000075
1.00000182
0.999999566
0.999991309
0.999983551
0.999993788
1.00003706
1.00010069
1.00012624
1.00002469
0.999736362
0.999316032
0.998991207
0.999133289
1.00011273
1.00207303
1.00472264
1.00726577
1.00854931
1.00740923
1.00311309
0.995752842
0.986265913
0.974976394
0.956561655
0.912321227
0.81125125
0.633440415
0.3948103
0.132030834
0.999999904
0.999999973
1.00000077
1.0000019
0.999999768
0.999991577
0.999983586
0.99999325
1.00003601
1.00009987
1.00012695
1.00002789
0.999741541
0.999320575
0.99899088
0.999123913
1.0000926
1.00204527
1.00469643
1.00725554
1.00857118
1.00747459
1.00321997
0.995878907
0.986385337
0.975163728
0.957236176
0.914314781
0.815007596
0.637829107
0.397792073
0.132614195
0.999999897
0.99999995
1.00000072
1.00000189
0.999999981
0.999991993
0.999983646
0.999992043
1.00003326
1.00009721
1.00012814
1.00003697
0.999759014
0.999339709
0.99899701
0.999099122
1.00002525
1.00194059
1.00458229
1.0071786
1.00858266
1.0076097
1.00347642
0.996201642
0.986693259
0.975527445
0.958252778
0.917176668
0.820323196
0.64406294
0.402261363
0.133872034
0.999999896
0.999999937
1.00000066
1.00000188
1.00000025
0.999992561
0.999983825
0.999990573
1.00002957
1.00009325
1.00012914
1.00004911
0.999784006
0.999368774
0.999009109
0.999067191
0.999930232
1.00178761
1.00440997
1.00705381
1.00857983
1.00778101
1.00382243
0.996651287
0.987131585
0.975999289
0.959422077
0.920462849
0.826531833
0.651465145
0.407721792
0.135606596
0.999999895
0.999999922
1.0000006
1.00000186
1.00000053
0.999993193
0.999984105
0.999989064
1.00002544
1.00008847
1.00012954
1.00006215
0.999812529
0.999403681
0.999026497
0.999034863
0.999823875
1.00161036
1.00420447
1.0068973
1.00856019
1.00796193
1.00420934
0.997167912
0.987642717
0.976515226
0.960604446
0.923853862
0.833123536
0.659479417
0.41374547
0.13764062
0.999999894
0.99999991
1.00000054
1.00000184
1.00000079
0.999993839
0.999984472
0.99998768
1.00002131
1.00008331
1.00012919
1.00007455
0.999841477
0.999440929
0.999047937
0.999006413
0.999718037
1.00142731
1.00398612
1.00672351
1.00852444
1.00813438
1.00460082
0.997704929
0.988182937
0.977034154
0.96171307
0.927129155
0.83972282
0.667685757
0.420005202
0.139834882
0.999999893
0.999999899
1.00000048
1.0000018
1.00000102
0.999994458
0.999984896
0.999986498
1.00001742
1.00007813
1.00012815
1.00008548
0.999868791
0.9994778
0.999071794
0.998983727
0.999620068
1.00125124
1.00377018
1.00654487
1.00847606
1.00828846
1.00497278
0.998228444
0.988718452
0.977529012
0.962703032
0.930159129
0.846080636
0.675787672
0.426262403
0.142083419
0.999999892
0.999999889
1.00000043
1.00000176
1.00000122
0.999995026
0.999985343
0.999985536
1.00001393
1.0000732
1.0001266
1.00009468
0.999893465
0.999512565
0.999096462
0.998966952
0.999533551
1.00108981
1.00356711
1.00637125
1.00842001
1.00842051
1.00531137
0.998716135
0.989225184
0.977983433
0.963558254
0.932881906
0.852049793
0.68359409
0.432357043
0.144311046
0.999999891
0.999999882
1.00000039
1.00000172
1.00000138
0.999995527
0.999985783
0.999984782
1.00001091
1.00006868
1.00012475
1.00010218
0.999915017
0.999544106
0.999120522
0.998955326
0.999459662
1.00094702
1.00338343
1.00620996
1.00836151
1.00853084
1.00561021
0.999154949
0.989687157
0.978388014
0.964279866
0.935281614
0.857558796
0.690996066
0.438191779
0.146467826
0.99999989
0.999999875
1.00000035
1.00000168
1.00000151
0.999995955
0.999986189
0.999984206
1.00000837
1.00006472
1.00012282
1.00010811
0.999933231
0.999571683
0.999142792
0.998947718
0.99939819
1.00082443
1.00322276
1.00606596
1.00830525
1.00862189
1.00586789
0.999538764
0.990095027
0.978738077
0.964877893
0.937370436
0.862588504
0.697945334
0.443717111
0.148523501
0.999999889
0.99999987
1.00000031
1.00000165
1.00000162
0.99999631
0.999986546
0.999983772
1.0000063
1.00006136
1.00012099
1.00011271
0.999948227
0.999595036
0.999162471
0.998942932
0.999348071
1.00072186
1.00308639
1.00594203
1.00825486
1.00869699
1.0060861
0.999866441
0.990444758
0.979032353
0.96536619
0.939176062
0.867154465
0.704437463
0.448919586
0.150463111
0.999999889
0.999999865
1.00000029
1.00000163
1.0000017
0.999996596
0.999986843
0.999983445
1.00000464
1.00005862
1.00011938
1.00011624
0.999960277
0.999614199
0.999179096
0.998939918
0.999307892
1.00063809
1.00297396
1.00583921
1.00821278
1.00875951
1.00626832
1.00014025
0.990736408
0.97927217
0.965759602
0.940733313
0.871293868
0.710498716
0.453812248
0.152283224
0.999999889
0.99999986
1.00000026
1.00000161
1.00000177
0.999996822
0.999987079
0.999983196
1.00000335
1.00005645
1.00011805
1.00011894
0.999969757
0.999629452
0.999192532
0.99893785
0.999276103
1.00057119
1.00288389
1.00575703
1.00818025
1.00881252
1.00641894
1.00036476
0.990973179
0.979460962
0.966072617
0.942079141
0.875056853
0.716177019
0.458428131
0.153989521
0.999999889
0.999999856
1.00000024
1.00000159
1.00000183
0.999996995
0.999987256
0.999983001
1.00000235
1.00005478
1.00011703
1.00012102
0.999977085
0.999641267
0.999202938
0.998936152
0.999251152
1.0005188
1.00281367
1.00569381
1.00815744
1.00885856
1.00654278
1.00054605
0.991160592
0.979603864
0.966318787
0.94324963
0.878500385
0.721535102
0.462815147
0.155594921
0.99999989
0.999999851
1.00000023
1.00000159
1.00000187
0.999997125
0.999987382
0.999982843
1.0000016
1.00005353
1.0001163
1.00012265
0.999982668
0.999650189
0.999210656
0.998934472
0.999231605
1.00047841
1.00276026
1.0056471
1.00814364
1.00889966
1.00664475
1.00069106
0.991305729
0.979707249
0.966510466
0.944278178
0.881683583
0.726644695
0.467031526
0.157117725
0.999999891
0.999999847
1.00000022
1.00000158
1.00000191
0.999997221
0.999987465
0.999982709
1.00000103
1.00005263
1.00011581
1.00012395
0.999986896
0.999656797
0.999216141
0.998932635
0.999216175
1.00044749
1.00272037
1.00561391
1.00813759
1.00893734
1.0067296
1.00080708
0.991416586
0.979778299
0.966658733
0.945194514
0.884664372
0.731581931
0.471142128
0.158580067
0.999999892
0.999999842
1.0000002
1.00000158
1.00000194
0.999997292
0.999987516
0.999982591
1.0000006
1.00005198
1.00011553
1.00012502
0.999990129
0.999661672
0.999219912
0.998930591
0.999203723
1.0004236
1.00269066
1.00559103
1.00813761
1.00897276
1.00680185
1.00090145
0.991501582
0.979824617
0.966773404
0.946024263
0.887497136
0.7364238
0.475215582
0.16000676
0.999999892
0.999999838
1.0000002
1.00000158
1.00000197
0.999997347
0.999987545
0.999982483
1.00000026
1.0000515
1.00011537
1.00012596
0.999992705
0.999665384
0.999222516
0.998928374
0.999193233
1.00040443
1.00266781
1.00557516
1.00814181
1.00900678
1.00686571
1.00098131
0.991569176
0.979853908
0.96686308
0.946788841
0.89023114
0.741245485
0.479322107
0.161424479
0.999999893
0.999999834
1.00000019
1.00000159
1.000002
0.999997395
0.999987563
0.999982379
0.999999961
1.00005111
1.00011529
1.00012681
0.999994929
0.999668475
0.999224494
0.998926065
0.999183801
1.00038779
1.00264868
1.00556307
1.00814828
1.00904002
1.00692506
1.00105345
0.991627588
0.979873734
0.966935217
0.947505516
0.89290942
0.74611822
0.483530663
0.162857803
0.999999894
0.999999829
1.00000018
1.00000159
1.00000203
0.999997442
0.99998758
0.999982277
0.999999673
1.00005073
1.00011522
1.00012765
0.999997079
0.999671447
0.999226366
0.998923774
0.999174634
1.00037172
1.00263031
1.0055517
1.00815509
1.00907297
1.00698342
1.00112416
0.9916846
0.97989133
0.966996211
0.948187569
0.895567946
0.751107563
0.487909977
0.16433392
0.999999895
0.999999825
1.00000017
1.00000159
1.00000206
0.999997494
0.999987606
0.999982174
0.999999358
1.0000503
1.00011509
1.00012851
0.999999401
0.999674753
0.999228612
0.998921626
0.999165043
1.00035443
1.00261002
1.00553821
1.00816042
1.00910595
1.00704394
1.00119921
0.991747435
0.979913511
0.967051514
0.948844583
0.898235423
0.756272575
0.492525994
0.165878284
0.999999897
0.999999821
1.00000016
1.00000159
1.00000209
0.999997559
0.999987649
0.999982068
0.999998988
1.00004976
1.00011486
1.00012943
1.00000211
0.999678794
0.999231671
0.99891976
0.999154445
1.00033435
1.0025854
1.00552001
1.00816253
1.00913918
1.00710936
1.00128373
0.991822696
0.979946644
0.967105801
0.949482803
0.900933457
0.761666176
0.497443829
0.167516885
0.999999899
0.999999817
1.00000015
1.00000158
1.00000212
0.99999764
0.999987717
0.99998196
0.999998534
1.00004904
1.00011447
1.00013042
1.00000539
0.999683937
0.999235956
0.99891833
0.99914236
1.00031013
1.0025543
1.00549475
1.00815982
1.00917271
1.007182
1.00138225
0.991916296
0.979996603
0.967163092
0.950105418
0.903676351
0.767334341
0.502726816
0.169274947
0.999999902
0.999999813
1.00000014
1.00000158
1.00000216
0.999997743
0.999987818
0.99998185
0.999997978
1.0000481
1.00011386
1.00013151
1.00000939
0.999690507
0.999241846
0.998917513
0.999128433
1.00028064
1.00251491
1.00546037
1.00815077
1.00920644
1.00726371
1.0014985
0.992033327
0.980068671
0.967226853
0.950712802
0.906470634
0.773314597
0.508436002
0.171177527
0.999999905
0.999999809
1.00000012
1.00000157
1.0000022
0.999997872
0.999987958
0.999981741
0.999997304
1.0000469
1.000113
1.00013269
1.00001422
0.999698728
0.999249644
0.998917501
0.999112479
1.0002451
1.00246584
1.00541522
1.00813406
1.00924007
1.00735571
1.00163535
0.992177873
0.980167392
0.967300064
0.951302818
0.909314715
0.779634631
0.514629647
0.173250342
0.999999909
0.999999805
1.0000001
1.00000155
1.00000224
0.999998027
0.999988143
0.999981637
0.999996508
1.00004542
1.00011185
1.00013392
1.0000199
0.999708729
0.999259565
0.998918499
0.9990945
1.00020311
1.00240621
1.00535808
1.00810857
1.00927312
1.0074586
1.00179462
0.992352853
0.98029642
0.967385293
0.95187127
0.91219887
0.786311018
0.521361657
0.175518144
0.999999913
0.999999803
1.00000008
1.00000153
1.00000228
0.999998209
0.999988375
0.999981543
0.999995593
1.00004365
1.00011037
1.00013518
1.00002641
0.999720554
0.999271752
0.998920723
0.999074675
1.00015464
1.00233565
1.00528824
1.00807342
1.00930491
1.00757229
1.00197701
0.992559859
0.980458336
0.967484735
0.952412479
0.915105496
0.79334803
0.52868106
0.178005449
0.999999918
0.9999998
1.00000006
1.0000015
1.00000233
0.999998418
0.999988656
0.999981469
0.999994571
1.0000416
1.00010855
1.0001364
1.00003367
0.999734148
0.999286252
0.998924379
0.999053353
1.00010006
1.00225435
1.00520553
1.00802807
1.00933462
1.00769594
1.00218199
0.992798967
0.980654394
0.967600169
0.952919921
0.918009577
0.800736181
0.536630492
0.180736375
0.999999923
0.999999798
1.00000003
1.00000146
1.00000237
0.999998651
0.999988986
0.99998142
0.999993462
1.00003928
1.00010639
1.00013752
1.00004155
0.999749353
0.999303002
0.998929644
0.99903104
1.00004016
1.00216313
1.00511047
1.00797238
1.00936134
1.00782799
1.00240767
0.993068488
0.980884175
0.967732777
0.953386919
0.920879483
0.808450607
0.545244133
0.183734331
0.999999929
0.999999797
1
1.00000142
1.00000241
0.999998902
0.99998936
0.999981405
0.999992294
1.00003674
1.00010389
1.00013848
1.00004985
0.999765897
0.999321798
0.99893662
0.99900837
0.99997615
1.00206355
1.00500442
1.00790684
1.00938421
1.00796615
1.00265066
0.993364693
0.981145153
0.967882805
0.953807354
0.923678229
0.816449471
0.554544992
0.187021313
0.999999935
0.999999797
0.999999972
1.00000137
1.00000245
0.999999165
0.999989772
0.999981429
0.999991104
1.00003405
1.00010112
1.0001392
1.00005832
0.999783359
0.999342234
0.998945275
0.998986079
0.99990972
1.001958
1.00488972
1.00783276
1.00940258
1.00810742
1.00290595
0.993681535
0.981432229
0.968049062
0.954176307
0.926365418
0.824672906
0.56454191
0.190616937
0.999999941
0.999999798
0.999999942
1.00000132
1.00000249
0.999999434
0.999990209
0.999981495
0.999989932
1.00003129
1.00009815
1.00013965
1.00006666
0.999801142
0.999363652
0.998955376
0.99896494
0.999843013
1.00184979
1.00476991
1.00775247
1.0094162
1.0082482
1.00316689
0.994010491
0.981737361
0.968228315
0.954490567
0.928900037
0.833043317
0.57522708
0.194537707
0.999999948
0.9999998
0.999999912
1.00000126
1.00000251
0.999999698
0.999990657
0.999981597
0.999988821
1.00002857
1.00009511
1.00013983
1.00007455
0.999818534
0.999385165
0.998966438
0.998945659
0.999778499
1.00174303
1.00464971
1.00766947
1.00942544
1.00838457
1.00342533
0.994340586
0.982049381
0.968414688
0.954748839
0.931243963
0.841467531
0.586574762
0.198797238
0.999999955
0.999999802
0.999999882
1.00000121
1.00000254
0.999999948
0.999991093
0.999981727
0.999987812
1.00002601
1.00009215
1.00013978
1.00008169
0.999834743
0.999405663
0.998977697
0.99892879
0.999718864
1.00164258
1.00453502
1.00758853
1.00943146
1.00851241
1.0036718
0.994658499
0.98235397
0.968599077
0.954951474
0.933365563
0.849840227
0.59854058
0.2034074
0.999999961
0.999999804
0.999999855
1.00000115
1.00000255
1.00000017
0.999991494
0.999981867
0.99998694
1.00002374
1.00008946
1.00013958
1.0000878
0.999848925
0.999423871
0.998988127
0.998914675
0.999666866
1.00155386
1.00443276
1.00751564
1.00943633
1.00862765
1.00389566
0.994948669
0.982633698
0.968768656
0.955099671
0.93524286
0.858048202
0.611061028
0.208380823
0.999999968
0.999999806
0.99999983
1.00000111
1.00000257
1.00000036
0.999991831
0.999981991
0.999986241
1.0000219
1.00008728
1.00013938
1.00009261
0.999860172
0.999438346
0.998996453
0.99890347
0.999625382
1.0014829
1.004351
1.00745809
1.00944306
1.00872618
1.00408499
0.995193148
0.982867926
0.968906401
0.955194137
0.936865616
0.865974457
0.624051609
0.213734162
0.999999975
0.999999808
0.99999981
1.00000107
1.00000258
1.0000005
0.999992071
0.999982068
0.999985748
1.00002066
1.00008586
1.00013933
1.00009584
0.999867434
0.999447391
0.999001145
0.998895268
0.99959763
1.00143662
1.00429909
1.00742453
1.00945548
1.00880363
1.00422625
0.99537116
0.983032472
0.968990653
0.955233252
0.93823599
0.873502891
0.637404056
0.219492478
0.999999982
0.999999809
0.999999793
1.00000105
1.00000259
1.00000058
0.999992175
0.999982064
0.9999855
1.0000202
1.00008551
1.00013962
1.00009715
0.999869531
0.999449112
0.999000526
0.998890249
0.999587347
1.00142295
1.00428778
1.00742494
1.00947802
1.00885502
1.00430378
0.995458567
0.983099207
0.968994766
0.955210242
0.939366613
0.880527636
0.650986082
0.225693811
0.999999988
0.999999808
0.999999783
1.00000105
1.00000261
1.00000059
0.999992112
0.999981951
0.999985539
1.00002069
1.00008648
1.00014037
1.00009615
0.999865254
0.999441638
0.998993015
0.998888847
0.999598795
1.00145072
1.00432899
1.00747038
1.0095156
1.00887451
1.00429942
0.995427379
0.983035587
0.968886314
0.955106038
0.940270545
0.886979341
0.664656615
0.232389798
0.999999993
0.999999805
0.999999776
1.00000107
1.00000264
1.00000053
0.999991869
0.999981716
0.999985902
1.00002228
1.000089
1.00014162
1.0000923
0.99985319
0.999422994
0.998977297
0.998892344
0.999637634
1.00153033
1.00443587
1.00757235
1.00957247
1.00885444
1.00419184
0.995244629
0.982801946
0.968621338
0.954861815
0.940920405
0.89290007
0.678280317
0.239527544
0.999999997
0.999999802
0.999999774
1.00000111
1.00000267
1.00000036
0.999991395
0.999981346
0.999986737
1.00002533
1.00009344
1.00014325
1.00008432
0.999830779
0.999390269
0.998952312
0.998904278
0.999713772
1.00167724
1.00462531
1.0077426
1.0096486
1.00877902
1.00395005
0.994869294
0.982355096
0.968162488
0.95445289
0.941300725
0.898268566
0.691754455
0.247061504
1
0.999999797
0.999999779
1.00000118
1.00000271
1.00000007
0.999990638
0.999980862
0.99998827
1.00003028
1.00010012
1.00014473
1.00007022
0.999794672
0.999340426
0.998918339
0.998931349
0.999841575
1.00191118
1.00491628
1.00799127
1.00973827
1.00862365
1.00353285
0.994250238
0.981642625
0.967464282
0.953850644
0.941412204
0.903053223
0.70493286
0.254959003
1.00000001
0.999999791
0.999999791
1.00000128
1.00000275
0.999999593
0.999989544
0.999980343
0.999990872
1.0000377
1.00010921
1.0001449
1.00004685
0.999740537
0.999270713
0.998878355
0.998985733
1.00004248
1.00225785
1.00532949
1.00832386
1.00982481
1.00834882
1.00288361
0.993323515
0.980603484
0.96647643
0.953023065
0.941252464
0.907239899
0.717679648
0.26316081
1.00000001
0.999999783
0.999999814
1.00000142
1.00000276
0.999998873
0.999988067
0.99997997
0.999995118
1.00004829
1.00012055
1.00014141
1.00000922
0.999662631
0.999179288
0.998840278
0.99908857
1.00034836
1.00275032
1.00588548
1.00873593
1.00987318
1.00789237
1.00192402
0.992008333
0.979165984
0.965143188
0.951935442
0.940819746
0.910825051
0.729864332
0.27158747
1.00000002
0.999999773
0.999999851
1.0000016
1.00000271
0.999997821
0.999986194
0.999980095
1.00000186
1.00006279
1.00013321
1.00012997
0.999949913
0.999554306
0.999067744
0.998821399
0.999274897
1.00080459
1.00342808
1.0065986
1.00920293
1.00981801
1.00715877
1.00054654
0.990203356
0.977247289
0.963404677
0.950551911
0.940112383
0.913816473
0.741368279
0.280139662
1.00000002
0.999999762
0.999999906
1.00000182
1.00000256
0.999996333
0.999983988
0.999981335
1.00001223
1.00008165
1.00014462
1.00010332
0.999858905
0.999410212
0.998946208
0.99885536
0.999599734
1.00147171
1.00433152
1.00746427
1.00966292
1.00954603
1.00600503
0.998605928
0.987783595
0.974753955
0.961199068
0.948837777
0.939129845
0.916232036
0.752087922
0.288701092
1.00000002
0.99999975
0.999999984
1.00000208
1.00000223
0.999994305
0.999981668
0.99998468
1.0000276
1.00010445
1.00014938
1.00005012
0.999724285
0.999230478
0.998841458
0.999001845
1.00014436
1.00242291
1.0054881
1.00843564
1.00998929
1.00887152
1.00422351
0.995910582
0.984598688
0.971584106
0.958465913
0.94676239
0.937873823
0.918097548
0.761933787
0.29713829
1.00000002
0.999999739
1.00000009
1.00000236
1.00000162
0.999991663
0.99997971
0.999991572
1.00004924
1.00012874
1.00013752
0.999954407
0.999535677
0.99903011
0.998810669
0.999358517
1.00101792
1.00372896
1.00688045
1.00938163
1.00994925
1.00750436
1.00152401
0.992217466
0.980475929
0.967633535
0.955151883
0.944303197
0.936350078
0.919445084
0.770829239
0.305301495
1.00000002
0.999999731
1.00000023
1.00000263
1.0000006
0.999988422
0.999978977
1.00000387
1.00007752
1.00014815
1.00009284
0.999797391
0.999293395
0.998855984
0.998960038
1.0000692
1.00234302
1.00541649
1.00838389
1.01001914
1.00914732
1.0050154
0.99752178
0.987236432
0.975232048
0.9628078
0.951219639
0.941451014
0.934570809
0.92031158
0.778708302
0.313025458
1.00000001
0.999999727
1.00000039
1.00000285
0.999999051
0.999984769
0.999980828
1.00002355
1.00011049
1.0001501
0.999992555
0.999564651
0.999026772
0.998811914
0.999461731
1.00131291
1.0042038
1.00737861
1.00966017
1.00981752
1.00696209
1.00081199
0.991744353
0.980653482
0.96869901
0.957042358
0.946660199
0.93821633
0.932557304
0.920737556
0.785512142
0.320127342
1.00000001
0.999999729
1.00000059
1.00000295
0.999996869
0.999981167
0.999987124
1.00005189
1.00014163
1.00011376
0.999811403
0.999263262
0.998823985
0.999085608
1.00054955
1.00324232
1.00652257
1.00921439
1.01000316
1.00789073
1.00250323
0.994152442
0.983679439
0.972186187
0.960769577
0.950332152
0.941508511
0.934636075
0.930342498
0.920766105
0.791187713
0.326413962
1.00000001
0.999999739
1.00000081
1.00000288
0.999994019
0.99997844
1.00000001
1.00008807
1.00015733
1.00001081
0.999534627
0.998952443
0.998868007
0.999954358
1.00245117
1.00582218
1.00882942
1.00999356
1.00816915
1.00293408
0.994650442
0.98424891
0.972894492
0.961685051
0.951465976
0.942769573
0.935860399
0.930779637
0.927972873
0.920442483
0.795705533
0.331814765
1
0.999999756
1.00000103
1.00000256
0.999990582
0.999977785
1.00002132
1.00012725
1.00013537
0.999812473
0.999184128
0.99878428
0.99945479
1.00171886
1.00519195
1.00851981
1.00992734
1.00801346
1.00230676
0.993332678
0.982279319
0.970524836
0.959257494
0.949286608
0.941027126
0.934584632
0.929886476
0.926751787
0.925508273
0.919796816
0.798872851
0.335837659
1
0.999999781
1.00000125
1.00000195
0.999986801
0.999980656
1.00005167
1.00015865
1.00004688
0.999506917
0.998856564
0.999033497
1.00094064
1.00449006
1.0082154
1.00986919
1.0075835
1.00076807
0.990233353
0.977647999
0.964802501
0.953079202
0.94326127
0.935600022
0.929994927
0.926174334
0.923836811
0.922690918
0.923020794
0.918874258
0.800667929
0.338342804
0.999999998
0.999999813
1.00000144
1.00000101
0.999983082
0.999988467
1.00008924
1.00016504
0.999864457
0.999127125
0.998757872
1.00006886
1.00354419
1.00777718
1.00987542
1.007134
0.998625675
0.985561139
0.970416264
0.955689653
0.943082837
0.933318024
0.926378097
0.921861405
0.919254844
0.918095704
0.918023309
0.918755478
0.920585502
0.917704955
0.801046936
0.339258011
0.999999995
0.99999985
1.00000158
0.999999782
0.999979952
1.00000214
1.00012901
1.00012515
0.999577626
0.998779958
0.999198311
1.00220352
1.00696548
1.0099736
1.00713335
0.996635014
0.980090215
0.96127065
0.943880115
0.93011202
0.92049305
0.9144977
0.911243137
0.909930061
0.909964554
0.910991198
0.912787135
0.915129941
0.918310932
0.916303024
0.799720188
0.338127089
0.999999994
0.999999891
1.00000167
0.999998327
0.999977951
1.00002161
1.00016283
1.00002007
0.999211073
0.998653306
1.00050203
1.00540314
1.00994885
1.00815154
0.996162137
0.975518445
0.951915224
0.931216442
0.916476026
0.907716485
0.903342305
0.90161468
0.901337935
0.901972853
0.903414739
0.905630885
0.908564499
0.912044139
0.916305286
0.914650886
0.796408857
0.334629263
0.999999992
0.999999932
1.0000017
0.999996759
0.999977491
1.0000456
1.00018127
0.999842449
0.998834329
0.998971593
1.00281714
1.00897416
1.01020657
0.99888269
0.974559194
0.945096776
0.920308038
0.905315544
0.89930836
0.898506131
0.899330844
0.899933973
0.900027436
0.900080755
0.900772453
0.902585414
0.905630001
0.90964999
0.914657047
0.91267456
0.790673811
0.328359108
0.999999992
0.99999997
1.00000167
0.999995203
0.99997871
1.00007166
1.00017689
0.999604457
0.998547687
0.999887597
1.00590634
1.01155993
1.00529618
0.98053582
0.944664336
0.913619072
0.898099806
0.897273786
0.903745098
0.910255659
0.913097449
0.912059491
0.908497937
0.90455094
0.902021102
0.901829574
0.904022013
0.908028024
0.913424119
0.910203861
0.781874466
0.318861235
0.999999992
1
1.0000016
0.999993777
0.9999814
1.00009682
1.00014803
0.999338897
0.998437553
1.00134777
1.00910613
1.01180915
0.994604943
0.956062168
0.914951115
0.893562402
0.896919494
0.913378448
0.930131392
0.93961622
0.940245835
0.933347631
0.922812148
0.912655635
0.905586169
0.90263752
0.90351598
0.907190144
0.912665948
0.906865395
0.768897356
0.305471004
0.999999992
1.00000003
1.0000015
0.999992566
0.999985011
1.00011842
1.00010131
0.999090542
0.998516919
1.00301955
1.01161302
1.00961883
0.981300719
0.933404884
0.895499018
0.890766546
0.91290223
0.939903346
0.959817823
0.968462847
0.964410716
0.951093785
0.934394997
0.919333833
0.908867063
0.903882584
0.903772923
0.907111438
0.912194674
0.901908365
0.749892201
0.28694378
0.999999992
1.00000005
1.0000014
0.999991617
0.999988746
1.00013471
1.00005148
0.998902321
0.998690843
1.0043572
1.01295837
1.00694838
0.972020395
0.921530975
0.889542816
0.895205641
0.923746186
0.95027922
0.967833733
0.974850827
0.967149865
0.952503403
0.935171458
0.919931501
0.909498062
0.904582855
0.904459754
0.907850842
0.912461034
0.893367846
0.721250912
0.263728575
0.999999993
1.00000007
1.00000131
0.999990965
0.999991612
1.00014466
1.00001882
0.998808315
0.998788137
1.00477479
1.01314765
1.00682887
0.97331999
0.925519453
0.893152962
0.892350859
0.912754763
0.934344191
0.947243695
0.951580186
0.94777637
0.937830365
0.925915528
0.915359065
0.908207108
0.905133789
0.90613154
0.910872007
0.913533399
0.874978232
0.675358104
0.234676688
0.999999993
1.00000008
1.00000126
0.999990654
0.99999255
1.00014677
1.00002557
0.998846171
0.998663473
1.00376749
1.01205765
1.01068078
0.987374328
0.94630112
0.907426432
0.888741541
0.891836141
0.904852624
0.915348074
0.91860888
0.916857987
0.913397743
0.908621953
0.904802644
0.903251436
0.905115656
0.91068187
0.916869972
0.907384207
0.832231556
0.60293899
0.197657501
0.999999993
1.00000008
1.00000126
0.999990903
0.99999017
1.00013461
1.00009985
0.999105661
0.998293315
1.00130095
1.00894669
1.01436702
1.00700955
0.982330338
0.94659304
0.912326153
0.889930536
0.882869438
0.888364661
0.900658016
0.913820798
0.923606739
0.929568396
0.93201301
0.935566164
0.938017506
0.935656068
0.918189045
0.863220127
0.732565191
0.487946535
0.149443383
0.999999993
1.00000007
1.00000132
0.99999263
0.999981354
1.00009771
1.00020498
0.999580928
0.99832307
0.998679214
1.00313246
1.010843
1.01689499
1.01532105
1.00274668
0.97968061
0.949315648
0.915532173
0.881534336
0.849440329
0.820457223
0.795190473
0.773705486
0.754568695
0.732812232
0.706887217
0.672507545
0.622592567
0.546142128
0.429894772
0.266749473
0.0775311763
0.999999993
1.00000002
1.00000139
0.999996346
0.99997461
1.00003498
1.00022522
1.00010727
0.999163149
0.99789529
0.997954194
1.00091667
1.00706509
1.01524644
1.02361242
1.03044384
1.0345535
1.03525558
1.03211849
1.02468624
1.01224177
0.993610858
0.966986354
0.929768695
0.878464409
0.808807296
0.716508134
0.598725461
0.456854235
0.300456361
0.150499435
0.0337378501
0.999999995
0.999999951
1.0000011
1.00000089
0.999979358
0.999974208
1.00010632
1.0003118
1.00020626
0.999433941
0.998070401
0.996626878
0.99574995
0.995941714
0.99746617
1.00040586
1.00476662
1.01056016
1.01784062
1.02669241
1.03716217
1.04910655
1.06189822
1.07389715
1.08157012
1.07817956
1.05217604
0.986047986
0.857679763
0.648346915
0.363908163
0.0734694552
0.999999999
0.999999927
1.00000037
1.00000324
0.999995159
0.999962384
0.999962432
1.00008787
1.00033241
1.00055992
1.00059961
1.00034202
0.999766132
0.998915554
0.997865325
0.9967033
0.9955315
0.994485266
0.993768841
0.99370873
0.994825493
0.997913448
1.00408429
1.01465531
1.03061688
1.05118835
1.07074433
1.07347476
1.02667596
0.878128579
0.574102738
0.13766366
1
0.99999997
0.99999978
1.00000161
1.00000566
0.999995827
0.999959066
0.999916401
0.999910035
0.999969472
1.00009719
1.00027526
1.0004769
1.00067344
1.0008354
1.00092985
1.00091638
1.00074379
1.0003514
0.999682484
0.998726525
0.997620078
0.996847943
0.997570268
1.00199381
1.01336259
1.03443005
1.06206298
1.07488219
1.01394802
0.770911595
0.251171338
1
1.00000001
0.999999871
0.99999944
1.0000015
1.0000081
1.00001328
1.00000767
0.999987054
0.999954069
0.999914977
0.999876697
0.999845624
0.999827741
0.999829132
0.999856249
0.999915317
1.00000978
1.00013391
1.0002597
1.00031519
1.00016023
0.999594737
0.99849884
0.997297382
0.997925353
1.0049809
1.02494546
1.05749161
1.06910134
0.942764151
0.446253104
1
0.999999998
1.00000005
1.00000001
0.999999147
0.99999787
0.999998058
1.00000107
1.00000676
1.00001399
1.00002138
1.00002769
1.00003181
1.00003267
1.00002915
1.00002014
1.0000048
0.999983611
0.999960519
0.999946839
0.999965554
1.00004802
1.00020174
1.00032238
1.00008975
0.99912652
0.998030069
1.00054288
1.01467064
1.04431071
1.04582446
0.770400675
)
;

boundaryField
{
    inner_wall
    {
        type            zeroGradient;
    }
    outer_wall
    {
        type            fixedValue;
        value           uniform 0;
    }
    top
    {
        type            fixedValue;
        value           uniform 1;
    }
    bottom
    {
        type            inletOutlet;
        inletValue      uniform 0;
        value           nonuniform List<scalar> 
32
(
0
0
0
0
0
0
0
0
0
0
0.0131261151
-0.00295746999
-0.0293765161
-0.0502926541
-0.0165474178
0.14237705
0.43325659
0.746515059
0.959200579
1.03537008
1.02864223
1.00650612
0.99730388
0.998051272
1.00144035
1.00489434
1.00595436
1.00123334
0.985085787
0.920236971
0.710973265
0.280012472
)
;
    }
    front
    {
        type            wedge;
    }
    back
    {
        type            wedge;
    }
}


// ************************************************************************* //
