/*--------------------------------*- C++ -*----------------------------------*\
| =========                 |                                                 |
| \\      /  F ield         | OpenFOAM: The Open Source CFD Toolbox           |
|  \\    /   O peration     | Version:  2506                                  |
|   \\  /    A nd           | Website:  www.openfoam.com                      |
|    \\/     M anipulation  |                                                 |
\*---------------------------------------------------------------------------*/
FoamFile
{
    version     2.0;
    format      ascii;
    arch        "LSB;label=32;scalar=64";
    class       volScalarField;
    location    "180";
    object      C;
}
// * * * * * * * * * * * * * * * * * * * * * * * * * * * * * * * * * * * * * //

dimensions      [0 0 0 0 0 0 0];

internalField   nonuniform List<scalar> 
3072
(
2.59173096e-09
-3.56763567e-07
-1.15200876e-06
2.27905092e-05
5.90655868e-05
-0.000115803775
-0.000755498333
-0.00176151678
-0.00291850601
-0.00446799866
-0.00757218874
-0.0179803532
-0.0372766852
-0.0523769322
-0.0158112638
0.143499941
0.433810878
0.746601294
0.959138912
1.03533297
1.02864406
1.00650259
0.997254193
0.9979859
1.001563
1.00554311
1.00710836
1.00142748
0.980114188
0.903650105
0.682921486
0.263733093
-2.49221939e-09
3.34943883e-07
1.18834501e-05
-2.46807002e-05
-0.000273280057
-0.000329880459
0.00105712387
0.00448384751
0.00855240297
0.0105451171
0.00752705987
-0.00286680003
-0.0253787656
-0.0513837866
-0.0241040953
0.140461295
0.444244131
0.764512969
0.971445777
1.03740074
1.02571342
1.00429333
0.996916394
0.998352605
1.00195138
1.00585278
1.00710667
1.00081329
0.978608138
0.900346284
0.677792311
0.259689032
9.68358657e-09
2.80733679e-06
-5.49467999e-06
-0.000181265894
-0.000162308715
0.00200734744
0.00758434759
0.013995513
0.017392777
0.0172367134
0.0150955324
0.00796337527
-0.0138463828
-0.0485280439
-0.0309135081
0.135362302
0.447562727
0.772888323
0.977109711
1.0378191
1.02399754
1.00329109
0.996867767
0.998559879
1.0021391
1.0059995
1.00709019
1.00052804
0.978081658
0.899703923
0.678088543
0.262562481
1.44722548e-08
3.75696286e-06
-2.82109117e-05
-0.000286498547
0.000286283155
0.00468575326
0.0125482157
0.01827652
0.0190865359
0.018186308
0.0160043589
0.0131492481
-0.00582073688
-0.0461788488
-0.0327545261
0.140612201
0.462867483
0.790058196
0.986095675
1.03814479
1.0215396
1.00199122
0.996826966
0.998825748
1.00237881
1.00618446
1.00706487
1.00016856
0.977407747
0.898730256
0.677673974
0.265086015
9.05040355e-11
4.18514249e-06
-3.048321e-05
-0.000306816683
0.000369569397
0.00533696356
0.013972494
0.0196893113
0.0205628157
0.0193365121
0.0150344188
0.013031664
-0.00699626846
-0.0475569454
-0.0229919888
0.16984839
0.503817306
0.822435038
0.999022689
1.03746327
1.01801075
1.00051866
0.99690018
0.999164632
1.00266837
1.00639983
1.00700428
0.999702335
0.976539266
0.897401814
0.676886557
0.268071439
-1.09125401e-07
4.61608485e-06
-2.13552547e-05
-0.00029726872
0.000109339406
0.00406634418
0.0113788046
0.0169062705
0.0190958817
0.016722055
0.0133742235
0.00970368721
-0.0159048607
-0.0505119926
0.00558482563
0.23719338
0.581154018
0.873846397
1.01541173
1.03465384
1.01298197
0.998873296
0.997150529
0.99962725
1.00306515
1.00668325
1.00687092
0.99898366
0.975134481
0.894884392
0.674218037
0.269868133
-3.39944608e-08
5.05918891e-06
-6.10044258e-06
-0.000253488306
-0.000209164308
0.00206961391
0.00673726302
0.0107974835
0.012289519
0.0103797378
0.00936677417
0.000943381363
-0.0317630472
-0.0435542292
0.07339428
0.356431908
0.695351121
0.937452934
1.02977386
1.02818114
1.00688559
0.997509297
0.99767424
1.00021646
1.00359687
1.00703853
1.00660131
0.997885061
0.972948262
0.890666443
0.668953534
0.269812894
-1.09587564e-06
3.63894498e-06
7.87462534e-06
-0.000179849767
-0.000362796729
0.000502582836
0.00261698431
0.00469387157
0.00500425391
0.00490751662
0.00325449574
-0.016725351
-0.0443787778
0.00370578512
0.208984764
0.532140034
0.830596336
0.996080792
1.03455365
1.01788546
1.00115568
0.996995564
0.998463757
1.00090499
1.00428512
1.007438
1.0060994
0.996270884
0.969746301
0.884294434
0.660506167
0.267359373
3.16934271e-06
7.32909353e-06
2.35012738e-05
-8.98731891e-05
-0.000315401802
-0.000218330548
0.000346725206
0.000875114557
0.00113043597
0.00130577203
-0.0114014427
-0.0369607255
-0.0145339763
0.140900809
0.430340622
0.742120993
0.952729602
1.02972107
1.02630109
1.00651537
0.997638735
0.997538307
0.999355218
1.00168003
1.00514441
1.00780287
1.0052308
0.994002242
0.965310799
0.87541567
0.648575281
0.262310825
-1.92100283e-05
-1.89625182e-05
-6.1767939e-08
-4.57110134e-05
-0.000198004585
-0.000325539427
-0.000328580519
-0.000392712753
-0.000130690066
-0.0109437416
-0.0312905776
-0.00776312128
0.134610265
0.40333107
0.706387608
0.928064754
1.02334856
1.0302561
1.01066174
0.998734859
0.997149216
0.998644814
1.00015158
1.00260395
1.00616021
1.0079869
1.00383041
0.99094113
0.959423196
0.863740501
0.633064256
0.254710643
9.70147153e-05
0.000106409056
0.000132264992
0.000112337797
4.19988484e-05
-9.28648827e-05
-0.000167397863
-0.000214223442
-0.0123136644
-0.0238251962
0.0229330459
0.18581831
0.453605166
0.737393231
0.939477139
1.02565933
1.03116702
1.01154993
0.998971034
0.996973995
0.998452683
0.999521713
1.00088978
1.00379683
1.0072324
1.00777404
1.00172749
0.986961374
0.951860043
0.849046939
0.614075496
0.24480776
-0.000544906318
-0.000596406485
-0.000616865003
-0.00048356933
-0.000441581159
-1.19732938e-06
-0.00109524495
-0.0132350013
0.00215581036
0.103934605
0.314156712
0.586072291
0.831614057
0.983705172
1.03572515
1.02850418
1.00825776
0.997718841
0.996899996
0.998664437
0.999442989
0.999976897
1.00189231
1.00528954
1.00813147
1.0069125
0.998785375
0.981959414
0.942399546
0.831208635
0.591909832
0.233006762
0.0033202954
0.00362464197
0.00374995409
0.00251669172
0.00163881933
-0.00363160095
0.0122399753
0.108004383
0.300740473
0.552471376
0.792219808
0.958672206
1.03288519
1.0390972
1.01856943
1.00130471
0.995887337
0.99734465
0.999291568
0.99963377
0.99953729
1.00062058
1.00340529
1.00688326
1.00853533
1.0051843
0.994940977
0.975860253
0.930846419
0.810251721
0.567080311
0.219826424
-0.024318044
-0.0268851108
-0.0268571373
-0.00571861845
0.0709980512
0.226333035
0.445374205
0.678657089
0.873841673
0.997661053
1.04697094
1.04430438
1.02144827
1.0022183
0.994861798
0.995901354
0.998853288
1.00015056
0.999795543
0.999268955
0.999821176
1.00195292
1.0052676
1.00820772
1.0081406
1.0024781
0.990226934
0.968620628
0.9170832
0.786430973
0.54032053
0.205857253
0.32839446
0.422991348
0.559343447
0.719878324
0.865025354
0.975935057
1.04275487
1.06612447
1.05714171
1.03288697
1.00935274
0.995635031
0.99248232
0.995321801
0.998970245
1.00072401
1.00056276
0.999651802
0.999039736
0.999346529
1.0009293
1.00378004
1.00707531
1.00890904
1.00676422
0.998834244
0.984769051
0.960240319
0.901152129
0.760306019
0.512571137
0.191716847
1.02866544
1.04565122
1.0525323
1.04866236
1.03676821
1.0207549
1.00511531
0.993766895
0.988721629
0.98946265
0.993516868
0.997928012
1.00072128
1.00149578
1.00097102
1.00007349
0.999341701
0.998961887
0.999129523
1.00021844
1.00251491
1.00569869
1.00848128
1.0087563
1.00439965
0.994452215
0.97876329
0.950795825
0.883355997
0.732785281
0.484929672
0.178003087
0.996109431
0.993354587
0.99144264
0.990971524
0.991964788
0.994151873
0.996971762
0.999673925
1.00156884
1.00231083
1.0020324
1.00122364
1.0004205
0.999908129
0.999639045
0.999407652
0.999137324
0.999064649
0.999679935
1.00142578
1.00428041
1.00742849
1.00923782
1.00768854
1.00124074
0.989652587
0.97244735
0.940500948
0.864341557
0.705100332
0.45855898
0.165248823
1.00067368
1.00117645
1.00159272
1.00178963
1.00172855
1.00141561
1.00091157
1.000337
0.999846261
0.999570936
0.999557159
0.999733291
0.999932928
0.999971158
0.99974671
0.999332337
0.999015353
0.999249249
1.00048374
1.00288151
1.00601434
1.00871284
1.009242
1.00586211
0.997640127
0.984800331
0.966089332
0.929771469
0.845109538
0.678686626
0.434564621
0.153883655
0.999869631
0.999769808
0.999680553
0.999629745
0.999625807
0.999668564
0.999751073
0.999861374
0.999985015
1.00010541
1.0001987
1.00022515
1.00012884
0.999862675
0.999447467
0.999045036
0.99899046
0.999716196
1.00153864
1.00436334
1.00745352
1.00943157
1.00860854
1.0036003
0.994001309
0.98023308
0.959996762
0.919241226
0.826905735
0.654981256
0.413866467
0.144208154
1.00002666
1.00004773
1.00006814
1.00008187
1.00008427
1.00007134
1.00004522
1.00001903
1.00001371
1.00004277
1.00008984
1.00009539
0.999973437
0.999669714
0.999246231
0.998945273
0.999169072
1.00033202
1.00260468
1.00564865
1.00849045
1.00965691
1.007594
1.0012701
0.990677734
0.976223273
0.954514767
0.909681935
0.810998718
0.635190009
0.397095766
0.136383653
0.999994126
0.999989606
0.99998592
0.999984116
0.99998184
0.999976319
0.999970751
0.999977843
1.00001315
1.00007675
1.00013251
1.0001047
0.999910877
0.999532913
0.999098526
0.998917879
0.999417588
1.00095172
1.00353938
1.00664664
1.00914968
1.00955984
1.00648299
0.999181909
0.98791606
0.972963265
0.949981828
0.901833225
0.79841591
0.620097794
0.384542255
0.130437821
1.00000113
1.00000228
1.00000406
1.0000059
1.00000441
0.999996568
0.999987074
0.9999915
1.00002669
1.00008874
1.00013194
1.00007198
0.999830789
0.999417306
0.99900532
0.998947426
0.999674372
1.0014795
1.00426064
1.00734589
1.00952447
1.00932839
1.00550529
0.99753517
0.985841549
0.970556603
0.946650219
0.896214351
0.789741533
0.609980981
0.376159876
0.126283723
0.999999579
0.999999444
1.00000003
1.000001
0.999998898
0.999990813
0.999982473
0.999990784
1.00003209
1.00009791
1.00013459
1.0000522
0.999778149
0.999343226
0.998954297
0.998990196
0.999877341
1.00185985
1.00475023
1.00778908
1.00972056
1.00910574
1.00479578
0.996411901
0.984472496
0.969012395
0.944615921
0.893008189
0.785049863
0.604636695
0.371622872
0.123748502
0.999999925
1.00000009
1.00000097
1.00000215
0.999999997
0.999991597
0.999983201
0.999992551
1.00003592
1.00010248
1.00013431
1.0000386
0.999746291
0.999301142
0.998928846
0.999021971
1.00000212
1.00208309
1.0050285
1.00803212
1.00981813
1.00896959
1.004398
0.995800615
0.98374761
0.968252221
0.943800975
0.892063136
0.783978064
0.603499742
0.370411132
0.122605084
0.999999844
0.99999993
1.00000074
1.0000019
0.999999732
0.999991274
0.999982882
0.999992596
1.0000368
1.00010397
1.00013454
1.00003435
0.999735271
0.999285829
0.998918996
0.99903281
1.00004727
1.00216493
1.00513159
1.00812493
1.00986387
1.00894126
1.00428985
0.995630567
0.983557017
0.968133765
0.94399298
0.892993091
0.785889952
0.605799128
0.371900722
0.122602233
0.999999862
0.999999953
1.00000077
1.00000198
0.999999934
0.999991553
0.999982934
0.999992059
1.00003571
1.00010305
1.00013517
1.0000376
0.999740777
0.999290983
0.998919314
0.999023509
1.00002575
1.00213337
1.00509879
1.00810628
1.00987868
1.00900706
1.00441397
0.995803103
0.98376773
0.9684765
0.944907041
0.895321281
0.790074687
0.61070468
0.375419432
0.123473169
0.999999858
0.999999931
1.00000071
1.00000196
1.00000015
0.999991989
0.999983031
0.999990857
1.00003285
1.00010014
1.00013612
1.00004681
0.999759189
0.999312006
0.998927589
0.998999242
0.999954479
1.00201763
1.00496576
1.00800596
1.009871
1.00914109
1.00470452
0.996212946
0.984233143
0.969084224
0.946262032
0.898599608
0.795846785
0.617410677
0.380334273
0.124962892
0.999999861
0.999999918
1.00000065
1.00000195
1.00000042
0.99999258
0.999983257
0.9999894
1.00002903
1.00009586
1.00013677
1.00005908
0.99978544
0.999343732
0.998942849
0.998968354
0.999854339
1.00184947
1.00476707
1.00784823
1.00984058
1.00930873
1.00509273
0.996771862
0.984865965
0.969849647
0.947824665
0.902346223
0.80252075
0.625244947
0.386169301
0.126885909
0.999999863
0.999999904
1.00000059
1.00000192
1.0000007
0.999993236
0.99998359
0.999987913
1.00002477
1.00009073
1.00013676
1.0000722
0.999815308
0.999381644
0.998963991
0.998937609
0.999742725
1.00165545
1.00453173
1.00765365
1.00978799
1.0094827
1.00552316
0.997405456
0.985585922
0.970678767
0.949421795
0.906212583
0.809571752
0.633655401
0.392514017
0.129076067
0.999999865
0.999999893
1.00000053
1.00000189
1.00000095
0.999993906
0.999984012
0.999986558
1.00002052
1.00008521
1.00013596
1.0000846
0.999845527
0.99942192
0.998989411
0.998911201
0.999632168
1.00145588
1.00428301
1.0074402
1.00971663
1.00964497
1.00595512
0.998057115
0.986333152
0.971508828
0.950942145
0.909957003
0.816614276
0.642226729
0.399055697
0.131403148
0.999999868
0.999999883
1.00000047
1.00000185
1.00000118
0.999994545
0.999984488
0.999985411
1.00001653
1.0000797
1.00013447
1.00009545
0.999873953
0.999461629
0.999017195
0.99889087
0.999530327
1.00126464
1.00403819
1.00722285
1.00963223
1.00978632
1.0063623
0.998686851
0.987063546
0.972298601
0.952324435
0.913435457
0.823392608
0.650666424
0.405566923
0.133768227
0.99999987
0.999999874
1.00000041
1.0000018
1.00000137
0.99999513
0.999984983
0.999984487
1.00001296
1.00007446
1.00013249
1.00010454
0.999899556
0.999498938
0.999045554
0.998876591
0.999440832
1.00108989
1.00380886
1.00701315
1.00954149
1.00990408
1.00673017
0.999269268
0.987747283
0.973023479
0.953542741
0.916577133
0.829755612
0.658786681
0.411895852
0.136101356
0.999999873
0.999999868
1.00000037
1.00000176
1.00000153
0.999995645
0.999985464
0.99998377
1.00000988
1.00006969
1.00013025
1.00011189
0.999921858
0.999532686
0.999072953
0.998867446
0.999364768
1.00093579
1.00360211
1.0068194
1.00945087
1.00999958
1.00705259
0.999790288
0.988365884
0.973670143
0.954593222
0.919361431
0.835629934
0.666481157
0.417950863
0.138356361
0.999999875
0.999999862
1.00000033
1.00000172
1.00000166
0.999996083
0.999985907
0.999983229
1.0000073
1.00006552
1.00012797
1.00011765
0.999940658
0.99956212
0.999098142
0.998862173
0.999301774
1.00080384
1.0034217
1.00664702
1.0093658
1.01007617
1.00732884
1.00024401
0.988909624
0.974232935
0.955484367
0.921798886
0.840996133
0.673703678
0.423686263
0.140505598
0.999999877
0.999999857
1.00000029
1.00000168
1.00000176
0.999996447
0.999986293
0.999982826
1.00000519
1.00006199
1.00012585
1.00012208
0.999956104
0.999586999
0.9991203
0.998859489
0.999250628
1.00069367
1.00326882
1.00649893
1.00929034
1.01013784
1.00756151
1.00063025
0.989375415
0.974711533
0.956230842
0.923917754
0.845870628
0.680451532
0.429090941
0.142535827
0.999999879
0.999999853
1.00000026
1.00000165
1.00000185
0.99999674
0.999986614
0.999982526
1.00000351
1.00005911
1.000124
1.00012546
0.999968491
0.999607386
0.999138973
0.998858288
0.999209771
1.00060382
1.00314288
1.00637597
1.009227
1.01018842
1.00775492
1.00095255
0.989765037
0.975109409
0.956849826
0.925754934
0.850292309
0.686752417
0.434179201
0.144444656
0.999999881
0.999999848
1.00000024
1.00000163
1.00000191
0.99999697
0.999986869
0.999982299
1.0000022
1.00005683
1.00012248
1.00012804
0.999978224
0.999623603
0.999154056
0.998857728
0.999177537
1.00053214
1.00304192
1.00627736
1.00917686
1.01023119
1.00791424
1.00121691
0.990083843
0.975432866
0.957359126
0.927350495
0.854313612
0.692655478
0.438984507
0.146238271
0.999999883
0.999999844
1.00000022
1.00000162
1.00000196
0.999997147
0.999987061
0.999982121
1.00000119
1.00005507
1.0001213
1.00013001
0.999985741
0.999636165
0.99916576
0.998857245
0.999152285
1.00047601
1.00296305
1.00620096
1.00913973
1.01026872
1.00804493
1.00143087
0.990339718
0.97569031
0.957776191
0.928744302
0.85799419
0.698224479
0.443554574
0.147929671
0.999999884
0.999999841
1.00000021
1.00000161
1.00000201
0.999997279
0.999987198
0.999981976
1.00000043
1.00005376
1.00012045
1.00013155
0.999991466
0.999645661
0.999174485
0.998856518
0.99913252
1.00043271
1.00290284
1.00614377
1.00911448
1.01030289
1.0081524
1.00160274
0.990542158
0.975891548
0.958117541
0.929973878
0.861396068
0.703532026
0.447946976
0.149536917
0.999999886
0.999999837
1.00000019
1.0000016
1.00000204
0.999997378
0.999987289
0.999981853
0.999999852
1.00005281
1.00011988
1.00013279
0.999995801
0.999652707
0.999180744
0.998855417
0.999116919
1.00039951
1.0028576
1.00610229
1.00909927
1.01033502
1.0082418
1.00174112
0.990701519
0.976047179
0.958398459
0.931073176
0.864580136
0.708654977
0.452225587
0.151081667
0.999999887
0.999999833
1.00000018
1.0000016
1.00000207
0.999997451
0.999987347
0.999981742
0.999999416
1.00005213
1.00011953
1.00013382
0.999999119
0.999657923
0.999185115
0.998853942
0.999104317
1.0003738
1.0028236
1.00607274
1.00909189
1.01036596
1.00831795
1.00185454
0.990828456
0.976168088
0.958632832
0.932071966
0.867603695
0.713670914
0.456457822
0.152588097
0.999999889
0.999999828
1.00000018
1.0000016
1.0000021
0.999997508
0.999987381
0.99998164
0.999999069
1.00005162
1.00011932
1.00013471
1.00000176
0.99966191
0.999188202
0.998852179
0.999093689
1.0003531
1.00279719
1.00605129
1.00908989
1.01039621
1.00838528
1.00195122
0.990933506
0.976265053
0.95883309
0.93299559
0.870518793
0.71865548
0.460712528
0.154082118
0.999999891
0.999999824
1.00000017
1.0000016
1.00000213
0.999997557
0.999987404
0.999981541
0.999998769
1.0000512
1.00011919
1.00013554
1.00000405
0.999665242
0.999190601
0.998850262
0.999084127
1.00033511
1.00277488
1.00603424
1.00909081
1.0104261
1.00844785
1.00203888
0.991026778
0.976348443
0.959010197
0.933864941
0.873371065
0.72368027
0.465057234
0.155587602
0.999999893
0.99999982
1.00000016
1.0000016
1.00000216
0.999997605
0.999987425
0.999981444
0.999998478
1.0000508
1.00011907
1.00013634
1.00000626
0.999668445
0.999192879
0.998848352
0.999074838
1.00031773
1.00275344
1.00601806
1.00909222
1.01045575
1.00850929
1.00212467
0.991117736
0.976428005
0.959173686
0.934696562
0.876198858
0.728811113
0.46955916
0.157130892
0.999999895
0.999999816
1.00000015
1.0000016
1.00000218
0.999997659
0.999987456
0.999981346
0.99999816
1.00005035
1.0001189
1.00013717
1.00000864
0.999671997
0.999195561
0.998846621
0.999065137
1.00029909
1.00272994
1.0059995
1.00909184
1.01048519
1.00857283
1.00221504
0.991215077
0.976512761
0.959331768
0.935502918
0.879033035
0.734107281
0.474282755
0.158736654
0.999999897
0.999999812
1.00000014
1.0000016
1.00000221
0.999997724
0.999987504
0.999981247
0.999997785
1.00004977
1.00011861
1.00013804
1.00001141
0.999676318
0.999199125
0.998845247
0.99905445
1.00027753
1.00270173
1.00597562
1.00908752
1.01051432
1.00864127
1.00231576
0.991326668
0.976610979
0.959491496
0.936292781
0.881897166
0.739621879
0.479291604
0.160430047
0.9999999
0.999999808
1.00000013
1.0000016
1.00000225
0.999997807
0.999987579
0.999981147
0.999997327
1.00004902
1.00011815
1.00013898
1.00001476
0.999681791
0.999204015
0.998844427
0.999042307
1.00025162
1.00266649
1.00594375
1.00907728
1.01054292
1.00871694
1.00243181
0.991459478
0.976730131
0.959658899
0.937071503
0.884807343
0.74540107
0.484647519
0.162235493
0.999999903
0.999999804
1.00000011
1.00000159
1.00000228
0.999997912
0.999987689
0.999981048
0.999996766
1.00004803
1.00011746
1.00014
1.00001885
0.999688756
0.999210643
0.998844371
0.999028366
1.00022019
1.00262224
1.00590158
1.0090593
1.01057064
1.00880165
1.00256731
0.991619422
0.976876776
0.959839048
0.937841232
0.887771692
0.75148262
0.49041005
0.164177241
0.999999906
0.999999801
1.0000001
1.00000158
1.00000232
0.999998042
0.999987839
0.999980953
0.999996088
1.00004678
1.00011649
1.00014108
1.00002377
0.999697445
0.999219329
0.9988453
0.999012461
1.00018243
1.00256751
1.00584726
1.00903201
1.01059696
1.00889657
1.00272532
0.991811158
0.977056372
0.960036092
0.938601184
0.890790014
0.757894544
0.496636012
0.166280174
0.99999991
0.999999798
1.00000008
1.00000156
1.00000236
0.999998199
0.999988035
0.999980865
0.999995289
1.00004524
1.0001152
1.0001422
1.00002954
0.999707987
0.999230301
0.998847439
0.998994614
1.00013796
1.00250136
1.00577948
1.00899411
1.01062123
1.00900219
1.00290772
0.992037906
0.977273111
0.960253308
0.939348063
0.893853758
0.764653867
0.503377965
0.168568243
0.999999915
0.999999795
1.00000005
1.00000153
1.0000024
0.999998384
0.999988281
0.999980793
0.999994372
1.0000434
1.00011358
1.00014332
1.00003615
0.999720424
0.999243703
0.998851015
0.998975027
1.00008676
1.00242343
1.00569748
1.00894466
1.01064263
1.00911828
1.00311515
0.992301283
0.977529718
0.96049312
0.940076602
0.896946242
0.771765463
0.510683715
0.171065166
0.999999919
0.999999794
1.00000003
1.0000015
1.00000244
0.999998595
0.999988578
0.999980742
0.999993349
1.00004127
1.00011159
1.00014438
1.0000435
0.999734694
0.999259575
0.998856238
0.998954074
1.00002926
1.00233399
1.00560115
1.00888309
1.01066027
1.00924384
1.00334683
0.992601095
0.977827173
0.960757022
0.940780155
0.900043073
0.779220614
0.51859485
0.173794278
0.999999925
0.999999792
1
1.00000146
1.00000248
0.99999883
0.999988925
0.99998072
0.999992242
1.00003887
1.00010924
1.0001453
1.00005146
0.999750622
0.999277836
0.998863277
0.998932282
0.999966296
1.00223397
1.00549116
1.0088094
1.01067325
1.00937715
1.00360049
0.99293508
0.978164333
0.961045352
0.941451321
0.903112861
0.786995386
0.527144729
0.176778219
0.99999993
0.999999792
0.999999976
1.00000142
1.00000252
0.999999083
0.999989318
0.999980736
0.999991078
1.00003625
1.00010654
1.00014604
1.00005982
0.999767921
0.999298254
0.998872212
0.998910298
0.999899185
1.0021251
1.0053691
1.00872433
1.01068082
1.00951574
1.00387223
0.993298614
0.978537464
0.961356905
0.942082567
0.906118365
0.795049008
0.536355849
0.180038263
0.999999936
0.999999792
0.999999947
1.00000137
1.00000256
0.999999349
0.999989749
0.999980793
0.999989896
1.00003348
1.00010356
1.00014652
1.00006834
0.999786145
0.999320384
0.998882972
0.998888861
0.999829711
1.00201002
1.0052377
1.00862955
1.01068256
1.0096565
1.00415638
0.993684426
0.978939738
0.961688376
0.942666797
0.9090183
0.803322761
0.546236906
0.183593364
0.999999943
0.999999794
0.999999917
1.00000131
1.00000259
0.999999619
0.999990206
0.999980892
0.999988735
1.00003064
1.00010038
1.00014673
1.0000767
0.999804671
0.999343511
0.998895257
0.998868726
0.99976012
1.00189232
1.00510096
1.00852797
1.01067864
1.00979583
1.00444558
0.994082458
0.979360863
0.962033755
0.94319782
0.911770012
0.81174019
0.55678038
0.187459452
0.99999995
0.999999796
0.999999887
1.00000125
1.00000261
0.999999884
0.999990671
0.999981029
0.999987637
1.00002784
1.00009712
1.00014665
1.00008459
0.999822758
0.999366682
0.998908501
0.998850555
0.99969298
1.00177645
1.00496419
1.00842381
1.01067001
1.00992985
1.0047309
0.994479935
0.979786936
0.96238375
0.94367058
0.914332892
0.820209148
0.56796127
0.191649617
0.999999956
0.999999798
0.999999858
1.0000012
1.00000262
1.00000013
0.999991124
0.999981192
0.999986643
1.00002521
1.00009397
1.00014635
1.00009171
0.999839589
0.999388717
0.998921835
0.998834834
0.999631058
1.00166761
1.00483394
1.00832269
1.01065861
1.01005469
1.0050021
0.994861521
0.980200463
0.962725264
0.944080954
0.916671915
0.828625091
0.579736405
0.196175191
0.999999963
0.999999802
0.999999831
1.00000114
1.00000264
1.00000036
0.999991541
0.999981362
0.999985787
1.00002288
1.00009111
1.00014593
1.00009778
0.999854296
0.999408265
0.998934115
0.998821811
0.999577167
1.00157159
1.0047179
1.00823164
1.01064748
1.01016665
1.00524781
0.995209472
0.980580447
0.963040944
0.944425011
0.918760767
0.836875199
0.592043963
0.201048129
0.99999997
0.999999805
0.999999807
1.00000109
1.00000264
1.00000055
0.99999189
0.999981511
0.999985102
1.00002099
1.00008878
1.00014554
1.00010255
0.99986595
0.999423804
0.998943933
0.998811523
0.999534224
1.00149479
1.00462491
1.00815909
1.01064075
1.01026216
1.0054554
0.995503469
0.980902256
0.963308675
0.944697701
0.920583875
0.844842279
0.604801657
0.206284123
0.999999977
0.999999807
0.999999787
1.00000106
1.00000265
1.00000069
0.999992138
0.999981607
0.999984619
1.00001972
1.00008728
1.00014537
1.00010576
0.999873482
0.999433551
0.99894961
0.998803923
0.999505477
1.00144451
1.00456525
1.00811502
1.01064359
1.01033755
1.00561062
0.995720114
0.981137203
0.963501041
0.944890959
0.922137003
0.852409241
0.617903987
0.211906766
0.999999983
0.999999808
0.99999977
1.00000103
1.00000267
1.00000077
0.999992247
0.999981611
0.999984374
1.00001925
1.00008689
1.00014561
1.00010706
0.999875681
0.999435511
0.9989493
0.998799044
0.999494714
1.00142917
1.00455069
1.0081109
1.01066196
1.01038859
1.00569699
0.995832297
0.981252029
0.963584865
0.944990867
0.92342542
0.8594681
0.631221874
0.217951942
0.999999989
0.999999808
0.99999976
1.00000103
1.00000269
1.00000078
0.999992184
0.999981494
0.999984409
1.00001974
1.00008789
1.00014642
1.0001061
0.999871309
0.999427715
0.99894127
0.998797197
0.999506291
1.00145814
1.0045943
1.00815943
1.01070241
1.01041026
1.00569541
0.99580864
0.981208373
0.96352031
0.944970574
0.924454328
0.865945505
0.644616922
0.22446854
0.999999995
0.999999805
0.999999754
1.00000105
1.00000271
1.00000071
0.999991936
0.999981243
0.999984758
1.00002136
1.00009052
1.00014784
1.00010231
0.999858906
0.999408075
0.998924049
0.99879959
0.999546082
1.00154254
1.00471053
1.00827383
1.01077077
1.01039549
1.00558314
0.995612114
0.980959707
0.963254546
0.944762724
0.925189209
0.871874613
0.657952871
0.23140485
1
0.999999802
0.999999751
1.00000109
1.00000275
1.00000055
0.99999145
0.999980841
0.999985569
1.00002447
1.00009517
1.00014978
1.00009442
0.999835807
0.999373457
0.998896323
0.998809691
0.999624434
1.00169907
1.00491834
1.0084683
1.01086894
1.01032868
1.00532663
0.995195905
0.980454251
0.962740061
0.944332442
0.925606126
0.877228251
0.671126103
0.238716482
1.00000001
0.999999797
0.999999755
1.00000116
1.0000028
1.00000026
0.999990672
0.999980306
0.99998707
1.00002953
1.0001022
1.00015174
1.00008039
0.999798494
0.999320539
0.998858111
0.998834283
0.999756523
1.00194923
1.00523933
1.00875574
1.01099291
1.01018455
1.00488057
0.994501005
0.979628655
0.96191892
0.943639013
0.925695212
0.881968
0.683991351
0.24637106
1.00000001
0.99999979
0.999999767
1.00000126
1.00000284
0.999999784
0.999989544
0.999979712
0.999989637
1.00003713
1.00011182
1.00015256
1.00005696
0.999742365
0.999246182
0.998812152
0.998885909
0.999965238
1.00232144
1.00569772
1.00914487
1.0111273
1.00992134
1.00418161
0.993452477
0.978407871
0.960725878
0.942636639
0.925442709
0.886072002
0.696412673
0.254310494
1.00000001
0.999999782
0.999999788
1.00000141
1.00000286
0.999999065
0.999988016
0.999979237
0.999993859
1.00004803
1.00012392
1.00014987
1.00001896
0.999661247
0.999148035
0.998766231
0.99898662
1.00028495
1.00285284
1.00631877
1.00963474
1.01123715
1.00947185
1.00314067
0.99195391
0.976701898
0.95908688
0.941274684
0.924834358
0.88952826
0.708259055
0.262457064
1.00000002
0.999999772
0.999999824
1.00000159
1.00000283
0.999998008
0.999986067
0.999979233
1.00000061
1.00006301
1.00013762
1.00013932
0.999958599
0.999547838
0.999027095
0.998737862
0.999173414
1.00076527
1.00358892
1.00712277
1.01020394
1.01125457
1.00873061
1.00163306
0.989881695
0.974403807
0.956919578
0.939498981
0.923855028
0.892335595
0.719410788
0.270713779
1.00000002
0.99999976
0.999999878
1.00000182
1.0000027
0.999996507
0.999983753
0.999980323
1.00001108
1.00008262
1.00015039
1.00011342
0.999865229
0.999395892
0.998893016
0.998761807
0.999505164
1.00147355
1.00457846
1.00811199
1.01079176
1.01105853
1.00753659
0.999486707
0.987079148
0.971388418
0.954134586
0.937253926
0.922489921
0.894502705
0.729762786
0.278967198
1.00000002
0.999999748
0.999999955
1.00000209
1.00000239
0.999994449
0.999981285
0.999983515
1.00002672
1.00010656
1.00015679
1.00006037
0.999725929
0.999204455
0.99877266
0.998900719
1.0000702
1.00249355
1.00585994
1.00924586
1.01126768
1.01044557
1.00565064
0.996468635
0.983351003
0.967512093
0.950637692
0.934485097
0.92072582
0.896046324
0.739223812
0.287087269
1.00000002
0.999999737
1.00000006
1.00000238
1.0000018
0.999991751
0.999979133
0.999990296
1.00004891
1.00013244
1.00014662
0.999963302
0.999528881
0.998987609
0.998724898
0.999258803
1.00098975
1.00391124
1.00742836
1.01039507
1.01138322
1.00908976
1.00272942
0.992272938
0.97846166
0.962616224
0.946334649
0.931143309
0.918553293
0.896989954
0.74771547
0.294928227
1.00000002
0.999999728
1.0000002
1.00000267
1.0000008
0.999988416
0.999978166
1.0000026
1.00007818
1.00015394
1.00010308
0.999801962
0.999272694
0.998792459
0.998861261
0.999992608
1.00240539
1.00577235
1.00916805
1.01126449
1.01070293
1.00649435
0.998301088
0.986515921
0.972141356
0.956536807
0.941139567
0.927190361
0.915969712
0.897362987
0.755170332
0.302329433
1.00000002
0.999999723
1.00000037
1.00000291
0.999999257
0.999984621
0.999979769
1.00002253
1.00011273
1.00015821
1.00000219
0.999559826
0.998985518
0.998726358
0.999366233
1.0013031
1.00442722
1.00798735
1.01073353
1.01127864
1.00851893
1.0019461
0.991755085
0.97874806
0.964106211
0.949122886
0.934987783
0.922606537
0.912982933
0.897200065
0.761528783
0.309113406
1.00000001
0.999999724
1.00000056
1.00000304
0.999997066
0.999980822
0.999985857
1.00005153
1.00014609
1.00012375
0.999816694
0.99924173
0.998756904
0.998987709
1.00049714
1.00337516
1.00700385
1.01015339
1.01136681
1.00943845
1.0037719
0.994498984
0.982368406
0.968497498
0.954099568
0.940266548
0.927853676
0.917399618
0.909615353
0.89654086
0.766738005
0.31509288
1.00000001
0.999999733
1.00000078
1.000003
0.999994181
0.999977844
0.999998666
1.00008898
1.00016447
1.00002079
0.999529178
0.998906112
0.998777674
0.999876859
1.00251857
1.0062085
1.00966836
1.01127723
1.0096723
1.00419841
0.995036857
0.983038072
0.969402549
0.955362772
0.941961102
0.929945376
0.919772539
0.911614517
0.905907813
0.895430564
0.770769759
0.3201997
1.00000001
0.999999749
1.00000101
1.00000271
0.999990677
0.999976906
1.00002018
1.00013013
1.00014499
0.999818255
0.999159184
0.998709168
0.99936377
1.00173337
1.00549823
1.00927776
1.01114488
1.00944922
1.00345278
0.99348806
0.980683262
0.966498196
0.95230999
0.939168217
0.9277241
0.918273658
0.910862916
0.905341132
0.901921412
0.893902729
0.773437092
0.323957843
1
0.999999773
1.00000124
1.00000212
0.999986789
0.999979504
1.00005115
1.00016413
1.00005741
0.999501516
0.998803738
0.998939914
1.00090814
1.00471554
1.008892
1.01102077
1.00892416
1.00167457
0.989854052
0.975097934
0.959359264
0.944312483
0.931071119
0.920176112
0.911727919
0.905551988
0.901343966
0.898719302
0.897739742
0.892011614
0.774722982
0.326233085
0.999999998
0.999999805
1.00000143
1.0000012
0.999982925
0.999987113
1.00008989
1.00017334
0.999872318
0.999101535
0.998675897
0.999996499
1.00367794
1.0083535
1.01094993
1.00835813
0.999179812
0.984310507
0.966216491
0.947691176
0.930911074
0.917094698
0.906616875
0.899304357
0.894705373
0.892288705
0.891531686
0.891929892
0.893458665
0.88979986
0.774589467
0.326956807
0.999999996
0.999999842
1.00000159
0.999999973
0.99997962
1.00000072
1.00013141
1.00013566
0.999576983
0.998726269
0.999103916
1.00223491
1.00740573
1.01095355
1.00826386
0.996823471
0.977726943
0.954714278
0.931977295
0.912499962
0.897607024
0.887361575
0.88116566
0.878231354
0.877774627
0.879153036
0.88181941
0.885212799
0.889233774
0.887311143
0.772766022
0.325690864
0.999999994
0.999999882
1.00000169
0.999998514
0.99997743
1.00002036
1.00016743
1.000031
0.999194683
0.998570422
1.00044105
1.00565961
1.01079142
1.00927079
0.996209306
0.972201028
0.942710586
0.914291873
0.891290445
0.875067967
0.864998906
0.859776796
0.858146493
0.859206829
0.862374888
0.8670912
0.872805635
0.878918529
0.885244361
0.884561341
0.768991891
0.322128108
0.999999993
0.999999922
1.00000172
0.99999693
0.999976786
1.00004474
1.00018822
0.999850869
0.998795693
0.998871644
1.00286636
1.00957481
1.01135133
0.999249782
0.971168825
0.934098867
0.898518196
0.871482543
0.85441667
0.84521887
0.841106312
0.840151081
0.841518857
0.844925418
0.850208576
0.857084248
0.865045175
0.873371205
0.881671571
0.88151843
0.762852213
0.315880466
0.999999992
0.999999961
1.0000017
0.999995351
0.999977848
1.00007142
1.00018595
0.999606892
0.998483953
0.99979825
1.00615503
1.01254251
1.00628939
0.978480899
0.934357879
0.889705468
0.857560315
0.840580834
0.834251204
0.832810712
0.832708225
0.833045897
0.834179351
0.837024684
0.842223779
0.849752724
0.858977493
0.868879024
0.878687051
0.878061704
0.753737442
0.306512771
0.999999992
0.999999995
1.00000164
0.999993896
0.999980418
1.00009735
1.00015859
0.999332415
0.998351456
1.00130488
1.00961588
1.01306188
0.994673137
0.949594652
0.894423685
0.852828798
0.834387471
0.832207657
0.836154525
0.839384471
0.839684979
0.837395768
0.83492434
0.834736813
0.838171399
0.845212117
0.854873274
0.865720273
0.876475084
0.873872242
0.740579875
0.293389877
0.999999992
1.00000002
1.00000154
0.999992655
0.999983953
1.00011975
1.00011263
0.99907397
0.998415883
1.00304904
1.01237624
1.0109181
0.979801575
0.921591441
0.86427579
0.834366823
0.83205246
0.840342001
0.848813253
0.853132925
0.851055964
0.844666361
0.838227071
0.83512206
0.836860022
0.843237074
0.852942971
0.864173909
0.874995947
0.86826727
0.721591786
0.275318949
0.999999992
1.00000005
1.00000144
0.999991679
0.999987645
1.00013674
1.00006298
0.998877059
0.998583077
1.00445401
1.01388671
1.00814091
0.969208292
0.906199378
0.852467465
0.8317463
0.836300616
0.845578765
0.853074039
0.856820493
0.8522169
0.845135671
0.8384506
0.835366646
0.837205928
0.843640133
0.853289188
0.864511356
0.874759787
0.859334725
0.693308854
0.25275345
0.999999993
1.00000006
1.00000136
0.999991007
0.99999049
1.00014714
1.00003028
0.998778592
0.998678827
1.00489269
1.01409164
1.00798595
0.970676315
0.91145912
0.859721815
0.835649392
0.83461172
0.84045393
0.844231168
0.845514879
0.843956884
0.840269935
0.837304188
0.837065743
0.840434541
0.847195749
0.8567347
0.868304171
0.875833926
0.840963738
0.648424367
0.224615788
0.999999993
1.00000008
1.0000013
0.999990687
0.999991418
1.00014928
1.00003714
0.998819284
0.998556271
1.00382641
1.01279901
1.01190284
0.986645192
0.938557959
0.886717584
0.851099437
0.837100114
0.836310136
0.837970718
0.83734487
0.835763799
0.835592039
0.836309625
0.839240593
0.844853119
0.853585408
0.865169317
0.876145604
0.870293965
0.799086508
0.578038481
0.188876513
0.999999993
1.00000008
1.00000131
0.999990948
0.999989046
1.00013639
1.00011165
0.99909429
0.998200571
1.00123357
1.00929534
1.01542138
1.00814424
0.98146844
0.940570327
0.898029738
0.865474937
0.848148933
0.844865567
0.850850593
0.860501359
0.869370586
0.876397918
0.881197932
0.887680304
0.893253412
0.89390193
0.8793089
0.827605247
0.70207705
0.466718444
0.142450951
0.999999993
1.00000007
1.00000136
0.999992733
0.999980327
1.00009767
1.00021524
0.999588895
0.99827274
0.998554107
1.00309309
1.01121938
1.01794626
1.01692449
1.00426146
0.980081441
0.947492501
0.910578271
0.872906628
0.836979984
0.804320543
0.775749957
0.751465644
0.730135379
0.706896206
0.680137074
0.645639791
0.596540009
0.522284076
0.410273467
0.253970563
0.0735504583
0.999999993
1.00000002
1.00000142
0.999996531
0.999973962
1.00003323
1.00022991
1.00012378
0.999166687
0.997834019
0.997805129
1.00074372
1.00701933
1.01550567
1.02430663
1.03161169
1.03614303
1.03715415
1.03418945
1.02679726
1.01428007
0.995487554
0.968634287
0.931137808
0.879517729
0.809518242
0.716857527
0.598706205
0.456483854
0.299802843
0.149738334
0.0333895899
0.999999995
0.999999946
1.0000011
1.0000011
0.999979344
0.99997232
1.00010462
1.00031915
1.00022769
0.999456312
0.998062621
0.996555306
0.995595078
0.995704904
0.997165695
1.00006799
1.0044175
1.0102211
1.01752668
1.02641309
1.03692275
1.04890955
1.06174443
1.0737863
1.08150117
1.07815068
1.0521843
0.986088472
0.857744053
0.648420744
0.363968444
0.0734860631
0.999999999
0.999999924
1.00000035
1.00000334
0.999995562
0.999962037
0.999959619
1.000084
1.00033357
1.00057364
1.00063034
1.00038933
0.999825783
0.998981777
0.997932713
0.996767764
0.995590425
0.994537244
0.993813296
0.993745583
0.994854932
0.997935792
1.00409992
1.01466467
1.03062047
1.0511868
1.07073846
1.07346569
1.02666525
0.878118398
0.57409579
0.137662135
1
0.99999997
0.999999766
1.00000158
1.00000588
0.999996497
0.99995936
0.999914598
0.999904723
0.99996039
1.00008514
1.00026152
1.00046274
1.00065982
1.00082291
1.00091879
1.00090686
1.00073581
1.00034489
0.999677357
0.998722689
0.997617438
0.996846397
0.997569706
1.0019941
1.01336359
1.03443156
1.06206477
1.07488399
1.01394951
0.770912472
0.251171489
1
1.00000001
0.999999873
0.99999941
1.00000142
1.00000819
1.00001395
1.00000917
0.999989353
0.999956921
0.999918077
0.999879784
0.99984852
0.999830349
0.999831412
0.999858193
0.999916937
1.0000111
1.00013494
1.00026047
1.00031572
1.00016055
0.999594854
0.99849879
0.997297196
0.997925068
1.00498056
1.02494511
1.0574913
1.06910112
0.942764047
0.446253095
1
0.999999998
1.00000005
1.00000002
0.99999915
0.999997793
0.999997829
1.00000068
1.00000624
1.00001339
1.00002078
1.00002711
1.00003128
1.0000322
1.00002875
1.0000198
1.00000452
0.999983388
0.999960347
0.999946714
0.999965473
1.00004798
1.00020174
1.0003224
1.0000898
0.999126585
0.998030138
1.00054294
1.01467069
1.04431074
1.04582447
0.770400674
)
;

boundaryField
{
    inner_wall
    {
        type            zeroGradient;
    }
    outer_wall
    {
        type            fixedValue;
        value           uniform 0;
    }
    top
    {
        type            fixedValue;
        value           uniform 1;
    }
    bottom
    {
        type            inletOutlet;
        inletValue      uniform 0;
        value           nonuniform List<scalar> 
32
(
0
0
0
0
0
0
0
0
0
0
-0.00757218874
-0.0179803532
-0.0372766852
-0.0523769322
-0.0158112638
0.143499941
0.433810878
0.746601294
0.959138912
1.03533297
1.02864406
1.00650259
0.997254193
0.9979859
1.001563
1.00554311
1.00710836
1.00142748
0.980114188
0.903650105
0.682921486
0.263733093
)
;
    }
    front
    {
        type            wedge;
    }
    back
    {
        type            wedge;
    }
}


// ************************************************************************* //
